0.22807017543859648 47
0.23684210526315788 39
0.23684210526315788 40
0.23684210526315788 41
0.23684210526315788 42
0.23684210526315788 43
0.23684210526315788 44
0.23684210526315788 45
0.23684210526315788 49
0.23684210526315788 50
0.23684210526315788 51
0.23684210526315788 52
0.23684210526315788 53
0.23684210526315788 57
0.23684210526315788 58
0.23684210526315788 59
0.24561403508771928 32
0.24561403508771928 33
0.24561403508771928 34
0.24561403508771928 35
0.24561403508771928 36
0.24561403508771928 37
0.24561403508771928 38
0.2543859649122807 24
0.2543859649122807 25
0.2543859649122807 26
0.2543859649122807 27
0.2543859649122807 28
0.2543859649122807 29
0.2543859649122807 30
0.2543859649122807 31
0.26315789473684215 16
0.26315789473684215 17
0.26315789473684215 18
0.26315789473684215 19
0.26315789473684215 20
0.26315789473684215 21
0.26315789473684215 23
0.2719298245614036 8
0.2719298245614036 9
0.2719298245614036 10
0.2719298245614036 11
0.2719298245614036 12
0.2719298245614036 13
0.2719298245614036 15
0.2719298245614036 22
0.280701754385965 1
0.280701754385965 2
0.280701754385965 3
0.280701754385965 4
0.280701754385965 5
0.280701754385965 7
0.280701754385965 14
0.28947368421052644 0
0.28947368421052644 6
0.7017543859649137 39
0.7017543859649137 40
0.7017543859649137 41
0.7017543859649137 47
0.7017543859649137 48
0.7105263157894751 32
0.7105263157894751 38
0.7105263157894751 46
0.7192982456140365 30
1.1403508771929851 39
1.1403508771929851 40
1.1403508771929851 41
1.1403508771929851 42
1.1403508771929851 43
1.1403508771929851 44
1.1403508771929851 45
1.1403508771929851 47
1.1403508771929851 48
1.1403508771929851 49
1.1403508771929851 50
1.1403508771929851 51
1.1403508771929851 52
1.1403508771929851 53
1.1403508771929851 57
1.1403508771929851 58
1.1403508771929851 59
1.1491228070175465 32
1.1491228070175465 33
1.1491228070175465 34
1.1491228070175465 35
1.1491228070175465 36
1.1491228070175465 37
1.1491228070175465 38
1.1491228070175465 46
1.157894736842108 24
1.157894736842108 25
1.157894736842108 26
1.157894736842108 27
1.157894736842108 28
1.157894736842108 29
1.157894736842108 30
1.157894736842108 31
1.1666666666666694 16
1.1666666666666694 17
1.1666666666666694 18
1.1666666666666694 19
1.1666666666666694 20
1.1666666666666694 21
1.1666666666666694 23
1.1754385964912308 8
1.1754385964912308 9
1.1754385964912308 10
1.1754385964912308 11
1.1754385964912308 12
1.1754385964912308 13
1.1754385964912308 15
1.1754385964912308 22
1.1842105263157923 1
1.1842105263157923 2
1.1842105263157923 3
1.1842105263157923 4
1.1842105263157923 5
1.1842105263157923 7
1.1842105263157923 14
1.1929824561403537 0
1.1929824561403537 6
1.5526315789473724 25
1.5526315789473724 26
1.5614035087719338 17
1.5614035087719338 18
1.5701754385964952 9
1.5701754385964952 10
1.5701754385964952 11
1.5701754385964952 19
1.5701754385964952 20
1.5701754385964952 28
1.5789473684210567 8
1.587719298245618 1
1.5964912280701795 0
1.6403508771929867 51
1.6403508771929867 58
1.6403508771929867 59
1.649122807017548 43
1.649122807017548 44
1.649122807017548 45
1.649122807017548 50
1.649122807017548 52
1.649122807017548 53
1.649122807017548 57
1.6578947368421095 35
1.6578947368421095 36
1.6578947368421095 37
1.6578947368421095 42
1.6578947368421095 49
1.6578947368421095 56
1.666666666666671 27
1.666666666666671 34
1.666666666666671 41
1.666666666666671 55
1.6754385964912324 19
1.6754385964912324 33
1.6754385964912324 40
1.6842105263157938 25
1.6842105263157938 32
1.6842105263157938 39
1.6842105263157938 47
1.6842105263157938 54
1.6929824561403553 24
1.6929824561403553 31
1.6929824561403553 38
1.6929824561403553 46
1.7017543859649167 16
1.7017543859649167 23
1.7017543859649167 30
1.7105263157894781 8
1.7105263157894781 15
1.7105263157894781 22
1.7192982456140395 7
1.7192982456140395 14
1.728070175438601 6
2.1315789473684235 23
2.2543859649122804 21
2.2631578947368416 13
2.2631578947368416 20
2.2631578947368416 28
2.2631578947368416 36
2.2631578947368416 37
2.2631578947368416 42
2.2631578947368416 43
2.2631578947368416 44
2.2631578947368416 45
2.2631578947368416 50
2.2631578947368416 51
2.2631578947368416 52
2.2631578947368416 53
2.2631578947368416 57
2.2631578947368416 58
2.2631578947368416 59
2.271929824561403 12
2.271929824561403 27
2.271929824561403 35
2.271929824561403 41
2.271929824561403 49
2.271929824561403 56
2.280701754385964 5
2.280701754385964 11
2.280701754385964 19
2.280701754385964 26
2.280701754385964 33
2.280701754385964 34
2.280701754385964 40
2.280701754385964 48
2.280701754385964 55
2.289473684210525 4
2.289473684210525 10
2.289473684210525 18
2.289473684210525 25
2.289473684210525 32
2.289473684210525 39
2.289473684210525 47
2.289473684210525 54
2.2982456140350864 3
2.2982456140350864 9
2.2982456140350864 17
2.2982456140350864 24
2.2982456140350864 31
2.2982456140350864 38
2.2982456140350864 46
2.3070175438596476 2
2.3070175438596476 8
2.3070175438596476 16
2.3070175438596476 30
2.315789473684209 1
2.315789473684209 7
2.315789473684209 15
2.32456140350877 0
2.32456140350877 6
2.32456140350877 14
2.32456140350877 22
2.877192982456126 42
2.877192982456126 43
2.877192982456126 44
2.877192982456126 45
2.877192982456126 50
2.877192982456126 51
2.877192982456126 52
2.877192982456126 53
2.877192982456126 57
2.877192982456126 58
2.877192982456126 59
2.8859649122806874 35
2.8859649122806874 36
2.8859649122806874 37
2.8859649122806874 41
2.8859649122806874 49
2.8859649122806874 56
2.8947368421052486 27
2.8947368421052486 28
2.8947368421052486 29
2.8947368421052486 33
2.8947368421052486 40
2.8947368421052486 48
2.8947368421052486 55
2.90350877192981 20
2.90350877192981 21
2.90350877192981 25
2.90350877192981 26
2.90350877192981 32
2.90350877192981 39
2.90350877192981 47
2.90350877192981 54
2.912280701754371 13
2.912280701754371 17
2.912280701754371 18
2.912280701754371 19
2.912280701754371 24
2.912280701754371 31
2.912280701754371 38
2.912280701754371 46
2.9210526315789322 9
2.9210526315789322 10
2.9210526315789322 11
2.9210526315789322 12
2.9210526315789322 16
2.9210526315789322 23
2.9210526315789322 30
2.9298245614034935 2
2.9298245614034935 3
2.9298245614034935 4
2.9298245614034935 5
2.9298245614034935 8
2.9298245614034935 15
2.9298245614034935 22
2.9385964912280547 1
2.9385964912280547 7
2.9385964912280547 14
2.947368421052616 0
2.947368421052616 6
3.464912280701727 23
3.464912280701727 24
3.464912280701727 25
3.464912280701727 26
3.464912280701727 27
3.464912280701727 28
3.464912280701727 32
3.464912280701727 33
3.464912280701727 34
3.464912280701727 35
3.464912280701727 36
3.464912280701727 37
3.464912280701727 40
3.464912280701727 41
3.464912280701727 42
3.464912280701727 43
3.464912280701727 44
3.464912280701727 45
3.464912280701727 49
3.464912280701727 50
3.464912280701727 51
3.464912280701727 52
3.464912280701727 53
3.464912280701727 57
3.464912280701727 58
3.464912280701727 59
3.4736842105262884 16
3.4736842105262884 17
3.4736842105262884 18
3.4736842105262884 19
3.4736842105262884 20
3.4736842105262884 31
3.4736842105262884 39
3.4736842105262884 47
3.4824561403508496 8
3.4824561403508496 9
3.4824561403508496 10
3.4824561403508496 11
3.4824561403508496 12
3.4824561403508496 13
3.4824561403508496 15
3.4824561403508496 30
3.4824561403508496 38
3.4824561403508496 46
3.491228070175411 1
3.491228070175411 2
3.491228070175411 3
3.491228070175411 4
3.491228070175411 5
3.491228070175411 7
3.491228070175411 14
3.491228070175411 22
3.499999999999972 0
3.499999999999972 6
4.412280701754359 59
4.42105263157892 58
4.429824561403482 51
4.429824561403482 57
4.438596491228044 43
4.438596491228044 44
4.438596491228044 45
4.438596491228044 50
4.438596491228044 53
4.447368421052605 35
4.447368421052605 36
4.447368421052605 37
4.447368421052605 42
4.447368421052605 49
4.456140350877167 9
4.456140350877167 10
4.456140350877167 11
4.456140350877167 17
4.456140350877167 18
4.456140350877167 19
4.456140350877167 20
4.456140350877167 25
4.456140350877167 26
4.456140350877167 27
4.456140350877167 28
4.456140350877167 29
4.456140350877167 33
4.456140350877167 34
4.456140350877167 41
4.4649122807017285 2
4.4649122807017285 3
4.4649122807017285 4
4.4649122807017285 5
4.4649122807017285 8
4.4649122807017285 12
4.4649122807017285 13
4.4649122807017285 16
4.4649122807017285 24
4.4649122807017285 32
4.4649122807017285 40
4.47368421052629 1
4.47368421052629 7
4.47368421052629 15
4.47368421052629 23
4.47368421052629 31
4.47368421052629 39
4.47368421052629 47
4.482456140350852 0
4.482456140350852 6
4.482456140350852 14
4.482456140350852 22
4.482456140350852 30
4.482456140350852 38
4.482456140350852 46
4.885964912280688 59
4.8947368421052495 58
4.903508771929811 51
4.903508771929811 57
4.912280701754373 43
4.912280701754373 44
4.912280701754373 45
4.912280701754373 50
4.912280701754373 53
4.9210526315789345 35
4.9210526315789345 36
4.9210526315789345 37
4.929824561403496 27
4.929824561403496 28
4.929824561403496 29
4.938596491228058 20
4.938596491228058 21
4.938596491228058 26
4.947368421052619 13
4.947368421052619 19
4.947368421052619 25
4.956140350877181 11
4.956140350877181 12
4.956140350877181 17
4.956140350877181 18
4.956140350877181 24
4.956140350877181 32
4.956140350877181 40
4.956140350877181 41
4.964912280701743 5
4.964912280701743 9
4.964912280701743 10
4.964912280701743 23
4.964912280701743 33
4.964912280701743 39
4.964912280701743 47
4.973684210526304 2
4.973684210526304 3
4.973684210526304 8
4.973684210526304 16
4.973684210526304 38
4.973684210526304 46
4.982456140350866 1
4.982456140350866 7
4.982456140350866 15
4.982456140350866 30
4.991228070175428 0
4.991228070175428 14
4.991228070175428 22
4.999999999999989 6
5.42982456140351 15
5.42982456140351 23
5.438596491228072 7
5.438596491228072 8
5.438596491228072 9
5.438596491228072 10
5.438596491228072 11
5.438596491228072 14
5.438596491228072 17
5.438596491228072 18
5.438596491228072 19
5.438596491228072 20
5.438596491228072 22
5.438596491228072 25
5.438596491228072 26
5.438596491228072 27
5.438596491228072 28
5.438596491228072 30
5.438596491228072 35
5.438596491228072 36
5.438596491228072 37
5.438596491228072 38
5.438596491228072 39
5.438596491228072 40
5.438596491228072 41
5.438596491228072 42
5.438596491228072 43
5.438596491228072 44
5.438596491228072 45
5.438596491228072 47
5.438596491228072 48
5.438596491228072 49
5.438596491228072 50
5.438596491228072 51
5.438596491228072 52
5.438596491228072 53
5.438596491228072 57
5.438596491228072 58
5.438596491228072 59
5.447368421052634 0
5.447368421052634 1
5.447368421052634 2
5.447368421052634 3
5.447368421052634 4
5.447368421052634 5
5.447368421052634 12
5.447368421052634 13
5.447368421052634 24
5.447368421052634 31
5.447368421052634 32
5.7982456140351 48
5.807017543859661 40
5.807017543859661 41
5.815789473684223 32
5.815789473684223 33
5.815789473684223 39
5.824561403508785 25
5.824561403508785 26
5.824561403508785 38
5.833333333333346 17
5.833333333333346 18
5.833333333333346 30
5.842105263157908 9
5.842105263157908 10
5.842105263157908 11
5.842105263157908 16
5.842105263157908 19
5.842105263157908 20
5.842105263157908 28
5.85087719298247 8
5.859649122807031 1
5.868421052631593 0
5.868421052631593 15
5.868421052631593 23
5.877192982456155 14
5.877192982456155 22
5.885964912280716 6
5.885964912280716 7
6.421052631578977 45
6.421052631578977 53
6.429824561403539 37
6.429824561403539 44
6.429824561403539 52
6.429824561403539 59
6.4385964912281 36
6.4385964912281 43
6.4385964912281 51
6.4385964912281 58
6.447368421052662 28
6.447368421052662 35
6.447368421052662 42
6.447368421052662 50
6.447368421052662 57
6.456140350877224 20
6.456140350877224 27
6.456140350877224 34
6.456140350877224 41
6.456140350877224 49
6.456140350877224 56
6.464912280701785 19
6.464912280701785 26
6.464912280701785 33
6.464912280701785 40
6.464912280701785 48
6.464912280701785 55
6.473684210526347 11
6.473684210526347 18
6.473684210526347 25
6.473684210526347 32
6.473684210526347 39
6.473684210526347 47
6.473684210526347 54
6.482456140350909 10
6.482456140350909 17
6.482456140350909 24
6.482456140350909 31
6.482456140350909 38
6.482456140350909 46
6.49122807017547 3
6.49122807017547 9
6.49122807017547 16
6.49122807017547 23
6.49122807017547 30
6.500000000000032 2
6.500000000000032 8
6.500000000000032 15
6.500000000000032 22
6.508771929824594 1
6.508771929824594 4
6.508771929824594 5
6.508771929824594 7
6.508771929824594 12
6.508771929824594 13
6.508771929824594 14
6.517543859649155 0
6.517543859649155 6
6.7894736842105665 32
6.7894736842105665 44
6.798245614035128 43
6.798245614035128 51
6.798245614035128 58
6.798245614035128 59
6.80701754385969 50
7.175438596491279 56
7.175438596491279 57
7.175438596491279 58
7.175438596491279 59
7.184210526315841 49
7.184210526315841 50
7.184210526315841 51
7.184210526315841 52
7.184210526315841 53
7.184210526315841 55
7.1929824561404025 41
7.1929824561404025 42
7.1929824561404025 43
7.1929824561404025 44
7.1929824561404025 45
7.1929824561404025 48
7.201754385964964 33
7.201754385964964 34
7.201754385964964 35
7.201754385964964 36
7.201754385964964 37
7.201754385964964 40
7.210526315789526 25
7.210526315789526 26
7.210526315789526 27
7.210526315789526 28
7.210526315789526 29
7.210526315789526 32
7.210526315789526 39
7.2192982456140875 17
7.2192982456140875 18
7.2192982456140875 19
7.2192982456140875 20
7.2192982456140875 21
7.2192982456140875 24
7.2192982456140875 31
7.2192982456140875 38
7.228070175438649 9
7.228070175438649 10
7.228070175438649 11
7.228070175438649 12
7.228070175438649 13
7.228070175438649 16
7.228070175438649 23
7.228070175438649 30
7.236842105263211 2
7.236842105263211 3
7.236842105263211 4
7.236842105263211 5
7.236842105263211 8
7.236842105263211 15
7.236842105263211 22
7.2456140350877725 1
7.2456140350877725 7
7.2456140350877725 14
7.254385964912334 0
7.254385964912334 6
7.491228070175499 18
7.491228070175499 26
7.50000000000006 10
7.50000000000006 25
7.508771929824622 17
8.192982456140431 46
8.192982456140431 47
8.201754385964993 38
8.201754385964993 39
8.201754385964993 40
8.201754385964993 41
8.201754385964993 42
8.201754385964993 43
8.201754385964993 44
8.201754385964993 45
8.201754385964993 49
8.201754385964993 50
8.201754385964993 51
8.201754385964993 52
8.201754385964993 53
8.201754385964993 57
8.201754385964993 58
8.201754385964993 59
8.210526315789554 30
8.210526315789554 31
8.210526315789554 32
8.210526315789554 33
8.210526315789554 34
8.210526315789554 35
8.210526315789554 36
8.210526315789554 37
8.219298245614116 23
8.219298245614116 24
8.219298245614116 25
8.219298245614116 26
8.219298245614116 27
8.219298245614116 28
8.219298245614116 29
8.228070175438678 16
8.228070175438678 17
8.228070175438678 18
8.228070175438678 19
8.228070175438678 20
8.228070175438678 21
8.228070175438678 22
8.23684210526324 8
8.23684210526324 9
8.23684210526324 10
8.23684210526324 11
8.23684210526324 12
8.23684210526324 13
8.23684210526324 14
8.23684210526324 15
8.2456140350878 1
8.2456140350878 2
8.2456140350878 3
8.2456140350878 4
8.2456140350878 5
8.2456140350878 6
8.2456140350878 7
8.254385964912363 0
8.50877192982465 38
8.50877192982465 39
8.50877192982465 47
8.517543859649212 30
9.105263157894843 57
9.105263157894843 58
9.105263157894843 59
9.114035087719405 50
9.114035087719405 51
9.114035087719405 52
9.114035087719405 53
9.122807017543966 42
9.122807017543966 43
9.122807017543966 44
9.122807017543966 45
9.122807017543966 49
9.131578947368528 35
9.131578947368528 36
9.131578947368528 37
9.131578947368528 41
9.14035087719309 23
9.14035087719309 24
9.14035087719309 25
9.14035087719309 26
9.14035087719309 27
9.14035087719309 28
9.14035087719309 29
9.14035087719309 32
9.14035087719309 33
9.14035087719309 34
9.14035087719309 40
9.149122807017651 16
9.149122807017651 17
9.149122807017651 18
9.149122807017651 19
9.149122807017651 20
9.149122807017651 21
9.149122807017651 31
9.149122807017651 39
9.149122807017651 47
9.157894736842213 8
9.157894736842213 9
9.157894736842213 10
9.157894736842213 11
9.157894736842213 12
9.157894736842213 13
9.157894736842213 15
9.157894736842213 30
9.157894736842213 38
9.157894736842213 46
9.166666666666774 1
9.166666666666774 2
9.166666666666774 3
9.166666666666774 4
9.166666666666774 5
9.166666666666774 7
9.166666666666774 14
9.166666666666774 22
9.175438596491336 0
9.175438596491336 6
9.35964912280713 51
9.368421052631692 50
9.710526315789597 15
9.710526315789597 16
9.710526315789597 17
9.710526315789597 23
9.710526315789597 24
9.710526315789597 25
9.710526315789597 26
9.710526315789597 27
9.710526315789597 28
9.710526315789597 32
9.710526315789597 33
9.710526315789597 34
9.710526315789597 35
9.710526315789597 36
9.710526315789597 37
9.710526315789597 40
9.710526315789597 41
9.710526315789597 42
9.710526315789597 43
9.710526315789597 44
9.710526315789597 45
9.710526315789597 49
9.710526315789597 50
9.710526315789597 51
9.710526315789597 52
9.710526315789597 53
9.710526315789597 57
9.710526315789597 58
9.710526315789597 59
9.719298245614159 7
9.719298245614159 8
9.719298245614159 9
9.719298245614159 10
9.719298245614159 11
9.719298245614159 14
9.719298245614159 18
9.719298245614159 19
9.719298245614159 20
9.719298245614159 22
9.719298245614159 30
9.719298245614159 31
9.719298245614159 38
9.719298245614159 39
9.719298245614159 47
9.72807017543872 0
9.72807017543872 1
9.72807017543872 2
9.72807017543872 3
9.72807017543872 4
9.72807017543872 5
9.72807017543872 6
9.72807017543872 12
9.72807017543872 13
10.175438596491365 28
10.184210526315926 20
10.184210526315926 27
10.184210526315926 35
10.184210526315926 36
10.184210526315926 37
10.184210526315926 43
10.184210526315926 44
10.184210526315926 45
10.184210526315926 51
10.184210526315926 52
10.184210526315926 53
10.184210526315926 58
10.184210526315926 59
10.192982456140488 19
10.192982456140488 26
10.192982456140488 34
10.192982456140488 50
10.192982456140488 57
10.20175438596505 11
10.20175438596505 18
10.20175438596505 25
10.210526315789611 10
10.210526315789611 17
10.210526315789611 24
10.210526315789611 32
10.210526315789611 40
10.210526315789611 41
10.219298245614173 2
10.219298245614173 3
10.219298245614173 9
10.219298245614173 16
10.219298245614173 23
10.219298245614173 33
10.219298245614173 39
10.219298245614173 47
10.228070175438734 1
10.228070175438734 8
10.228070175438734 15
10.228070175438734 38
10.228070175438734 46
10.236842105263296 0
10.236842105263296 7
10.236842105263296 14
10.236842105263296 22
10.236842105263296 30
10.245614035087858 6
10.605263157894885 23
10.622807017544009 51
10.622807017544009 58
10.622807017544009 59
10.63157894736857 43
10.63157894736857 44
10.63157894736857 45
10.63157894736857 50
10.63157894736857 53
10.63157894736857 57
10.640350877193132 35
10.640350877193132 37
10.640350877193132 42
10.640350877193132 49
10.640350877193132 56
10.649122807017694 27
10.649122807017694 28
10.649122807017694 29
10.649122807017694 34
10.649122807017694 41
10.649122807017694 55
10.657894736842255 20
10.657894736842255 21
10.657894736842255 26
10.657894736842255 40
10.666666666666817 13
10.666666666666817 19
10.666666666666817 25
10.666666666666817 32
10.666666666666817 39
10.666666666666817 47
10.666666666666817 54
10.675438596491379 11
10.675438596491379 12
10.675438596491379 17
10.675438596491379 18
10.675438596491379 31
10.675438596491379 38
10.675438596491379 46
10.68421052631594 5
10.68421052631594 9
10.68421052631594 10
10.68421052631594 30
10.692982456140502 2
10.692982456140502 3
10.692982456140502 8
10.692982456140502 22
10.701754385965064 1
10.701754385965064 7
10.701754385965064 14
10.701754385965064 15
10.710526315789625 0
11.008771929824722 17
11.008771929824722 25
11.008771929824722 26
11.008771929824722 33
11.008771929824722 34
11.008771929824722 41
11.017543859649283 9
11.017543859649283 10
11.017543859649283 11
11.017543859649283 16
11.017543859649283 18
11.017543859649283 19
11.017543859649283 24
11.017543859649283 32
11.017543859649283 40
11.026315789473845 8
11.026315789473845 23
11.026315789473845 39
11.026315789473845 47
11.035087719298406 1
11.035087719298406 15
11.035087719298406 38
11.035087719298406 46
11.043859649122968 14
11.043859649122968 22
11.043859649122968 30
11.05263157894753 6
11.21052631578964 42
11.21052631578964 43
11.21052631578964 44
11.21052631578964 45
11.21052631578964 50
11.21052631578964 51
11.21052631578964 52
11.21052631578964 53
11.21052631578964 57
11.21052631578964 58
11.21052631578964 59
11.219298245614201 35
11.219298245614201 36
11.219298245614201 37
11.219298245614201 41
11.219298245614201 49
11.219298245614201 56
11.228070175438763 27
11.228070175438763 28
11.228070175438763 29
11.228070175438763 55
11.236842105263324 20
11.236842105263324 21
11.245614035087886 13
11.245614035087886 19
11.552631578947544 32
11.552631578947544 33
11.552631578947544 40
11.552631578947544 41
11.561403508772106 24
11.561403508772106 25
11.561403508772106 26
11.561403508772106 39
11.561403508772106 47
11.570175438596667 16
11.570175438596667 17
11.570175438596667 18
11.570175438596667 23
11.570175438596667 31
11.570175438596667 38
11.570175438596667 46
11.578947368421229 8
11.578947368421229 9
11.578947368421229 10
11.578947368421229 11
11.578947368421229 15
11.578947368421229 19
11.578947368421229 30
11.58771929824579 1
11.58771929824579 2
11.58771929824579 3
11.58771929824579 4
11.58771929824579 5
11.58771929824579 7
11.58771929824579 14
11.58771929824579 22
11.596491228070352 0
11.596491228070352 6
11.728070175438777 55
12.06140350877212 8
12.06140350877212 9
12.06140350877212 10
12.06140350877212 11
12.06140350877212 17
12.06140350877212 18
12.06140350877212 19
12.06140350877212 20
12.06140350877212 25
12.06140350877212 26
12.06140350877212 27
12.06140350877212 28
12.06140350877212 33
12.06140350877212 34
12.06140350877212 35
12.06140350877212 36
12.06140350877212 37
12.06140350877212 41
12.06140350877212 42
12.06140350877212 43
12.06140350877212 44
12.06140350877212 45
12.06140350877212 49
12.06140350877212 50
12.06140350877212 51
12.06140350877212 52
12.06140350877212 53
12.06140350877212 57
12.06140350877212 58
12.06140350877212 59
12.070175438596682 1
12.070175438596682 2
12.070175438596682 3
12.070175438596682 4
12.070175438596682 5
12.070175438596682 7
12.070175438596682 12
12.070175438596682 13
12.070175438596682 24
12.070175438596682 32
12.070175438596682 40
12.070175438596682 48
12.078947368421243 0
12.078947368421243 16
12.078947368421243 23
12.078947368421243 39
12.078947368421243 47
12.087719298245805 15
12.087719298245805 38
12.087719298245805 46
12.096491228070366 14
12.096491228070366 22
12.096491228070366 30
12.447368421052833 43
12.447368421052833 44
12.447368421052833 51
12.447368421052833 58
12.447368421052833 59
12.456140350877394 50
12.70175438596512 18
12.70175438596512 26
12.70175438596512 27
12.70175438596512 28
12.70175438596512 35
12.70175438596512 36
12.70175438596512 37
12.70175438596512 44
12.70175438596512 45
12.70175438596512 53
12.710526315789682 10
12.710526315789682 11
12.710526315789682 17
12.710526315789682 19
12.710526315789682 20
12.710526315789682 25
12.710526315789682 33
12.710526315789682 41
12.710526315789682 42
12.710526315789682 49
12.710526315789682 50
12.710526315789682 51
12.710526315789682 52
12.710526315789682 57
12.710526315789682 59
12.719298245614244 3
12.719298245614244 4
12.719298245614244 5
12.719298245614244 9
12.719298245614244 12
12.719298245614244 13
12.719298245614244 16
12.719298245614244 24
12.719298245614244 32
12.719298245614244 40
12.719298245614244 48
12.728070175438805 2
12.728070175438805 8
12.728070175438805 23
12.728070175438805 31
12.728070175438805 39
12.728070175438805 47
12.736842105263367 1
12.736842105263367 7
12.736842105263367 15
12.736842105263367 30
12.736842105263367 38
12.736842105263367 46
12.745614035087929 0
12.745614035087929 6
12.745614035087929 14
12.745614035087929 22
13.754385964912519 57
13.754385964912519 58
13.754385964912519 59
13.76315789473708 50
13.76315789473708 51
13.76315789473708 52
13.76315789473708 53
13.771929824561642 42
13.771929824561642 43
13.771929824561642 44
13.771929824561642 45
13.771929824561642 49
13.780701754386204 35
13.780701754386204 36
13.780701754386204 37
13.780701754386204 41
13.789473684210765 27
13.789473684210765 28
13.789473684210765 29
13.789473684210765 33
13.789473684210765 40
13.798245614035327 20
13.798245614035327 21
13.798245614035327 25
13.798245614035327 26
13.798245614035327 32
13.798245614035327 39
13.798245614035327 47
13.807017543859889 13
13.807017543859889 17
13.807017543859889 18
13.807017543859889 19
13.807017543859889 24
13.807017543859889 31
13.807017543859889 38
13.807017543859889 46
13.81578947368445 9
13.81578947368445 10
13.81578947368445 11
13.81578947368445 12
13.81578947368445 16
13.81578947368445 23
13.81578947368445 30
13.824561403509012 2
13.824561403509012 3
13.824561403509012 4
13.824561403509012 5
13.824561403509012 8
13.824561403509012 15
13.824561403509012 22
13.833333333333574 1
13.833333333333574 7
13.833333333333574 14
13.842105263158135 0
13.842105263158135 6
14.429824561403766 28
14.429824561403766 36
14.429824561403766 37
14.429824561403766 44
14.429824561403766 45
14.429824561403766 53
14.438596491228328 20
14.438596491228328 27
14.438596491228328 35
14.438596491228328 43
14.438596491228328 51
14.438596491228328 52
14.438596491228328 58
14.438596491228328 59
14.44736842105289 19
14.44736842105289 26
14.44736842105289 34
14.44736842105289 42
14.44736842105289 50
14.44736842105289 57
14.456140350877451 11
14.456140350877451 18
14.456140350877451 25
14.456140350877451 33
14.456140350877451 41
14.456140350877451 49
14.456140350877451 56
14.464912280702013 10
14.464912280702013 17
14.464912280702013 24
14.464912280702013 32
14.464912280702013 40
14.464912280702013 48
14.464912280702013 55
14.473684210526574 3
14.473684210526574 9
14.473684210526574 16
14.473684210526574 23
14.473684210526574 31
14.473684210526574 39
14.473684210526574 47
14.473684210526574 54
14.482456140351136 2
14.482456140351136 8
14.482456140351136 15
14.482456140351136 30
14.482456140351136 38
14.482456140351136 46
14.491228070175698 1
14.491228070175698 7
14.491228070175698 14
14.491228070175698 22
14.50000000000026 0
14.50000000000026 6
15.394736842105548 36
15.394736842105548 37
15.394736842105548 44
15.394736842105548 45
15.394736842105548 53
15.40350877193011 28
15.40350877193011 29
15.40350877193011 35
15.40350877193011 43
15.40350877193011 51
15.40350877193011 52
15.40350877193011 58
15.40350877193011 59
15.412280701754671 20
15.412280701754671 21
15.412280701754671 27
15.412280701754671 42
15.412280701754671 50
15.412280701754671 57
15.421052631579233 13
15.421052631579233 19
15.421052631579233 26
15.421052631579233 41
15.421052631579233 49
15.421052631579233 56
15.429824561403795 11
15.429824561403795 12
15.429824561403795 18
15.429824561403795 25
15.429824561403795 33
15.429824561403795 40
15.429824561403795 48
15.429824561403795 55
15.438596491228356 5
15.438596491228356 10
15.438596491228356 17
15.438596491228356 24
15.438596491228356 32
15.438596491228356 39
15.438596491228356 47
15.438596491228356 54
15.447368421052918 3
15.447368421052918 9
15.447368421052918 16
15.447368421052918 23
15.447368421052918 31
15.447368421052918 38
15.447368421052918 46
15.45614035087748 2
15.45614035087748 8
15.45614035087748 15
15.45614035087748 30
15.464912280702041 1
15.464912280702041 7
15.464912280702041 14
15.464912280702041 22
15.473684210526603 0
15.473684210526603 6
15.93859649122837 40
15.93859649122837 41
15.93859649122837 42
15.93859649122837 43
15.93859649122837 44
15.93859649122837 45
15.93859649122837 49
15.93859649122837 50
15.93859649122837 51
15.93859649122837 52
15.93859649122837 53
15.93859649122837 57
15.93859649122837 58
15.93859649122837 59
15.947368421052932 32
15.947368421052932 33
15.947368421052932 34
15.947368421052932 35
15.947368421052932 36
15.947368421052932 37
15.947368421052932 39
15.947368421052932 47
15.956140350877494 24
15.956140350877494 25
15.956140350877494 26
15.956140350877494 27
15.956140350877494 28
15.956140350877494 29
15.956140350877494 38
15.956140350877494 46
15.964912280702055 16
15.964912280702055 17
15.964912280702055 18
15.964912280702055 19
15.964912280702055 20
15.964912280702055 21
15.964912280702055 23
15.964912280702055 30
15.964912280702055 31
15.973684210526617 8
15.973684210526617 9
15.973684210526617 10
15.973684210526617 11
15.973684210526617 12
15.973684210526617 13
15.973684210526617 15
15.973684210526617 22
15.982456140351179 1
15.982456140351179 2
15.982456140351179 3
15.982456140351179 4
15.982456140351179 5
15.982456140351179 7
15.982456140351179 14
15.99122807017574 0
15.99122807017574 6
16.04385964912311 25
16.543859649123124 57
16.543859649123124 58
16.543859649123124 59
16.552631578947686 50
16.552631578947686 51
16.552631578947686 52
16.552631578947686 53
16.561403508772248 42
16.561403508772248 43
16.561403508772248 44
16.561403508772248 45
16.561403508772248 49
16.57017543859681 35
16.57017543859681 36
16.57017543859681 37
16.57017543859681 41
16.57894736842137 27
16.57894736842137 28
16.57894736842137 29
16.57894736842137 33
16.57894736842137 40
16.587719298245933 20
16.587719298245933 21
16.587719298245933 25
16.587719298245933 26
16.587719298245933 32
16.587719298245933 39
16.587719298245933 47
16.596491228070494 13
16.596491228070494 17
16.596491228070494 18
16.596491228070494 19
16.596491228070494 24
16.596491228070494 31
16.596491228070494 38
16.596491228070494 46
16.605263157895056 9
16.605263157895056 10
16.605263157895056 11
16.605263157895056 12
16.605263157895056 16
16.605263157895056 23
16.605263157895056 30
16.614035087719618 2
16.614035087719618 3
16.614035087719618 4
16.614035087719618 5
16.614035087719618 8
16.614035087719618 15
16.614035087719618 22
16.62280701754418 1
16.62280701754418 7
16.62280701754418 14
16.63157894736874 0
16.63157894736874 6
16.868421052631906 43
16.868421052631906 44
16.868421052631906 51
16.877192982456467 50
17.166666666667002 1
17.166666666667002 2
17.166666666667002 3
17.166666666667002 8
17.166666666667002 9
17.166666666667002 10
17.166666666667002 11
17.166666666667002 16
17.166666666667002 17
17.166666666667002 18
17.166666666667002 19
17.166666666667002 20
17.166666666667002 24
17.166666666667002 25
17.166666666667002 26
17.166666666667002 27
17.166666666667002 28
17.166666666667002 32
17.166666666667002 33
17.166666666667002 34
17.166666666667002 35
17.166666666667002 36
17.166666666667002 37
17.166666666667002 40
17.166666666667002 41
17.166666666667002 42
17.166666666667002 44
17.166666666667002 45
17.166666666667002 49
17.166666666667002 50
17.166666666667002 51
17.166666666667002 52
17.166666666667002 53
17.166666666667002 57
17.166666666667002 58
17.166666666667002 59
17.175438596491563 0
17.175438596491563 7
17.175438596491563 15
17.175438596491563 23
17.175438596491563 31
17.175438596491563 39
17.175438596491563 43
17.175438596491563 47
17.184210526316125 6
17.184210526316125 14
17.184210526316125 22
17.184210526316125 30
17.184210526316125 38
17.184210526316125 46
17.42982456140385 59
17.824561403509126 47
17.833333333333687 39
17.833333333333687 40
17.833333333333687 41
17.833333333333687 42
17.833333333333687 43
17.833333333333687 44
17.833333333333687 45
17.833333333333687 49
17.833333333333687 50
17.833333333333687 51
17.833333333333687 52
17.833333333333687 53
17.833333333333687 57
17.833333333333687 58
17.833333333333687 59
17.84210526315825 32
17.84210526315825 33
17.84210526315825 34
17.84210526315825 35
17.84210526315825 36
17.84210526315825 37
17.84210526315825 38
17.85087719298281 24
17.85087719298281 25
17.85087719298281 26
17.85087719298281 27
17.85087719298281 28
17.85087719298281 29
17.85087719298281 30
17.85087719298281 31
17.859649122807372 16
17.859649122807372 17
17.859649122807372 18
17.859649122807372 19
17.859649122807372 20
17.859649122807372 21
17.859649122807372 23
17.868421052631934 8
17.868421052631934 9
17.868421052631934 10
17.868421052631934 11
17.868421052631934 12
17.868421052631934 13
17.868421052631934 15
17.868421052631934 22
17.877192982456496 1
17.877192982456496 2
17.877192982456496 3
17.877192982456496 4
17.877192982456496 5
17.877192982456496 7
17.877192982456496 14
17.885964912281057 0
17.885964912281057 6
18.26315789473721 44
18.27192982456177 43
18.27192982456177 51
18.27192982456177 58
18.27192982456177 59
18.28070175438633 35
18.28070175438633 50
18.28070175438633 57
18.763157894737223 2
18.763157894737223 3
18.763157894737223 9
18.763157894737223 10
18.763157894737223 11
18.763157894737223 17
18.763157894737223 18
18.763157894737223 19
18.763157894737223 20
18.763157894737223 25
18.763157894737223 26
18.763157894737223 27
18.763157894737223 28
18.763157894737223 33
18.763157894737223 34
18.763157894737223 35
18.763157894737223 36
18.763157894737223 37
18.763157894737223 41
18.763157894737223 42
18.763157894737223 43
18.763157894737223 44
18.763157894737223 45
18.763157894737223 49
18.763157894737223 50
18.763157894737223 51
18.763157894737223 52
18.763157894737223 53
18.763157894737223 57
18.763157894737223 58
18.763157894737223 59
18.771929824561784 1
18.771929824561784 8
18.771929824561784 16
18.771929824561784 24
18.771929824561784 32
18.771929824561784 40
18.771929824561784 48
18.780701754386346 0
18.780701754386346 7
18.780701754386346 15
18.780701754386346 23
18.780701754386346 31
18.780701754386346 39
18.780701754386346 47
18.789473684210908 6
18.789473684210908 14
18.789473684210908 22
18.789473684210908 30
18.789473684210908 38
18.789473684210908 46
19.00877192982495 18
19.01754385964951 10
19.771929824561813 41
19.771929824561813 42
19.771929824561813 43
19.771929824561813 44
19.771929824561813 45
19.771929824561813 49
19.771929824561813 50
19.771929824561813 51
19.771929824561813 52
19.771929824561813 53
19.771929824561813 57
19.771929824561813 58
19.771929824561813 59
19.780701754386374 33
19.780701754386374 34
19.780701754386374 35
19.780701754386374 36
19.780701754386374 37
19.780701754386374 40
19.780701754386374 48
19.789473684210936 25
19.789473684210936 26
19.789473684210936 27
19.789473684210936 28
19.789473684210936 29
19.789473684210936 32
19.789473684210936 39
19.789473684210936 47
19.798245614035498 17
19.798245614035498 18
19.798245614035498 19
19.798245614035498 20
19.798245614035498 21
19.798245614035498 24
19.798245614035498 31
19.798245614035498 38
19.798245614035498 46
19.80701754386006 9
19.80701754386006 10
19.80701754386006 11
19.80701754386006 12
19.80701754386006 13
19.80701754386006 16
19.80701754386006 23
19.80701754386006 30
19.81578947368462 2
19.81578947368462 3
19.81578947368462 4
19.81578947368462 5
19.81578947368462 8
19.81578947368462 15
19.81578947368462 22
19.824561403509183 1
19.824561403509183 7
19.824561403509183 14
19.833333333333744 0
19.833333333333744 6
20.263157894737265 11
20.271929824561827 10
20.28070175438639 3
20.28070175438639 9
20.28070175438639 17
20.28070175438639 18
20.28070175438639 25
20.28070175438639 26
20.28070175438639 27
20.28070175438639 28
20.28070175438639 35
20.28070175438639 36
20.28070175438639 37
20.28070175438639 43
20.28070175438639 44
20.28070175438639 45
20.28070175438639 51
20.28070175438639 52
20.28070175438639 53
20.28070175438639 58
20.28070175438639 59
20.28947368421095 2
20.28947368421095 8
20.28947368421095 19
20.28947368421095 20
20.28947368421095 24
20.28947368421095 32
20.28947368421095 33
20.28947368421095 40
20.28947368421095 41
20.28947368421095 42
20.28947368421095 49
20.28947368421095 50
20.28947368421095 57
20.298245614035512 1
20.298245614035512 7
20.298245614035512 23
20.298245614035512 39
20.298245614035512 47
20.307017543860074 0
20.307017543860074 15
20.307017543860074 38
20.307017543860074 46
20.315789473684635 14
20.315789473684635 22
20.315789473684635 30
21.03508771929869 53
21.043859649123252 45
21.052631578947814 37
21.052631578947814 44
21.061403508772376 36
21.061403508772376 43
21.061403508772376 51
21.061403508772376 58
21.061403508772376 59
21.070175438596937 28
21.070175438596937 35
21.070175438596937 42
21.070175438596937 50
21.070175438596937 57
21.0789473684215 20
21.0789473684215 27
21.0789473684215 34
21.0789473684215 41
21.0789473684215 49
21.0789473684215 56
21.08771929824606 19
21.08771929824606 26
21.08771929824606 33
21.08771929824606 40
21.08771929824606 48
21.08771929824606 55
21.096491228070622 11
21.096491228070622 18
21.096491228070622 25
21.096491228070622 32
21.096491228070622 39
21.096491228070622 47
21.096491228070622 54
21.105263157895184 10
21.105263157895184 17
21.105263157895184 24
21.105263157895184 31
21.105263157895184 38
21.105263157895184 46
21.114035087719746 3
21.114035087719746 9
21.114035087719746 16
21.114035087719746 23
21.114035087719746 30
21.122807017544307 2
21.122807017544307 8
21.122807017544307 15
21.122807017544307 22
21.13157894736887 1
21.13157894736887 7
21.13157894736887 14
21.14035087719343 0
21.14035087719343 6
21.56140350877239 20
21.56140350877239 28
21.56140350877239 36
21.56140350877239 37
21.56140350877239 44
21.56140350877239 45
21.56140350877239 53
21.57017543859695 27
21.57017543859695 35
21.57017543859695 43
21.57017543859695 51
21.57017543859695 52
21.57017543859695 58
21.57017543859695 59
21.578947368421513 19
21.578947368421513 26
21.578947368421513 34
21.578947368421513 50
21.578947368421513 57
21.587719298246075 11
21.587719298246075 18
21.587719298246075 25
21.587719298246075 42
21.596491228070636 10
21.596491228070636 17
21.596491228070636 24
21.596491228070636 32
21.596491228070636 33
21.596491228070636 40
21.596491228070636 41
21.596491228070636 49
21.605263157895198 3
21.605263157895198 9
21.605263157895198 23
21.605263157895198 39
21.605263157895198 47
21.61403508771976 2
21.61403508771976 8
21.61403508771976 38
21.61403508771976 46
21.62280701754432 1
21.62280701754432 7
21.62280701754432 15
21.62280701754432 16
21.62280701754432 30
21.631578947368883 0
21.631578947368883 14
21.631578947368883 22
22.04385964912328 1
22.04385964912328 8
22.04385964912328 9
22.04385964912328 10
22.04385964912328 11
22.04385964912328 17
22.04385964912328 18
22.04385964912328 19
22.04385964912328 20
22.04385964912328 25
22.04385964912328 26
22.04385964912328 27
22.04385964912328 28
22.04385964912328 35
22.04385964912328 36
22.04385964912328 37
22.04385964912328 43
22.04385964912328 44
22.04385964912328 45
22.04385964912328 51
22.04385964912328 52
22.04385964912328 53
22.04385964912328 58
22.04385964912328 59
22.052631578947842 0
22.052631578947842 3
22.052631578947842 4
22.052631578947842 5
22.052631578947842 12
22.052631578947842 13
22.052631578947842 50
22.052631578947842 57
22.50877192982505 6
22.50877192982505 7
22.50877192982505 8
22.50877192982505 9
22.50877192982505 10
22.50877192982505 11
22.50877192982505 14
22.50877192982505 15
22.50877192982505 16
22.50877192982505 17
22.50877192982505 18
22.50877192982505 19
22.50877192982505 20
22.50877192982505 23
22.50877192982505 24
22.50877192982505 25
22.50877192982505 26
22.50877192982505 27
22.50877192982505 28
22.50877192982505 32
22.50877192982505 33
22.50877192982505 34
22.50877192982505 35
22.50877192982505 40
22.50877192982505 41
22.50877192982505 42
22.50877192982505 43
22.50877192982505 44
22.50877192982505 45
22.50877192982505 49
22.50877192982505 50
22.50877192982505 51
22.50877192982505 53
22.50877192982505 57
22.50877192982505 58
22.50877192982505 59
22.51754385964961 0
22.51754385964961 1
22.51754385964961 2
22.51754385964961 3
22.51754385964961 4
22.51754385964961 5
22.51754385964961 22
22.51754385964961 30
22.51754385964961 31
22.51754385964961 36
22.51754385964961 37
22.51754385964961 38
22.51754385964961 39
22.51754385964961 47
22.51754385964961 52
22.535087719298733 12
22.535087719298733 13
22.94736842105313 23
23.05263157894787 40
23.05263157894787 41
23.05263157894787 42
23.05263157894787 43
23.05263157894787 44
23.05263157894787 45
23.05263157894787 49
23.05263157894787 50
23.05263157894787 51
23.05263157894787 52
23.05263157894787 53
23.05263157894787 57
23.05263157894787 58
23.05263157894787 59
23.061403508772433 28
23.061403508772433 32
23.061403508772433 33
23.061403508772433 34
23.061403508772433 35
23.061403508772433 36
23.061403508772433 37
23.061403508772433 39
23.061403508772433 47
23.070175438596994 20
23.070175438596994 24
23.070175438596994 25
23.070175438596994 26
23.070175438596994 27
23.070175438596994 31
23.070175438596994 38
23.070175438596994 46
23.078947368421556 16
23.078947368421556 17
23.078947368421556 18
23.078947368421556 19
23.078947368421556 30
23.087719298246117 8
23.087719298246117 9
23.087719298246117 10
23.087719298246117 11
23.09649122807068 1
23.09649122807068 2
23.09649122807068 3
23.09649122807068 4
23.09649122807068 5
23.09649122807068 7
23.09649122807068 15
23.10526315789524 0
23.10526315789524 6
23.10526315789524 14
23.10526315789524 22
23.447368421053145 51
23.447368421053145 58
23.447368421053145 59
23.456140350877707 43
23.456140350877707 44
23.456140350877707 50
23.90350877193035 18
23.90350877193035 26
23.90350877193035 27
23.90350877193035 28
23.90350877193035 35
23.90350877193035 36
23.90350877193035 37
23.90350877193035 43
23.90350877193035 44
23.90350877193035 45
23.90350877193035 51
23.90350877193035 52
23.90350877193035 53
23.90350877193035 58
23.90350877193035 59
23.912280701754913 10
23.912280701754913 11
23.912280701754913 17
23.912280701754913 19
23.912280701754913 20
23.912280701754913 25
23.912280701754913 33
23.912280701754913 41
23.912280701754913 42
23.912280701754913 49
23.912280701754913 50
23.912280701754913 57
23.921052631579474 3
23.921052631579474 4
23.921052631579474 5
23.921052631579474 9
23.921052631579474 12
23.921052631579474 13
23.921052631579474 16
23.921052631579474 24
23.921052631579474 32
23.921052631579474 40
23.921052631579474 48
23.929824561404036 2
23.929824561404036 8
23.929824561404036 23
23.929824561404036 31
23.929824561404036 39
23.929824561404036 47
23.938596491228598 1
23.938596491228598 7
23.938596491228598 15
23.938596491228598 30
23.938596491228598 38
23.938596491228598 46
23.94736842105316 0
23.94736842105316 6
23.94736842105316 14
23.94736842105316 22
24.42105263157949 44
24.42105263157949 45
24.42105263157949 53
24.42982456140405 36
24.42982456140405 37
24.42982456140405 43
24.42982456140405 51
24.42982456140405 52
24.42982456140405 58
24.42982456140405 59
24.438596491228612 28
24.438596491228612 29
24.438596491228612 35
24.438596491228612 42
24.438596491228612 50
24.438596491228612 57
24.447368421053174 20
24.447368421053174 21
24.447368421053174 27
24.447368421053174 34
24.447368421053174 41
24.447368421053174 49
24.447368421053174 56
24.456140350877735 13
24.456140350877735 19
24.456140350877735 26
24.456140350877735 33
24.456140350877735 40
24.456140350877735 48
24.456140350877735 55
24.464912280702297 11
24.464912280702297 12
24.464912280702297 18
24.464912280702297 25
24.464912280702297 32
24.464912280702297 39
24.464912280702297 47
24.464912280702297 54
24.47368421052686 5
24.47368421052686 10
24.47368421052686 17
24.47368421052686 24
24.47368421052686 31
24.47368421052686 38
24.47368421052686 46
24.48245614035142 3
24.48245614035142 9
24.48245614035142 16
24.48245614035142 23
24.48245614035142 30
24.491228070175982 2
24.491228070175982 8
24.491228070175982 15
24.491228070175982 22
24.500000000000544 1
24.500000000000544 7
24.500000000000544 14
24.508771929825105 0
24.508771929825105 6
25.026315789474243 35
25.026315789474243 36
25.026315789474243 37
25.026315789474243 43
25.026315789474243 44
25.026315789474243 45
25.026315789474243 51
25.026315789474243 52
25.026315789474243 53
25.026315789474243 58
25.026315789474243 59
25.035087719298804 27
25.035087719298804 28
25.035087719298804 29
25.035087719298804 42
25.035087719298804 50
25.035087719298804 57
25.043859649123366 20
25.043859649123366 21
25.043859649123366 26
25.043859649123366 41
25.043859649123366 49
25.043859649123366 56
25.052631578947928 13
25.052631578947928 19
25.052631578947928 25
25.052631578947928 33
25.052631578947928 40
25.052631578947928 48
25.052631578947928 55
25.06140350877249 11
25.06140350877249 12
25.06140350877249 17
25.06140350877249 18
25.06140350877249 24
25.06140350877249 32
25.06140350877249 39
25.06140350877249 47
25.06140350877249 54
25.07017543859705 5
25.07017543859705 9
25.07017543859705 10
25.07017543859705 16
25.07017543859705 23
25.07017543859705 31
25.07017543859705 38
25.07017543859705 46
25.078947368421613 2
25.078947368421613 3
25.078947368421613 8
25.078947368421613 15
25.078947368421613 30
25.087719298246174 1
25.087719298246174 7
25.087719298246174 14
25.087719298246174 22
25.096491228070736 0
25.096491228070736 6
26.210526315790066 33
26.210526315790066 41
26.210526315790066 42
26.210526315790066 43
26.210526315790066 44
26.210526315790066 45
26.210526315790066 49
26.210526315790066 50
26.210526315790066 51
26.210526315790066 52
26.210526315790066 53
26.210526315790066 57
26.210526315790066 58
26.210526315790066 59
26.219298245614628 25
26.219298245614628 26
26.219298245614628 27
26.219298245614628 28
26.219298245614628 32
26.219298245614628 35
26.219298245614628 36
26.219298245614628 37
26.219298245614628 40
26.219298245614628 48
26.22807017543919 17
26.22807017543919 18
26.22807017543919 19
26.22807017543919 20
26.22807017543919 24
26.22807017543919 39
26.22807017543919 47
26.23684210526375 9
26.23684210526375 10
26.23684210526375 11
26.23684210526375 12
26.23684210526375 13
26.23684210526375 16
26.23684210526375 23
26.23684210526375 31
26.23684210526375 38
26.23684210526375 46
26.245614035088312 2
26.245614035088312 3
26.245614035088312 4
26.245614035088312 5
26.245614035088312 8
26.245614035088312 15
26.245614035088312 30
26.254385964912874 1
26.254385964912874 7
26.254385964912874 14
26.254385964912874 22
26.263157894737436 0
26.263157894737436 6
28.061403508772575 51
28.061403508772575 58
28.061403508772575 59
28.070175438597136 43
28.070175438597136 44
28.070175438597136 45
28.070175438597136 50
28.070175438597136 52
28.070175438597136 53
28.070175438597136 57
28.078947368421698 35
28.078947368421698 36
28.078947368421698 37
28.078947368421698 42
28.078947368421698 49
28.078947368421698 56
28.08771929824626 27
28.08771929824626 28
28.08771929824626 29
28.08771929824626 34
28.08771929824626 41
28.08771929824626 55
28.09649122807082 20
28.09649122807082 21
28.09649122807082 26
28.09649122807082 33
28.09649122807082 40
28.105263157895383 13
28.105263157895383 19
28.105263157895383 25
28.105263157895383 32
28.105263157895383 39
28.105263157895383 47
28.105263157895383 54
28.114035087719945 11
28.114035087719945 12
28.114035087719945 17
28.114035087719945 18
28.114035087719945 24
28.114035087719945 31
28.114035087719945 38
28.114035087719945 46
28.122807017544506 5
28.122807017544506 9
28.122807017544506 10
28.122807017544506 16
28.122807017544506 23
28.122807017544506 30
28.131578947369068 2
28.131578947369068 3
28.131578947369068 8
28.131578947369068 15
28.131578947369068 22
28.14035087719363 1
28.14035087719363 7
28.14035087719363 14
28.14912280701819 0
28.14912280701819 6
28.789473684211192 41
28.789473684211192 42
28.789473684211192 43
28.789473684211192 44
28.789473684211192 45
28.789473684211192 49
28.789473684211192 50
28.789473684211192 51
28.789473684211192 52
28.789473684211192 53
28.789473684211192 57
28.789473684211192 58
28.789473684211192 59
28.798245614035753 33
28.798245614035753 34
28.798245614035753 35
28.798245614035753 36
28.798245614035753 37
28.798245614035753 40
28.798245614035753 48
28.807017543860315 25
28.807017543860315 26
28.807017543860315 27
28.807017543860315 28
28.807017543860315 29
28.807017543860315 32
28.807017543860315 39
28.807017543860315 47
28.815789473684877 17
28.815789473684877 18
28.815789473684877 19
28.815789473684877 20
28.815789473684877 21
28.815789473684877 24
28.815789473684877 31
28.815789473684877 38
28.815789473684877 46
28.82456140350944 9
28.82456140350944 10
28.82456140350944 11
28.82456140350944 12
28.82456140350944 13
28.82456140350944 16
28.82456140350944 23
28.82456140350944 30
28.833333333334 2
28.833333333334 3
28.833333333334 4
28.833333333334 5
28.833333333334 8
28.833333333334 15
28.833333333334 22
28.84210526315856 1
28.84210526315856 7
28.84210526315856 14
28.850877192983123 0
28.850877192983123 6
29.807017543860344 43
29.807017543860344 44
29.807017543860344 45
29.807017543860344 51
29.807017543860344 52
29.807017543860344 53
29.807017543860344 58
29.807017543860344 59
29.815789473684905 35
29.815789473684905 36
29.815789473684905 37
29.815789473684905 42
29.815789473684905 50
29.815789473684905 57
29.824561403509467 27
29.824561403509467 28
29.824561403509467 29
29.824561403509467 34
29.824561403509467 41
29.824561403509467 49
29.824561403509467 56
29.83333333333403 20
29.83333333333403 21
29.83333333333403 26
29.83333333333403 33
29.83333333333403 40
29.83333333333403 48
29.83333333333403 55
29.84210526315859 13
29.84210526315859 19
29.84210526315859 25
29.84210526315859 32
29.84210526315859 39
29.84210526315859 47
29.84210526315859 54
29.850877192983152 11
29.850877192983152 12
29.850877192983152 17
29.850877192983152 18
29.850877192983152 24
29.850877192983152 31
29.850877192983152 38
29.850877192983152 46
29.859649122807713 5
29.859649122807713 9
29.859649122807713 10
29.859649122807713 16
29.859649122807713 23
29.859649122807713 30
29.868421052632275 2
29.868421052632275 3
29.868421052632275 8
29.868421052632275 15
29.868421052632275 22
29.877192982456837 1
29.877192982456837 7
29.877192982456837 14
29.8859649122814 0
29.8859649122814 6
30.21929824561474 14
30.85087719298318 14
30.859649122807742 6
30.859649122807742 7
30.859649122807742 8
30.859649122807742 9
30.859649122807742 10
30.859649122807742 11
30.859649122807742 15
30.859649122807742 16
30.859649122807742 17
30.859649122807742 18
30.859649122807742 19
30.859649122807742 20
30.859649122807742 23
30.859649122807742 24
30.859649122807742 25
30.859649122807742 26
30.859649122807742 27
30.859649122807742 28
30.859649122807742 32
30.859649122807742 33
30.859649122807742 34
30.859649122807742 35
30.859649122807742 36
30.859649122807742 37
30.859649122807742 40
30.859649122807742 41
30.859649122807742 42
30.859649122807742 43
30.859649122807742 44
30.859649122807742 45
30.859649122807742 49
30.859649122807742 50
30.859649122807742 51
30.859649122807742 52
30.859649122807742 53
30.859649122807742 57
30.859649122807742 58
30.859649122807742 59
30.868421052632304 0
30.868421052632304 1
30.868421052632304 2
30.868421052632304 3
30.868421052632304 4
30.868421052632304 5
30.868421052632304 12
30.868421052632304 13
30.868421052632304 22
30.868421052632304 30
30.868421052632304 31
30.868421052632304 38
30.868421052632304 39
30.868421052632304 47
31.00000000000073 48
31.719298245614784 54
32.04385964912356 16
32.04385964912356 17
32.04385964912356 24
32.04385964912356 25
32.04385964912356 26
32.04385964912356 27
32.04385964912356 28
32.04385964912356 32
32.04385964912356 33
32.04385964912356 34
32.04385964912356 35
32.04385964912356 36
32.04385964912356 37
32.04385964912356 40
32.04385964912356 41
32.04385964912356 42
32.04385964912356 43
32.04385964912356 44
32.04385964912356 45
32.04385964912356 49
32.04385964912356 50
32.04385964912356 51
32.04385964912356 52
32.04385964912356 53
32.04385964912356 57
32.04385964912356 58
32.04385964912356 59
32.05263157894812 8
32.05263157894812 9
32.05263157894812 10
32.05263157894812 11
32.05263157894812 18
32.05263157894812 19
32.05263157894812 20
32.05263157894812 23
32.05263157894812 31
32.05263157894812 39
32.05263157894812 47
32.061403508772685 1
32.061403508772685 2
32.061403508772685 3
32.061403508772685 4
32.061403508772685 5
32.061403508772685 7
32.061403508772685 12
32.061403508772685 13
32.061403508772685 15
32.061403508772685 30
32.061403508772685 38
32.061403508772685 46
32.070175438597246 0
32.070175438597246 6
32.070175438597246 14
32.070175438597246 22
32.45614035087796 46
32.45614035087796 47
32.46491228070252 38
32.46491228070252 39
32.46491228070252 40
32.46491228070252 41
32.47368421052708 30
32.47368421052708 32
32.65789473684288 17
32.65789473684288 25
32.65789473684288 26
32.65789473684288 27
32.65789473684288 28
32.65789473684288 33
32.65789473684288 34
32.65789473684288 35
32.65789473684288 36
32.65789473684288 37
32.65789473684288 41
32.65789473684288 42
32.65789473684288 43
32.65789473684288 44
32.65789473684288 45
32.65789473684288 49
32.65789473684288 50
32.65789473684288 51
32.65789473684288 52
32.65789473684288 53
32.65789473684288 57
32.65789473684288 58
32.65789473684288 59
32.66666666666744 9
32.66666666666744 10
32.66666666666744 11
32.66666666666744 16
32.66666666666744 18
32.66666666666744 19
32.66666666666744 20
32.66666666666744 24
32.66666666666744 32
32.675438596492 2
32.675438596492 3
32.675438596492 4
32.675438596492 5
32.675438596492 8
32.675438596492 12
32.675438596492 13
32.675438596492 23
32.675438596492 31
32.68421052631656 1
32.68421052631656 7
32.68421052631656 15
32.68421052631656 30
32.692982456141124 0
32.692982456141124 6
32.692982456141124 14
32.692982456141124 22
32.71052631579025 25
33.02631578947447 32
33.02631578947447 40
33.02631578947447 41
33.03508771929903 39
33.03508771929903 47
33.04385964912359 38
33.04385964912359 46
33.05263157894815 30
33.48245614035167 57
33.48245614035167 58
33.48245614035167 59
33.491228070176234 50
33.491228070176234 51
33.491228070176234 52
33.491228070176234 53
33.500000000000796 42
33.500000000000796 43
33.500000000000796 44
33.500000000000796 45
33.500000000000796 49
33.50877192982536 35
33.50877192982536 36
33.50877192982536 37
33.50877192982536 41
33.51754385964992 27
33.51754385964992 28
33.51754385964992 29
33.51754385964992 33
33.51754385964992 40
33.52631578947448 20
33.52631578947448 21
33.52631578947448 25
33.52631578947448 26
33.52631578947448 32
33.52631578947448 39
33.52631578947448 47
33.53508771929904 13
33.53508771929904 17
33.53508771929904 18
33.53508771929904 19
33.53508771929904 24
33.53508771929904 31
33.53508771929904 38
33.53508771929904 46
33.543859649123604 9
33.543859649123604 10
33.543859649123604 11
33.543859649123604 12
33.543859649123604 16
33.543859649123604 23
33.543859649123604 30
33.552631578948166 2
33.552631578948166 3
33.552631578948166 4
33.552631578948166 5
33.552631578948166 8
33.552631578948166 15
33.552631578948166 22
33.56140350877273 1
33.56140350877273 7
33.56140350877273 14
33.57017543859729 0
33.57017543859729 6
34.289473684211345 41
34.289473684211345 42
34.289473684211345 43
34.289473684211345 44
34.289473684211345 45
34.289473684211345 49
34.289473684211345 50
34.289473684211345 51
34.289473684211345 52
34.289473684211345 53
34.289473684211345 57
34.289473684211345 58
34.289473684211345 59
34.298245614035906 33
34.298245614035906 34
34.298245614035906 35
34.298245614035906 36
34.298245614035906 37
34.298245614035906 40
34.298245614035906 48
34.30701754386047 25
34.30701754386047 26
34.30701754386047 27
34.30701754386047 28
34.30701754386047 29
34.30701754386047 32
34.30701754386047 39
34.30701754386047 47
34.31578947368503 15
34.31578947368503 16
34.31578947368503 17
34.31578947368503 18
34.31578947368503 19
34.31578947368503 20
34.31578947368503 21
34.31578947368503 23
34.31578947368503 24
34.31578947368503 31
34.31578947368503 38
34.31578947368503 46
34.32456140350959 7
34.32456140350959 8
34.32456140350959 9
34.32456140350959 10
34.32456140350959 11
34.32456140350959 12
34.32456140350959 13
34.32456140350959 14
34.32456140350959 22
34.32456140350959 30
34.33333333333415 0
34.33333333333415 1
34.33333333333415 2
34.33333333333415 3
34.33333333333415 4
34.33333333333415 5
34.33333333333415 6
34.74561403508855 38
34.74561403508855 39
34.74561403508855 40
34.74561403508855 41
34.74561403508855 47
34.74561403508855 48
34.75438596491311 30
34.75438596491311 32
34.91228070175522 46
36.263157894737716 28
36.263157894737716 36
36.263157894737716 37
36.263157894737716 44
36.263157894737716 45
36.263157894737716 53
36.27192982456228 20
36.27192982456228 27
36.27192982456228 35
36.27192982456228 43
36.27192982456228 51
36.27192982456228 52
36.27192982456228 58
36.27192982456228 59
36.28070175438684 19
36.28070175438684 26
36.28070175438684 34
36.28070175438684 42
36.28070175438684 50
36.28070175438684 57
36.2894736842114 11
36.2894736842114 18
36.2894736842114 25
36.2894736842114 33
36.2894736842114 41
36.2894736842114 49
36.2894736842114 56
36.29824561403596 10
36.29824561403596 17
36.29824561403596 24
36.29824561403596 32
36.29824561403596 40
36.29824561403596 48
36.29824561403596 55
36.307017543860525 3
36.307017543860525 9
36.307017543860525 16
36.307017543860525 23
36.307017543860525 31
36.307017543860525 39
36.307017543860525 47
36.307017543860525 54
36.315789473685086 2
36.315789473685086 8
36.315789473685086 15
36.315789473685086 30
36.315789473685086 38
36.315789473685086 46
36.32456140350965 1
36.32456140350965 7
36.32456140350965 14
36.32456140350965 22
36.33333333333421 0
36.33333333333421 6
36.736842105264046 14
37.03508771929914 10
37.03508771929914 11
37.0438596491237 3
37.0438596491237 4
37.0438596491237 5
37.0438596491237 9
37.0438596491237 17
37.0438596491237 18
37.0438596491237 19
37.0438596491237 20
37.0438596491237 25
37.0438596491237 26
37.0438596491237 27
37.0438596491237 28
37.0438596491237 33
37.0438596491237 34
37.0438596491237 35
37.0438596491237 36
37.0438596491237 37
37.0438596491237 39
37.0438596491237 40
37.0438596491237 41
37.0438596491237 42
37.0438596491237 43
37.0438596491237 44
37.0438596491237 45
37.0438596491237 47
37.0438596491237 48
37.0438596491237 49
37.0438596491237 50
37.0438596491237 51
37.0438596491237 52
37.0438596491237 53
37.0438596491237 57
37.0438596491237 58
37.0438596491237 59
37.052631578948265 2
37.052631578948265 8
37.052631578948265 16
37.052631578948265 24
37.052631578948265 32
37.052631578948265 38
37.052631578948265 46
37.06140350877283 1
37.06140350877283 7
37.06140350877283 15
37.06140350877283 23
37.06140350877283 30
37.06140350877283 31
37.07017543859739 0
37.07017543859739 6
37.07017543859739 14
37.07017543859739 22
37.315789473685115 10
37.56140350877284 14
37.65789473684302 48
37.65789473684302 49
37.65789473684302 50
37.65789473684302 51
37.65789473684302 57
37.65789473684302 58
37.65789473684302 59
37.66666666666758 40
37.66666666666758 41
37.66666666666758 42
37.66666666666758 43
37.66666666666758 44
37.66666666666758 45
37.66666666666758 52
37.66666666666758 53
37.67543859649214 32
37.67543859649214 33
37.67543859649214 34
37.67543859649214 35
37.67543859649214 36
37.67543859649214 37
37.67543859649214 39
37.684210526316704 24
37.684210526316704 25
37.684210526316704 26
37.684210526316704 27
37.684210526316704 28
37.684210526316704 29
37.684210526316704 31
37.684210526316704 38
37.692982456141266 16
37.692982456141266 17
37.692982456141266 18
37.692982456141266 19
37.692982456141266 20
37.692982456141266 21
37.692982456141266 23
37.692982456141266 30
37.70175438596583 8
37.70175438596583 9
37.70175438596583 10
37.70175438596583 11
37.70175438596583 12
37.70175438596583 13
37.70175438596583 15
37.70175438596583 22
37.71052631579039 1
37.71052631579039 2
37.71052631579039 3
37.71052631579039 4
37.71052631579039 5
37.71052631579039 7
37.71052631579039 14
37.71929824561495 0
37.71929824561495 6
38.19298245614128 46
38.19298245614128 47
38.20175438596584 38
38.20175438596584 39
38.20175438596584 40
38.20175438596584 41
38.20175438596584 42
38.20175438596584 43
38.20175438596584 44
38.20175438596584 45
38.20175438596584 49
38.20175438596584 50
38.20175438596584 51
38.20175438596584 52
38.20175438596584 53
38.20175438596584 57
38.20175438596584 58
38.20175438596584 59
38.2105263157904 30
38.2105263157904 31
38.2105263157904 32
38.2105263157904 33
38.2105263157904 34
38.2105263157904 35
38.2105263157904 36
38.2105263157904 37
38.219298245614965 23
38.219298245614965 24
38.219298245614965 25
38.219298245614965 26
38.219298245614965 27
38.219298245614965 28
38.219298245614965 29
38.22807017543953 16
38.22807017543953 17
38.22807017543953 18
38.22807017543953 19
38.22807017543953 20
38.22807017543953 21
38.22807017543953 22
38.23684210526409 8
38.23684210526409 9
38.23684210526409 10
38.23684210526409 11
38.23684210526409 12
38.23684210526409 13
38.23684210526409 14
38.23684210526409 15
38.24561403508865 1
38.24561403508865 2
38.24561403508865 3
38.24561403508865 4
38.24561403508865 5
38.24561403508865 6
38.24561403508865 7
38.25438596491321 0
38.26315789473777 25
38.482456140351815 56
38.491228070176376 55
38.6228070175448 18
38.6228070175448 26
38.63157894736936 10
38.63157894736936 11
38.63157894736936 17
38.63157894736936 19
38.63157894736936 20
38.63157894736936 25
38.63157894736936 28
38.640350877193924 9
38.649122807018486 8
38.65789473684305 1
38.66666666666761 0
38.71052631579042 25
38.71929824561498 24
38.71929824561498 32
38.71929824561498 33
38.71929824561498 40
38.71929824561498 41
38.71929824561498 42
38.71929824561498 43
38.71929824561498 44
38.71929824561498 45
38.71929824561498 49
38.71929824561498 50
38.71929824561498 51
38.71929824561498 52
38.71929824561498 53
38.71929824561498 57
38.71929824561498 58
38.71929824561498 59
38.72807017543954 23
38.72807017543954 31
38.72807017543954 35
38.72807017543954 36
38.72807017543954 37
38.72807017543954 39
38.72807017543954 47
38.7368421052641 27
38.7368421052641 30
38.7368421052641 38
38.7368421052641 46
38.745614035088664 22
38.754385964913226 14
38.754385964913226 15
38.754385964913226 16
38.76315789473779 6
38.76315789473779 7
38.76315789473779 8
39.39473684210623 12
39.39473684210623 13
39.39473684210623 20
39.39473684210623 21
39.39473684210623 28
39.39473684210623 29
39.39473684210623 36
39.39473684210623 37
39.39473684210623 44
39.39473684210623 45
39.39473684210623 53
39.40350877193079 5
39.40350877193079 11
39.40350877193079 19
39.40350877193079 27
39.40350877193079 35
39.40350877193079 43
39.40350877193079 51
39.40350877193079 52
39.40350877193079 58
39.40350877193079 59
39.41228070175535 4
39.41228070175535 10
39.41228070175535 18
39.41228070175535 26
39.41228070175535 34
39.41228070175535 42
39.41228070175535 50
39.41228070175535 57
39.42105263157991 3
39.42105263157991 9
39.42105263157991 17
39.42105263157991 25
39.42105263157991 33
39.42105263157991 41
39.42105263157991 49
39.42105263157991 56
39.42982456140447 2
39.42982456140447 8
39.42982456140447 16
39.42982456140447 24
39.42982456140447 32
39.42982456140447 40
39.42982456140447 48
39.42982456140447 55
39.438596491229035 1
39.438596491229035 7
39.438596491229035 15
39.438596491229035 23
39.438596491229035 31
39.438596491229035 39
39.438596491229035 47
39.438596491229035 54
39.447368421053596 0
39.447368421053596 6
39.447368421053596 14
39.447368421053596 22
39.447368421053596 30
39.447368421053596 38
39.447368421053596 46
40.11403508772028 26
40.11403508772028 27
40.11403508772028 28
40.11403508772028 35
40.11403508772028 36
40.11403508772028 37
40.11403508772028 43
40.11403508772028 44
40.11403508772028 45
40.11403508772028 51
40.11403508772028 52
40.11403508772028 53
40.11403508772028 58
40.11403508772028 59
40.122807017544844 20
40.122807017544844 25
40.122807017544844 33
40.122807017544844 41
40.122807017544844 42
40.122807017544844 49
40.122807017544844 50
40.122807017544844 57
40.131578947369405 17
40.131578947369405 18
40.131578947369405 19
40.131578947369405 24
40.131578947369405 32
40.131578947369405 40
40.131578947369405 48
40.14035087719397 9
40.14035087719397 10
40.14035087719397 11
40.14035087719397 16
40.14035087719397 23
40.14035087719397 31
40.14035087719397 39
40.14035087719397 47
40.14912280701853 2
40.14912280701853 3
40.14912280701853 4
40.14912280701853 5
40.14912280701853 8
40.14912280701853 15
40.14912280701853 30
40.14912280701853 38
40.14912280701853 46
40.15789473684309 1
40.15789473684309 7
40.15789473684309 14
40.15789473684309 22
40.16666666666765 0
40.16666666666765 6
40.7280701754396 58
40.7280701754396 59
40.73684210526416 51
40.73684210526416 52
40.73684210526416 53
40.73684210526416 57
40.74561403508872 43
40.74561403508872 44
40.74561403508872 45
40.74561403508872 50
40.75438596491328 35
40.75438596491328 36
40.75438596491328 37
40.75438596491328 42
40.75438596491328 49
40.763157894737844 27
40.763157894737844 28
40.763157894737844 29
40.763157894737844 34
40.763157894737844 41
40.771929824562406 20
40.771929824562406 21
40.771929824562406 26
40.771929824562406 33
40.771929824562406 40
40.78070175438697 13
40.78070175438697 19
40.78070175438697 25
40.78070175438697 32
40.78070175438697 39
40.78070175438697 47
40.78947368421153 11
40.78947368421153 12
40.78947368421153 17
40.78947368421153 18
40.78947368421153 24
40.78947368421153 31
40.78947368421153 38
40.78947368421153 46
40.79824561403609 5
40.79824561403609 9
40.79824561403609 10
40.79824561403609 16
40.79824561403609 23
40.79824561403609 30
40.80701754386065 2
40.80701754386065 3
40.80701754386065 8
40.80701754386065 15
40.80701754386065 22
40.815789473685214 1
40.815789473685214 7
40.815789473685214 14
40.824561403509776 0
40.824561403509776 6
41.30701754386067 48
41.30701754386067 49
41.30701754386067 50
41.30701754386067 51
41.30701754386067 57
41.30701754386067 58
41.30701754386067 59
41.31578947368523 40
41.31578947368523 41
41.31578947368523 42
41.31578947368523 43
41.31578947368523 44
41.31578947368523 45
41.31578947368523 52
41.31578947368523 53
41.32456140350979 32
41.32456140350979 33
41.32456140350979 34
41.32456140350979 35
41.32456140350979 36
41.32456140350979 37
41.32456140350979 39
41.33333333333435 24
41.33333333333435 25
41.33333333333435 26
41.33333333333435 27
41.33333333333435 28
41.33333333333435 29
41.33333333333435 31
41.33333333333435 38
41.34210526315891 16
41.34210526315891 17
41.34210526315891 18
41.34210526315891 19
41.34210526315891 20
41.34210526315891 21
41.34210526315891 23
41.34210526315891 30
41.350877192983475 8
41.350877192983475 9
41.350877192983475 10
41.350877192983475 11
41.350877192983475 12
41.350877192983475 13
41.350877192983475 15
41.350877192983475 22
41.35964912280804 1
41.35964912280804 2
41.35964912280804 3
41.35964912280804 4
41.35964912280804 5
41.35964912280804 7
41.35964912280804 14
41.3684210526326 0
41.3684210526326 6
42.00000000000104 42
42.00000000000104 43
42.00000000000104 44
42.00000000000104 45
42.00000000000104 50
42.00000000000104 51
42.00000000000104 52
42.00000000000104 53
42.00000000000104 57
42.00000000000104 58
42.00000000000104 59
42.0087719298256 35
42.0087719298256 36
42.0087719298256 37
42.0087719298256 41
42.0087719298256 49
42.0087719298256 56
42.01754385965016 27
42.01754385965016 28
42.01754385965016 29
42.01754385965016 33
42.01754385965016 40
42.01754385965016 48
42.01754385965016 55
42.02631578947472 20
42.02631578947472 21
42.02631578947472 25
42.02631578947472 26
42.02631578947472 32
42.02631578947472 39
42.02631578947472 47
42.02631578947472 54
42.035087719299284 13
42.035087719299284 17
42.035087719299284 18
42.035087719299284 19
42.035087719299284 24
42.035087719299284 31
42.035087719299284 38
42.035087719299284 46
42.043859649123846 9
42.043859649123846 10
42.043859649123846 11
42.043859649123846 12
42.043859649123846 16
42.043859649123846 23
42.043859649123846 30
42.05263157894841 2
42.05263157894841 3
42.05263157894841 4
42.05263157894841 5
42.05263157894841 8
42.05263157894841 15
42.05263157894841 22
42.06140350877297 1
42.06140350877297 7
42.06140350877297 14
42.07017543859753 0
42.07017543859753 6
42.33333333333438 23
42.50877192982561 44
42.50877192982561 45
42.50877192982561 53
42.517543859650175 36
42.517543859650175 37
42.517543859650175 43
42.517543859650175 51
42.517543859650175 52
42.517543859650175 58
42.517543859650175 59
42.52631578947474 28
42.52631578947474 29
42.52631578947474 35
42.52631578947474 42
42.52631578947474 50
42.52631578947474 57
42.5350877192993 20
42.5350877192993 21
42.5350877192993 27
42.5350877192993 34
42.5350877192993 41
42.5350877192993 49
42.5350877192993 56
42.54385964912386 13
42.54385964912386 19
42.54385964912386 26
42.54385964912386 33
42.54385964912386 40
42.54385964912386 48
42.54385964912386 55
42.55263157894842 11
42.55263157894842 12
42.55263157894842 18
42.55263157894842 25
42.55263157894842 32
42.55263157894842 39
42.55263157894842 47
42.55263157894842 54
42.56140350877298 5
42.56140350877298 10
42.56140350877298 17
42.56140350877298 24
42.56140350877298 31
42.56140350877298 38
42.56140350877298 46
42.570175438597545 3
42.570175438597545 9
42.570175438597545 16
42.570175438597545 30
42.57894736842211 2
42.57894736842211 8
42.58771929824667 1
42.58771929824667 7
42.58771929824667 15
42.59649122807123 0
42.59649122807123 6
42.59649122807123 14
42.59649122807123 22
42.991228070176504 55
43.43859649122915 51
43.43859649122915 58
43.43859649122915 59
43.44736842105371 43
43.44736842105371 44
43.44736842105371 45
43.44736842105371 50
43.44736842105371 52
43.44736842105371 53
43.44736842105371 57
43.45614035087827 35
43.45614035087827 36
43.45614035087827 37
43.45614035087827 42
43.45614035087827 49
43.45614035087827 56
43.46491228070283 27
43.46491228070283 28
43.46491228070283 29
43.46491228070283 34
43.46491228070283 41
43.46491228070283 55
43.473684210527395 18
43.473684210527395 19
43.473684210527395 20
43.473684210527395 21
43.473684210527395 26
43.473684210527395 33
43.473684210527395 40
43.48245614035196 10
43.48245614035196 11
43.48245614035196 12
43.48245614035196 13
43.48245614035196 17
43.48245614035196 25
43.48245614035196 32
43.48245614035196 39
43.48245614035196 47
43.48245614035196 54
43.49122807017652 3
43.49122807017652 4
43.49122807017652 5
43.49122807017652 9
43.49122807017652 16
43.49122807017652 24
43.49122807017652 31
43.49122807017652 38
43.49122807017652 46
43.50000000000108 2
43.50000000000108 8
43.50000000000108 23
43.50000000000108 30
43.50877192982564 1
43.50877192982564 7
43.50877192982564 15
43.50877192982564 22
43.5175438596502 0
43.5175438596502 6
43.5175438596502 14
44.39473684210637 25
44.39473684210637 26
44.39473684210637 27
44.39473684210637 28
44.39473684210637 33
44.39473684210637 34
44.39473684210637 35
44.39473684210637 36
44.39473684210637 37
44.39473684210637 41
44.39473684210637 42
44.39473684210637 43
44.39473684210637 44
44.39473684210637 45
44.39473684210637 49
44.39473684210637 50
44.39473684210637 51
44.39473684210637 52
44.39473684210637 53
44.39473684210637 57
44.39473684210637 58
44.39473684210637 59
44.40350877193093 17
44.40350877193093 18
44.40350877193093 19
44.40350877193093 20
44.40350877193093 24
44.40350877193093 32
44.40350877193093 40
44.40350877193093 48
44.41228070175549 9
44.41228070175549 10
44.41228070175549 11
44.41228070175549 12
44.41228070175549 13
44.41228070175549 16
44.41228070175549 23
44.41228070175549 31
44.41228070175549 39
44.41228070175549 47
44.421052631580054 2
44.421052631580054 3
44.421052631580054 4
44.421052631580054 5
44.421052631580054 8
44.421052631580054 15
44.421052631580054 30
44.421052631580054 38
44.421052631580054 46
44.429824561404615 1
44.429824561404615 7
44.429824561404615 14
44.429824561404615 22
44.43859649122918 0
44.43859649122918 6
44.81578947368533 15
44.81578947368533 23
44.82456140350989 14
44.82456140350989 22
44.82456140350989 30
44.82456140350989 38
44.82456140350989 39
44.82456140350989 40
44.82456140350989 41
44.82456140350989 47
44.82456140350989 48
44.83333333333445 32
45.03508771929937 16
45.03508771929937 17
45.03508771929937 24
45.03508771929937 25
45.03508771929937 26
45.03508771929937 27
45.03508771929937 28
45.03508771929937 32
45.03508771929937 33
45.03508771929937 34
45.03508771929937 35
45.03508771929937 36
45.03508771929937 37
45.03508771929937 41
45.03508771929937 42
45.03508771929937 43
45.03508771929937 44
45.03508771929937 45
45.03508771929937 49
45.03508771929937 50
45.03508771929937 51
45.03508771929937 52
45.03508771929937 53
45.03508771929937 57
45.03508771929937 58
45.03508771929937 59
45.04385964912393 8
45.04385964912393 9
45.04385964912393 10
45.04385964912393 11
45.04385964912393 18
45.04385964912393 19
45.04385964912393 20
45.05263157894849 1
45.05263157894849 2
45.05263157894849 3
45.05263157894849 4
45.05263157894849 5
45.05263157894849 7
45.05263157894849 12
45.05263157894849 13
45.05263157894849 15
45.061403508773054 0
45.061403508773054 6
45.061403508773054 14
45.63157894736956 10
45.63157894736956 11
45.64035087719412 3
45.64035087719412 4
45.64035087719412 5
45.64035087719412 9
45.64035087719412 17
45.64035087719412 18
45.64035087719412 19
45.64035087719412 20
45.64035087719412 25
45.64035087719412 26
45.64035087719412 27
45.64035087719412 28
45.64035087719412 33
45.64035087719412 34
45.64035087719412 35
45.64035087719412 36
45.64035087719412 37
45.64035087719412 41
45.64035087719412 42
45.64035087719412 43
45.64035087719412 44
45.64035087719412 45
45.64035087719412 49
45.64035087719412 50
45.64035087719412 51
45.64035087719412 52
45.64035087719412 53
45.64035087719412 57
45.64035087719412 58
45.64035087719412 59
45.649122807018685 2
45.649122807018685 8
45.649122807018685 16
45.649122807018685 24
45.649122807018685 32
45.649122807018685 40
45.649122807018685 48
45.65789473684325 1
45.65789473684325 7
45.65789473684325 15
45.65789473684325 23
45.65789473684325 31
45.65789473684325 39
45.65789473684325 47
45.66666666666781 0
45.66666666666781 6
45.66666666666781 14
45.66666666666781 22
45.66666666666781 30
45.66666666666781 38
45.66666666666781 46
46.342105263159056 51
46.342105263159056 58
46.342105263159056 59
46.35087719298362 43
46.35087719298362 44
46.35087719298362 45
46.35087719298362 50
46.35087719298362 52
46.35087719298362 53
46.35087719298362 57
46.35964912280818 35
46.35964912280818 36
46.35964912280818 37
46.35964912280818 42
46.35964912280818 49
46.35964912280818 56
46.36842105263274 6
46.36842105263274 7
46.36842105263274 8
46.36842105263274 9
46.36842105263274 10
46.36842105263274 11
46.36842105263274 14
46.36842105263274 15
46.36842105263274 16
46.36842105263274 17
46.36842105263274 18
46.36842105263274 19
46.36842105263274 20
46.36842105263274 23
46.36842105263274 24
46.36842105263274 25
46.36842105263274 26
46.36842105263274 27
46.36842105263274 28
46.36842105263274 29
46.36842105263274 32
46.36842105263274 33
46.36842105263274 34
46.36842105263274 40
46.36842105263274 41
46.36842105263274 48
46.36842105263274 55
46.3771929824573 0
46.3771929824573 1
46.3771929824573 2
46.3771929824573 3
46.3771929824573 4
46.3771929824573 5
46.3771929824573 12
46.3771929824573 13
46.3771929824573 22
46.3771929824573 30
46.3771929824573 31
46.3771929824573 38
46.3771929824573 39
46.3771929824573 47
46.3771929824573 54
46.93859649122925 54
47.00877192982574 37
47.00877192982574 45
47.00877192982574 53
47.0175438596503 36
47.0175438596503 44
47.0175438596503 52
47.0175438596503 59
47.026315789474864 28
47.026315789474864 35
47.026315789474864 43
47.026315789474864 51
47.026315789474864 58
47.035087719299426 20
47.035087719299426 27
47.035087719299426 42
47.035087719299426 50
47.035087719299426 57
47.04385964912399 19
47.04385964912399 26
47.04385964912399 41
47.04385964912399 49
47.04385964912399 56
47.05263157894855 11
47.05263157894855 18
47.05263157894855 25
47.05263157894855 33
47.05263157894855 40
47.05263157894855 48
47.05263157894855 55
47.06140350877311 10
47.06140350877311 17
47.06140350877311 24
47.06140350877311 32
47.06140350877311 39
47.06140350877311 47
47.07017543859767 3
47.07017543859767 9
47.07017543859767 16
47.07017543859767 23
47.07017543859767 31
47.07017543859767 38
47.07017543859767 46
47.078947368422234 2
47.078947368422234 8
47.078947368422234 15
47.078947368422234 30
47.087719298246796 1
47.087719298246796 7
47.087719298246796 14
47.087719298246796 22
47.09649122807136 0
47.09649122807136 6
47.91228070175559 23
47.91228070175559 24
47.91228070175559 25
47.91228070175559 26
47.91228070175559 27
47.91228070175559 28
47.91228070175559 32
47.91228070175559 33
47.91228070175559 34
47.91228070175559 35
47.91228070175559 36
47.91228070175559 37
47.91228070175559 40
47.91228070175559 41
47.91228070175559 42
47.91228070175559 43
47.91228070175559 44
47.91228070175559 45
47.91228070175559 49
47.91228070175559 50
47.91228070175559 51
47.91228070175559 52
47.91228070175559 53
47.91228070175559 57
47.91228070175559 58
47.91228070175559 59
47.92105263158015 16
47.92105263158015 17
47.92105263158015 18
47.92105263158015 19
47.92105263158015 20
47.92105263158015 31
47.92105263158015 39
47.92105263158015 47
47.929824561404715 8
47.929824561404715 9
47.929824561404715 10
47.929824561404715 11
47.929824561404715 12
47.929824561404715 13
47.929824561404715 15
47.929824561404715 30
47.929824561404715 38
47.929824561404715 46
47.938596491229276 1
47.938596491229276 2
47.938596491229276 3
47.938596491229276 4
47.938596491229276 5
47.938596491229276 7
47.938596491229276 14
47.938596491229276 22
47.94736842105384 0
47.94736842105384 6
48.245614035088934 28
48.44736842105385 1
48.44736842105385 2
48.44736842105385 3
48.44736842105385 8
48.44736842105385 9
48.44736842105385 10
48.44736842105385 11
48.44736842105385 16
48.44736842105385 17
48.44736842105385 18
48.44736842105385 19
48.44736842105385 20
48.44736842105385 24
48.44736842105385 25
48.44736842105385 26
48.44736842105385 27
48.44736842105385 32
48.44736842105385 33
48.44736842105385 34
48.44736842105385 35
48.44736842105385 36
48.44736842105385 37
48.44736842105385 40
48.44736842105385 41
48.44736842105385 42
48.44736842105385 43
48.44736842105385 44
48.44736842105385 45
48.44736842105385 49
48.44736842105385 50
48.44736842105385 51
48.44736842105385 52
48.44736842105385 53
48.44736842105385 57
48.44736842105385 58
48.44736842105385 59
48.456140350878414 0
48.456140350878414 7
48.456140350878414 15
48.456140350878414 23
48.456140350878414 31
48.456140350878414 39
48.456140350878414 47
48.464912280702976 6
48.464912280702976 14
48.464912280702976 22
48.464912280702976 30
48.464912280702976 38
48.464912280702976 46
49.096491228071415 4
49.096491228071415 5
49.096491228071415 11
49.096491228071415 12
49.096491228071415 13
49.096491228071415 20
49.096491228071415 21
49.096491228071415 28
49.096491228071415 29
49.096491228071415 36
49.096491228071415 37
49.096491228071415 44
49.096491228071415 45
49.096491228071415 53
49.105263157895976 3
49.105263157895976 10
49.105263157895976 19
49.105263157895976 27
49.105263157895976 35
49.105263157895976 43
49.105263157895976 51
49.105263157895976 52
49.105263157895976 58
49.105263157895976 59
49.11403508772054 2
49.11403508772054 9
49.11403508772054 17
49.11403508772054 18
49.11403508772054 25
49.11403508772054 26
49.11403508772054 33
49.11403508772054 34
49.11403508772054 41
49.11403508772054 42
49.11403508772054 49
49.11403508772054 50
49.11403508772054 57
49.1228070175451 1
49.1228070175451 8
49.1228070175451 16
49.1228070175451 24
49.1228070175451 32
49.1228070175451 40
49.1228070175451 48
49.13157894736966 0
49.13157894736966 7
49.13157894736966 15
49.13157894736966 23
49.13157894736966 31
49.13157894736966 39
49.13157894736966 47
49.14035087719422 6
49.14035087719422 14
49.14035087719422 22
49.14035087719422 30
49.14035087719422 38
49.14035087719422 46
49.38596491228195 11
49.39473684210651 10
49.44736842105388 55
49.92982456140477 23
49.92982456140477 24
49.92982456140477 25
49.92982456140477 26
49.92982456140477 27
49.92982456140477 28
49.92982456140477 32
49.92982456140477 33
49.92982456140477 34
49.92982456140477 35
49.92982456140477 36
49.92982456140477 37
49.92982456140477 40
49.92982456140477 41
49.92982456140477 42
49.92982456140477 43
49.92982456140477 44
49.92982456140477 45
49.92982456140477 49
49.92982456140477 50
49.92982456140477 51
49.92982456140477 52
49.92982456140477 53
49.92982456140477 57
49.92982456140477 58
49.92982456140477 59
49.93859649122933 16
49.93859649122933 17
49.93859649122933 18
49.93859649122933 19
49.93859649122933 20
49.93859649122933 31
49.93859649122933 39
49.93859649122933 47
49.947368421053895 8
49.947368421053895 9
49.947368421053895 10
49.947368421053895 11
49.947368421053895 12
49.947368421053895 13
49.947368421053895 15
49.947368421053895 30
49.947368421053895 38
49.947368421053895 46
49.95614035087846 1
49.95614035087846 2
49.95614035087846 3
49.95614035087846 4
49.95614035087846 5
49.95614035087846 7
49.95614035087846 14
49.95614035087846 22
49.96491228070302 0
49.96491228070302 6
50.35964912280829 25
50.35964912280829 26
50.368421052632854 17
50.368421052632854 18
50.377192982457416 9
50.377192982457416 10
50.377192982457416 11
50.377192982457416 19
50.377192982457416 20
50.377192982457416 28
50.38596491228198 8
50.38596491228198 27
50.38596491228198 35
50.38596491228198 43
50.38596491228198 44
50.38596491228198 45
50.38596491228198 51
50.38596491228198 53
50.38596491228198 58
50.38596491228198 59
50.39473684210654 1
50.39473684210654 37
50.39473684210654 50
50.39473684210654 57
50.4035087719311 0
50.4035087719311 7
50.4035087719311 36
50.49122807017672 15
50.49122807017672 16
50.49122807017672 23
50.49122807017672 24
50.49122807017672 25
50.49122807017672 32
50.49122807017672 33
50.49122807017672 40
50.49122807017672 41
50.49122807017672 42
50.49122807017672 49
50.50000000000128 8
50.50000000000128 14
50.50000000000128 22
50.50000000000128 30
50.50000000000128 31
50.50000000000128 38
50.50000000000128 39
50.50000000000128 47
50.50877192982584 6
50.640350877194265 41
50.903508771931115 23
51.219298245615335 51
51.219298245615335 58
51.219298245615335 59
51.228070175439896 43
51.228070175439896 44
51.228070175439896 45
51.228070175439896 50
51.228070175439896 52
51.228070175439896 53
51.228070175439896 57
51.23684210526446 35
51.23684210526446 36
51.23684210526446 37
51.23684210526446 42
51.23684210526446 49
51.23684210526446 56
51.24561403508902 27
51.24561403508902 28
51.24561403508902 29
51.24561403508902 34
51.24561403508902 41
51.24561403508902 55
51.25438596491358 20
51.25438596491358 21
51.25438596491358 26
51.25438596491358 33
51.25438596491358 40
51.26315789473814 13
51.26315789473814 19
51.26315789473814 25
51.26315789473814 32
51.26315789473814 39
51.26315789473814 47
51.26315789473814 54
51.271929824562704 11
51.271929824562704 12
51.271929824562704 17
51.271929824562704 18
51.271929824562704 24
51.271929824562704 31
51.271929824562704 38
51.271929824562704 46
51.280701754387266 5
51.280701754387266 9
51.280701754387266 10
51.280701754387266 16
51.280701754387266 23
51.280701754387266 30
51.28947368421183 2
51.28947368421183 3
51.28947368421183 8
51.28947368421183 15
51.28947368421183 22
51.29824561403639 1
51.29824561403639 7
51.29824561403639 14
51.30701754386095 0
51.30701754386095 6
51.912280701755705 45
51.912280701755705 53
51.92105263158027 37
51.92105263158027 44
51.92105263158027 52
51.92105263158027 59
51.92982456140483 36
51.92982456140483 43
51.92982456140483 51
51.92982456140483 58
51.93859649122939 28
51.93859649122939 35
51.93859649122939 42
51.93859649122939 50
51.93859649122939 57
51.94736842105395 20
51.94736842105395 27
51.94736842105395 34
51.94736842105395 41
51.94736842105395 49
51.94736842105395 56
51.95614035087851 19
51.95614035087851 26
51.95614035087851 33
51.95614035087851 40
51.95614035087851 48
51.95614035087851 55
51.964912280703075 11
51.964912280703075 18
51.964912280703075 25
51.964912280703075 32
51.964912280703075 39
51.964912280703075 47
51.964912280703075 54
51.97368421052764 10
51.97368421052764 17
51.97368421052764 24
51.97368421052764 31
51.97368421052764 38
51.97368421052764 46
51.9824561403522 3
51.9824561403522 9
51.9824561403522 16
51.9824561403522 23
51.9824561403522 30
51.99122807017676 2
51.99122807017676 8
51.99122807017676 15
51.99122807017676 22
52.00000000000132 1
52.00000000000132 7
52.00000000000132 14
52.00877192982588 0
52.00877192982588 6
52.333333333334664 15
52.333333333334664 23
52.342105263159226 14
52.342105263159226 22
52.342105263159226 30
52.342105263159226 38
52.342105263159226 39
52.342105263159226 40
52.342105263159226 41
52.342105263159226 47
52.342105263159226 48
52.35087719298379 32
52.46491228070309 7
52.46491228070309 8
52.46491228070309 9
52.46491228070309 10
52.46491228070309 11
52.46491228070309 17
52.46491228070309 18
52.46491228070309 19
52.46491228070309 20
52.46491228070309 25
52.46491228070309 26
52.46491228070309 27
52.46491228070309 28
52.46491228070309 33
52.46491228070309 34
52.46491228070309 35
52.46491228070309 36
52.46491228070309 37
52.46491228070309 41
52.46491228070309 42
52.46491228070309 43
52.46491228070309 44
52.46491228070309 45
52.46491228070309 49
52.46491228070309 50
52.46491228070309 51
52.46491228070309 52
52.46491228070309 53
52.46491228070309 57
52.46491228070309 58
52.46491228070309 59
52.47368421052765 0
52.47368421052765 1
52.47368421052765 2
52.47368421052765 3
52.47368421052765 4
52.47368421052765 5
52.47368421052765 12
52.47368421052765 13
52.47368421052765 24
52.47368421052765 32
52.72807017543994 1
52.72807017543994 8
52.72807017543994 16
53.28070175438732 35
53.28070175438732 36
53.28070175438732 37
53.28070175438732 43
53.28070175438732 44
53.28070175438732 45
53.28070175438732 51
53.28070175438732 52
53.28070175438732 53
53.28070175438732 58
53.28070175438732 59
53.289473684211885 27
53.289473684211885 28
53.289473684211885 29
53.289473684211885 42
53.289473684211885 50
53.289473684211885 57
53.298245614036446 20
53.298245614036446 21
53.298245614036446 26
53.298245614036446 41
53.298245614036446 49
53.298245614036446 56
53.30701754386101 13
53.30701754386101 19
53.30701754386101 25
53.30701754386101 33
53.30701754386101 40
53.30701754386101 48
53.30701754386101 55
53.31578947368557 11
53.31578947368557 12
53.31578947368557 17
53.31578947368557 18
53.31578947368557 24
53.31578947368557 32
53.31578947368557 39
53.31578947368557 47
53.31578947368557 54
53.32456140351013 5
53.32456140351013 9
53.32456140351013 10
53.32456140351013 16
53.32456140351013 23
53.32456140351013 31
53.32456140351013 38
53.32456140351013 46
53.33333333333469 2
53.33333333333469 3
53.33333333333469 8
53.33333333333469 15
53.33333333333469 30
53.342105263159254 1
53.342105263159254 7
53.342105263159254 14
53.342105263159254 22
53.350877192983816 0
53.350877192983816 6
53.91228070175576 54
54.456140350878584 15
54.456140350878584 16
54.456140350878584 17
54.456140350878584 23
54.456140350878584 24
54.456140350878584 25
54.456140350878584 26
54.456140350878584 27
54.456140350878584 28
54.456140350878584 28
54.456140350878584 32
54.456140350878584 33
54.456140350878584 34
54.456140350878584 35
54.456140350878584 36
54.456140350878584 37
54.456140350878584 40
54.456140350878584 41
54.456140350878584 42
54.456140350878584 43
54.456140350878584 44
54.456140350878584 45
54.456140350878584 49
54.456140350878584 50
54.456140350878584 51
54.456140350878584 52
54.456140350878584 53
54.456140350878584 57
54.456140350878584 58
54.456140350878584 59
54.464912280703146 7
54.464912280703146 8
54.464912280703146 9
54.464912280703146 10
54.464912280703146 11
54.464912280703146 14
54.464912280703146 18
54.464912280703146 19
54.464912280703146 20
54.464912280703146 22
54.464912280703146 30
54.464912280703146 31
54.464912280703146 38
54.464912280703146 39
54.464912280703146 47
54.47368421052771 0
54.47368421052771 1
54.47368421052771 2
54.47368421052771 3
54.47368421052771 4
54.47368421052771 5
54.47368421052771 6
54.47368421052771 12
54.47368421052771 13
55.149122807018955 10
55.149122807018955 11
55.15789473684352 3
55.15789473684352 4
55.15789473684352 5
55.15789473684352 9
55.15789473684352 17
55.15789473684352 18
55.15789473684352 19
55.15789473684352 20
55.15789473684352 25
55.15789473684352 26
55.15789473684352 27
55.15789473684352 28
55.15789473684352 33
55.15789473684352 34
55.15789473684352 35
55.15789473684352 36
55.15789473684352 37
55.15789473684352 41
55.15789473684352 42
55.15789473684352 43
55.15789473684352 44
55.15789473684352 45
55.15789473684352 49
55.15789473684352 50
55.15789473684352 51
55.15789473684352 52
55.15789473684352 53
55.15789473684352 57
55.15789473684352 58
55.15789473684352 59
55.16666666666808 2
55.16666666666808 8
55.16666666666808 16
55.16666666666808 24
55.16666666666808 32
55.16666666666808 40
55.16666666666808 48
55.17543859649264 1
55.17543859649264 7
55.17543859649264 15
55.17543859649264 23
55.17543859649264 31
55.17543859649264 39
55.17543859649264 47
55.1842105263172 0
55.1842105263172 6
55.1842105263172 14
55.1842105263172 22
55.1842105263172 30
55.1842105263172 38
55.1842105263172 46
55.69298245614178 15
55.69298245614178 16
55.69298245614178 17
55.69298245614178 23
55.69298245614178 24
55.69298245614178 25
55.69298245614178 26
55.69298245614178 27
55.69298245614178 28
55.69298245614178 32
55.69298245614178 33
55.69298245614178 34
55.69298245614178 35
55.69298245614178 36
55.69298245614178 37
55.69298245614178 40
55.69298245614178 41
55.69298245614178 42
55.69298245614178 43
55.69298245614178 44
55.69298245614178 45
55.69298245614178 49
55.69298245614178 50
55.69298245614178 51
55.69298245614178 52
55.69298245614178 53
55.69298245614178 57
55.69298245614178 58
55.69298245614178 59
55.70175438596634 7
55.70175438596634 8
55.70175438596634 9
55.70175438596634 10
55.70175438596634 11
55.70175438596634 14
55.70175438596634 18
55.70175438596634 19
55.70175438596634 20
55.70175438596634 22
55.70175438596634 30
55.70175438596634 31
55.70175438596634 38
55.70175438596634 39
55.70175438596634 47
55.7105263157909 0
55.7105263157909 1
55.7105263157909 2
55.7105263157909 3
55.7105263157909 4
55.7105263157909 5
55.7105263157909 6
55.7105263157909 12
55.7105263157909 13
56.56140350877338 26
56.56140350877338 27
56.56140350877338 28
56.56140350877338 35
56.56140350877338 36
56.56140350877338 37
56.56140350877338 43
56.56140350877338 44
56.56140350877338 45
56.56140350877338 51
56.56140350877338 52
56.56140350877338 53
56.56140350877338 58
56.56140350877338 59
56.57017543859794 20
56.57017543859794 25
56.57017543859794 33
56.57017543859794 41
56.57017543859794 42
56.57017543859794 49
56.57017543859794 50
56.57017543859794 57
56.578947368422504 17
56.578947368422504 18
56.578947368422504 19
56.578947368422504 24
56.578947368422504 32
56.578947368422504 40
56.578947368422504 48
56.587719298247066 9
56.587719298247066 10
56.587719298247066 11
56.587719298247066 16
56.587719298247066 23
56.587719298247066 31
56.587719298247066 39
56.587719298247066 47
56.59649122807163 2
56.59649122807163 3
56.59649122807163 4
56.59649122807163 5
56.59649122807163 8
56.59649122807163 15
56.59649122807163 30
56.59649122807163 38
56.59649122807163 46
56.60526315789619 1
56.60526315789619 7
56.60526315789619 14
56.60526315789619 22
56.61403508772075 0
56.61403508772075 6
56.956140350878655 18
56.956140350878655 26
56.96491228070322 10
56.96491228070322 11
56.96491228070322 17
56.96491228070322 19
56.96491228070322 20
56.96491228070322 25
56.96491228070322 28
56.97368421052778 9
56.98245614035234 8
56.9912280701769 1
57.000000000001464 0
57.07894736842252 44
57.07894736842252 45
57.07894736842252 53
57.08771929824708 36
57.08771929824708 37
57.08771929824708 43
57.08771929824708 51
57.08771929824708 52
57.08771929824708 58
57.08771929824708 59
57.09649122807164 35
57.09649122807164 42
57.09649122807164 50
57.09649122807164 57
57.1052631578962 27
57.1052631578962 34
57.1052631578962 41
57.1052631578962 49
57.1052631578962 56
57.114035087720765 33
57.114035087720765 40
57.114035087720765 48
57.114035087720765 55
57.12280701754533 25
57.12280701754533 32
57.12280701754533 39
57.12280701754533 47
57.12280701754533 54
57.13157894736989 24
57.13157894736989 31
57.13157894736989 38
57.13157894736989 46
57.14035087719445 16
57.14035087719445 23
57.14035087719445 30
57.14912280701901 8
57.14912280701901 15
57.14912280701901 22
57.15789473684357 1
57.15789473684357 2
57.15789473684357 3
57.15789473684357 7
57.15789473684357 14
57.166666666668135 6
57.66666666666815 13
57.67543859649271 12
57.67543859649271 20
57.67543859649271 28
57.67543859649271 36
57.67543859649271 37
57.67543859649271 44
57.67543859649271 45
57.67543859649271 53
57.68421052631727 5
57.68421052631727 11
57.68421052631727 19
57.68421052631727 27
57.68421052631727 35
57.68421052631727 43
57.68421052631727 51
57.68421052631727 52
57.68421052631727 58
57.68421052631727 59
57.692982456141834 4
57.692982456141834 10
57.692982456141834 18
57.692982456141834 26
57.692982456141834 34
57.692982456141834 42
57.692982456141834 50
57.692982456141834 57
57.701754385966396 3
57.701754385966396 9
57.701754385966396 17
57.701754385966396 25
57.701754385966396 33
57.701754385966396 41
57.701754385966396 49
57.701754385966396 56
57.71052631579096 2
57.71052631579096 8
57.71052631579096 16
57.71052631579096 24
57.71052631579096 32
57.71052631579096 40
57.71052631579096 48
57.71052631579096 55
57.71929824561552 1
57.71929824561552 7
57.71929824561552 15
57.71929824561552 23
57.71929824561552 31
57.71929824561552 39
57.71929824561552 47
57.71929824561552 54
57.72807017544008 0
57.72807017544008 6
57.72807017544008 14
57.72807017544008 22
57.72807017544008 30
57.72807017544008 38
57.72807017544008 46
57.78947368421201 48
58.20175438596641 53
58.21052631579097 45
58.21929824561553 37
58.21929824561553 44
58.228070175440095 36
58.228070175440095 43
58.228070175440095 51
58.228070175440095 58
58.228070175440095 59
58.23684210526466 28
58.23684210526466 35
58.23684210526466 42
58.23684210526466 50
58.23684210526466 57
58.24561403508922 20
58.24561403508922 27
58.24561403508922 34
58.24561403508922 41
58.24561403508922 49
58.24561403508922 56
58.25438596491378 19
58.25438596491378 26
58.25438596491378 33
58.25438596491378 40
58.25438596491378 48
58.25438596491378 55
58.26315789473834 11
58.26315789473834 18
58.26315789473834 25
58.26315789473834 32
58.26315789473834 39
58.26315789473834 47
58.26315789473834 54
58.2719298245629 10
58.2719298245629 17
58.2719298245629 24
58.2719298245629 31
58.2719298245629 38
58.2719298245629 46
58.280701754387465 3
58.280701754387465 9
58.280701754387465 16
58.280701754387465 23
58.280701754387465 30
58.28947368421203 2
58.28947368421203 8
58.28947368421203 15
58.28947368421203 22
58.29824561403659 1
58.29824561403659 7
58.29824561403659 14
58.30701754386115 0
58.30701754386115 6
58.62280701754537 56
58.63157894736993 55
59.6228070175454 26
59.6228070175454 27
59.6228070175454 28
59.6228070175454 35
59.6228070175454 36
59.6228070175454 37
59.6228070175454 43
59.6228070175454 44
59.6228070175454 45
59.6228070175454 51
59.6228070175454 52
59.6228070175454 53
59.6228070175454 58
59.6228070175454 59
59.63157894736996 20
59.63157894736996 25
59.63157894736996 33
59.63157894736996 41
59.63157894736996 42
59.63157894736996 49
59.63157894736996 50
59.63157894736996 57
59.64035087719452 17
59.64035087719452 18
59.64035087719452 19
59.64035087719452 24
59.64035087719452 32
59.64035087719452 40
59.64035087719452 48
59.64912280701908 9
59.64912280701908 10
59.64912280701908 11
59.64912280701908 16
59.64912280701908 23
59.64912280701908 31
59.64912280701908 39
59.64912280701908 47
59.657894736843645 2
59.657894736843645 3
59.657894736843645 4
59.657894736843645 5
59.657894736843645 8
59.657894736843645 15
59.657894736843645 30
59.657894736843645 38
59.657894736843645 46
59.666666666668206 1
59.666666666668206 7
59.666666666668206 14
59.666666666668206 22
59.67543859649277 0
59.67543859649277 6
