0.43859649122807076 58
0.43859649122807076 59
0.4473684210526322 52
0.4473684210526322 53
0.4473684210526322 57
0.4561403508771936 44
0.4561403508771936 45
0.4561403508771936 50
0.46491228070175505 36
0.46491228070175505 37
0.46491228070175505 42
0.46491228070175505 43
0.46491228070175505 49
0.4736842105263165 28
0.4736842105263165 29
0.4736842105263165 35
0.4736842105263165 41
0.4824561403508779 20
0.4824561403508779 21
0.4824561403508779 27
0.4824561403508779 33
0.4824561403508779 40
0.49122807017543935 13
0.49122807017543935 19
0.49122807017543935 25
0.49122807017543935 26
0.49122807017543935 32
0.49122807017543935 39
0.49122807017543935 47
0.5000000000000008 11
0.5000000000000008 12
0.5000000000000008 17
0.5000000000000008 18
0.5000000000000008 24
0.5000000000000008 31
0.5000000000000008 38
0.5000000000000008 46
0.5087719298245622 5
0.5087719298245622 9
0.5087719298245622 10
0.5087719298245622 16
0.5087719298245622 23
0.5087719298245622 30
0.5175438596491236 2
0.5175438596491236 3
0.5175438596491236 8
0.5175438596491236 15
0.5175438596491236 22
0.5263157894736851 1
0.5263157894736851 7
0.5263157894736851 14
0.5350877192982465 0
0.5350877192982465 6
0.8157894736842123 59
0.8245614035087737 58
1.035087719298248 30
1.035087719298248 38
1.035087719298248 39
1.035087719298248 40
1.035087719298248 41
1.035087719298248 42
1.035087719298248 43
1.035087719298248 44
1.035087719298248 45
1.035087719298248 47
1.035087719298248 48
1.035087719298248 49
1.035087719298248 50
1.035087719298248 51
1.035087719298248 52
1.035087719298248 53
1.035087719298248 57
1.035087719298248 59
1.0438596491228094 31
1.0438596491228094 32
1.0438596491228094 33
1.0438596491228094 34
1.0438596491228094 35
1.0438596491228094 36
1.0438596491228094 37
1.0526315789473708 23
1.0526315789473708 24
1.0526315789473708 25
1.0526315789473708 26
1.0526315789473708 27
1.0526315789473708 28
1.0526315789473708 29
1.0614035087719322 16
1.0614035087719322 17
1.0614035087719322 18
1.0614035087719322 19
1.0614035087719322 20
1.0614035087719322 21
1.0614035087719322 22
1.0701754385964937 8
1.0701754385964937 9
1.0701754385964937 10
1.0701754385964937 11
1.0701754385964937 12
1.0701754385964937 13
1.0701754385964937 15
1.078947368421055 1
1.078947368421055 2
1.078947368421055 3
1.078947368421055 4
1.078947368421055 5
1.078947368421055 7
1.0877192982456165 0
1.0877192982456165 6
1.0877192982456165 14
1.3947368421052666 26
1.403508771929828 25
1.4122807017543895 17
1.4122807017543895 18
1.421052631578951 9
1.421052631578951 10
1.421052631578951 11
1.421052631578951 19
1.421052631578951 20
1.421052631578951 28
1.4298245614035123 8
1.4385964912280738 1
1.4473684210526352 0
1.7807017543859696 31
1.7807017543859696 32
1.7807017543859696 33
1.7807017543859696 39
1.7807017543859696 40
1.7807017543859696 41
1.7807017543859696 42
1.7807017543859696 43
1.7807017543859696 44
1.7807017543859696 45
1.7807017543859696 47
1.7807017543859696 48
1.7807017543859696 49
1.7807017543859696 50
1.7807017543859696 51
1.7807017543859696 52
1.7807017543859696 53
1.7807017543859696 57
1.7807017543859696 58
1.7807017543859696 59
1.789473684210531 23
1.789473684210531 24
1.789473684210531 25
1.789473684210531 26
1.789473684210531 27
1.789473684210531 28
1.789473684210531 30
1.789473684210531 35
1.789473684210531 36
1.789473684210531 37
1.789473684210531 38
1.789473684210531 46
1.7982456140350924 15
1.7982456140350924 16
1.7982456140350924 17
1.7982456140350924 18
1.7982456140350924 19
1.7982456140350924 20
1.7982456140350924 22
1.8070175438596539 7
1.8070175438596539 8
1.8070175438596539 9
1.8070175438596539 10
1.8070175438596539 11
1.8070175438596539 12
1.8070175438596539 13
1.8070175438596539 14
1.8157894736842153 0
1.8157894736842153 1
1.8157894736842153 2
1.8157894736842153 3
1.8157894736842153 4
1.8157894736842153 5
1.8157894736842153 6
2.201754385964913 38
2.201754385964913 39
2.201754385964913 40
2.201754385964913 41
2.201754385964913 47
2.201754385964913 48
2.2105263157894743 30
2.2105263157894743 32
2.403508771929821 7
2.403508771929821 8
2.403508771929821 9
2.403508771929821 10
2.403508771929821 11
2.403508771929821 16
2.403508771929821 17
2.403508771929821 18
2.403508771929821 19
2.403508771929821 20
2.403508771929821 24
2.403508771929821 25
2.403508771929821 26
2.403508771929821 27
2.403508771929821 28
2.403508771929821 32
2.403508771929821 33
2.403508771929821 34
2.403508771929821 35
2.403508771929821 36
2.403508771929821 37
2.403508771929821 41
2.403508771929821 42
2.403508771929821 43
2.403508771929821 44
2.403508771929821 45
2.403508771929821 49
2.403508771929821 50
2.403508771929821 51
2.403508771929821 52
2.403508771929821 53
2.403508771929821 57
2.403508771929821 58
2.403508771929821 59
2.412280701754382 0
2.412280701754382 1
2.412280701754382 2
2.412280701754382 3
2.412280701754382 4
2.412280701754382 5
2.412280701754382 6
2.412280701754382 12
2.412280701754382 13
2.412280701754382 14
2.412280701754382 15
2.412280701754382 23
2.412280701754382 31
2.4210526315789433 22
2.868421052631565 33
2.868421052631565 41
2.877192982456126 25
2.877192982456126 26
2.877192982456126 27
2.877192982456126 28
2.877192982456126 32
2.877192982456126 35
2.877192982456126 36
2.877192982456126 37
2.877192982456126 40
2.877192982456126 43
2.877192982456126 44
2.877192982456126 45
2.877192982456126 51
2.877192982456126 52
2.877192982456126 53
2.877192982456126 58
2.877192982456126 59
2.8859649122806874 17
2.8859649122806874 18
2.8859649122806874 19
2.8859649122806874 20
2.8859649122806874 24
2.8859649122806874 39
2.8859649122806874 47
2.8859649122806874 50
2.8859649122806874 57
2.8947368421052486 9
2.8947368421052486 10
2.8947368421052486 11
2.8947368421052486 12
2.8947368421052486 13
2.8947368421052486 23
2.8947368421052486 38
2.8947368421052486 46
2.90350877192981 2
2.90350877192981 3
2.90350877192981 4
2.90350877192981 5
2.90350877192981 8
2.90350877192981 30
2.912280701754371 1
2.912280701754371 7
2.912280701754371 15
2.912280701754371 16
2.912280701754371 22
2.9210526315789322 0
2.9210526315789322 14
2.9298245614034935 6
3.912280701754349 16
3.912280701754349 17
3.912280701754349 24
3.912280701754349 25
3.912280701754349 26
3.912280701754349 27
3.912280701754349 28
3.912280701754349 32
3.912280701754349 33
3.912280701754349 34
3.912280701754349 35
3.912280701754349 36
3.912280701754349 37
3.912280701754349 40
3.912280701754349 41
3.912280701754349 42
3.912280701754349 43
3.912280701754349 44
3.912280701754349 45
3.912280701754349 49
3.912280701754349 50
3.912280701754349 51
3.912280701754349 52
3.912280701754349 53
3.912280701754349 57
3.912280701754349 58
3.912280701754349 59
3.92105263157891 8
3.92105263157891 9
3.92105263157891 10
3.92105263157891 11
3.92105263157891 18
3.92105263157891 19
3.92105263157891 20
3.92105263157891 23
3.92105263157891 31
3.92105263157891 39
3.92105263157891 47
3.9298245614034713 1
3.9298245614034713 2
3.9298245614034713 3
3.9298245614034713 4
3.9298245614034713 5
3.9298245614034713 7
3.9298245614034713 12
3.9298245614034713 13
3.9298245614034713 15
3.9298245614034713 30
3.9298245614034713 38
3.9298245614034713 46
3.9385964912280325 0
3.9385964912280325 6
3.9385964912280325 14
3.9385964912280325 22
4.543859649122783 41
4.543859649122783 42
4.543859649122783 43
4.543859649122783 44
4.543859649122783 45
4.543859649122783 49
4.543859649122783 50
4.543859649122783 51
4.543859649122783 52
4.543859649122783 53
4.543859649122783 57
4.543859649122783 58
4.543859649122783 59
4.552631578947345 33
4.552631578947345 34
4.552631578947345 35
4.552631578947345 36
4.552631578947345 37
4.552631578947345 40
4.552631578947345 48
4.561403508771907 25
4.561403508771907 26
4.561403508771907 27
4.561403508771907 28
4.561403508771907 29
4.561403508771907 32
4.561403508771907 39
4.561403508771907 47
4.570175438596468 17
4.570175438596468 18
4.570175438596468 19
4.570175438596468 20
4.570175438596468 21
4.570175438596468 24
4.570175438596468 31
4.570175438596468 38
4.570175438596468 46
4.57894736842103 9
4.57894736842103 10
4.57894736842103 11
4.57894736842103 12
4.57894736842103 13
4.57894736842103 16
4.57894736842103 23
4.57894736842103 30
4.587719298245592 2
4.587719298245592 3
4.587719298245592 4
4.587719298245592 5
4.587719298245592 8
4.587719298245592 15
4.587719298245592 22
4.596491228070153 1
4.596491228070153 7
4.596491228070153 14
4.605263157894715 0
4.605263157894715 6
4.824561403508756 54
4.824561403508756 55
4.8684210526315645 59
5.026315789473674 58
5.035087719298236 57
5.043859649122798 50
5.052631578947359 42
5.052631578947359 43
5.052631578947359 44
5.052631578947359 45
5.052631578947359 51
5.052631578947359 52
5.052631578947359 53
5.061403508771921 35
5.061403508771921 36
5.061403508771921 37
5.061403508771921 41
5.061403508771921 49
5.070175438596483 27
5.070175438596483 28
5.070175438596483 29
5.070175438596483 33
5.070175438596483 40
5.070175438596483 48
5.078947368421044 20
5.078947368421044 21
5.078947368421044 25
5.078947368421044 26
5.078947368421044 32
5.078947368421044 39
5.078947368421044 47
5.087719298245606 13
5.087719298245606 17
5.087719298245606 18
5.087719298245606 19
5.087719298245606 24
5.087719298245606 31
5.087719298245606 38
5.087719298245606 46
5.0964912280701675 9
5.0964912280701675 10
5.0964912280701675 11
5.0964912280701675 12
5.0964912280701675 16
5.0964912280701675 23
5.0964912280701675 30
5.105263157894729 2
5.105263157894729 3
5.105263157894729 4
5.105263157894729 5
5.105263157894729 8
5.105263157894729 15
5.105263157894729 22
5.114035087719291 1
5.114035087719291 7
5.114035087719291 14
5.114035087719291 25
5.1228070175438525 0
5.1228070175438525 6
5.649122807017552 36
5.649122807017552 37
5.649122807017552 44
5.649122807017552 45
5.649122807017552 53
5.657894736842113 28
5.657894736842113 29
5.657894736842113 35
5.657894736842113 43
5.657894736842113 51
5.657894736842113 52
5.657894736842113 58
5.657894736842113 59
5.666666666666675 20
5.666666666666675 21
5.666666666666675 27
5.666666666666675 42
5.666666666666675 50
5.666666666666675 57
5.675438596491237 13
5.675438596491237 19
5.675438596491237 26
5.675438596491237 41
5.675438596491237 49
5.675438596491237 56
5.684210526315798 11
5.684210526315798 12
5.684210526315798 18
5.684210526315798 25
5.684210526315798 33
5.684210526315798 40
5.684210526315798 48
5.684210526315798 55
5.69298245614036 5
5.69298245614036 10
5.69298245614036 17
5.69298245614036 24
5.69298245614036 32
5.69298245614036 39
5.69298245614036 47
5.69298245614036 54
5.701754385964922 9
5.701754385964922 16
5.701754385964922 23
5.701754385964922 31
5.701754385964922 38
5.701754385964922 46
5.710526315789483 2
5.710526315789483 3
5.710526315789483 8
5.710526315789483 15
5.710526315789483 30
5.719298245614045 1
5.719298245614045 7
5.719298245614045 14
5.719298245614045 22
5.7280701754386065 0
5.7280701754386065 6
7.008771929824608 15
7.008771929824608 16
7.008771929824608 17
7.008771929824608 23
7.008771929824608 24
7.008771929824608 25
7.008771929824608 26
7.008771929824608 27
7.008771929824608 28
7.008771929824608 31
7.008771929824608 32
7.008771929824608 33
7.008771929824608 34
7.008771929824608 35
7.008771929824608 36
7.008771929824608 37
7.008771929824608 39
7.008771929824608 40
7.008771929824608 41
7.008771929824608 42
7.008771929824608 43
7.008771929824608 44
7.008771929824608 45
7.008771929824608 47
7.008771929824608 48
7.008771929824608 49
7.008771929824608 50
7.008771929824608 51
7.008771929824608 52
7.008771929824608 53
7.008771929824608 57
7.008771929824608 58
7.008771929824608 59
7.0175438596491695 7
7.0175438596491695 8
7.0175438596491695 9
7.0175438596491695 10
7.0175438596491695 11
7.0175438596491695 14
7.0175438596491695 18
7.0175438596491695 19
7.0175438596491695 20
7.0175438596491695 22
7.0175438596491695 30
7.0175438596491695 38
7.0175438596491695 46
7.026315789473731 0
7.026315789473731 1
7.026315789473731 2
7.026315789473731 3
7.026315789473731 4
7.026315789473731 5
7.026315789473731 6
7.026315789473731 12
7.026315789473731 13
7.614035087719362 59
7.6228070175439235 52
7.6228070175439235 53
7.6228070175439235 58
7.631578947368485 44
7.631578947368485 45
7.631578947368485 51
7.631578947368485 57
7.640350877193047 36
7.640350877193047 37
7.640350877193047 43
7.640350877193047 50
7.6491228070176085 28
7.6491228070176085 29
7.6491228070176085 35
7.6491228070176085 42
7.6491228070176085 49
7.65789473684217 20
7.65789473684217 21
7.65789473684217 27
7.65789473684217 34
7.65789473684217 41
7.666666666666732 13
7.666666666666732 19
7.666666666666732 26
7.666666666666732 33
7.666666666666732 40
7.6754385964912935 11
7.6754385964912935 12
7.6754385964912935 18
7.6754385964912935 25
7.6754385964912935 32
7.6754385964912935 39
7.6754385964912935 47
7.684210526315855 5
7.684210526315855 10
7.684210526315855 17
7.684210526315855 24
7.684210526315855 31
7.684210526315855 38
7.684210526315855 46
7.692982456140417 9
7.692982456140417 16
7.692982456140417 23
7.692982456140417 30
7.701754385964978 2
7.701754385964978 3
7.701754385964978 8
7.701754385964978 15
7.701754385964978 22
7.71052631578954 1
7.71052631578954 7
7.71052631578954 14
7.719298245614102 0
7.719298245614102 6
8.219298245614116 26
8.219298245614116 27
8.219298245614116 28
8.219298245614116 35
8.219298245614116 36
8.219298245614116 37
8.219298245614116 43
8.219298245614116 44
8.219298245614116 45
8.219298245614116 51
8.219298245614116 52
8.219298245614116 53
8.219298245614116 58
8.219298245614116 59
8.228070175438678 20
8.228070175438678 25
8.228070175438678 33
8.228070175438678 41
8.228070175438678 42
8.228070175438678 49
8.228070175438678 50
8.228070175438678 57
8.23684210526324 17
8.23684210526324 18
8.23684210526324 19
8.23684210526324 24
8.23684210526324 32
8.23684210526324 40
8.23684210526324 48
8.2456140350878 9
8.2456140350878 10
8.2456140350878 11
8.2456140350878 16
8.2456140350878 23
8.2456140350878 31
8.2456140350878 39
8.2456140350878 47
8.254385964912363 2
8.254385964912363 3
8.254385964912363 4
8.254385964912363 5
8.254385964912363 8
8.254385964912363 15
8.254385964912363 30
8.254385964912363 38
8.254385964912363 46
8.263157894736924 1
8.263157894736924 7
8.263157894736924 14
8.263157894736924 22
8.271929824561486 0
8.271929824561486 6
9.096491228070281 56
9.096491228070281 57
9.096491228070281 58
9.096491228070281 59
9.105263157894843 3
9.105263157894843 10
9.105263157894843 11
9.105263157894843 49
9.105263157894843 50
9.105263157894843 51
9.105263157894843 52
9.105263157894843 53
9.105263157894843 55
9.114035087719405 2
9.114035087719405 9
9.114035087719405 17
9.114035087719405 18
9.114035087719405 19
9.114035087719405 20
9.114035087719405 25
9.114035087719405 26
9.114035087719405 27
9.114035087719405 28
9.114035087719405 33
9.114035087719405 34
9.114035087719405 35
9.114035087719405 36
9.114035087719405 37
9.114035087719405 41
9.114035087719405 42
9.114035087719405 43
9.114035087719405 44
9.114035087719405 45
9.114035087719405 48
9.122807017543966 1
9.122807017543966 8
9.122807017543966 16
9.122807017543966 24
9.122807017543966 32
9.122807017543966 40
9.131578947368528 0
9.131578947368528 7
9.131578947368528 15
9.131578947368528 23
9.131578947368528 31
9.131578947368528 39
9.14035087719309 6
9.14035087719309 14
9.14035087719309 22
9.14035087719309 30
9.14035087719309 38
9.421052631579062 32
9.710526315789597 57
9.710526315789597 58
9.710526315789597 59
9.719298245614159 50
9.719298245614159 51
9.719298245614159 52
9.719298245614159 53
9.72807017543872 42
9.72807017543872 43
9.72807017543872 44
9.72807017543872 45
9.72807017543872 49
9.736842105263282 35
9.736842105263282 36
9.736842105263282 37
9.736842105263282 41
9.745614035087844 27
9.745614035087844 28
9.745614035087844 29
9.745614035087844 33
9.745614035087844 40
9.754385964912405 18
9.754385964912405 19
9.754385964912405 20
9.754385964912405 21
9.754385964912405 25
9.754385964912405 26
9.754385964912405 32
9.754385964912405 39
9.754385964912405 47
9.763157894736967 10
9.763157894736967 11
9.763157894736967 12
9.763157894736967 13
9.763157894736967 17
9.763157894736967 24
9.763157894736967 31
9.763157894736967 38
9.763157894736967 46
9.771929824561528 5
9.771929824561528 9
9.771929824561528 16
9.771929824561528 23
9.771929824561528 30
9.78070175438609 2
9.78070175438609 3
9.78070175438609 8
9.78070175438609 15
9.78070175438609 22
9.789473684210652 1
9.789473684210652 7
9.789473684210652 14
9.798245614035213 0
9.798245614035213 6
10.122807017543995 32
10.122807017543995 40
10.122807017543995 41
10.131578947368556 39
10.131578947368556 47
10.140350877193118 38
10.140350877193118 46
10.14912280701768 30
10.175438596491365 45
10.175438596491365 53
10.184210526315926 44
10.192982456140488 43
10.192982456140488 51
10.192982456140488 58
10.192982456140488 59
10.20175438596505 35
10.20175438596505 50
10.20175438596505 57
10.210526315789611 27
10.210526315789611 28
10.210526315789611 36
10.210526315789611 37
10.219298245614173 20
10.219298245614173 26
10.228070175438734 19
10.228070175438734 25
10.228070175438734 33
10.236842105263296 11
10.236842105263296 17
10.236842105263296 18
10.236842105263296 32
10.245614035087858 9
10.245614035087858 10
10.245614035087858 24
10.25438596491242 2
10.25438596491242 3
10.25438596491242 8
10.25438596491242 23
10.263157894736981 1
10.263157894736981 7
10.263157894736981 15
10.271929824561543 0
10.271929824561543 14
10.271929824561543 22
10.754385964912434 57
10.754385964912434 58
10.754385964912434 59
10.763157894736995 50
10.763157894736995 51
10.763157894736995 52
10.763157894736995 53
10.771929824561557 42
10.771929824561557 43
10.771929824561557 44
10.771929824561557 45
10.771929824561557 49
10.780701754386119 35
10.780701754386119 36
10.780701754386119 37
10.780701754386119 41
10.78947368421068 27
10.78947368421068 28
10.78947368421068 29
10.78947368421068 33
10.78947368421068 40
10.798245614035242 20
10.798245614035242 21
10.798245614035242 25
10.798245614035242 26
10.798245614035242 32
10.798245614035242 39
10.798245614035242 47
10.807017543859804 13
10.807017543859804 17
10.807017543859804 18
10.807017543859804 19
10.807017543859804 24
10.807017543859804 31
10.807017543859804 38
10.807017543859804 46
10.815789473684365 9
10.815789473684365 10
10.815789473684365 11
10.815789473684365 12
10.815789473684365 16
10.815789473684365 23
10.815789473684365 30
10.824561403508927 2
10.824561403508927 3
10.824561403508927 4
10.824561403508927 5
10.824561403508927 8
10.824561403508927 15
10.824561403508927 22
10.833333333333488 1
10.833333333333488 7
10.833333333333488 14
10.84210526315805 0
10.84210526315805 6
11.1052631578949 34
11.114035087719461 26
11.122807017544023 25
11.131578947368585 17
11.131578947368585 18
11.140350877193146 9
11.140350877193146 10
11.140350877193146 11
11.140350877193146 19
11.140350877193146 20
11.140350877193146 28
11.149122807017708 8
11.15789473684227 1
11.254385964912448 59
11.26315789473701 52
11.26315789473701 53
11.26315789473701 58
11.271929824561571 44
11.271929824561571 45
11.271929824561571 51
11.271929824561571 57
11.280701754386133 36
11.280701754386133 37
11.280701754386133 43
11.280701754386133 50
11.289473684210694 35
11.289473684210694 42
11.289473684210694 49
11.298245614035256 27
11.298245614035256 41
11.307017543859818 33
11.307017543859818 40
11.31578947368438 25
11.31578947368438 32
11.31578947368438 39
11.31578947368438 47
11.324561403508941 24
11.324561403508941 31
11.324561403508941 38
11.324561403508941 46
11.333333333333503 16
11.333333333333503 23
11.333333333333503 30
11.342105263158064 8
11.342105263158064 15
11.342105263158064 22
11.350877192982626 1
11.350877192982626 2
11.350877192982626 3
11.350877192982626 7
11.350877192982626 10
11.350877192982626 14
11.359649122807188 0
11.359649122807188 6
12.140350877193175 32
12.140350877193175 33
12.140350877193175 40
12.140350877193175 41
12.140350877193175 42
12.140350877193175 43
12.140350877193175 44
12.140350877193175 45
12.140350877193175 49
12.140350877193175 50
12.140350877193175 51
12.140350877193175 52
12.140350877193175 53
12.140350877193175 57
12.140350877193175 58
12.140350877193175 59
12.149122807017736 24
12.149122807017736 25
12.149122807017736 26
12.149122807017736 27
12.149122807017736 28
12.149122807017736 35
12.149122807017736 36
12.149122807017736 37
12.149122807017736 39
12.149122807017736 47
12.157894736842298 16
12.157894736842298 17
12.157894736842298 18
12.157894736842298 19
12.157894736842298 20
12.157894736842298 23
12.157894736842298 31
12.157894736842298 38
12.157894736842298 46
12.16666666666686 8
12.16666666666686 9
12.16666666666686 10
12.16666666666686 11
12.16666666666686 12
12.16666666666686 13
12.16666666666686 15
12.16666666666686 30
12.175438596491421 1
12.175438596491421 2
12.175438596491421 3
12.175438596491421 4
12.175438596491421 5
12.175438596491421 7
12.175438596491421 14
12.175438596491421 22
12.184210526315983 0
12.184210526315983 6
12.614035087719504 58
12.614035087719504 59
12.622807017544066 52
12.622807017544066 53
12.622807017544066 57
12.631578947368627 44
12.631578947368627 45
12.631578947368627 50
12.640350877193189 36
12.640350877193189 37
12.640350877193189 43
12.64912280701775 28
12.64912280701775 29
12.64912280701775 35
12.64912280701775 42
12.657894736842312 20
12.657894736842312 21
12.657894736842312 27
12.657894736842312 34
12.657894736842312 41
12.657894736842312 49
12.666666666666874 13
12.666666666666874 19
12.666666666666874 26
12.666666666666874 33
12.666666666666874 40
12.666666666666874 48
12.675438596491436 11
12.675438596491436 12
12.675438596491436 18
12.675438596491436 25
12.675438596491436 32
12.675438596491436 39
12.675438596491436 47
12.684210526315997 5
12.684210526315997 10
12.684210526315997 17
12.684210526315997 24
12.684210526315997 31
12.684210526315997 38
12.684210526315997 46
12.692982456140559 9
12.692982456140559 16
12.692982456140559 23
12.692982456140559 30
12.70175438596512 2
12.70175438596512 3
12.70175438596512 8
12.70175438596512 15
12.70175438596512 22
12.710526315789682 1
12.710526315789682 7
12.710526315789682 14
12.719298245614244 0
12.719298245614244 6
12.763157894737052 51
13.087719298245833 46
13.096491228070395 38
13.096491228070395 39
13.096491228070395 40
13.096491228070395 41
13.105263157894957 30
13.105263157894957 32
13.166666666666888 54
13.166666666666888 55
13.692982456140587 6
13.692982456140587 7
13.692982456140587 8
13.692982456140587 9
13.692982456140587 10
13.692982456140587 11
13.692982456140587 14
13.692982456140587 15
13.692982456140587 16
13.692982456140587 17
13.692982456140587 18
13.692982456140587 19
13.692982456140587 20
13.692982456140587 23
13.692982456140587 24
13.692982456140587 25
13.692982456140587 26
13.692982456140587 27
13.692982456140587 28
13.692982456140587 31
13.692982456140587 32
13.692982456140587 33
13.692982456140587 34
13.692982456140587 35
13.692982456140587 36
13.692982456140587 37
13.692982456140587 39
13.692982456140587 40
13.692982456140587 41
13.692982456140587 42
13.692982456140587 43
13.692982456140587 44
13.692982456140587 45
13.692982456140587 47
13.692982456140587 48
13.692982456140587 49
13.692982456140587 50
13.692982456140587 51
13.692982456140587 52
13.692982456140587 53
13.692982456140587 57
13.692982456140587 58
13.692982456140587 59
13.701754385965149 0
13.701754385965149 1
13.701754385965149 2
13.701754385965149 3
13.701754385965149 4
13.701754385965149 5
13.701754385965149 12
13.701754385965149 13
13.701754385965149 22
13.701754385965149 30
13.701754385965149 38
13.701754385965149 46
14.385964912280958 45
14.385964912280958 53
14.39473684210552 37
14.39473684210552 44
14.39473684210552 52
14.39473684210552 59
14.403508771930081 36
14.403508771930081 43
14.403508771930081 51
14.403508771930081 58
14.412280701754643 28
14.412280701754643 35
14.412280701754643 42
14.412280701754643 50
14.412280701754643 57
14.421052631579204 20
14.421052631579204 27
14.421052631579204 34
14.421052631579204 41
14.421052631579204 49
14.421052631579204 56
14.429824561403766 19
14.429824561403766 26
14.429824561403766 33
14.429824561403766 40
14.429824561403766 48
14.429824561403766 55
14.438596491228328 11
14.438596491228328 18
14.438596491228328 25
14.438596491228328 32
14.438596491228328 39
14.438596491228328 47
14.438596491228328 54
14.44736842105289 10
14.44736842105289 17
14.44736842105289 24
14.44736842105289 31
14.44736842105289 38
14.44736842105289 46
14.456140350877451 9
14.456140350877451 16
14.456140350877451 23
14.456140350877451 30
14.464912280702013 2
14.464912280702013 3
14.464912280702013 8
14.464912280702013 15
14.464912280702013 22
14.473684210526574 1
14.473684210526574 7
14.473684210526574 14
14.482456140351136 0
14.482456140351136 6
14.692982456140616 4
14.692982456140616 5
14.692982456140616 12
14.692982456140616 13
14.87719298245641 59
14.885964912280972 52
14.885964912280972 53
14.885964912280972 58
14.894736842105534 44
14.894736842105534 45
14.894736842105534 51
14.894736842105534 57
14.903508771930095 36
14.903508771930095 37
14.903508771930095 43
14.903508771930095 50
14.912280701754657 28
14.912280701754657 29
14.912280701754657 35
14.921052631579219 20
14.921052631579219 21
14.921052631579219 27
14.92982456140378 19
14.92982456140378 26
14.938596491228342 11
14.938596491228342 18
14.938596491228342 25
14.938596491228342 33
14.938596491228342 41
14.938596491228342 42
14.938596491228342 49
14.947368421052904 10
14.947368421052904 17
14.947368421052904 24
14.947368421052904 32
14.947368421052904 40
14.947368421052904 48
14.956140350877465 9
14.956140350877465 23
14.956140350877465 39
14.956140350877465 47
14.964912280702027 2
14.964912280702027 3
14.964912280702027 8
14.964912280702027 16
14.964912280702027 31
14.964912280702027 38
14.964912280702027 46
14.973684210526589 1
14.973684210526589 7
14.973684210526589 15
14.973684210526589 30
14.98245614035115 0
14.98245614035115 14
14.98245614035115 22
15.289473684210808 6
15.289473684210808 14
15.692982456140644 38
15.692982456140644 39
15.692982456140644 40
15.692982456140644 41
15.692982456140644 42
15.692982456140644 43
15.692982456140644 44
15.692982456140644 45
15.692982456140644 47
15.692982456140644 48
15.692982456140644 49
15.692982456140644 50
15.692982456140644 51
15.692982456140644 52
15.692982456140644 53
15.692982456140644 57
15.692982456140644 58
15.692982456140644 59
15.701754385965206 30
15.701754385965206 31
15.701754385965206 32
15.701754385965206 33
15.701754385965206 34
15.701754385965206 35
15.701754385965206 36
15.701754385965206 37
15.710526315789767 23
15.710526315789767 24
15.710526315789767 25
15.710526315789767 26
15.710526315789767 27
15.710526315789767 28
15.710526315789767 29
15.719298245614329 16
15.719298245614329 17
15.719298245614329 18
15.719298245614329 19
15.719298245614329 20
15.719298245614329 21
15.719298245614329 22
15.72807017543889 8
15.72807017543889 9
15.72807017543889 10
15.72807017543889 11
15.72807017543889 12
15.72807017543889 13
15.72807017543889 15
15.736842105263452 1
15.736842105263452 2
15.736842105263452 3
15.736842105263452 4
15.736842105263452 5
15.736842105263452 7
15.745614035088014 0
16.605263157895056 27
16.605263157895056 28
16.605263157895056 35
16.605263157895056 36
16.605263157895056 37
16.605263157895056 43
16.605263157895056 44
16.605263157895056 45
16.605263157895056 51
16.605263157895056 52
16.605263157895056 53
16.605263157895056 58
16.605263157895056 59
16.614035087719618 20
16.614035087719618 26
16.614035087719618 34
16.614035087719618 42
16.614035087719618 50
16.614035087719618 57
16.62280701754418 19
16.62280701754418 25
16.62280701754418 33
16.62280701754418 41
16.62280701754418 49
16.62280701754418 56
16.63157894736874 11
16.63157894736874 17
16.63157894736874 18
16.63157894736874 24
16.63157894736874 32
16.63157894736874 40
16.63157894736874 48
16.63157894736874 55
16.640350877193303 9
16.640350877193303 10
16.640350877193303 16
16.640350877193303 23
16.640350877193303 31
16.640350877193303 39
16.640350877193303 47
16.640350877193303 54
16.649122807017864 2
16.649122807017864 3
16.649122807017864 8
16.649122807017864 15
16.649122807017864 30
16.649122807017864 38
16.649122807017864 46
16.657894736842426 1
16.657894736842426 7
16.657894736842426 14
16.657894736842426 22
16.666666666666988 0
16.666666666666988 6
17.666666666667016 37
17.666666666667016 45
17.666666666667016 53
17.675438596491578 36
17.675438596491578 44
17.675438596491578 52
17.675438596491578 59
17.68421052631614 28
17.68421052631614 35
17.68421052631614 43
17.68421052631614 51
17.68421052631614 58
17.6929824561407 20
17.6929824561407 25
17.6929824561407 26
17.6929824561407 27
17.6929824561407 33
17.6929824561407 34
17.6929824561407 41
17.6929824561407 42
17.6929824561407 49
17.6929824561407 50
17.6929824561407 57
17.701754385965263 17
17.701754385965263 18
17.701754385965263 19
17.701754385965263 24
17.701754385965263 32
17.701754385965263 40
17.701754385965263 48
17.710526315789824 9
17.710526315789824 10
17.710526315789824 11
17.710526315789824 16
17.710526315789824 23
17.710526315789824 31
17.710526315789824 39
17.710526315789824 47
17.719298245614386 2
17.719298245614386 3
17.719298245614386 4
17.719298245614386 5
17.719298245614386 8
17.719298245614386 15
17.719298245614386 30
17.719298245614386 38
17.719298245614386 46
17.728070175438948 1
17.728070175438948 7
17.728070175438948 14
17.728070175438948 22
17.73684210526351 0
17.73684210526351 6
18.201754385965277 1
18.201754385965277 2
18.201754385965277 3
18.201754385965277 8
18.201754385965277 9
18.201754385965277 10
18.201754385965277 11
18.201754385965277 17
18.201754385965277 18
18.201754385965277 19
18.201754385965277 20
18.201754385965277 25
18.201754385965277 26
18.201754385965277 27
18.201754385965277 28
18.201754385965277 33
18.201754385965277 34
18.201754385965277 35
18.201754385965277 36
18.201754385965277 37
18.201754385965277 41
18.201754385965277 42
18.201754385965277 43
18.201754385965277 44
18.201754385965277 45
18.201754385965277 50
18.201754385965277 51
18.201754385965277 52
18.201754385965277 53
18.201754385965277 57
18.201754385965277 58
18.201754385965277 59
18.21052631578984 0
18.21052631578984 7
18.21052631578984 24
18.21052631578984 32
18.21052631578984 40
18.21052631578984 49
18.21052631578984 56
18.2192982456144 16
18.2192982456144 23
18.2192982456144 39
18.2192982456144 47
18.2192982456144 55
18.228070175438962 15
18.228070175438962 31
18.228070175438962 38
18.228070175438962 46
18.228070175438962 54
18.236842105263523 14
18.236842105263523 22
18.236842105263523 30
19.07017543859688 37
19.07017543859688 45
19.07017543859688 46
19.07017543859688 53
19.078947368421442 36
19.078947368421442 38
19.078947368421442 39
19.078947368421442 40
19.078947368421442 41
19.078947368421442 42
19.078947368421442 43
19.078947368421442 44
19.078947368421442 49
19.078947368421442 50
19.078947368421442 51
19.078947368421442 52
19.078947368421442 57
19.078947368421442 58
19.078947368421442 59
19.087719298246004 28
19.087719298246004 30
19.087719298246004 31
19.087719298246004 32
19.087719298246004 33
19.087719298246004 34
19.087719298246004 35
19.096491228070565 20
19.096491228070565 23
19.096491228070565 24
19.096491228070565 25
19.096491228070565 26
19.096491228070565 27
19.105263157895127 16
19.105263157895127 17
19.105263157895127 18
19.105263157895127 19
19.105263157895127 22
19.11403508771969 8
19.11403508771969 9
19.11403508771969 10
19.11403508771969 11
19.11403508771969 15
19.12280701754425 1
19.12280701754425 2
19.12280701754425 3
19.12280701754425 4
19.12280701754425 5
19.12280701754425 7
19.131578947368812 0
19.131578947368812 6
19.131578947368812 14
19.65789473684251 29
19.65789473684251 37
19.65789473684251 45
19.65789473684251 53
19.666666666667073 28
19.666666666667073 36
19.666666666667073 44
19.666666666667073 52
19.666666666667073 59
19.675438596491635 20
19.675438596491635 27
19.675438596491635 35
19.675438596491635 43
19.675438596491635 51
19.675438596491635 58
19.684210526316196 19
19.684210526316196 26
19.684210526316196 34
19.684210526316196 42
19.684210526316196 50
19.684210526316196 57
19.692982456140758 11
19.692982456140758 18
19.692982456140758 25
19.692982456140758 33
19.692982456140758 41
19.692982456140758 49
19.692982456140758 56
19.70175438596532 10
19.70175438596532 17
19.70175438596532 24
19.70175438596532 32
19.70175438596532 40
19.70175438596532 48
19.70175438596532 55
19.71052631578988 9
19.71052631578988 16
19.71052631578988 23
19.71052631578988 31
19.71052631578988 39
19.71052631578988 47
19.71052631578988 54
19.719298245614443 2
19.719298245614443 3
19.719298245614443 8
19.719298245614443 15
19.719298245614443 30
19.719298245614443 38
19.719298245614443 46
19.728070175439004 1
19.728070175439004 7
19.728070175439004 14
19.728070175439004 22
19.736842105263566 0
19.736842105263566 6
20.043859649123224 9
20.043859649123224 10
20.043859649123224 11
20.043859649123224 17
20.043859649123224 18
20.043859649123224 19
20.043859649123224 20
20.043859649123224 25
20.043859649123224 26
20.043859649123224 28
20.052631578947786 8
20.061403508772347 1
20.44736842105306 4
20.44736842105306 5
20.44736842105306 11
20.44736842105306 12
20.44736842105306 13
20.44736842105306 20
20.44736842105306 21
20.44736842105306 28
20.44736842105306 29
20.44736842105306 36
20.44736842105306 37
20.44736842105306 44
20.44736842105306 45
20.44736842105306 53
20.45614035087762 3
20.45614035087762 10
20.45614035087762 19
20.45614035087762 27
20.45614035087762 35
20.45614035087762 43
20.45614035087762 51
20.45614035087762 52
20.45614035087762 58
20.45614035087762 59
20.464912280702183 2
20.464912280702183 9
20.464912280702183 17
20.464912280702183 18
20.464912280702183 25
20.464912280702183 26
20.464912280702183 33
20.464912280702183 34
20.464912280702183 41
20.464912280702183 42
20.464912280702183 49
20.464912280702183 50
20.464912280702183 57
20.473684210526745 1
20.473684210526745 8
20.473684210526745 16
20.473684210526745 24
20.473684210526745 32
20.473684210526745 40
20.473684210526745 48
20.482456140351307 0
20.482456140351307 7
20.482456140351307 15
20.482456140351307 23
20.482456140351307 31
20.482456140351307 39
20.482456140351307 47
20.49122807017587 6
20.49122807017587 14
20.49122807017587 22
20.49122807017587 30
20.49122807017587 38
20.49122807017587 46
21.149122807017992 32
21.149122807017992 33
21.149122807017992 40
21.149122807017992 41
21.149122807017992 42
21.149122807017992 43
21.149122807017992 44
21.149122807017992 45
21.149122807017992 49
21.149122807017992 50
21.149122807017992 51
21.149122807017992 52
21.149122807017992 53
21.149122807017992 57
21.149122807017992 58
21.149122807017992 59
21.157894736842554 24
21.157894736842554 25
21.157894736842554 26
21.157894736842554 27
21.157894736842554 28
21.157894736842554 35
21.157894736842554 36
21.157894736842554 37
21.157894736842554 39
21.157894736842554 47
21.166666666667115 16
21.166666666667115 17
21.166666666667115 18
21.166666666667115 19
21.166666666667115 20
21.166666666667115 23
21.166666666667115 31
21.166666666667115 38
21.166666666667115 46
21.175438596491677 8
21.175438596491677 9
21.175438596491677 10
21.175438596491677 11
21.175438596491677 12
21.175438596491677 13
21.175438596491677 15
21.175438596491677 30
21.18421052631624 1
21.18421052631624 2
21.18421052631624 3
21.18421052631624 4
21.18421052631624 5
21.18421052631624 7
21.18421052631624 14
21.18421052631624 22
21.1929824561408 0
21.1929824561408 6
21.41228070175484 56
21.421052631579403 55
21.587719298246075 14
21.859649122807486 51
21.859649122807486 58
21.859649122807486 59
21.868421052632048 43
21.868421052632048 44
21.868421052632048 45
21.868421052632048 50
21.868421052632048 52
21.868421052632048 53
21.868421052632048 57
21.87719298245661 35
21.87719298245661 36
21.87719298245661 37
21.87719298245661 42
21.87719298245661 49
21.87719298245661 56
21.88596491228117 27
21.88596491228117 28
21.88596491228117 29
21.88596491228117 34
21.88596491228117 41
21.88596491228117 55
21.894736842105733 20
21.894736842105733 21
21.894736842105733 26
21.894736842105733 33
21.894736842105733 40
21.903508771930294 13
21.903508771930294 19
21.903508771930294 25
21.903508771930294 32
21.903508771930294 39
21.903508771930294 47
21.903508771930294 54
21.912280701754856 11
21.912280701754856 12
21.912280701754856 17
21.912280701754856 18
21.912280701754856 24
21.912280701754856 31
21.912280701754856 38
21.912280701754856 46
21.921052631579418 5
21.921052631579418 9
21.921052631579418 10
21.921052631579418 16
21.921052631579418 23
21.921052631579418 30
21.92982456140398 2
21.92982456140398 3
21.92982456140398 8
21.92982456140398 15
21.92982456140398 22
21.93859649122854 1
21.93859649122854 7
21.93859649122854 14
21.947368421053103 0
21.947368421053103 6
22.368421052632062 55
23.008771929825063 59
23.017543859649624 52
23.017543859649624 53
23.017543859649624 58
23.026315789474186 44
23.026315789474186 45
23.026315789474186 51
23.026315789474186 57
23.035087719298748 36
23.035087719298748 37
23.035087719298748 43
23.035087719298748 50
23.04385964912331 28
23.04385964912331 29
23.04385964912331 35
23.04385964912331 42
23.04385964912331 49
23.05263157894787 20
23.05263157894787 21
23.05263157894787 27
23.05263157894787 34
23.05263157894787 41
23.061403508772433 13
23.061403508772433 19
23.061403508772433 26
23.061403508772433 33
23.061403508772433 40
23.070175438596994 11
23.070175438596994 12
23.070175438596994 18
23.070175438596994 25
23.070175438596994 32
23.070175438596994 39
23.070175438596994 47
23.078947368421556 5
23.078947368421556 10
23.078947368421556 17
23.078947368421556 24
23.078947368421556 31
23.078947368421556 38
23.078947368421556 46
23.087719298246117 9
23.087719298246117 16
23.087719298246117 23
23.087719298246117 30
23.09649122807068 2
23.09649122807068 3
23.09649122807068 8
23.09649122807068 15
23.09649122807068 22
23.10526315789524 1
23.10526315789524 7
23.10526315789524 14
23.114035087719802 0
23.114035087719802 6
23.31578947368472 4
24.31578947368475 51
24.31578947368475 58
24.31578947368475 59
24.32456140350931 43
24.32456140350931 44
24.32456140350931 45
24.32456140350931 50
24.32456140350931 52
24.32456140350931 53
24.32456140350931 57
24.333333333333872 35
24.333333333333872 36
24.333333333333872 37
24.333333333333872 42
24.333333333333872 49
24.333333333333872 56
24.342105263158434 27
24.342105263158434 28
24.342105263158434 29
24.342105263158434 34
24.342105263158434 41
24.342105263158434 55
24.350877192982995 20
24.350877192982995 21
24.350877192982995 26
24.350877192982995 33
24.350877192982995 40
24.359649122807557 13
24.359649122807557 19
24.359649122807557 25
24.359649122807557 32
24.359649122807557 39
24.359649122807557 47
24.359649122807557 54
24.36842105263212 11
24.36842105263212 12
24.36842105263212 17
24.36842105263212 18
24.36842105263212 24
24.36842105263212 31
24.36842105263212 38
24.36842105263212 46
24.37719298245668 5
24.37719298245668 9
24.37719298245668 10
24.37719298245668 16
24.37719298245668 23
24.37719298245668 30
24.385964912281242 2
24.385964912281242 3
24.385964912281242 8
24.385964912281242 15
24.385964912281242 22
24.394736842105804 1
24.394736842105804 7
24.394736842105804 14
24.403508771930365 0
24.403508771930365 6
24.605263157895283 51
24.614035087719845 43
24.614035087719845 44
24.614035087719845 50
24.710526315790023 58
24.710526315790023 59
25.01754385964968 48
25.01754385964968 49
25.01754385964968 50
25.01754385964968 51
25.01754385964968 57
25.026315789474243 40
25.026315789474243 41
25.026315789474243 42
25.026315789474243 43
25.026315789474243 44
25.026315789474243 45
25.026315789474243 53
25.035087719298804 32
25.035087719298804 33
25.035087719298804 34
25.035087719298804 35
25.035087719298804 36
25.035087719298804 37
25.035087719298804 39
25.043859649123366 24
25.043859649123366 25
25.043859649123366 26
25.043859649123366 27
25.043859649123366 28
25.043859649123366 29
25.043859649123366 31
25.043859649123366 38
25.052631578947928 16
25.052631578947928 17
25.052631578947928 18
25.052631578947928 19
25.052631578947928 20
25.052631578947928 21
25.052631578947928 23
25.052631578947928 30
25.06140350877249 8
25.06140350877249 9
25.06140350877249 10
25.06140350877249 11
25.06140350877249 12
25.06140350877249 13
25.06140350877249 15
25.06140350877249 22
25.07017543859705 1
25.07017543859705 2
25.07017543859705 3
25.07017543859705 4
25.07017543859705 5
25.07017543859705 7
25.07017543859705 14
25.078947368421613 0
25.078947368421613 6
25.37719298245671 53
25.570175438597065 28
25.570175438597065 36
25.570175438597065 37
25.570175438597065 44
25.570175438597065 45
25.570175438597065 53
25.578947368421627 20
25.578947368421627 27
25.578947368421627 35
25.578947368421627 43
25.578947368421627 51
25.578947368421627 52
25.578947368421627 58
25.578947368421627 59
25.58771929824619 19
25.58771929824619 26
25.58771929824619 34
25.58771929824619 42
25.58771929824619 50
25.58771929824619 57
25.59649122807075 11
25.59649122807075 18
25.59649122807075 25
25.59649122807075 33
25.59649122807075 41
25.59649122807075 49
25.59649122807075 56
25.605263157895312 10
25.605263157895312 17
25.605263157895312 24
25.605263157895312 32
25.605263157895312 40
25.605263157895312 48
25.605263157895312 55
25.614035087719873 9
25.614035087719873 16
25.614035087719873 23
25.614035087719873 31
25.614035087719873 39
25.614035087719873 47
25.614035087719873 54
25.622807017544435 2
25.622807017544435 3
25.622807017544435 8
25.622807017544435 15
25.622807017544435 30
25.622807017544435 38
25.622807017544435 46
25.631578947368997 1
25.631578947368997 7
25.631578947368997 14
25.631578947368997 22
25.64035087719356 0
25.64035087719356 6
25.894736842105846 41
26.324561403509367 36
26.324561403509367 37
26.324561403509367 44
26.324561403509367 45
26.324561403509367 53
26.33333333333393 28
26.33333333333393 29
26.33333333333393 35
26.33333333333393 43
26.33333333333393 51
26.33333333333393 52
26.33333333333393 58
26.33333333333393 59
26.34210526315849 20
26.34210526315849 21
26.34210526315849 27
26.34210526315849 42
26.34210526315849 50
26.34210526315849 57
26.350877192983052 13
26.350877192983052 19
26.350877192983052 26
26.350877192983052 41
26.350877192983052 49
26.350877192983052 56
26.359649122807614 11
26.359649122807614 12
26.359649122807614 18
26.359649122807614 25
26.359649122807614 33
26.359649122807614 40
26.359649122807614 48
26.359649122807614 55
26.368421052632176 5
26.368421052632176 10
26.368421052632176 17
26.368421052632176 24
26.368421052632176 32
26.368421052632176 39
26.368421052632176 47
26.368421052632176 54
26.377192982456737 9
26.377192982456737 16
26.377192982456737 23
26.377192982456737 31
26.377192982456737 38
26.377192982456737 46
26.3859649122813 2
26.3859649122813 3
26.3859649122813 8
26.3859649122813 15
26.3859649122813 30
26.39473684210586 1
26.39473684210586 7
26.39473684210586 14
26.39473684210586 22
26.403508771930422 0
26.403508771930422 6
26.859649122807628 15
26.859649122807628 23
26.859649122807628 24
26.859649122807628 25
26.859649122807628 26
26.859649122807628 27
26.859649122807628 28
26.859649122807628 32
26.859649122807628 33
26.859649122807628 34
26.859649122807628 35
26.859649122807628 36
26.859649122807628 37
26.859649122807628 40
26.859649122807628 41
26.859649122807628 42
26.859649122807628 43
26.859649122807628 44
26.859649122807628 45
26.859649122807628 50
26.859649122807628 51
26.859649122807628 52
26.859649122807628 53
26.859649122807628 57
26.859649122807628 58
26.859649122807628 59
26.86842105263219 7
26.86842105263219 8
26.86842105263219 9
26.86842105263219 10
26.86842105263219 11
26.86842105263219 14
26.86842105263219 17
26.86842105263219 18
26.86842105263219 19
26.86842105263219 20
26.86842105263219 22
26.86842105263219 30
26.86842105263219 38
26.86842105263219 39
26.86842105263219 47
26.86842105263219 49
26.86842105263219 56
26.87719298245675 0
26.87719298245675 1
26.87719298245675 2
26.87719298245675 3
26.87719298245675 4
26.87719298245675 5
26.87719298245675 12
26.87719298245675 13
26.87719298245675 55
27.254385964912903 40
27.254385964912903 41
27.263157894737464 32
27.263157894737464 39
27.263157894737464 47
27.271929824562026 31
27.271929824562026 38
27.271929824562026 46
27.280701754386588 23
27.280701754386588 30
27.280701754386588 53
27.28947368421115 22
27.34210526315852 2
27.34210526315852 3
27.34210526315852 9
27.34210526315852 10
27.34210526315852 11
27.34210526315852 17
27.34210526315852 18
27.34210526315852 19
27.34210526315852 20
27.34210526315852 25
27.34210526315852 26
27.34210526315852 27
27.34210526315852 28
27.34210526315852 33
27.34210526315852 34
27.34210526315852 35
27.34210526315852 36
27.34210526315852 37
27.34210526315852 43
27.34210526315852 44
27.34210526315852 45
27.34210526315852 51
27.34210526315852 52
27.34210526315852 58
27.34210526315852 59
27.35087719298308 1
27.35087719298308 8
27.35087719298308 16
27.35087719298308 24
27.35087719298308 32
27.35087719298308 50
27.35087719298308 57
27.359649122807642 0
27.359649122807642 7
27.359649122807642 15
27.368421052632204 6
27.368421052632204 14
27.947368421053273 36
27.947368421053273 37
27.947368421053273 44
27.947368421053273 45
27.947368421053273 53
27.956140350877835 28
27.956140350877835 29
27.956140350877835 35
27.956140350877835 43
27.956140350877835 51
27.956140350877835 52
27.956140350877835 58
27.956140350877835 59
27.964912280702396 20
27.964912280702396 21
27.964912280702396 27
27.964912280702396 42
27.964912280702396 50
27.964912280702396 57
27.973684210526958 13
27.973684210526958 19
27.973684210526958 26
27.973684210526958 41
27.973684210526958 49
27.973684210526958 56
27.98245614035152 11
27.98245614035152 12
27.98245614035152 18
27.98245614035152 25
27.98245614035152 33
27.98245614035152 40
27.98245614035152 48
27.98245614035152 55
27.99122807017608 5
27.99122807017608 10
27.99122807017608 17
27.99122807017608 24
27.99122807017608 32
27.99122807017608 39
27.99122807017608 47
27.99122807017608 54
28.000000000000643 9
28.000000000000643 16
28.000000000000643 23
28.000000000000643 31
28.000000000000643 38
28.000000000000643 46
28.008771929825205 2
28.008771929825205 3
28.008771929825205 8
28.008771929825205 15
28.008771929825205 30
28.017543859649766 1
28.017543859649766 7
28.017543859649766 14
28.017543859649766 22
28.026315789474328 0
28.026315789474328 6
28.84210526315856 6
28.84210526315856 7
28.84210526315856 8
28.84210526315856 9
28.84210526315856 10
28.84210526315856 11
28.84210526315856 14
28.84210526315856 15
28.84210526315856 16
28.84210526315856 17
28.84210526315856 18
28.84210526315856 19
28.84210526315856 20
28.84210526315856 23
28.84210526315856 24
28.84210526315856 25
28.84210526315856 26
28.84210526315856 27
28.84210526315856 28
28.84210526315856 31
28.84210526315856 32
28.84210526315856 33
28.84210526315856 34
28.84210526315856 35
28.84210526315856 36
28.84210526315856 37
28.84210526315856 39
28.84210526315856 40
28.84210526315856 41
28.84210526315856 42
28.84210526315856 43
28.84210526315856 44
28.84210526315856 45
28.84210526315856 47
28.84210526315856 48
28.84210526315856 49
28.84210526315856 50
28.84210526315856 51
28.84210526315856 52
28.84210526315856 53
28.84210526315856 57
28.84210526315856 58
28.84210526315856 59
28.850877192983123 0
28.850877192983123 1
28.850877192983123 2
28.850877192983123 3
28.850877192983123 4
28.850877192983123 5
28.850877192983123 12
28.850877192983123 13
28.850877192983123 22
28.850877192983123 30
28.850877192983123 38
28.850877192983123 46
28.93859649122874 54
28.93859649122874 55
29.342105263158576 26
29.342105263158576 27
29.342105263158576 28
29.342105263158576 35
29.342105263158576 36
29.342105263158576 37
29.342105263158576 43
29.342105263158576 44
29.342105263158576 45
29.342105263158576 51
29.342105263158576 52
29.342105263158576 53
29.342105263158576 58
29.342105263158576 59
29.350877192983138 20
29.350877192983138 25
29.350877192983138 33
29.350877192983138 41
29.350877192983138 42
29.350877192983138 50
29.350877192983138 57
29.3596491228077 17
29.3596491228077 18
29.3596491228077 19
29.3596491228077 24
29.3596491228077 32
29.3596491228077 40
29.3596491228077 49
29.3596491228077 56
29.36842105263226 9
29.36842105263226 10
29.36842105263226 11
29.36842105263226 16
29.36842105263226 23
29.36842105263226 31
29.36842105263226 39
29.36842105263226 47
29.36842105263226 55
29.377192982456823 2
29.377192982456823 3
29.377192982456823 4
29.377192982456823 5
29.377192982456823 8
29.377192982456823 15
29.377192982456823 30
29.377192982456823 38
29.377192982456823 46
29.377192982456823 54
29.385964912281384 1
29.385964912281384 7
29.385964912281384 14
29.385964912281384 22
29.394736842105946 0
29.394736842105946 6
29.51754385964981 32
29.57017543859718 12
29.57017543859718 13
29.89473684210596 15
29.89473684210596 16
29.89473684210596 17
29.89473684210596 23
29.89473684210596 24
29.89473684210596 25
29.89473684210596 26
29.89473684210596 27
29.89473684210596 28
29.89473684210596 31
29.89473684210596 32
29.89473684210596 33
29.89473684210596 34
29.89473684210596 35
29.89473684210596 36
29.89473684210596 37
29.89473684210596 39
29.89473684210596 40
29.89473684210596 41
29.89473684210596 42
29.89473684210596 43
29.89473684210596 44
29.89473684210596 45
29.89473684210596 47
29.89473684210596 48
29.89473684210596 49
29.89473684210596 50
29.89473684210596 51
29.89473684210596 52
29.89473684210596 53
29.89473684210596 57
29.89473684210596 58
29.89473684210596 59
29.90350877193052 7
29.90350877193052 8
29.90350877193052 9
29.90350877193052 10
29.90350877193052 11
29.90350877193052 14
29.90350877193052 18
29.90350877193052 19
29.90350877193052 20
29.90350877193052 22
29.90350877193052 30
29.90350877193052 38
29.90350877193052 46
29.912280701755083 0
29.912280701755083 1
29.912280701755083 2
29.912280701755083 3
29.912280701755083 4
29.912280701755083 5
29.912280701755083 6
30.342105263158604 25
30.342105263158604 26
30.350877192983166 17
30.350877192983166 18
30.359649122807728 9
30.359649122807728 10
30.359649122807728 11
30.359649122807728 19
30.359649122807728 20
30.359649122807728 27
30.359649122807728 28
30.359649122807728 35
30.359649122807728 43
30.359649122807728 44
30.359649122807728 45
30.359649122807728 51
30.359649122807728 53
30.359649122807728 58
30.359649122807728 59
30.36842105263229 8
30.36842105263229 32
30.36842105263229 33
30.36842105263229 34
30.36842105263229 36
30.36842105263229 37
30.36842105263229 40
30.36842105263229 41
30.36842105263229 50
30.36842105263229 52
30.36842105263229 57
30.37719298245685 1
30.37719298245685 2
30.37719298245685 3
30.37719298245685 7
30.37719298245685 24
30.37719298245685 25
30.37719298245685 39
30.37719298245685 47
30.385964912281413 0
30.385964912281413 23
30.385964912281413 38
30.385964912281413 46
30.394736842105974 15
30.394736842105974 30
30.403508771930536 14
30.403508771930536 22
30.89473684210599 18
30.89473684210599 26
30.89473684210599 27
30.89473684210599 28
30.89473684210599 35
30.89473684210599 36
30.89473684210599 37
30.89473684210599 43
30.89473684210599 44
30.89473684210599 45
30.89473684210599 51
30.89473684210599 52
30.89473684210599 53
30.89473684210599 58
30.89473684210599 59
30.90350877193055 10
30.90350877193055 11
30.90350877193055 17
30.90350877193055 19
30.90350877193055 20
30.90350877193055 25
30.90350877193055 32
30.90350877193055 33
30.90350877193055 40
30.90350877193055 41
30.90350877193055 42
30.90350877193055 49
30.90350877193055 50
30.90350877193055 57
30.912280701755112 9
30.912280701755112 16
30.912280701755112 24
30.912280701755112 39
30.912280701755112 47
30.921052631579673 2
30.921052631579673 3
30.921052631579673 8
30.921052631579673 23
30.921052631579673 31
30.921052631579673 38
30.921052631579673 46
30.929824561404235 1
30.929824561404235 7
30.929824561404235 15
30.929824561404235 30
30.938596491228797 0
30.938596491228797 6
30.938596491228797 14
30.938596491228797 22
31.37719298245688 39
31.37719298245688 40
31.37719298245688 41
31.37719298245688 47
31.37719298245688 48
31.38596491228144 32
31.38596491228144 33
31.38596491228144 38
31.38596491228144 46
31.394736842106003 24
31.394736842106003 25
31.394736842106003 26
31.394736842106003 27
31.394736842106003 28
31.394736842106003 30
31.394736842106003 35
31.394736842106003 36
31.394736842106003 37
31.394736842106003 43
31.394736842106003 44
31.394736842106003 45
31.394736842106003 51
31.394736842106003 52
31.394736842106003 53
31.394736842106003 58
31.394736842106003 59
31.403508771930564 17
31.403508771930564 18
31.403508771930564 19
31.403508771930564 20
31.403508771930564 23
31.403508771930564 50
31.403508771930564 57
31.412280701755126 9
31.412280701755126 10
31.412280701755126 11
31.412280701755126 12
31.412280701755126 13
31.412280701755126 22
31.412280701755126 42
31.421052631579688 2
31.421052631579688 3
31.421052631579688 4
31.421052631579688 5
31.421052631579688 8
31.421052631579688 16
31.42982456140425 1
31.42982456140425 7
31.42982456140425 15
31.43859649122881 0
31.43859649122881 14
31.85964912280777 55
32.14035087719374 33
32.14035087719374 41
32.14035087719374 42
32.14035087719374 43
32.14035087719374 44
32.14035087719374 45
32.14035087719374 49
32.14035087719374 50
32.14035087719374 51
32.14035087719374 52
32.14035087719374 53
32.14035087719374 57
32.14035087719374 58
32.14035087719374 59
32.1491228070183 25
32.1491228070183 26
32.1491228070183 27
32.1491228070183 28
32.1491228070183 32
32.1491228070183 35
32.1491228070183 36
32.1491228070183 37
32.1491228070183 40
32.1491228070183 48
32.15789473684286 17
32.15789473684286 18
32.15789473684286 19
32.15789473684286 20
32.15789473684286 24
32.15789473684286 39
32.15789473684286 47
32.166666666667425 9
32.166666666667425 10
32.166666666667425 11
32.166666666667425 12
32.166666666667425 13
32.166666666667425 16
32.166666666667425 23
32.166666666667425 31
32.166666666667425 38
32.166666666667425 46
32.175438596491986 2
32.175438596491986 3
32.175438596491986 4
32.175438596491986 5
32.175438596491986 8
32.175438596491986 15
32.175438596491986 30
32.18421052631655 1
32.18421052631655 7
32.18421052631655 14
32.18421052631655 22
32.19298245614111 0
32.19298245614111 6
32.72807017543937 18
32.72807017543937 26
32.72807017543937 27
32.72807017543937 28
32.72807017543937 35
32.72807017543937 36
32.72807017543937 37
32.72807017543937 43
32.72807017543937 44
32.72807017543937 45
32.72807017543937 51
32.72807017543937 52
32.72807017543937 53
32.72807017543937 58
32.72807017543937 59
32.73684210526393 10
32.73684210526393 11
32.73684210526393 17
32.73684210526393 19
32.73684210526393 20
32.73684210526393 25
32.73684210526393 33
32.73684210526393 41
32.73684210526393 42
32.73684210526393 49
32.73684210526393 50
32.73684210526393 57
32.745614035088494 9
32.745614035088494 16
32.745614035088494 24
32.745614035088494 32
32.745614035088494 40
32.745614035088494 48
32.754385964913055 2
32.754385964913055 3
32.754385964913055 8
32.754385964913055 23
32.754385964913055 31
32.754385964913055 39
32.754385964913055 47
32.76315789473762 1
32.76315789473762 7
32.76315789473762 15
32.76315789473762 30
32.76315789473762 38
32.76315789473762 46
32.77192982456218 0
32.77192982456218 6
32.77192982456218 14
32.77192982456218 22
33.184210526316576 18
33.184210526316576 26
33.184210526316576 27
33.184210526316576 28
33.184210526316576 35
33.184210526316576 43
33.184210526316576 44
33.184210526316576 45
33.184210526316576 51
33.184210526316576 53
33.184210526316576 58
33.184210526316576 59
33.19298245614114 10
33.19298245614114 11
33.19298245614114 17
33.19298245614114 19
33.19298245614114 20
33.19298245614114 25
33.19298245614114 33
33.19298245614114 37
33.19298245614114 41
33.19298245614114 50
33.19298245614114 57
33.2017543859657 9
33.2017543859657 32
33.2017543859657 36
33.2017543859657 40
33.21052631579026 8
33.21052631579026 39
33.21052631579026 47
33.21929824561482 1
33.21929824561482 2
33.21929824561482 3
33.21929824561482 7
33.21929824561482 38
33.21929824561482 46
33.228070175439385 0
33.228070175439385 30
33.657894736842906 18
33.657894736842906 26
33.657894736842906 27
33.657894736842906 28
33.657894736842906 35
33.657894736842906 43
33.657894736842906 44
33.657894736842906 45
33.657894736842906 51
33.657894736842906 52
33.657894736842906 53
33.657894736842906 58
33.657894736842906 59
33.66666666666747 10
33.66666666666747 11
33.66666666666747 17
33.66666666666747 19
33.66666666666747 20
33.66666666666747 25
33.66666666666747 33
33.66666666666747 37
33.66666666666747 41
33.66666666666747 42
33.66666666666747 49
33.66666666666747 50
33.66666666666747 57
33.67543859649203 9
33.67543859649203 16
33.67543859649203 24
33.67543859649203 32
33.67543859649203 36
33.67543859649203 40
33.67543859649203 48
33.68421052631659 2
33.68421052631659 3
33.68421052631659 8
33.68421052631659 23
33.68421052631659 31
33.68421052631659 39
33.68421052631659 47
33.69298245614115 1
33.69298245614115 7
33.69298245614115 15
33.69298245614115 30
33.69298245614115 38
33.69298245614115 46
33.701754385965714 0
33.701754385965714 6
33.701754385965714 14
33.701754385965714 22
34.05263157894818 28
34.06140350877274 20
34.192982456141166 4
34.192982456141166 5
34.192982456141166 11
34.192982456141166 12
34.192982456141166 13
34.20175438596573 3
34.20175438596573 10
34.21052631579029 2
34.21052631579029 9
34.21052631579029 17
34.21052631579029 18
34.21052631579029 25
34.21052631579029 26
34.21052631579029 27
34.21052631579029 33
34.21052631579029 34
34.21052631579029 35
34.21052631579029 36
34.21052631579029 37
34.21052631579029 41
34.21052631579029 42
34.21052631579029 43
34.21052631579029 44
34.21052631579029 45
34.21052631579029 49
34.21052631579029 50
34.21052631579029 51
34.21052631579029 52
34.21052631579029 53
34.21052631579029 57
34.21052631579029 58
34.21052631579029 59
34.21929824561485 1
34.21929824561485 8
34.21929824561485 16
34.21929824561485 19
34.21929824561485 24
34.21929824561485 32
34.21929824561485 40
34.21929824561485 48
34.22807017543941 0
34.22807017543941 7
34.22807017543941 15
34.22807017543941 23
34.22807017543941 31
34.22807017543941 39
34.22807017543941 47
34.236842105263975 6
34.236842105263975 14
34.236842105263975 22
34.236842105263975 30
34.236842105263975 38
34.236842105263975 46
34.43859649122889 14
34.80701754386048 0
34.80701754386048 1
34.80701754386048 2
34.80701754386048 3
34.80701754386048 7
34.80701754386048 8
34.80701754386048 9
34.80701754386048 10
34.80701754386048 11
34.80701754386048 16
34.80701754386048 17
34.80701754386048 18
34.80701754386048 19
34.80701754386048 20
34.80701754386048 24
34.80701754386048 25
34.80701754386048 26
34.80701754386048 27
34.80701754386048 28
34.80701754386048 32
34.80701754386048 33
34.80701754386048 34
34.80701754386048 35
34.80701754386048 36
34.80701754386048 37
34.80701754386048 40
34.80701754386048 41
34.80701754386048 42
34.80701754386048 43
34.80701754386048 44
34.80701754386048 45
34.80701754386048 49
34.80701754386048 50
34.80701754386048 51
34.80701754386048 52
34.80701754386048 53
34.80701754386048 57
34.80701754386048 58
34.80701754386048 59
34.815789473685044 6
34.815789473685044 14
34.815789473685044 15
34.815789473685044 23
34.815789473685044 31
34.815789473685044 39
34.815789473685044 47
34.824561403509605 22
34.824561403509605 30
34.824561403509605 38
34.824561403509605 46
35.456140350878044 42
35.456140350878044 43
35.456140350878044 44
35.456140350878044 45
35.456140350878044 50
35.456140350878044 51
35.456140350878044 52
35.456140350878044 53
35.456140350878044 57
35.456140350878044 58
35.456140350878044 59
35.464912280702606 35
35.464912280702606 36
35.464912280702606 37
35.464912280702606 41
35.464912280702606 49
35.464912280702606 56
35.47368421052717 27
35.47368421052717 28
35.47368421052717 29
35.47368421052717 33
35.47368421052717 40
35.47368421052717 48
35.47368421052717 55
35.48245614035173 20
35.48245614035173 21
35.48245614035173 25
35.48245614035173 26
35.48245614035173 32
35.48245614035173 39
35.48245614035173 47
35.48245614035173 54
35.49122807017629 13
35.49122807017629 17
35.49122807017629 18
35.49122807017629 19
35.49122807017629 24
35.49122807017629 31
35.49122807017629 38
35.49122807017629 46
35.50000000000085 9
35.50000000000085 10
35.50000000000085 11
35.50000000000085 12
35.50000000000085 16
35.50000000000085 23
35.50000000000085 30
35.508771929825414 2
35.508771929825414 3
35.508771929825414 4
35.508771929825414 5
35.508771929825414 8
35.508771929825414 15
35.508771929825414 22
35.517543859649976 1
35.517543859649976 7
35.517543859649976 14
35.52631578947454 0
35.52631578947454 6
35.85087719298332 58
35.85087719298332 59
36.1754385964921 20
36.1754385964921 28
36.1754385964921 36
36.1754385964921 37
36.1754385964921 44
36.1754385964921 45
36.1754385964921 46
36.1754385964921 53
36.18421052631666 27
36.18421052631666 35
36.18421052631666 38
36.18421052631666 39
36.18421052631666 40
36.18421052631666 41
36.18421052631666 42
36.18421052631666 43
36.18421052631666 49
36.18421052631666 50
36.18421052631666 51
36.18421052631666 52
36.18421052631666 57
36.18421052631666 59
36.19298245614122 19
36.19298245614122 26
36.19298245614122 30
36.19298245614122 31
36.19298245614122 32
36.19298245614122 33
36.19298245614122 34
36.201754385965785 11
36.201754385965785 18
36.201754385965785 23
36.201754385965785 24
36.201754385965785 25
36.21052631579035 10
36.21052631579035 16
36.21052631579035 17
36.21052631579035 22
36.21929824561491 8
36.21929824561491 9
36.21929824561491 15
36.22807017543947 1
36.22807017543947 2
36.22807017543947 3
36.22807017543947 7
36.23684210526403 0
36.23684210526403 6
36.23684210526403 14
36.28070175438684 58
36.464912280702634 38
36.473684210527196 30
37.07894736842195 4
37.07894736842195 5
37.07894736842195 11
37.07894736842195 12
37.07894736842195 13
37.07894736842195 20
37.07894736842195 21
37.07894736842195 28
37.07894736842195 29
37.07894736842195 36
37.07894736842195 37
37.07894736842195 44
37.07894736842195 45
37.07894736842195 53
37.08771929824651 3
37.08771929824651 10
37.08771929824651 19
37.08771929824651 27
37.08771929824651 35
37.08771929824651 43
37.08771929824651 51
37.08771929824651 52
37.08771929824651 58
37.08771929824651 59
37.09649122807107 2
37.09649122807107 9
37.09649122807107 17
37.09649122807107 18
37.09649122807107 25
37.09649122807107 26
37.09649122807107 33
37.09649122807107 34
37.09649122807107 41
37.09649122807107 42
37.09649122807107 49
37.09649122807107 50
37.09649122807107 57
37.105263157895635 1
37.105263157895635 8
37.105263157895635 16
37.105263157895635 24
37.105263157895635 32
37.105263157895635 40
37.105263157895635 48
37.1140350877202 0
37.1140350877202 7
37.1140350877202 15
37.1140350877202 23
37.1140350877202 31
37.1140350877202 39
37.1140350877202 47
37.12280701754476 6
37.12280701754476 14
37.12280701754476 22
37.12280701754476 30
37.12280701754476 38
37.12280701754476 46
37.81578947368513 44
37.81578947368513 45
37.81578947368513 53
37.82456140350969 36
37.82456140350969 37
37.82456140350969 43
37.82456140350969 51
37.82456140350969 52
37.82456140350969 58
37.82456140350969 59
37.83333333333425 28
37.83333333333425 29
37.83333333333425 35
37.83333333333425 42
37.83333333333425 50
37.83333333333425 57
37.842105263158814 20
37.842105263158814 21
37.842105263158814 27
37.842105263158814 34
37.842105263158814 41
37.842105263158814 49
37.842105263158814 56
37.850877192983376 13
37.850877192983376 19
37.850877192983376 26
37.850877192983376 33
37.850877192983376 40
37.850877192983376 48
37.850877192983376 55
37.85964912280794 11
37.85964912280794 12
37.85964912280794 18
37.85964912280794 25
37.85964912280794 32
37.85964912280794 39
37.85964912280794 47
37.85964912280794 54
37.8684210526325 5
37.8684210526325 10
37.8684210526325 17
37.8684210526325 24
37.8684210526325 31
37.8684210526325 38
37.8684210526325 46
37.87719298245706 9
37.87719298245706 16
37.87719298245706 23
37.87719298245706 30
37.88596491228162 2
37.88596491228162 3
37.88596491228162 8
37.88596491228162 15
37.88596491228162 22
37.894736842106184 1
37.894736842106184 7
37.894736842106184 14
37.903508771930746 0
37.903508771930746 6
38.03508771929917 18
38.2807017543869 26
38.28947368421146 25
38.29824561403602 17
38.29824561403602 18
38.30701754386058 9
38.30701754386058 10
38.30701754386058 11
38.30701754386058 19
38.30701754386058 20
38.30701754386058 27
38.30701754386058 28
38.30701754386058 35
38.30701754386058 36
38.30701754386058 37
38.30701754386058 43
38.30701754386058 44
38.30701754386058 45
38.30701754386058 51
38.30701754386058 52
38.30701754386058 53
38.30701754386058 58
38.30701754386058 59
38.31578947368514 8
38.31578947368514 50
38.31578947368514 57
38.324561403509705 1
38.324561403509705 7
38.33333333333427 0
38.596491228071116 51
38.60526315789568 43
38.60526315789568 44
38.60526315789568 50
38.61403508772024 42
38.61403508772024 49
38.6228070175448 41
38.63157894736936 33
38.63157894736936 40
38.640350877193924 25
38.640350877193924 26
38.640350877193924 32
38.640350877193924 39
38.640350877193924 47
38.649122807018486 17
38.649122807018486 18
38.649122807018486 24
38.649122807018486 31
38.649122807018486 38
38.649122807018486 46
38.65789473684305 9
38.65789473684305 10
38.65789473684305 11
38.65789473684305 16
38.65789473684305 19
38.65789473684305 20
38.65789473684305 23
38.65789473684305 28
38.65789473684305 30
38.66666666666761 2
38.66666666666761 3
38.66666666666761 4
38.66666666666761 5
38.66666666666761 8
38.66666666666761 12
38.66666666666761 13
38.66666666666761 15
38.66666666666761 22
38.67543859649217 1
38.67543859649217 14
38.68421052631673 0
38.68421052631673 6
39.438596491229035 4
39.438596491229035 5
39.438596491229035 11
39.438596491229035 12
39.438596491229035 13
39.438596491229035 20
39.438596491229035 21
39.438596491229035 28
39.438596491229035 29
39.438596491229035 36
39.438596491229035 37
39.438596491229035 44
39.438596491229035 45
39.438596491229035 53
39.447368421053596 3
39.447368421053596 10
39.447368421053596 19
39.447368421053596 27
39.447368421053596 35
39.447368421053596 43
39.447368421053596 51
39.447368421053596 52
39.447368421053596 58
39.447368421053596 59
39.45614035087816 2
39.45614035087816 9
39.45614035087816 17
39.45614035087816 18
39.45614035087816 25
39.45614035087816 26
39.45614035087816 33
39.45614035087816 34
39.45614035087816 41
39.45614035087816 42
39.45614035087816 49
39.45614035087816 50
39.45614035087816 57
39.46491228070272 1
39.46491228070272 8
39.46491228070272 16
39.46491228070272 24
39.46491228070272 32
39.46491228070272 40
39.46491228070272 48
39.47368421052728 0
39.47368421052728 7
39.47368421052728 15
39.47368421052728 23
39.47368421052728 31
39.47368421052728 39
39.47368421052728 47
39.48245614035184 6
39.48245614035184 14
39.48245614035184 22
39.48245614035184 30
39.48245614035184 38
39.48245614035184 46
40.22807017543958 35
40.22807017543958 36
40.22807017543958 37
40.22807017543958 43
40.22807017543958 44
40.22807017543958 45
40.22807017543958 51
40.22807017543958 52
40.22807017543958 53
40.22807017543958 58
40.22807017543958 59
40.236842105264145 27
40.236842105264145 28
40.236842105264145 29
40.236842105264145 42
40.236842105264145 50
40.236842105264145 57
40.24561403508871 20
40.24561403508871 21
40.24561403508871 26
40.24561403508871 39
40.24561403508871 40
40.24561403508871 41
40.24561403508871 47
40.24561403508871 48
40.24561403508871 49
40.24561403508871 56
40.25438596491327 13
40.25438596491327 19
40.25438596491327 25
40.25438596491327 31
40.25438596491327 32
40.25438596491327 33
40.25438596491327 38
40.25438596491327 46
40.26315789473783 11
40.26315789473783 12
40.26315789473783 17
40.26315789473783 18
40.26315789473783 23
40.26315789473783 24
40.26315789473783 30
40.27192982456239 5
40.27192982456239 9
40.27192982456239 10
40.27192982456239 16
40.27192982456239 22
40.28070175438695 2
40.28070175438695 3
40.28070175438695 8
40.28070175438695 15
40.289473684211515 1
40.289473684211515 7
40.29824561403608 0
40.29824561403608 6
40.29824561403608 14
40.52631578947468 46
40.53508771929924 38
40.5438596491238 30
41.51754385965015 35
41.51754385965015 36
41.51754385965015 37
41.51754385965015 43
41.51754385965015 44
41.51754385965015 45
41.51754385965015 51
41.51754385965015 52
41.51754385965015 53
41.51754385965015 58
41.51754385965015 59
41.52631578947471 27
41.52631578947471 28
41.52631578947471 29
41.52631578947471 42
41.52631578947471 50
41.52631578947471 57
41.53508771929927 20
41.53508771929927 21
41.53508771929927 26
41.53508771929927 41
41.53508771929927 49
41.53508771929927 56
41.54385964912383 13
41.54385964912383 19
41.54385964912383 25
41.54385964912383 33
41.54385964912383 40
41.54385964912383 48
41.54385964912383 55
41.55263157894839 11
41.55263157894839 12
41.55263157894839 17
41.55263157894839 18
41.55263157894839 24
41.55263157894839 32
41.55263157894839 39
41.55263157894839 47
41.55263157894839 54
41.561403508772955 5
41.561403508772955 9
41.561403508772955 10
41.561403508772955 16
41.561403508772955 23
41.561403508772955 31
41.561403508772955 38
41.561403508772955 46
41.570175438597516 2
41.570175438597516 3
41.570175438597516 8
41.570175438597516 15
41.570175438597516 30
41.57894736842208 1
41.57894736842208 7
41.57894736842208 14
41.57894736842208 22
41.58771929824664 0
41.58771929824664 6
41.982456140351914 59
41.991228070176476 52
41.991228070176476 53
41.991228070176476 58
42.00000000000104 44
42.00000000000104 45
42.00000000000104 51
42.00000000000104 57
42.0087719298256 36
42.0087719298256 37
42.0087719298256 43
42.0087719298256 50
42.01754385965016 28
42.01754385965016 29
42.01754385965016 35
42.02631578947472 20
42.02631578947472 21
42.02631578947472 27
42.035087719299284 13
42.035087719299284 19
42.035087719299284 26
42.043859649123846 11
42.043859649123846 12
42.043859649123846 18
42.043859649123846 25
42.043859649123846 33
42.043859649123846 41
42.043859649123846 42
42.05263157894841 5
42.05263157894841 10
42.05263157894841 17
42.05263157894841 24
42.05263157894841 32
42.05263157894841 40
42.06140350877297 9
42.06140350877297 23
42.06140350877297 39
42.06140350877297 47
42.07017543859753 2
42.07017543859753 3
42.07017543859753 8
42.07017543859753 16
42.07017543859753 38
42.07017543859753 46
42.07894736842209 1
42.07894736842209 7
42.07894736842209 15
42.07894736842209 30
42.087719298246654 0
42.087719298246654 14
42.087719298246654 22
42.39473684210631 11
42.40350877193087 10
42.412280701755435 9
42.412280701755435 17
42.412280701755435 18
42.412280701755435 25
42.412280701755435 26
42.42105263158 8
42.42982456140456 1
42.43859649122912 0
42.631578947369476 2
42.631578947369476 3
42.631578947369476 10
42.64035087719404 1
42.64035087719404 8
42.64035087719404 16
42.64035087719404 24
42.64035087719404 25
42.64035087719404 32
42.64035087719404 33
42.64035087719404 40
42.64035087719404 41
42.64035087719404 42
42.64035087719404 43
42.64035087719404 44
42.64035087719404 45
42.64035087719404 49
42.64035087719404 50
42.64035087719404 51
42.64035087719404 52
42.64035087719404 53
42.64035087719404 57
42.64035087719404 58
42.64035087719404 59
42.6491228070186 7
42.6491228070186 15
42.6491228070186 23
42.6491228070186 31
42.6491228070186 35
42.6491228070186 36
42.6491228070186 37
42.6491228070186 39
42.6491228070186 47
42.65789473684316 6
42.65789473684316 14
42.65789473684316 22
42.65789473684316 27
42.65789473684316 28
42.65789473684316 29
42.65789473684316 30
42.65789473684316 38
42.65789473684316 46
42.66666666666772 20
42.66666666666772 21
42.675438596492285 13
42.675438596492285 19
42.684210526316846 11
42.684210526316846 12
42.69298245614141 5
43.11403508772037 54
43.11403508772037 55
43.263157894737915 1
43.263157894737915 2
43.263157894737915 3
43.263157894737915 8
43.263157894737915 9
43.263157894737915 10
43.263157894737915 11
43.263157894737915 16
43.263157894737915 17
43.263157894737915 18
43.263157894737915 19
43.263157894737915 20
43.263157894737915 24
43.263157894737915 25
43.263157894737915 26
43.263157894737915 27
43.263157894737915 28
43.263157894737915 32
43.263157894737915 33
43.263157894737915 34
43.263157894737915 35
43.263157894737915 36
43.263157894737915 37
43.263157894737915 40
43.263157894737915 41
43.263157894737915 42
43.263157894737915 43
43.263157894737915 44
43.263157894737915 45
43.263157894737915 49
43.263157894737915 50
43.263157894737915 51
43.263157894737915 52
43.263157894737915 53
43.263157894737915 57
43.263157894737915 58
43.263157894737915 59
43.27192982456248 0
43.27192982456248 7
43.27192982456248 15
43.27192982456248 23
43.27192982456248 31
43.27192982456248 39
43.27192982456248 47
43.28070175438704 6
43.28070175438704 14
43.28070175438704 22
43.28070175438704 30
43.28070175438704 38
43.28070175438704 46
43.46491228070283 21
43.473684210527395 13
43.78070175438705 23
43.78070175438705 24
43.78070175438705 25
43.78070175438705 26
43.78070175438705 27
43.78070175438705 28
43.78070175438705 32
43.78070175438705 33
43.78070175438705 34
43.78070175438705 35
43.78070175438705 36
43.78070175438705 37
43.78070175438705 40
43.78070175438705 41
43.78070175438705 42
43.78070175438705 43
43.78070175438705 44
43.78070175438705 45
43.78070175438705 49
43.78070175438705 50
43.78070175438705 51
43.78070175438705 52
43.78070175438705 53
43.78070175438705 57
43.78070175438705 58
43.78070175438705 59
43.789473684211615 16
43.789473684211615 17
43.789473684211615 18
43.789473684211615 19
43.789473684211615 20
43.789473684211615 39
43.789473684211615 47
43.798245614036176 8
43.798245614036176 9
43.798245614036176 10
43.798245614036176 11
43.798245614036176 12
43.798245614036176 15
43.798245614036176 31
43.798245614036176 38
43.798245614036176 46
43.80701754386074 1
43.80701754386074 2
43.80701754386074 3
43.80701754386074 4
43.80701754386074 5
43.80701754386074 7
43.80701754386074 14
43.80701754386074 22
43.80701754386074 30
43.8157894736853 0
43.8157894736853 6
44.20175438596601 29
44.210526315790574 28
44.219298245615136 20
44.315789473685314 46
44.324561403509875 38
44.324561403509875 39
44.324561403509875 40
44.324561403509875 41
44.324561403509875 42
44.324561403509875 43
44.324561403509875 44
44.324561403509875 45
44.324561403509875 49
44.324561403509875 50
44.324561403509875 51
44.324561403509875 52
44.324561403509875 53
44.324561403509875 57
44.324561403509875 58
44.324561403509875 59
44.33333333333444 30
44.33333333333444 31
44.33333333333444 32
44.33333333333444 33
44.33333333333444 34
44.33333333333444 35
44.33333333333444 36
44.33333333333444 37
44.342105263159 23
44.342105263159 24
44.342105263159 25
44.342105263159 26
44.342105263159 27
44.35087719298356 16
44.35087719298356 17
44.35087719298356 18
44.35087719298356 19
44.35087719298356 22
44.35964912280812 8
44.35964912280812 9
44.35964912280812 10
44.35964912280812 11
44.35964912280812 15
44.368421052632684 1
44.368421052632684 2
44.368421052632684 3
44.368421052632684 4
44.368421052632684 5
44.368421052632684 7
44.377192982457245 0
44.377192982457245 6
44.377192982457245 14
44.72807017543971 47
44.73684210526427 39
44.73684210526427 40
44.73684210526427 41
44.745614035088835 32
44.745614035088835 38
44.754385964913396 30
44.859649122808136 33
44.859649122808136 41
44.859649122808136 42
44.859649122808136 43
44.859649122808136 44
44.859649122808136 45
44.859649122808136 49
44.859649122808136 50
44.859649122808136 51
44.859649122808136 52
44.859649122808136 53
44.859649122808136 57
44.859649122808136 58
44.859649122808136 59
44.8684210526327 25
44.8684210526327 26
44.8684210526327 27
44.8684210526327 28
44.8684210526327 32
44.8684210526327 35
44.8684210526327 36
44.8684210526327 37
44.87719298245726 17
44.87719298245726 18
44.87719298245726 19
44.87719298245726 20
44.87719298245726 24
44.88596491228182 9
44.88596491228182 10
44.88596491228182 11
44.88596491228182 12
44.88596491228182 13
44.88596491228182 16
44.88596491228182 23
44.88596491228182 31
44.89473684210638 2
44.89473684210638 3
44.89473684210638 4
44.89473684210638 5
44.89473684210638 8
44.89473684210638 15
44.903508771930944 1
44.903508771930944 7
44.903508771930944 14
44.903508771930944 22
44.912280701755506 0
44.912280701755506 6
45.271929824562534 59
45.280701754387096 58
45.28947368421166 57
45.29824561403622 50
45.47368421052745 55
45.51754385965026 15
45.51754385965026 16
45.51754385965026 17
45.51754385965026 23
45.51754385965026 24
45.51754385965026 25
45.51754385965026 26
45.51754385965026 27
45.51754385965026 28
45.51754385965026 31
45.51754385965026 32
45.51754385965026 33
45.51754385965026 34
45.51754385965026 35
45.51754385965026 36
45.51754385965026 37
45.51754385965026 39
45.51754385965026 40
45.51754385965026 41
45.51754385965026 42
45.51754385965026 43
45.51754385965026 44
45.51754385965026 45
45.51754385965026 47
45.51754385965026 48
45.51754385965026 49
45.51754385965026 51
45.51754385965026 52
45.51754385965026 53
45.51754385965026 59
45.52631578947482 7
45.52631578947482 8
45.52631578947482 9
45.52631578947482 10
45.52631578947482 11
45.52631578947482 14
45.52631578947482 18
45.52631578947482 19
45.52631578947482 20
45.52631578947482 22
45.52631578947482 30
45.52631578947482 38
45.52631578947482 46
45.53508771929938 0
45.53508771929938 1
45.53508771929938 2
45.53508771929938 3
45.53508771929938 4
45.53508771929938 5
45.53508771929938 6
45.53508771929938 12
45.53508771929938 13
45.71929824561518 53
46.017543859650274 57
46.017543859650274 58
46.017543859650274 59
46.026315789474836 50
46.026315789474836 51
46.026315789474836 52
46.026315789474836 53
46.0350877192994 42
46.0350877192994 43
46.0350877192994 44
46.0350877192994 45
46.0350877192994 49
46.04385964912396 35
46.04385964912396 36
46.04385964912396 37
46.04385964912396 41
46.05263157894852 27
46.05263157894852 28
46.05263157894852 29
46.05263157894852 33
46.05263157894852 40
46.06140350877308 20
46.06140350877308 21
46.06140350877308 25
46.06140350877308 26
46.06140350877308 32
46.06140350877308 39
46.06140350877308 47
46.070175438597644 13
46.070175438597644 17
46.070175438597644 18
46.070175438597644 19
46.070175438597644 24
46.070175438597644 31
46.070175438597644 38
46.070175438597644 46
46.078947368422206 9
46.078947368422206 10
46.078947368422206 11
46.078947368422206 12
46.078947368422206 16
46.078947368422206 23
46.078947368422206 30
46.08771929824677 2
46.08771929824677 3
46.08771929824677 4
46.08771929824677 5
46.08771929824677 8
46.08771929824677 15
46.08771929824677 22
46.09649122807133 1
46.09649122807133 7
46.09649122807133 14
46.10526315789589 0
46.10526315789589 6
46.175438596492384 15
46.42982456140467 59
46.438596491229234 58
46.447368421053795 57
46.45614035087836 50
47.236842105264344 0
47.236842105264344 1
47.236842105264344 2
47.236842105264344 3
47.236842105264344 7
47.236842105264344 8
47.236842105264344 9
47.236842105264344 10
47.236842105264344 11
47.236842105264344 16
47.236842105264344 17
47.236842105264344 18
47.236842105264344 19
47.236842105264344 20
47.236842105264344 24
47.236842105264344 25
47.236842105264344 26
47.236842105264344 27
47.236842105264344 28
47.236842105264344 32
47.236842105264344 33
47.236842105264344 34
47.236842105264344 35
47.236842105264344 36
47.236842105264344 37
47.236842105264344 40
47.236842105264344 41
47.236842105264344 42
47.236842105264344 43
47.236842105264344 44
47.236842105264344 45
47.236842105264344 49
47.236842105264344 50
47.236842105264344 51
47.236842105264344 52
47.236842105264344 53
47.236842105264344 57
47.236842105264344 58
47.236842105264344 59
47.245614035088906 6
47.245614035088906 14
47.245614035088906 15
47.245614035088906 23
47.245614035088906 31
47.245614035088906 39
47.245614035088906 47
47.25438596491347 22
47.25438596491347 30
47.25438596491347 38
47.25438596491347 46
47.938596491229276 56
47.938596491229276 57
47.938596491229276 58
47.938596491229276 59
47.94736842105384 49
47.94736842105384 50
47.94736842105384 51
47.94736842105384 52
47.94736842105384 53
47.94736842105384 55
47.9561403508784 41
47.9561403508784 42
47.9561403508784 43
47.9561403508784 44
47.9561403508784 45
47.9561403508784 48
47.96491228070296 33
47.96491228070296 34
47.96491228070296 35
47.96491228070296 36
47.96491228070296 37
47.96491228070296 40
47.97368421052752 25
47.97368421052752 26
47.97368421052752 27
47.97368421052752 28
47.97368421052752 29
47.97368421052752 32
47.97368421052752 39
47.982456140352085 17
47.982456140352085 18
47.982456140352085 19
47.982456140352085 20
47.982456140352085 21
47.982456140352085 24
47.982456140352085 31
47.982456140352085 38
47.991228070176646 9
47.991228070176646 10
47.991228070176646 11
47.991228070176646 12
47.991228070176646 13
47.991228070176646 16
47.991228070176646 23
47.991228070176646 30
48.00000000000121 2
48.00000000000121 3
48.00000000000121 4
48.00000000000121 5
48.00000000000121 8
48.00000000000121 15
48.00000000000121 22
48.00877192982577 1
48.00877192982577 7
48.00877192982577 14
48.01754385965033 0
48.01754385965033 6
48.26315789473806 38
48.27192982456262 30
48.47368421052754 1
48.47368421052754 2
48.47368421052754 3
48.47368421052754 8
48.47368421052754 9
48.47368421052754 10
48.47368421052754 11
48.47368421052754 17
48.47368421052754 18
48.47368421052754 19
48.47368421052754 20
48.47368421052754 25
48.47368421052754 26
48.47368421052754 27
48.47368421052754 28
48.47368421052754 33
48.47368421052754 34
48.47368421052754 35
48.47368421052754 36
48.47368421052754 37
48.47368421052754 41
48.47368421052754 42
48.47368421052754 43
48.47368421052754 44
48.47368421052754 45
48.47368421052754 49
48.47368421052754 50
48.47368421052754 51
48.47368421052754 52
48.47368421052754 53
48.47368421052754 57
48.47368421052754 58
48.47368421052754 59
48.4824561403521 0
48.4824561403521 7
48.4824561403521 24
48.4824561403521 32
48.4824561403521 40
48.4824561403521 48
48.49122807017666 23
48.49122807017666 39
48.49122807017666 47
48.50000000000122 15
48.50000000000122 16
48.50000000000122 31
48.50000000000122 38
48.50000000000122 46
48.508771929825784 14
48.508771929825784 22
48.70175438596614 59
48.97368421052755 7
48.97368421052755 8
48.97368421052755 9
48.97368421052755 10
48.97368421052755 11
48.97368421052755 17
48.97368421052755 18
48.97368421052755 19
48.97368421052755 20
48.97368421052755 25
48.97368421052755 26
48.97368421052755 27
48.97368421052755 28
48.97368421052755 33
48.97368421052755 34
48.97368421052755 35
48.97368421052755 36
48.97368421052755 37
48.97368421052755 41
48.97368421052755 43
48.97368421052755 44
48.97368421052755 45
48.97368421052755 51
48.97368421052755 52
48.97368421052755 53
48.97368421052755 58
48.97368421052755 59
48.98245614035211 0
48.98245614035211 1
48.98245614035211 2
48.98245614035211 3
48.98245614035211 4
48.98245614035211 5
48.98245614035211 6
48.98245614035211 12
48.98245614035211 13
48.98245614035211 14
48.98245614035211 15
48.98245614035211 23
48.98245614035211 24
48.98245614035211 32
48.98245614035211 40
48.98245614035211 42
48.98245614035211 50
48.98245614035211 57
48.991228070176675 22
48.991228070176675 30
48.991228070176675 38
48.991228070176675 39
48.991228070176675 47
48.991228070176675 49
48.991228070176675 56
49.000000000001236 55
49.210526315790716 25
49.38596491228195 34
49.39473684210651 26
49.40350877193107 25
49.412280701755634 17
49.412280701755634 18
49.421052631580196 9
49.421052631580196 10
49.421052631580196 11
49.421052631580196 16
49.421052631580196 19
49.421052631580196 20
49.421052631580196 28
49.42982456140476 8
49.42982456140476 27
49.42982456140476 35
49.42982456140476 43
49.42982456140476 44
49.42982456140476 45
49.42982456140476 51
49.42982456140476 53
49.42982456140476 58
49.42982456140476 59
49.43859649122932 1
49.43859649122932 7
49.43859649122932 15
49.43859649122932 23
49.43859649122932 31
49.43859649122932 32
49.43859649122932 33
49.43859649122932 37
49.43859649122932 39
49.43859649122932 40
49.43859649122932 41
49.43859649122932 47
49.43859649122932 48
49.43859649122932 50
49.43859649122932 57
49.44736842105388 0
49.44736842105388 14
49.44736842105388 22
49.44736842105388 25
49.44736842105388 30
49.44736842105388 36
49.44736842105388 38
49.44736842105388 46
49.74561403508898 18
49.74561403508898 26
49.75438596491354 10
49.75438596491354 11
49.75438596491354 17
49.75438596491354 19
49.75438596491354 20
49.75438596491354 25
49.75438596491354 28
49.7631578947381 9
49.7631578947381 24
49.7631578947381 32
49.77192982456266 2
49.77192982456266 3
49.77192982456266 8
49.77192982456266 23
49.78070175438722 1
49.88596491228196 15
49.894736842106525 7
49.894736842106525 8
49.894736842106525 14
49.90350877193109 0
49.90350877193109 6
50.02631578947495 56
50.02631578947495 57
50.02631578947495 58
50.02631578947495 59
50.03508771929951 49
50.03508771929951 50
50.03508771929951 51
50.03508771929951 52
50.03508771929951 53
50.03508771929951 55
50.04385964912407 41
50.04385964912407 42
50.04385964912407 43
50.04385964912407 44
50.04385964912407 45
50.04385964912407 48
50.052631578948635 33
50.052631578948635 34
50.052631578948635 35
50.052631578948635 36
50.052631578948635 37
50.052631578948635 40
50.061403508773196 25
50.061403508773196 26
50.061403508773196 27
50.061403508773196 32
50.061403508773196 39
50.07017543859776 17
50.07017543859776 18
50.07017543859776 19
50.07017543859776 31
50.07017543859776 38
50.07894736842232 10
50.07894736842232 11
50.07894736842232 16
50.07894736842232 23
50.07894736842232 30
50.08771929824688 8
50.08771929824688 9
50.08771929824688 15
50.08771929824688 22
50.09649122807144 1
50.09649122807144 14
50.324561403510046 46
50.33333333333461 38
50.34210526315917 30
50.35087719298373 54
50.35087719298373 55
50.65789473684339 55
51.228070175439896 18
51.228070175439896 26
51.228070175439896 27
51.228070175439896 28
51.228070175439896 35
51.228070175439896 36
51.228070175439896 37
51.228070175439896 43
51.228070175439896 44
51.228070175439896 45
51.228070175439896 51
51.228070175439896 52
51.228070175439896 53
51.228070175439896 58
51.228070175439896 59
51.23684210526446 10
51.23684210526446 11
51.23684210526446 17
51.23684210526446 19
51.23684210526446 20
51.23684210526446 25
51.23684210526446 33
51.23684210526446 41
51.23684210526446 42
51.23684210526446 49
51.23684210526446 50
51.23684210526446 57
51.24561403508902 9
51.24561403508902 16
51.24561403508902 24
51.24561403508902 32
51.24561403508902 40
51.24561403508902 48
51.24561403508902 55
51.24561403508902 56
51.25438596491358 2
51.25438596491358 3
51.25438596491358 8
51.25438596491358 23
51.25438596491358 31
51.25438596491358 39
51.25438596491358 47
51.25438596491358 54
51.26315789473814 1
51.26315789473814 7
51.26315789473814 15
51.26315789473814 30
51.26315789473814 38
51.26315789473814 46
51.271929824562704 0
51.271929824562704 6
51.271929824562704 14
51.271929824562704 22
51.385964912282006 4
51.385964912282006 5
51.385964912282006 12
51.385964912282006 13
52.05263157894869 51
52.05263157894869 58
52.05263157894869 59
52.06140350877325 43
52.06140350877325 44
52.06140350877325 45
52.06140350877325 50
52.06140350877325 52
52.06140350877325 53
52.06140350877325 57
52.070175438597815 35
52.070175438597815 36
52.070175438597815 37
52.070175438597815 42
52.070175438597815 49
52.070175438597815 56
52.07894736842238 27
52.07894736842238 28
52.07894736842238 29
52.07894736842238 34
52.07894736842238 41
52.07894736842238 55
52.08771929824694 20
52.08771929824694 21
52.08771929824694 26
52.08771929824694 33
52.08771929824694 40
52.0964912280715 13
52.0964912280715 19
52.0964912280715 25
52.0964912280715 32
52.0964912280715 39
52.0964912280715 47
52.0964912280715 54
52.10526315789606 11
52.10526315789606 12
52.10526315789606 17
52.10526315789606 18
52.10526315789606 24
52.10526315789606 31
52.10526315789606 38
52.10526315789606 46
52.11403508772062 5
52.11403508772062 8
52.11403508772062 9
52.11403508772062 10
52.11403508772062 16
52.11403508772062 23
52.11403508772062 30
52.122807017545185 1
52.122807017545185 2
52.122807017545185 3
52.122807017545185 7
52.122807017545185 15
52.122807017545185 22
52.131578947369746 0
52.131578947369746 6
52.131578947369746 14
52.67543859649257 16
52.67543859649257 17
52.67543859649257 24
52.67543859649257 25
52.67543859649257 26
52.67543859649257 27
52.67543859649257 28
52.67543859649257 32
52.67543859649257 33
52.67543859649257 34
52.67543859649257 35
52.67543859649257 36
52.67543859649257 37
52.67543859649257 40
52.67543859649257 41
52.67543859649257 42
52.67543859649257 43
52.67543859649257 44
52.67543859649257 45
52.67543859649257 49
52.67543859649257 50
52.67543859649257 51
52.67543859649257 52
52.67543859649257 53
52.67543859649257 57
52.67543859649257 58
52.67543859649257 59
52.68421052631713 8
52.68421052631713 9
52.68421052631713 10
52.68421052631713 11
52.68421052631713 18
52.68421052631713 19
52.68421052631713 20
52.68421052631713 23
52.68421052631713 31
52.68421052631713 39
52.68421052631713 47
52.69298245614169 1
52.69298245614169 2
52.69298245614169 3
52.69298245614169 4
52.69298245614169 5
52.69298245614169 7
52.69298245614169 12
52.69298245614169 13
52.69298245614169 15
52.69298245614169 30
52.69298245614169 38
52.69298245614169 46
52.701754385966254 0
52.701754385966254 6
52.701754385966254 14
52.701754385966254 22
52.92982456140486 54
52.92982456140486 55
53.59649122807154 47
53.605263157896104 39
53.605263157896104 40
53.605263157896104 41
53.605263157896104 42
53.605263157896104 43
53.605263157896104 44
53.605263157896104 45
53.605263157896104 49
53.605263157896104 50
53.605263157896104 51
53.605263157896104 52
53.605263157896104 53
53.605263157896104 57
53.605263157896104 58
53.605263157896104 59
53.614035087720666 31
53.614035087720666 32
53.614035087720666 33
53.614035087720666 34
53.614035087720666 35
53.614035087720666 36
53.614035087720666 37
53.614035087720666 38
53.62280701754523 23
53.62280701754523 24
53.62280701754523 25
53.62280701754523 26
53.62280701754523 27
53.62280701754523 28
53.62280701754523 29
53.62280701754523 30
53.63157894736979 16
53.63157894736979 17
53.63157894736979 18
53.63157894736979 19
53.63157894736979 20
53.63157894736979 21
53.63157894736979 22
53.64035087719435 8
53.64035087719435 9
53.64035087719435 10
53.64035087719435 11
53.64035087719435 12
53.64035087719435 13
53.64035087719435 15
53.64912280701891 1
53.64912280701891 2
53.64912280701891 3
53.64912280701891 4
53.64912280701891 5
53.64912280701891 7
53.657894736843474 0
53.657894736843474 6
53.657894736843474 14
53.79824561403646 25
53.85087719298383 41
54.58771929824701 56
54.58771929824701 57
54.58771929824701 58
54.58771929824701 59
54.59649122807157 49
54.59649122807157 50
54.59649122807157 51
54.59649122807157 52
54.59649122807157 53
54.59649122807157 55
54.60526315789613 41
54.60526315789613 42
54.60526315789613 43
54.60526315789613 44
54.60526315789613 45
54.60526315789613 48
54.614035087720694 33
54.614035087720694 34
54.614035087720694 35
54.614035087720694 36
54.614035087720694 37
54.614035087720694 40
54.622807017545256 25
54.622807017545256 26
54.622807017545256 27
54.622807017545256 28
54.622807017545256 29
54.622807017545256 32
54.622807017545256 39
54.63157894736982 17
54.63157894736982 18
54.63157894736982 19
54.63157894736982 20
54.63157894736982 21
54.63157894736982 24
54.63157894736982 31
54.63157894736982 38
54.64035087719438 9
54.64035087719438 10
54.64035087719438 11
54.64035087719438 12
54.64035087719438 13
54.64035087719438 16
54.64035087719438 23
54.64035087719438 30
54.64912280701894 2
54.64912280701894 3
54.64912280701894 4
54.64912280701894 5
54.64912280701894 8
54.64912280701894 15
54.64912280701894 22
54.6578947368435 1
54.6578947368435 7
54.6578947368435 14
54.666666666668064 0
54.666666666668064 6
54.94736842105404 47
54.9561403508786 39
54.96491228070316 38
54.97368421052772 30
55.70175438596634 13
56.01754385965056 42
56.01754385965056 43
56.01754385965056 44
56.01754385965056 45
56.01754385965056 50
56.01754385965056 51
56.01754385965056 52
56.01754385965056 53
56.01754385965056 57
56.01754385965056 58
56.01754385965056 59
56.02631578947512 35
56.02631578947512 36
56.02631578947512 37
56.02631578947512 41
56.02631578947512 49
56.02631578947512 56
56.03508771929968 27
56.03508771929968 28
56.03508771929968 29
56.03508771929968 33
56.03508771929968 40
56.03508771929968 48
56.03508771929968 55
56.043859649124244 20
56.043859649124244 21
56.043859649124244 25
56.043859649124244 26
56.043859649124244 32
56.043859649124244 39
56.043859649124244 47
56.043859649124244 54
56.052631578948805 17
56.052631578948805 18
56.052631578948805 19
56.052631578948805 24
56.052631578948805 31
56.052631578948805 38
56.052631578948805 46
56.06140350877337 9
56.06140350877337 10
56.06140350877337 11
56.06140350877337 16
56.06140350877337 23
56.06140350877337 30
56.07017543859793 2
56.07017543859793 3
56.07017543859793 4
56.07017543859793 5
56.07017543859793 8
56.07017543859793 15
56.07017543859793 22
56.07894736842249 1
56.07894736842249 7
56.07894736842249 14
56.08771929824705 0
56.08771929824705 6
56.71052631579093 55
56.947368421054094 37
56.947368421054094 45
56.947368421054094 53
56.956140350878655 36
56.956140350878655 44
56.956140350878655 52
56.956140350878655 59
56.96491228070322 28
56.96491228070322 35
56.96491228070322 43
56.96491228070322 51
56.96491228070322 58
56.97368421052778 20
56.97368421052778 27
56.97368421052778 42
56.97368421052778 50
56.97368421052778 57
56.98245614035234 19
56.98245614035234 26
56.98245614035234 41
56.98245614035234 49
56.98245614035234 56
56.9912280701769 11
56.9912280701769 18
56.9912280701769 25
56.9912280701769 33
56.9912280701769 40
56.9912280701769 48
57.000000000001464 10
57.000000000001464 17
57.000000000001464 24
57.000000000001464 32
57.000000000001464 39
57.000000000001464 47
57.008771929826025 9
57.008771929826025 16
57.008771929826025 23
57.008771929826025 31
57.008771929826025 38
57.008771929826025 46
57.01754385965059 2
57.01754385965059 3
57.01754385965059 8
57.01754385965059 15
57.01754385965059 30
57.02631578947515 1
57.02631578947515 7
57.02631578947515 14
57.02631578947515 22
57.03508771929971 0
57.03508771929971 6
58.25438596491378 52
58.25438596491378 53
58.25438596491378 59
58.26315789473834 44
58.26315789473834 45
58.26315789473834 51
58.26315789473834 58
58.2719298245629 36
58.2719298245629 37
58.2719298245629 43
58.2719298245629 50
58.2719298245629 57
58.280701754387465 28
58.280701754387465 29
58.280701754387465 35
58.280701754387465 42
58.280701754387465 49
58.280701754387465 56
58.28947368421203 20
58.28947368421203 21
58.28947368421203 27
58.28947368421203 34
58.28947368421203 41
58.28947368421203 55
58.29824561403659 13
58.29824561403659 19
58.29824561403659 26
58.29824561403659 33
58.29824561403659 40
58.30701754386115 11
58.30701754386115 12
58.30701754386115 18
58.30701754386115 25
58.30701754386115 32
58.30701754386115 39
58.30701754386115 47
58.30701754386115 54
58.31578947368571 5
58.31578947368571 10
58.31578947368571 17
58.31578947368571 24
58.31578947368571 31
58.31578947368571 38
58.31578947368571 46
58.32456140351027 9
58.32456140351027 16
58.32456140351027 23
58.32456140351027 30
58.333333333334835 2
58.333333333334835 3
58.333333333334835 8
58.333333333334835 15
58.333333333334835 22
58.3421052631594 1
58.3421052631594 7
58.3421052631594 14
58.35087719298396 0
58.35087719298396 6
58.94736842105415 36
58.94736842105415 37
58.94736842105415 44
58.94736842105415 45
58.94736842105415 53
58.95614035087871 28
58.95614035087871 29
58.95614035087871 35
58.95614035087871 43
58.95614035087871 51
58.95614035087871 52
58.95614035087871 58
58.95614035087871 59
58.964912280703274 20
58.964912280703274 21
58.964912280703274 27
58.964912280703274 42
58.964912280703274 50
58.964912280703274 57
58.973684210527836 13
58.973684210527836 19
58.973684210527836 26
58.973684210527836 41
58.973684210527836 49
58.973684210527836 56
58.9824561403524 11
58.9824561403524 12
58.9824561403524 18
58.9824561403524 25
58.9824561403524 33
58.9824561403524 40
58.9824561403524 48
58.9824561403524 55
58.99122807017696 5
58.99122807017696 10
58.99122807017696 17
58.99122807017696 24
58.99122807017696 32
58.99122807017696 39
58.99122807017696 47
58.99122807017696 54
59.00000000000152 9
59.00000000000152 16
59.00000000000152 23
59.00000000000152 31
59.00000000000152 38
59.00000000000152 46
59.00877192982608 2
59.00877192982608 3
59.00877192982608 8
59.00877192982608 15
59.00877192982608 30
59.017543859650644 1
59.017543859650644 7
59.017543859650644 14
59.017543859650644 22
59.026315789475206 0
59.026315789475206 6
59.42105263158048 30
59.42105263158048 38
59.42105263158048 39
59.42105263158048 40
59.42105263158048 41
59.42105263158048 47
59.42105263158048 48
59.42982456140504 32
59.500000000001535 57
59.500000000001535 58
59.500000000001535 59
59.508771929826096 50
59.508771929826096 51
59.508771929826096 52
59.508771929826096 53
59.51754385965066 42
59.51754385965066 43
59.51754385965066 44
59.51754385965066 45
59.51754385965066 49
59.52631578947522 35
59.52631578947522 36
59.52631578947522 37
59.53508771929978 27
59.53508771929978 28
59.53508771929978 29
59.54385964912434 20
59.54385964912434 21
59.54385964912434 26
59.552631578948905 13
59.552631578948905 19
59.552631578948905 25
59.552631578948905 33
59.552631578948905 41
59.561403508773466 11
59.561403508773466 12
59.561403508773466 17
59.561403508773466 18
59.561403508773466 24
59.561403508773466 32
59.57017543859803 5
59.57017543859803 9
59.57017543859803 10
59.57017543859803 16
59.57017543859803 23
59.57017543859803 31
59.57894736842259 2
59.57894736842259 3
59.57894736842259 8
59.57894736842259 15
59.58771929824715 1
59.58771929824715 7
59.58771929824715 14
59.58771929824715 22
59.59649122807171 0
59.59649122807171 6
