0.12280701754385964 10
0.12280701754385964 11
0.13157894736842105 3
0.13157894736842105 4
0.13157894736842105 5
0.13157894736842105 9
0.13157894736842105 17
0.13157894736842105 18
0.13157894736842105 19
0.13157894736842105 20
0.13157894736842105 25
0.13157894736842105 26
0.13157894736842105 27
0.13157894736842105 28
0.13157894736842105 33
0.13157894736842105 34
0.13157894736842105 35
0.13157894736842105 36
0.13157894736842105 37
0.13157894736842105 41
0.13157894736842105 42
0.13157894736842105 43
0.13157894736842105 44
0.13157894736842105 45
0.13157894736842105 49
0.13157894736842105 50
0.13157894736842105 51
0.13157894736842105 52
0.13157894736842105 53
0.13157894736842105 57
0.13157894736842105 58
0.13157894736842105 59
0.14035087719298245 2
0.14035087719298245 8
0.14035087719298245 16
0.14035087719298245 24
0.14035087719298245 32
0.14035087719298245 40
0.14035087719298245 48
0.14035087719298245 55
0.14035087719298245 56
0.14912280701754385 1
0.14912280701754385 7
0.14912280701754385 15
0.14912280701754385 23
0.14912280701754385 31
0.14912280701754385 39
0.14912280701754385 47
0.14912280701754385 54
0.15789473684210525 0
0.15789473684210525 6
0.15789473684210525 14
0.15789473684210525 22
0.15789473684210525 30
0.15789473684210525 38
0.15789473684210525 46
0.6929824561403523 36
0.6929824561403523 37
0.6929824561403523 44
0.6929824561403523 45
0.6929824561403523 52
0.6929824561403523 53
0.6929824561403523 59
0.7017543859649137 28
0.7017543859649137 29
0.7017543859649137 35
0.7017543859649137 43
0.7017543859649137 51
0.7017543859649137 58
0.7105263157894751 20
0.7105263157894751 21
0.7105263157894751 27
0.7105263157894751 34
0.7105263157894751 42
0.7105263157894751 50
0.7105263157894751 57
0.7192982456140365 12
0.7192982456140365 13
0.7192982456140365 19
0.7192982456140365 26
0.7192982456140365 33
0.7192982456140365 41
0.7192982456140365 49
0.7192982456140365 56
0.728070175438598 5
0.728070175438598 11
0.728070175438598 18
0.728070175438598 25
0.728070175438598 32
0.728070175438598 40
0.728070175438598 48
0.728070175438598 55
0.7368421052631594 4
0.7368421052631594 10
0.7368421052631594 17
0.7368421052631594 24
0.7368421052631594 39
0.7368421052631594 47
0.7368421052631594 54
0.7456140350877208 3
0.7456140350877208 9
0.7456140350877208 16
0.7456140350877208 23
0.7456140350877208 31
0.7456140350877208 38
0.7456140350877208 46
0.7543859649122823 2
0.7543859649122823 8
0.7543859649122823 15
0.7543859649122823 30
0.7631578947368437 1
0.7631578947368437 7
0.7631578947368437 14
0.7631578947368437 22
0.7719298245614051 0
0.7719298245614051 6
1.4736842105263195 6
1.4736842105263195 7
1.4736842105263195 8
1.4736842105263195 9
1.4736842105263195 10
1.4736842105263195 11
1.4736842105263195 14
1.4736842105263195 15
1.4736842105263195 16
1.4736842105263195 17
1.4736842105263195 18
1.4736842105263195 19
1.4736842105263195 20
1.4736842105263195 23
1.4736842105263195 24
1.4736842105263195 25
1.4736842105263195 26
1.4736842105263195 27
1.4736842105263195 28
1.4736842105263195 32
1.4736842105263195 33
1.4736842105263195 34
1.4736842105263195 35
1.4736842105263195 36
1.4736842105263195 37
1.4736842105263195 40
1.4736842105263195 41
1.4736842105263195 42
1.4736842105263195 43
1.4736842105263195 44
1.4736842105263195 45
1.4736842105263195 49
1.4736842105263195 50
1.4736842105263195 51
1.4736842105263195 52
1.4736842105263195 53
1.4736842105263195 57
1.4736842105263195 58
1.4736842105263195 59
1.482456140350881 0
1.482456140350881 1
1.482456140350881 2
1.482456140350881 3
1.482456140350881 4
1.482456140350881 5
1.482456140350881 12
1.482456140350881 13
1.482456140350881 22
1.482456140350881 30
1.482456140350881 31
1.482456140350881 38
1.482456140350881 39
1.482456140350881 47
1.8245614035087767 28
2.0964912280701786 56
2.0964912280701786 57
2.0964912280701786 58
2.0964912280701786 59
2.10526315789474 49
2.10526315789474 50
2.10526315789474 51
2.10526315789474 52
2.10526315789474 53
2.10526315789474 55
2.114035087719301 41
2.114035087719301 42
2.114035087719301 43
2.114035087719301 44
2.114035087719301 45
2.114035087719301 48
2.1228070175438623 33
2.1228070175438623 34
2.1228070175438623 35
2.1228070175438623 36
2.1228070175438623 37
2.1228070175438623 40
2.1228070175438623 47
2.1228070175438623 54
2.1315789473684235 25
2.1315789473684235 26
2.1315789473684235 27
2.1315789473684235 32
2.1315789473684235 39
2.1403508771929847 17
2.1403508771929847 18
2.1403508771929847 19
2.1403508771929847 20
2.1403508771929847 24
2.1403508771929847 31
2.1403508771929847 38
2.149122807017546 9
2.149122807017546 10
2.149122807017546 11
2.149122807017546 12
2.149122807017546 13
2.149122807017546 16
2.149122807017546 23
2.149122807017546 30
2.157894736842107 2
2.157894736842107 3
2.157894736842107 4
2.157894736842107 5
2.157894736842107 8
2.157894736842107 15
2.157894736842107 22
2.1666666666666683 1
2.1666666666666683 7
2.1666666666666683 14
2.1754385964912295 0
2.1754385964912295 6
2.7105263157894632 27
2.7105263157894632 28
2.7105263157894632 35
2.7105263157894632 36
2.7105263157894632 37
2.7105263157894632 43
2.7105263157894632 44
2.7105263157894632 45
2.7105263157894632 51
2.7105263157894632 52
2.7105263157894632 53
2.7105263157894632 58
2.7105263157894632 59
2.7192982456140244 20
2.7192982456140244 26
2.7192982456140244 34
2.7192982456140244 42
2.7192982456140244 50
2.7192982456140244 57
2.7280701754385857 12
2.7280701754385857 13
2.7280701754385857 19
2.7280701754385857 25
2.7280701754385857 33
2.7280701754385857 41
2.7280701754385857 49
2.7280701754385857 56
2.736842105263147 5
2.736842105263147 11
2.736842105263147 17
2.736842105263147 18
2.736842105263147 24
2.736842105263147 32
2.736842105263147 40
2.736842105263147 48
2.736842105263147 55
2.745614035087708 4
2.745614035087708 9
2.745614035087708 10
2.745614035087708 16
2.745614035087708 23
2.745614035087708 31
2.745614035087708 39
2.745614035087708 47
2.745614035087708 54
2.7543859649122693 2
2.7543859649122693 3
2.7543859649122693 8
2.7543859649122693 15
2.7543859649122693 30
2.7543859649122693 38
2.7543859649122693 46
2.7631578947368305 1
2.7631578947368305 7
2.7631578947368305 14
2.7631578947368305 22
2.7719298245613917 0
2.7719298245613917 6
2.780701754385953 21
3.3157894736841866 3
3.3157894736841866 4
3.3157894736841866 5
3.3157894736841866 10
3.3157894736841866 11
3.3157894736841866 12
3.3157894736841866 13
3.3157894736841866 20
3.3157894736841866 21
3.3157894736841866 28
3.3157894736841866 29
3.3157894736841866 36
3.3157894736841866 37
3.3157894736841866 44
3.3157894736841866 45
3.3157894736841866 52
3.3157894736841866 53
3.3157894736841866 59
3.324561403508748 2
3.324561403508748 9
3.324561403508748 17
3.324561403508748 18
3.324561403508748 19
3.324561403508748 25
3.324561403508748 26
3.324561403508748 27
3.324561403508748 33
3.324561403508748 34
3.324561403508748 35
3.324561403508748 41
3.324561403508748 42
3.324561403508748 43
3.324561403508748 49
3.324561403508748 50
3.324561403508748 51
3.324561403508748 57
3.324561403508748 58
3.333333333333309 1
3.333333333333309 8
3.333333333333309 16
3.333333333333309 24
3.333333333333309 32
3.333333333333309 40
3.333333333333309 48
3.333333333333309 55
3.333333333333309 56
3.3421052631578703 0
3.3421052631578703 7
3.3421052631578703 15
3.3421052631578703 23
3.3421052631578703 31
3.3421052631578703 39
3.3421052631578703 47
3.3421052631578703 54
3.3508771929824315 6
3.3508771929824315 14
3.3508771929824315 22
3.3508771929824315 30
3.3508771929824315 38
3.3508771929824315 46
3.8157894736841755 15
3.8157894736841755 16
3.8157894736841755 17
3.8157894736841755 23
3.8157894736841755 24
3.8157894736841755 25
3.8157894736841755 26
3.8157894736841755 27
3.8157894736841755 28
3.8157894736841755 32
3.8157894736841755 34
3.8157894736841755 35
3.8157894736841755 36
3.8157894736841755 37
3.8157894736841755 40
3.8157894736841755 41
3.8157894736841755 43
3.8157894736841755 44
3.8157894736841755 45
3.8157894736841755 51
3.8157894736841755 52
3.8157894736841755 53
3.8157894736841755 58
3.8157894736841755 59
3.8245614035087367 7
3.8245614035087367 8
3.8245614035087367 9
3.8245614035087367 10
3.8245614035087367 11
3.8245614035087367 14
3.8245614035087367 18
3.8245614035087367 19
3.8245614035087367 20
3.8245614035087367 22
3.8245614035087367 30
3.8245614035087367 38
3.8245614035087367 39
3.8245614035087367 47
3.8245614035087367 50
3.8245614035087367 57
3.833333333333298 0
3.833333333333298 1
3.833333333333298 2
3.833333333333298 3
3.833333333333298 4
3.833333333333298 5
3.833333333333298 6
3.833333333333298 12
3.833333333333298 13
3.833333333333298 42
4.342105263157865 56
4.342105263157865 57
4.342105263157865 58
4.342105263157865 59
4.350877192982427 49
4.350877192982427 50
4.350877192982427 51
4.350877192982427 52
4.350877192982427 53
4.350877192982427 55
4.359649122806989 41
4.359649122806989 42
4.359649122806989 43
4.359649122806989 44
4.359649122806989 45
4.359649122806989 48
4.36842105263155 33
4.36842105263155 34
4.36842105263155 35
4.36842105263155 36
4.36842105263155 37
4.36842105263155 40
4.36842105263155 47
4.36842105263155 54
4.377192982456112 25
4.377192982456112 26
4.377192982456112 27
4.377192982456112 28
4.377192982456112 29
4.377192982456112 32
4.377192982456112 39
4.385964912280674 17
4.385964912280674 18
4.385964912280674 19
4.385964912280674 20
4.385964912280674 21
4.385964912280674 24
4.385964912280674 31
4.385964912280674 38
4.394736842105235 9
4.394736842105235 10
4.394736842105235 11
4.394736842105235 12
4.394736842105235 13
4.394736842105235 16
4.394736842105235 23
4.394736842105235 30
4.403508771929797 2
4.403508771929797 3
4.403508771929797 4
4.403508771929797 5
4.403508771929797 8
4.403508771929797 15
4.403508771929797 22
4.412280701754359 1
4.412280701754359 7
4.412280701754359 14
4.42105263157892 0
4.42105263157892 6
5.061403508771921 49
5.061403508771921 50
5.061403508771921 51
5.061403508771921 52
5.061403508771921 53
5.061403508771921 57
5.061403508771921 58
5.061403508771921 59
5.070175438596483 41
5.070175438596483 42
5.070175438596483 43
5.070175438596483 44
5.070175438596483 45
5.078947368421044 33
5.078947368421044 34
5.078947368421044 35
5.078947368421044 36
5.078947368421044 37
5.078947368421044 40
5.087719298245606 25
5.087719298245606 26
5.087719298245606 27
5.087719298245606 28
5.087719298245606 29
5.087719298245606 32
5.087719298245606 39
5.087719298245606 47
5.0964912280701675 17
5.0964912280701675 18
5.0964912280701675 19
5.0964912280701675 20
5.0964912280701675 21
5.0964912280701675 24
5.0964912280701675 31
5.0964912280701675 38
5.0964912280701675 46
5.105263157894729 9
5.105263157894729 10
5.105263157894729 11
5.105263157894729 12
5.105263157894729 13
5.105263157894729 16
5.105263157894729 23
5.105263157894729 30
5.114035087719291 2
5.114035087719291 3
5.114035087719291 4
5.114035087719291 5
5.114035087719291 8
5.114035087719291 15
5.114035087719291 22
5.1228070175438525 1
5.1228070175438525 7
5.1228070175438525 14
5.131578947368414 0
5.131578947368414 6
5.614035087719305 6
5.614035087719305 7
5.614035087719305 8
5.614035087719305 9
5.614035087719305 10
5.614035087719305 11
5.614035087719305 14
5.614035087719305 15
5.614035087719305 16
5.614035087719305 17
5.614035087719305 18
5.614035087719305 19
5.614035087719305 20
5.614035087719305 23
5.614035087719305 24
5.614035087719305 25
5.614035087719305 26
5.614035087719305 27
5.614035087719305 28
5.614035087719305 32
5.614035087719305 33
5.614035087719305 34
5.614035087719305 35
5.614035087719305 36
5.614035087719305 37
5.614035087719305 40
5.614035087719305 41
5.614035087719305 42
5.614035087719305 43
5.614035087719305 44
5.614035087719305 45
5.614035087719305 49
5.614035087719305 50
5.614035087719305 51
5.614035087719305 52
5.614035087719305 53
5.614035087719305 57
5.614035087719305 58
5.614035087719305 59
5.622807017543867 0
5.622807017543867 1
5.622807017543867 2
5.622807017543867 3
5.622807017543867 4
5.622807017543867 5
5.622807017543867 12
5.622807017543867 13
5.622807017543867 22
5.622807017543867 30
5.622807017543867 31
5.622807017543867 38
5.622807017543867 39
5.622807017543867 47
6.464912280701785 17
6.464912280701785 25
6.464912280701785 26
6.464912280701785 27
6.464912280701785 28
6.464912280701785 33
6.464912280701785 34
6.464912280701785 35
6.464912280701785 36
6.464912280701785 37
6.464912280701785 41
6.464912280701785 42
6.464912280701785 43
6.464912280701785 44
6.464912280701785 45
6.464912280701785 49
6.464912280701785 50
6.464912280701785 51
6.464912280701785 52
6.464912280701785 53
6.464912280701785 57
6.464912280701785 58
6.464912280701785 59
6.473684210526347 9
6.473684210526347 10
6.473684210526347 11
6.473684210526347 16
6.473684210526347 18
6.473684210526347 19
6.473684210526347 20
6.473684210526347 24
6.473684210526347 32
6.473684210526347 40
6.473684210526347 48
6.473684210526347 55
6.473684210526347 56
6.482456140350909 2
6.482456140350909 3
6.482456140350909 4
6.482456140350909 5
6.482456140350909 8
6.482456140350909 12
6.482456140350909 13
6.482456140350909 23
6.482456140350909 31
6.482456140350909 39
6.482456140350909 47
6.482456140350909 54
6.49122807017547 1
6.49122807017547 7
6.49122807017547 15
6.49122807017547 30
6.49122807017547 38
6.49122807017547 46
6.500000000000032 0
6.500000000000032 6
6.500000000000032 14
6.500000000000032 22
7.000000000000046 25
7.000000000000046 26
7.000000000000046 27
7.000000000000046 28
7.000000000000046 33
7.000000000000046 34
7.000000000000046 35
7.000000000000046 36
7.000000000000046 37
7.000000000000046 41
7.000000000000046 42
7.000000000000046 43
7.000000000000046 44
7.000000000000046 45
7.000000000000046 49
7.000000000000046 50
7.000000000000046 51
7.000000000000046 52
7.000000000000046 53
7.000000000000046 57
7.000000000000046 58
7.000000000000046 59
7.008771929824608 17
7.008771929824608 18
7.008771929824608 19
7.008771929824608 20
7.008771929824608 24
7.008771929824608 32
7.008771929824608 40
7.008771929824608 48
7.008771929824608 55
7.008771929824608 56
7.0175438596491695 9
7.0175438596491695 10
7.0175438596491695 11
7.0175438596491695 12
7.0175438596491695 13
7.0175438596491695 16
7.0175438596491695 23
7.0175438596491695 31
7.0175438596491695 39
7.0175438596491695 47
7.0175438596491695 54
7.026315789473731 2
7.026315789473731 3
7.026315789473731 4
7.026315789473731 5
7.026315789473731 8
7.026315789473731 15
7.026315789473731 30
7.026315789473731 38
7.026315789473731 46
7.035087719298293 1
7.035087719298293 7
7.035087719298293 14
7.035087719298293 22
7.0438596491228544 0
7.0438596491228544 6
7.640350877193047 35
7.640350877193047 36
7.640350877193047 37
7.640350877193047 43
7.640350877193047 44
7.640350877193047 45
7.640350877193047 51
7.640350877193047 52
7.640350877193047 53
7.640350877193047 58
7.640350877193047 59
7.6491228070176085 27
7.6491228070176085 28
7.6491228070176085 29
7.6491228070176085 34
7.6491228070176085 42
7.6491228070176085 50
7.6491228070176085 57
7.65789473684217 20
7.65789473684217 21
7.65789473684217 26
7.65789473684217 33
7.65789473684217 41
7.65789473684217 49
7.65789473684217 56
7.666666666666732 12
7.666666666666732 13
7.666666666666732 19
7.666666666666732 25
7.666666666666732 32
7.666666666666732 40
7.666666666666732 48
7.666666666666732 55
7.6754385964912935 5
7.6754385964912935 11
7.6754385964912935 17
7.6754385964912935 18
7.6754385964912935 24
7.6754385964912935 39
7.6754385964912935 47
7.6754385964912935 54
7.684210526315855 4
7.684210526315855 9
7.684210526315855 10
7.684210526315855 16
7.684210526315855 23
7.684210526315855 31
7.684210526315855 38
7.684210526315855 46
7.692982456140417 2
7.692982456140417 3
7.692982456140417 8
7.692982456140417 15
7.692982456140417 30
7.701754385964978 1
7.701754385964978 7
7.701754385964978 14
7.701754385964978 22
7.71052631578954 0
7.71052631578954 6
8.000000000000075 41
8.008771929824636 40
8.017543859649198 32
8.017543859649198 39
8.017543859649198 47
8.02631578947376 38
8.02631578947376 46
8.035087719298321 30
8.29824561403517 43
8.29824561403517 44
8.29824561403517 45
8.29824561403517 51
8.29824561403517 52
8.29824561403517 53
8.29824561403517 58
8.29824561403517 59
8.307017543859732 35
8.307017543859732 36
8.307017543859732 37
8.307017543859732 42
8.307017543859732 50
8.307017543859732 57
8.315789473684294 27
8.315789473684294 28
8.315789473684294 29
8.315789473684294 34
8.315789473684294 41
8.315789473684294 49
8.315789473684294 56
8.324561403508856 20
8.324561403508856 21
8.324561403508856 26
8.324561403508856 33
8.324561403508856 40
8.324561403508856 48
8.324561403508856 55
8.333333333333417 12
8.333333333333417 13
8.333333333333417 19
8.333333333333417 25
8.333333333333417 32
8.333333333333417 39
8.333333333333417 47
8.333333333333417 54
8.342105263157979 5
8.342105263157979 11
8.342105263157979 17
8.342105263157979 18
8.342105263157979 24
8.342105263157979 31
8.342105263157979 38
8.342105263157979 46
8.35087719298254 4
8.35087719298254 9
8.35087719298254 10
8.35087719298254 16
8.35087719298254 23
8.35087719298254 30
8.359649122807102 2
8.359649122807102 3
8.359649122807102 8
8.359649122807102 15
8.359649122807102 22
8.368421052631664 1
8.368421052631664 7
8.368421052631664 14
8.377192982456226 0
8.377192982456226 6
8.956140350877295 36
8.956140350877295 37
8.956140350877295 44
8.956140350877295 45
8.956140350877295 52
8.956140350877295 53
8.956140350877295 59
8.964912280701856 28
8.964912280701856 29
8.964912280701856 35
8.964912280701856 43
8.964912280701856 51
8.964912280701856 58
8.973684210526418 20
8.973684210526418 21
8.973684210526418 27
8.973684210526418 34
8.973684210526418 42
8.973684210526418 50
8.973684210526418 57
8.98245614035098 12
8.98245614035098 13
8.98245614035098 19
8.98245614035098 26
8.98245614035098 33
8.98245614035098 41
8.98245614035098 49
8.98245614035098 56
8.991228070175541 5
8.991228070175541 11
8.991228070175541 18
8.991228070175541 25
8.991228070175541 32
8.991228070175541 40
8.991228070175541 48
8.991228070175541 55
9.000000000000103 4
9.000000000000103 10
9.000000000000103 17
9.000000000000103 24
9.000000000000103 39
9.000000000000103 47
9.000000000000103 54
9.008771929824665 3
9.008771929824665 9
9.008771929824665 16
9.008771929824665 23
9.008771929824665 31
9.008771929824665 38
9.008771929824665 46
9.017543859649226 2
9.017543859649226 8
9.017543859649226 15
9.017543859649226 30
9.026315789473788 1
9.026315789473788 7
9.026315789473788 14
9.026315789473788 22
9.03508771929835 0
9.03508771929835 6
9.429824561403624 1
9.429824561403624 8
9.429824561403624 9
9.429824561403624 10
9.429824561403624 11
9.429824561403624 17
9.429824561403624 18
9.429824561403624 19
9.429824561403624 20
9.429824561403624 25
9.429824561403624 26
9.429824561403624 27
9.429824561403624 28
9.429824561403624 34
9.429824561403624 35
9.429824561403624 36
9.429824561403624 43
9.429824561403624 44
9.429824561403624 45
9.429824561403624 51
9.429824561403624 52
9.429824561403624 53
9.429824561403624 58
9.429824561403624 59
9.438596491228186 0
9.438596491228186 37
9.438596491228186 50
9.438596491228186 57
9.824561403508898 26
9.824561403508898 34
9.824561403508898 42
9.824561403508898 43
9.824561403508898 44
9.824561403508898 50
9.824561403508898 51
9.824561403508898 58
9.824561403508898 59
9.83333333333346 25
9.83333333333346 33
9.83333333333346 41
9.83333333333346 49
9.842105263158022 17
9.842105263158022 18
9.842105263158022 24
9.842105263158022 32
9.842105263158022 40
9.842105263158022 48
9.842105263158022 55
9.850877192982583 9
9.850877192982583 10
9.850877192982583 11
9.850877192982583 16
9.850877192982583 19
9.850877192982583 20
9.850877192982583 23
9.850877192982583 28
9.850877192982583 31
9.850877192982583 39
9.850877192982583 47
9.850877192982583 54
9.859649122807145 2
9.859649122807145 3
9.859649122807145 4
9.859649122807145 5
9.859649122807145 8
9.859649122807145 12
9.859649122807145 13
9.859649122807145 15
9.859649122807145 30
9.859649122807145 38
9.859649122807145 46
9.868421052631707 1
9.868421052631707 7
9.868421052631707 14
9.868421052631707 22
9.877192982456268 0
9.877192982456268 6
10.850877192982612 56
10.850877192982612 57
10.850877192982612 58
10.850877192982612 59
10.859649122807173 49
10.859649122807173 50
10.859649122807173 51
10.859649122807173 52
10.859649122807173 53
10.859649122807173 55
10.868421052631735 41
10.868421052631735 42
10.868421052631735 43
10.868421052631735 44
10.868421052631735 45
10.868421052631735 48
10.877192982456297 33
10.877192982456297 34
10.877192982456297 35
10.877192982456297 36
10.877192982456297 37
10.877192982456297 40
10.877192982456297 47
10.877192982456297 54
10.885964912280858 25
10.885964912280858 26
10.885964912280858 27
10.885964912280858 28
10.885964912280858 29
10.885964912280858 32
10.885964912280858 39
10.89473684210542 17
10.89473684210542 18
10.89473684210542 19
10.89473684210542 20
10.89473684210542 21
10.89473684210542 24
10.89473684210542 31
10.89473684210542 38
10.903508771929982 9
10.903508771929982 10
10.903508771929982 11
10.903508771929982 12
10.903508771929982 13
10.903508771929982 16
10.903508771929982 23
10.903508771929982 30
10.912280701754543 2
10.912280701754543 3
10.912280701754543 4
10.912280701754543 5
10.912280701754543 8
10.912280701754543 15
10.912280701754543 22
10.921052631579105 1
10.921052631579105 7
10.921052631579105 14
10.929824561403667 0
10.929824561403667 6
11.47368421052649 52
11.47368421052649 53
11.47368421052649 59
11.48245614035105 44
11.48245614035105 45
11.48245614035105 51
11.48245614035105 58
11.491228070175612 36
11.491228070175612 37
11.491228070175612 43
11.491228070175612 50
11.491228070175612 57
11.500000000000174 28
11.500000000000174 29
11.500000000000174 35
11.500000000000174 42
11.500000000000174 49
11.500000000000174 56
11.508771929824736 20
11.508771929824736 21
11.508771929824736 27
11.508771929824736 34
11.508771929824736 41
11.508771929824736 55
11.517543859649297 12
11.517543859649297 13
11.517543859649297 19
11.517543859649297 26
11.517543859649297 33
11.517543859649297 40
11.526315789473859 5
11.526315789473859 11
11.526315789473859 18
11.526315789473859 25
11.526315789473859 32
11.526315789473859 39
11.526315789473859 47
11.526315789473859 54
11.53508771929842 4
11.53508771929842 10
11.53508771929842 17
11.53508771929842 24
11.53508771929842 31
11.53508771929842 38
11.53508771929842 46
11.543859649122982 3
11.543859649122982 9
11.543859649122982 16
11.543859649122982 23
11.543859649122982 30
11.552631578947544 2
11.552631578947544 8
11.552631578947544 15
11.552631578947544 22
11.561403508772106 1
11.561403508772106 7
11.561403508772106 14
11.570175438596667 0
11.570175438596667 6
12.087719298245805 35
12.087719298245805 36
12.087719298245805 37
12.087719298245805 43
12.087719298245805 44
12.087719298245805 45
12.087719298245805 51
12.087719298245805 52
12.087719298245805 53
12.087719298245805 58
12.087719298245805 59
12.096491228070366 27
12.096491228070366 28
12.096491228070366 29
12.096491228070366 34
12.096491228070366 42
12.096491228070366 50
12.096491228070366 57
12.105263157894928 20
12.105263157894928 21
12.105263157894928 26
12.105263157894928 33
12.105263157894928 41
12.105263157894928 49
12.105263157894928 56
12.11403508771949 12
12.11403508771949 13
12.11403508771949 19
12.11403508771949 25
12.11403508771949 32
12.11403508771949 40
12.11403508771949 48
12.11403508771949 55
12.122807017544051 5
12.122807017544051 11
12.122807017544051 17
12.122807017544051 18
12.122807017544051 24
12.122807017544051 39
12.122807017544051 47
12.122807017544051 54
12.131578947368613 4
12.131578947368613 9
12.131578947368613 10
12.131578947368613 16
12.131578947368613 23
12.131578947368613 31
12.131578947368613 38
12.131578947368613 46
12.140350877193175 2
12.140350877193175 3
12.140350877193175 8
12.140350877193175 15
12.140350877193175 30
12.149122807017736 1
12.149122807017736 7
12.149122807017736 14
12.149122807017736 22
12.157894736842298 0
12.157894736842298 6
12.929824561403723 0
12.929824561403723 1
12.929824561403723 2
12.929824561403723 3
12.929824561403723 4
12.929824561403723 5
12.929824561403723 7
12.929824561403723 8
12.929824561403723 9
12.929824561403723 10
12.929824561403723 11
12.929824561403723 12
12.929824561403723 13
12.929824561403723 15
12.929824561403723 16
12.929824561403723 17
12.929824561403723 18
12.929824561403723 19
12.929824561403723 20
12.929824561403723 21
12.929824561403723 23
12.929824561403723 24
12.929824561403723 25
12.929824561403723 26
12.929824561403723 27
12.929824561403723 28
12.929824561403723 29
12.929824561403723 32
12.929824561403723 33
12.929824561403723 34
12.929824561403723 35
12.929824561403723 36
12.929824561403723 37
12.929824561403723 40
12.929824561403723 41
12.929824561403723 42
12.929824561403723 43
12.929824561403723 44
12.929824561403723 45
12.929824561403723 49
12.929824561403723 50
12.929824561403723 51
12.929824561403723 52
12.929824561403723 53
12.929824561403723 57
12.929824561403723 58
12.929824561403723 59
12.938596491228285 6
12.938596491228285 14
12.938596491228285 22
12.938596491228285 30
12.938596491228285 31
12.938596491228285 38
12.938596491228285 39
12.938596491228285 47
13.394736842105491 18
13.394736842105491 26
13.394736842105491 27
13.394736842105491 28
13.394736842105491 34
13.394736842105491 35
13.394736842105491 43
13.394736842105491 44
13.394736842105491 45
13.394736842105491 51
13.394736842105491 53
13.394736842105491 58
13.394736842105491 59
13.403508771930053 10
13.403508771930053 11
13.403508771930053 17
13.403508771930053 19
13.403508771930053 20
13.403508771930053 25
13.403508771930053 36
13.403508771930053 50
13.403508771930053 52
13.403508771930053 57
13.412280701754614 3
13.412280701754614 4
13.412280701754614 5
13.412280701754614 9
13.412280701754614 12
13.412280701754614 13
13.412280701754614 16
13.412280701754614 24
13.412280701754614 32
13.412280701754614 40
13.412280701754614 41
13.421052631579176 2
13.421052631579176 8
13.421052631579176 23
13.421052631579176 39
13.421052631579176 47
13.429824561403738 1
13.429824561403738 7
13.429824561403738 15
13.429824561403738 38
13.429824561403738 46
13.4385964912283 0
13.4385964912283 6
13.4385964912283 14
13.4385964912283 22
13.4385964912283 30
13.701754385965149 49
13.701754385965149 50
13.701754385965149 51
13.71052631578971 41
13.71052631578971 42
13.719298245614272 33
13.719298245614272 34
13.719298245614272 40
13.728070175438834 25
13.728070175438834 26
13.728070175438834 32
13.728070175438834 39
13.728070175438834 47
13.736842105263396 17
13.736842105263396 18
13.736842105263396 31
13.736842105263396 38
13.736842105263396 46
13.745614035087957 9
13.745614035087957 10
13.745614035087957 11
13.745614035087957 19
13.745614035087957 23
13.745614035087957 30
13.754385964912519 8
13.754385964912519 15
13.754385964912519 22
13.76315789473708 1
13.76315789473708 14
14.640350877193246 36
14.640350877193246 37
14.640350877193246 44
14.640350877193246 45
14.640350877193246 52
14.640350877193246 53
14.640350877193246 59
14.649122807017807 28
14.649122807017807 29
14.649122807017807 35
14.649122807017807 43
14.649122807017807 51
14.649122807017807 58
14.657894736842369 20
14.657894736842369 21
14.657894736842369 27
14.657894736842369 34
14.657894736842369 42
14.657894736842369 50
14.657894736842369 57
14.66666666666693 12
14.66666666666693 13
14.66666666666693 19
14.66666666666693 26
14.66666666666693 33
14.66666666666693 41
14.66666666666693 49
14.66666666666693 56
14.675438596491492 5
14.675438596491492 11
14.675438596491492 18
14.675438596491492 25
14.675438596491492 32
14.675438596491492 40
14.675438596491492 48
14.675438596491492 55
14.684210526316054 4
14.684210526316054 10
14.684210526316054 17
14.684210526316054 24
14.684210526316054 39
14.684210526316054 47
14.684210526316054 54
14.692982456140616 3
14.692982456140616 9
14.692982456140616 16
14.692982456140616 23
14.692982456140616 31
14.692982456140616 38
14.692982456140616 46
14.701754385965177 2
14.701754385965177 8
14.701754385965177 15
14.701754385965177 30
14.710526315789739 1
14.710526315789739 7
14.710526315789739 14
14.710526315789739 22
14.7192982456143 0
14.7192982456143 6
15.052631578947643 17
15.052631578947643 25
15.052631578947643 26
15.052631578947643 34
15.061403508772205 9
15.061403508772205 10
15.061403508772205 11
15.061403508772205 18
15.061403508772205 19
15.061403508772205 20
15.061403508772205 28
15.070175438596767 8
15.078947368421328 1
15.08771929824589 0
15.40350877193011 37
15.40350877193011 45
15.40350877193011 53
15.412280701754671 36
15.412280701754671 44
15.412280701754671 52
15.412280701754671 59
15.421052631579233 28
15.421052631579233 35
15.421052631579233 43
15.421052631579233 51
15.421052631579233 58
15.429824561403795 4
15.429824561403795 5
15.429824561403795 11
15.429824561403795 12
15.429824561403795 13
15.429824561403795 27
15.429824561403795 34
15.429824561403795 42
15.429824561403795 50
15.429824561403795 57
15.438596491228356 3
15.438596491228356 10
15.438596491228356 19
15.438596491228356 20
15.438596491228356 26
15.438596491228356 33
15.438596491228356 41
15.438596491228356 49
15.438596491228356 56
15.447368421052918 2
15.447368421052918 9
15.447368421052918 17
15.447368421052918 18
15.447368421052918 25
15.447368421052918 32
15.447368421052918 40
15.447368421052918 48
15.447368421052918 55
15.45614035087748 1
15.45614035087748 8
15.45614035087748 16
15.45614035087748 24
15.45614035087748 39
15.45614035087748 47
15.45614035087748 54
15.464912280702041 0
15.464912280702041 7
15.464912280702041 15
15.464912280702041 23
15.464912280702041 31
15.464912280702041 38
15.464912280702041 46
15.473684210526603 6
15.473684210526603 14
15.473684210526603 22
15.473684210526603 30
16.526315789474 23
16.526315789474 24
16.526315789474 25
16.526315789474 26
16.526315789474 27
16.526315789474 28
16.526315789474 32
16.526315789474 33
16.526315789474 34
16.526315789474 35
16.526315789474 36
16.526315789474 37
16.526315789474 40
16.526315789474 41
16.526315789474 42
16.526315789474 43
16.526315789474 44
16.526315789474 45
16.526315789474 49
16.526315789474 50
16.526315789474 51
16.526315789474 52
16.526315789474 53
16.526315789474 57
16.526315789474 58
16.526315789474 59
16.535087719298563 15
16.535087719298563 16
16.535087719298563 17
16.535087719298563 18
16.535087719298563 19
16.535087719298563 20
16.535087719298563 31
16.535087719298563 39
16.535087719298563 47
16.543859649123124 6
16.543859649123124 7
16.543859649123124 8
16.543859649123124 9
16.543859649123124 10
16.543859649123124 11
16.543859649123124 12
16.543859649123124 13
16.543859649123124 14
16.543859649123124 22
16.543859649123124 30
16.543859649123124 38
16.543859649123124 46
16.552631578947686 0
16.552631578947686 1
16.552631578947686 2
16.552631578947686 3
16.552631578947686 4
16.552631578947686 5
17.070175438596824 59
17.078947368421385 52
17.078947368421385 53
17.078947368421385 58
17.087719298245947 44
17.087719298245947 45
17.087719298245947 51
17.087719298245947 57
17.09649122807051 36
17.09649122807051 37
17.09649122807051 43
17.09649122807051 50
17.10526315789507 28
17.10526315789507 29
17.10526315789507 35
17.10526315789507 42
17.10526315789507 49
17.114035087719632 20
17.114035087719632 21
17.114035087719632 27
17.114035087719632 34
17.114035087719632 41
17.122807017544194 12
17.122807017544194 13
17.122807017544194 19
17.122807017544194 26
17.122807017544194 33
17.122807017544194 40
17.131578947368755 5
17.131578947368755 11
17.131578947368755 18
17.131578947368755 25
17.131578947368755 32
17.131578947368755 39
17.131578947368755 47
17.140350877193317 4
17.140350877193317 10
17.140350877193317 17
17.140350877193317 24
17.140350877193317 31
17.140350877193317 38
17.140350877193317 46
17.14912280701788 3
17.14912280701788 9
17.14912280701788 16
17.14912280701788 23
17.14912280701788 30
17.15789473684244 2
17.15789473684244 8
17.15789473684244 15
17.15789473684244 22
17.166666666667002 1
17.166666666667002 7
17.166666666667002 14
17.175438596491563 0
17.175438596491563 6
17.622807017544208 42
17.622807017544208 43
17.622807017544208 44
17.622807017544208 45
17.622807017544208 50
17.622807017544208 51
17.622807017544208 52
17.622807017544208 53
17.622807017544208 57
17.622807017544208 58
17.622807017544208 59
17.63157894736877 34
17.63157894736877 35
17.63157894736877 36
17.63157894736877 37
17.63157894736877 41
17.63157894736877 49
17.63157894736877 56
17.64035087719333 26
17.64035087719333 27
17.64035087719333 28
17.64035087719333 29
17.64035087719333 33
17.64035087719333 40
17.64035087719333 48
17.64035087719333 55
17.649122807017893 20
17.649122807017893 21
17.649122807017893 25
17.649122807017893 32
17.649122807017893 39
17.649122807017893 47
17.649122807017893 54
17.657894736842454 12
17.657894736842454 13
17.657894736842454 17
17.657894736842454 18
17.657894736842454 19
17.657894736842454 24
17.657894736842454 31
17.657894736842454 38
17.657894736842454 46
17.666666666667016 5
17.666666666667016 9
17.666666666667016 10
17.666666666667016 11
17.666666666667016 16
17.666666666667016 23
17.666666666667016 30
17.675438596491578 2
17.675438596491578 3
17.675438596491578 4
17.675438596491578 8
17.675438596491578 15
17.675438596491578 22
17.68421052631614 1
17.68421052631614 7
17.68421052631614 14
17.6929824561407 0
17.6929824561407 6
17.84210526315825 25
18.403508771930195 25
18.403508771930195 26
18.403508771930195 27
18.403508771930195 28
18.403508771930195 33
18.403508771930195 34
18.403508771930195 35
18.403508771930195 36
18.403508771930195 37
18.403508771930195 41
18.403508771930195 42
18.403508771930195 43
18.403508771930195 44
18.403508771930195 45
18.403508771930195 49
18.403508771930195 50
18.403508771930195 51
18.403508771930195 52
18.403508771930195 53
18.403508771930195 57
18.403508771930195 58
18.403508771930195 59
18.412280701754757 17
18.412280701754757 18
18.412280701754757 19
18.412280701754757 20
18.412280701754757 24
18.412280701754757 32
18.412280701754757 40
18.412280701754757 48
18.412280701754757 55
18.412280701754757 56
18.421052631579318 9
18.421052631579318 10
18.421052631579318 11
18.421052631579318 12
18.421052631579318 13
18.421052631579318 16
18.421052631579318 23
18.421052631579318 31
18.421052631579318 39
18.421052631579318 47
18.421052631579318 54
18.42982456140388 2
18.42982456140388 3
18.42982456140388 4
18.42982456140388 5
18.42982456140388 8
18.42982456140388 15
18.42982456140388 30
18.42982456140388 38
18.42982456140388 46
18.43859649122844 1
18.43859649122844 7
18.43859649122844 14
18.43859649122844 22
18.447368421053003 0
18.447368421053003 6
18.947368421053017 46
18.947368421053017 47
18.95614035087758 38
18.95614035087758 39
18.95614035087758 40
18.95614035087758 41
18.95614035087758 42
18.95614035087758 43
18.95614035087758 44
18.95614035087758 45
18.95614035087758 49
18.95614035087758 50
18.95614035087758 51
18.95614035087758 52
18.95614035087758 53
18.95614035087758 57
18.95614035087758 58
18.95614035087758 59
18.96491228070214 30
18.96491228070214 31
18.96491228070214 32
18.96491228070214 33
18.96491228070214 34
18.96491228070214 35
18.96491228070214 36
18.96491228070214 37
18.973684210526702 23
18.973684210526702 24
18.973684210526702 25
18.973684210526702 26
18.973684210526702 27
18.973684210526702 28
18.973684210526702 29
18.982456140351264 15
18.982456140351264 16
18.982456140351264 17
18.982456140351264 18
18.982456140351264 19
18.982456140351264 20
18.982456140351264 21
18.982456140351264 22
18.991228070175826 7
18.991228070175826 8
18.991228070175826 9
18.991228070175826 10
18.991228070175826 11
18.991228070175826 12
18.991228070175826 13
18.991228070175826 14
19.000000000000387 0
19.000000000000387 1
19.000000000000387 2
19.000000000000387 3
19.000000000000387 4
19.000000000000387 5
19.000000000000387 6
19.80701754386006 8
19.80701754386006 9
19.80701754386006 10
19.80701754386006 11
19.80701754386006 16
19.80701754386006 17
19.80701754386006 18
19.80701754386006 19
19.80701754386006 20
19.80701754386006 24
19.80701754386006 25
19.80701754386006 26
19.80701754386006 27
19.80701754386006 28
19.80701754386006 32
19.80701754386006 33
19.80701754386006 34
19.80701754386006 35
19.80701754386006 36
19.80701754386006 37
19.80701754386006 40
19.80701754386006 41
19.80701754386006 42
19.80701754386006 43
19.80701754386006 44
19.80701754386006 45
19.80701754386006 49
19.80701754386006 50
19.80701754386006 51
19.80701754386006 52
19.80701754386006 53
19.80701754386006 57
19.80701754386006 58
19.80701754386006 59
19.81578947368462 1
19.81578947368462 2
19.81578947368462 3
19.81578947368462 4
19.81578947368462 5
19.81578947368462 7
19.81578947368462 12
19.81578947368462 13
19.81578947368462 15
19.81578947368462 23
19.81578947368462 31
19.81578947368462 39
19.81578947368462 47
19.824561403509183 0
19.824561403509183 6
19.824561403509183 14
19.824561403509183 22
19.824561403509183 30
19.824561403509183 38
19.824561403509183 46
20.166666666667087 46
20.166666666667087 47
20.17543859649165 38
20.17543859649165 39
20.17543859649165 40
20.17543859649165 41
20.18421052631621 30
20.18421052631621 32
20.219298245614457 14
20.219298245614457 15
20.219298245614457 23
20.22807017543902 22
20.631578947368855 17
20.631578947368855 25
20.631578947368855 26
20.631578947368855 27
20.631578947368855 28
20.631578947368855 33
20.631578947368855 34
20.631578947368855 35
20.631578947368855 36
20.631578947368855 37
20.631578947368855 41
20.631578947368855 42
20.631578947368855 43
20.631578947368855 44
20.631578947368855 45
20.631578947368855 49
20.631578947368855 50
20.631578947368855 51
20.631578947368855 52
20.631578947368855 53
20.631578947368855 57
20.631578947368855 58
20.631578947368855 59
20.640350877193416 9
20.640350877193416 10
20.640350877193416 11
20.640350877193416 16
20.640350877193416 18
20.640350877193416 19
20.640350877193416 20
20.640350877193416 24
20.640350877193416 32
20.640350877193416 40
20.640350877193416 48
20.640350877193416 55
20.640350877193416 56
20.649122807017978 2
20.649122807017978 3
20.649122807017978 4
20.649122807017978 5
20.649122807017978 8
20.649122807017978 12
20.649122807017978 13
20.649122807017978 23
20.649122807017978 31
20.649122807017978 39
20.649122807017978 47
20.649122807017978 54
20.65789473684254 1
20.65789473684254 7
20.65789473684254 15
20.65789473684254 30
20.65789473684254 38
20.65789473684254 46
20.6666666666671 0
20.6666666666671 6
20.6666666666671 14
20.6666666666671 22
21.29824561403554 2
21.29824561403554 3
21.29824561403554 4
21.29824561403554 5
21.29824561403554 9
21.29824561403554 10
21.29824561403554 11
21.29824561403554 12
21.29824561403554 13
21.29824561403554 17
21.29824561403554 18
21.29824561403554 19
21.29824561403554 20
21.29824561403554 21
21.29824561403554 25
21.29824561403554 26
21.29824561403554 27
21.29824561403554 28
21.29824561403554 29
21.29824561403554 33
21.29824561403554 34
21.29824561403554 35
21.29824561403554 36
21.29824561403554 37
21.29824561403554 41
21.29824561403554 42
21.29824561403554 43
21.29824561403554 44
21.29824561403554 45
21.29824561403554 49
21.29824561403554 50
21.29824561403554 51
21.29824561403554 52
21.29824561403554 53
21.29824561403554 57
21.29824561403554 58
21.29824561403554 59
21.307017543860102 1
21.307017543860102 8
21.307017543860102 16
21.307017543860102 24
21.307017543860102 32
21.307017543860102 40
21.307017543860102 48
21.307017543860102 55
21.307017543860102 56
21.315789473684664 0
21.315789473684664 7
21.315789473684664 15
21.315789473684664 23
21.315789473684664 31
21.315789473684664 39
21.315789473684664 47
21.315789473684664 54
21.324561403509225 6
21.324561403509225 14
21.324561403509225 22
21.324561403509225 30
21.324561403509225 38
21.324561403509225 46
22.070175438596966 27
22.070175438596966 28
22.070175438596966 35
22.070175438596966 36
22.070175438596966 37
22.070175438596966 43
22.070175438596966 44
22.070175438596966 45
22.070175438596966 51
22.070175438596966 52
22.070175438596966 53
22.070175438596966 58
22.070175438596966 59
22.078947368421527 20
22.078947368421527 26
22.078947368421527 34
22.078947368421527 42
22.078947368421527 50
22.078947368421527 57
22.08771929824609 12
22.08771929824609 13
22.08771929824609 19
22.08771929824609 25
22.08771929824609 33
22.08771929824609 41
22.08771929824609 49
22.08771929824609 56
22.09649122807065 5
22.09649122807065 11
22.09649122807065 17
22.09649122807065 18
22.09649122807065 24
22.09649122807065 32
22.09649122807065 40
22.09649122807065 48
22.09649122807065 55
22.105263157895212 4
22.105263157895212 9
22.105263157895212 10
22.105263157895212 16
22.105263157895212 23
22.105263157895212 31
22.105263157895212 39
22.105263157895212 47
22.105263157895212 54
22.114035087719774 2
22.114035087719774 3
22.114035087719774 8
22.114035087719774 15
22.114035087719774 30
22.114035087719774 38
22.114035087719774 46
22.122807017544336 1
22.122807017544336 7
22.122807017544336 14
22.122807017544336 22
22.131578947368897 0
22.131578947368897 6
22.868421052632076 6
22.868421052632076 7
22.868421052632076 8
22.868421052632076 9
22.868421052632076 10
22.868421052632076 11
22.868421052632076 14
22.868421052632076 15
22.868421052632076 16
22.868421052632076 17
22.868421052632076 18
22.868421052632076 19
22.868421052632076 20
22.868421052632076 23
22.868421052632076 24
22.868421052632076 25
22.868421052632076 26
22.868421052632076 27
22.868421052632076 28
22.868421052632076 32
22.868421052632076 33
22.868421052632076 34
22.868421052632076 35
22.868421052632076 36
22.868421052632076 37
22.868421052632076 40
22.868421052632076 41
22.868421052632076 42
22.868421052632076 43
22.868421052632076 44
22.868421052632076 45
22.868421052632076 49
22.868421052632076 50
22.868421052632076 51
22.868421052632076 52
22.868421052632076 53
22.868421052632076 57
22.868421052632076 58
22.868421052632076 59
22.877192982456638 0
22.877192982456638 1
22.877192982456638 2
22.877192982456638 3
22.877192982456638 4
22.877192982456638 5
22.877192982456638 12
22.877192982456638 13
22.877192982456638 22
22.877192982456638 30
22.877192982456638 31
22.877192982456638 38
22.877192982456638 39
22.877192982456638 47
23.026315789474186 56
23.035087719298748 55
23.710526315789995 14
23.710526315789995 15
23.710526315789995 16
23.710526315789995 17
23.710526315789995 23
23.710526315789995 24
23.710526315789995 25
23.710526315789995 26
23.710526315789995 27
23.710526315789995 28
23.710526315789995 32
23.710526315789995 33
23.710526315789995 34
23.710526315789995 35
23.710526315789995 36
23.710526315789995 37
23.710526315789995 40
23.710526315789995 41
23.710526315789995 42
23.710526315789995 43
23.710526315789995 44
23.710526315789995 45
23.710526315789995 49
23.710526315789995 50
23.710526315789995 51
23.710526315789995 52
23.710526315789995 53
23.710526315789995 57
23.710526315789995 58
23.710526315789995 59
23.719298245614556 6
23.719298245614556 7
23.719298245614556 8
23.719298245614556 9
23.719298245614556 10
23.719298245614556 11
23.719298245614556 18
23.719298245614556 19
23.719298245614556 20
23.719298245614556 22
23.719298245614556 30
23.719298245614556 31
23.719298245614556 38
23.719298245614556 39
23.719298245614556 47
23.728070175439118 0
23.728070175439118 1
23.728070175439118 2
23.728070175439118 3
23.728070175439118 4
23.728070175439118 5
23.728070175439118 12
23.728070175439118 13
24.42105263157949 51
24.42105263157949 52
24.42105263157949 53
24.42105263157949 58
24.42105263157949 59
24.42982456140405 43
24.42982456140405 44
24.42982456140405 45
24.42982456140405 50
24.42982456140405 57
24.438596491228612 35
24.438596491228612 36
24.438596491228612 37
24.438596491228612 42
24.438596491228612 49
24.438596491228612 56
24.447368421053174 27
24.447368421053174 28
24.447368421053174 29
24.447368421053174 34
24.447368421053174 41
24.447368421053174 55
24.456140350877735 20
24.456140350877735 21
24.456140350877735 26
24.456140350877735 33
24.456140350877735 40
24.464912280702297 12
24.464912280702297 13
24.464912280702297 19
24.464912280702297 25
24.464912280702297 32
24.464912280702297 39
24.464912280702297 47
24.464912280702297 54
24.47368421052686 5
24.47368421052686 11
24.47368421052686 17
24.47368421052686 18
24.47368421052686 24
24.47368421052686 31
24.47368421052686 38
24.47368421052686 46
24.48245614035142 4
24.48245614035142 9
24.48245614035142 10
24.48245614035142 16
24.48245614035142 23
24.48245614035142 30
24.491228070175982 2
24.491228070175982 3
24.491228070175982 8
24.491228070175982 15
24.491228070175982 22
24.500000000000544 1
24.500000000000544 7
24.500000000000544 14
24.508771929825105 0
24.508771929825105 6
25.508771929825134 25
25.508771929825134 26
25.508771929825134 27
25.508771929825134 28
25.508771929825134 33
25.508771929825134 34
25.508771929825134 35
25.508771929825134 36
25.508771929825134 37
25.508771929825134 41
25.508771929825134 42
25.508771929825134 43
25.508771929825134 44
25.508771929825134 45
25.508771929825134 49
25.508771929825134 50
25.508771929825134 51
25.508771929825134 52
25.508771929825134 53
25.508771929825134 57
25.508771929825134 58
25.508771929825134 59
25.517543859649695 17
25.517543859649695 18
25.517543859649695 19
25.517543859649695 20
25.517543859649695 24
25.517543859649695 32
25.517543859649695 40
25.517543859649695 48
25.517543859649695 55
25.517543859649695 56
25.526315789474257 9
25.526315789474257 10
25.526315789474257 11
25.526315789474257 12
25.526315789474257 13
25.526315789474257 16
25.526315789474257 23
25.526315789474257 31
25.526315789474257 39
25.526315789474257 47
25.526315789474257 54
25.53508771929882 2
25.53508771929882 3
25.53508771929882 4
25.53508771929882 5
25.53508771929882 8
25.53508771929882 15
25.53508771929882 30
25.53508771929882 38
25.53508771929882 46
25.54385964912338 1
25.54385964912338 7
25.54385964912338 14
25.54385964912338 22
25.552631578947942 0
25.552631578947942 6
26.061403508772518 38
26.061403508772518 39
26.061403508772518 40
26.061403508772518 41
26.061403508772518 42
26.061403508772518 43
26.061403508772518 44
26.061403508772518 45
26.061403508772518 47
26.061403508772518 48
26.061403508772518 49
26.061403508772518 50
26.061403508772518 51
26.061403508772518 52
26.061403508772518 53
26.061403508772518 55
26.061403508772518 56
26.061403508772518 57
26.061403508772518 58
26.061403508772518 59
26.07017543859708 30
26.07017543859708 31
26.07017543859708 32
26.07017543859708 33
26.07017543859708 34
26.07017543859708 35
26.07017543859708 36
26.07017543859708 37
26.07017543859708 54
26.07894736842164 17
26.07894736842164 23
26.07894736842164 24
26.07894736842164 25
26.07894736842164 26
26.07894736842164 27
26.07894736842164 28
26.07894736842164 29
26.087719298246203 9
26.087719298246203 10
26.087719298246203 11
26.087719298246203 15
26.087719298246203 16
26.087719298246203 18
26.087719298246203 19
26.087719298246203 20
26.087719298246203 21
26.087719298246203 22
26.096491228070764 2
26.096491228070764 3
26.096491228070764 4
26.096491228070764 5
26.096491228070764 7
26.096491228070764 8
26.096491228070764 12
26.096491228070764 13
26.096491228070764 14
26.105263157895326 0
26.105263157895326 1
26.105263157895326 6
26.842105263158505 3
26.842105263158505 4
26.842105263158505 5
26.842105263158505 10
26.842105263158505 11
26.842105263158505 12
26.842105263158505 13
26.842105263158505 20
26.842105263158505 21
26.842105263158505 28
26.842105263158505 29
26.842105263158505 36
26.842105263158505 37
26.842105263158505 44
26.842105263158505 45
26.842105263158505 52
26.842105263158505 53
26.842105263158505 59
26.850877192983067 2
26.850877192983067 9
26.850877192983067 17
26.850877192983067 18
26.850877192983067 19
26.850877192983067 25
26.850877192983067 26
26.850877192983067 27
26.850877192983067 33
26.850877192983067 34
26.850877192983067 35
26.850877192983067 41
26.850877192983067 42
26.850877192983067 43
26.850877192983067 49
26.850877192983067 50
26.850877192983067 51
26.850877192983067 57
26.850877192983067 58
26.859649122807628 1
26.859649122807628 8
26.859649122807628 16
26.859649122807628 24
26.859649122807628 32
26.859649122807628 40
26.859649122807628 48
26.859649122807628 55
26.859649122807628 56
26.86842105263219 0
26.86842105263219 7
26.86842105263219 15
26.86842105263219 23
26.86842105263219 31
26.86842105263219 39
26.86842105263219 47
26.86842105263219 54
26.87719298245675 6
26.87719298245675 14
26.87719298245675 22
26.87719298245675 30
26.87719298245675 38
26.87719298245675 46
27.043859649123423 18
27.596491228070807 14
27.596491228070807 15
27.596491228070807 16
27.596491228070807 17
27.596491228070807 23
27.596491228070807 24
27.596491228070807 25
27.596491228070807 26
27.596491228070807 27
27.596491228070807 28
27.596491228070807 32
27.596491228070807 33
27.596491228070807 34
27.596491228070807 35
27.596491228070807 36
27.596491228070807 37
27.596491228070807 40
27.596491228070807 41
27.596491228070807 42
27.596491228070807 43
27.596491228070807 44
27.596491228070807 45
27.596491228070807 49
27.596491228070807 50
27.596491228070807 51
27.596491228070807 52
27.596491228070807 53
27.596491228070807 57
27.596491228070807 58
27.596491228070807 59
27.60526315789537 6
27.60526315789537 7
27.60526315789537 8
27.60526315789537 9
27.60526315789537 10
27.60526315789537 11
27.60526315789537 18
27.60526315789537 19
27.60526315789537 20
27.60526315789537 22
27.60526315789537 30
27.60526315789537 31
27.60526315789537 38
27.60526315789537 39
27.60526315789537 47
27.61403508771993 0
27.61403508771993 1
27.61403508771993 2
27.61403508771993 3
27.61403508771993 4
27.61403508771993 5
27.61403508771993 12
27.61403508771993 13
28.175438596491876 46
28.175438596491876 47
28.184210526316438 38
28.184210526316438 39
28.184210526316438 40
28.184210526316438 41
28.184210526316438 42
28.184210526316438 43
28.184210526316438 44
28.184210526316438 45
28.184210526316438 49
28.184210526316438 50
28.184210526316438 51
28.184210526316438 52
28.184210526316438 53
28.184210526316438 57
28.184210526316438 58
28.184210526316438 59
28.192982456141 30
28.192982456141 31
28.192982456141 32
28.192982456141 33
28.192982456141 34
28.192982456141 35
28.192982456141 36
28.192982456141 37
28.20175438596556 23
28.20175438596556 24
28.20175438596556 25
28.20175438596556 26
28.20175438596556 27
28.20175438596556 28
28.20175438596556 29
28.210526315790123 15
28.210526315790123 16
28.210526315790123 17
28.210526315790123 18
28.210526315790123 19
28.210526315790123 20
28.210526315790123 21
28.210526315790123 22
28.219298245614684 7
28.219298245614684 8
28.219298245614684 9
28.219298245614684 10
28.219298245614684 11
28.219298245614684 12
28.219298245614684 13
28.219298245614684 14
28.228070175439246 0
28.228070175439246 1
28.228070175439246 2
28.228070175439246 3
28.228070175439246 4
28.228070175439246 5
28.228070175439246 6
29.236842105263836 41
29.236842105263836 42
29.236842105263836 43
29.236842105263836 44
29.236842105263836 45
29.236842105263836 49
29.236842105263836 50
29.236842105263836 51
29.236842105263836 52
29.236842105263836 53
29.236842105263836 57
29.236842105263836 58
29.236842105263836 59
29.245614035088398 33
29.245614035088398 34
29.245614035088398 35
29.245614035088398 36
29.245614035088398 37
29.245614035088398 40
29.245614035088398 48
29.245614035088398 55
29.245614035088398 56
29.25438596491296 25
29.25438596491296 26
29.25438596491296 27
29.25438596491296 28
29.25438596491296 29
29.25438596491296 32
29.25438596491296 39
29.25438596491296 47
29.25438596491296 54
29.26315789473752 17
29.26315789473752 18
29.26315789473752 19
29.26315789473752 20
29.26315789473752 21
29.26315789473752 24
29.26315789473752 31
29.26315789473752 38
29.26315789473752 46
29.271929824562083 9
29.271929824562083 10
29.271929824562083 11
29.271929824562083 12
29.271929824562083 13
29.271929824562083 16
29.271929824562083 23
29.271929824562083 30
29.280701754386644 2
29.280701754386644 3
29.280701754386644 4
29.280701754386644 5
29.280701754386644 8
29.280701754386644 15
29.280701754386644 22
29.289473684211206 1
29.289473684211206 7
29.289473684211206 14
29.298245614035768 0
29.298245614035768 6
29.552631578948056 41
29.561403508772617 40
29.57017543859718 32
29.57017543859718 39
29.57017543859718 47
29.57894736842174 38
29.57894736842174 46
29.587719298246302 30
29.73684210526385 57
29.73684210526385 58
29.73684210526385 59
29.745614035088412 50
29.745614035088412 51
29.745614035088412 52
29.745614035088412 53
29.754385964912974 42
29.754385964912974 43
29.754385964912974 44
29.754385964912974 45
29.754385964912974 49
29.763157894737535 34
29.763157894737535 35
29.763157894737535 36
29.763157894737535 37
29.763157894737535 41
29.771929824562097 26
29.771929824562097 27
29.771929824562097 28
29.771929824562097 29
29.771929824562097 33
29.78070175438666 20
29.78070175438666 21
29.78070175438666 25
29.78070175438666 32
29.78947368421122 12
29.78947368421122 13
29.78947368421122 17
29.78947368421122 18
29.78947368421122 19
29.78947368421122 24
29.798245614035782 5
29.798245614035782 9
29.798245614035782 10
29.798245614035782 11
29.798245614035782 16
29.798245614035782 23
29.798245614035782 31
29.807017543860344 2
29.807017543860344 3
29.807017543860344 4
29.807017543860344 8
29.807017543860344 15
29.807017543860344 30
29.815789473684905 1
29.815789473684905 7
29.815789473684905 14
29.815789473684905 22
29.824561403509467 0
29.824561403509467 6
30.298245614035796 23
30.298245614035796 24
30.298245614035796 25
30.298245614035796 26
30.298245614035796 27
30.298245614035796 28
30.298245614035796 32
30.298245614035796 33
30.298245614035796 34
30.298245614035796 35
30.298245614035796 36
30.298245614035796 37
30.298245614035796 40
30.298245614035796 41
30.298245614035796 42
30.298245614035796 43
30.298245614035796 44
30.298245614035796 45
30.298245614035796 49
30.298245614035796 50
30.298245614035796 51
30.298245614035796 52
30.298245614035796 53
30.298245614035796 57
30.298245614035796 58
30.298245614035796 59
30.307017543860358 15
30.307017543860358 16
30.307017543860358 17
30.307017543860358 18
30.307017543860358 19
30.307017543860358 20
30.307017543860358 31
30.307017543860358 39
30.307017543860358 47
30.31578947368492 7
30.31578947368492 8
30.31578947368492 9
30.31578947368492 10
30.31578947368492 11
30.31578947368492 12
30.31578947368492 13
30.31578947368492 14
30.31578947368492 22
30.31578947368492 30
30.31578947368492 38
30.31578947368492 46
30.32456140350948 0
30.32456140350948 1
30.32456140350948 2
30.32456140350948 3
30.32456140350948 4
30.32456140350948 5
30.32456140350948 6
30.973684210527043 33
30.973684210527043 34
30.973684210527043 35
30.973684210527043 36
30.973684210527043 37
30.973684210527043 41
30.973684210527043 42
30.973684210527043 43
30.973684210527043 44
30.973684210527043 45
30.973684210527043 49
30.973684210527043 50
30.973684210527043 51
30.973684210527043 52
30.973684210527043 53
30.973684210527043 57
30.973684210527043 58
30.973684210527043 59
30.982456140351605 25
30.982456140351605 26
30.982456140351605 27
30.982456140351605 28
30.982456140351605 29
30.982456140351605 32
30.982456140351605 40
30.982456140351605 48
30.982456140351605 55
30.982456140351605 56
30.991228070176167 17
30.991228070176167 18
30.991228070176167 19
30.991228070176167 20
30.991228070176167 21
30.991228070176167 24
30.991228070176167 39
30.991228070176167 47
30.991228070176167 54
31.00000000000073 9
31.00000000000073 10
31.00000000000073 11
31.00000000000073 12
31.00000000000073 13
31.00000000000073 16
31.00000000000073 23
31.00000000000073 31
31.00000000000073 38
31.00000000000073 46
31.00877192982529 2
31.00877192982529 3
31.00877192982529 4
31.00877192982529 5
31.00877192982529 8
31.00877192982529 15
31.00877192982529 30
31.01754385964985 1
31.01754385964985 7
31.01754385964985 14
31.01754385964985 22
31.026315789474413 0
31.026315789474413 6
32.29824561403585 42
32.29824561403585 43
32.29824561403585 44
32.29824561403585 45
32.29824561403585 50
32.29824561403585 51
32.29824561403585 52
32.29824561403585 53
32.29824561403585 57
32.29824561403585 58
32.29824561403585 59
32.30701754386041 34
32.30701754386041 35
32.30701754386041 36
32.30701754386041 37
32.30701754386041 41
32.30701754386041 49
32.30701754386041 56
32.31578947368497 26
32.31578947368497 27
32.31578947368497 28
32.31578947368497 29
32.31578947368497 33
32.31578947368497 40
32.31578947368497 48
32.31578947368497 55
32.324561403509534 20
32.324561403509534 21
32.324561403509534 25
32.324561403509534 32
32.324561403509534 39
32.324561403509534 47
32.324561403509534 54
32.333333333334096 12
32.333333333334096 13
32.333333333334096 17
32.333333333334096 18
32.333333333334096 19
32.333333333334096 24
32.333333333334096 31
32.333333333334096 38
32.333333333334096 46
32.34210526315866 5
32.34210526315866 9
32.34210526315866 10
32.34210526315866 11
32.34210526315866 16
32.34210526315866 23
32.34210526315866 30
32.35087719298322 2
32.35087719298322 3
32.35087719298322 4
32.35087719298322 8
32.35087719298322 15
32.35087719298322 22
32.35964912280778 1
32.35964912280778 7
32.35964912280778 14
32.36842105263234 0
32.36842105263234 6
32.587719298246384 10
32.807017543860425 42
32.807017543860425 43
32.807017543860425 44
32.807017543860425 45
32.807017543860425 50
32.807017543860425 51
32.807017543860425 52
32.807017543860425 53
32.807017543860425 57
32.807017543860425 58
32.807017543860425 59
32.81578947368499 34
32.81578947368499 35
32.81578947368499 36
32.81578947368499 37
32.81578947368499 41
32.82456140350955 26
32.82456140350955 27
32.82456140350955 28
32.82456140350955 29
32.82456140350955 33
32.82456140350955 40
32.83333333333411 20
32.83333333333411 21
32.83333333333411 25
32.83333333333411 32
32.83333333333411 39
32.83333333333411 47
32.84210526315867 12
32.84210526315867 13
32.84210526315867 17
32.84210526315867 18
32.84210526315867 19
32.84210526315867 24
32.84210526315867 31
32.84210526315867 38
32.84210526315867 46
32.85087719298323 5
32.85087719298323 9
32.85087719298323 10
32.85087719298323 11
32.85087719298323 16
32.85087719298323 23
32.85087719298323 30
32.859649122807795 2
32.859649122807795 3
32.859649122807795 4
32.859649122807795 8
32.859649122807795 15
32.859649122807795 22
32.86842105263236 1
32.86842105263236 7
32.86842105263236 14
32.87719298245692 0
32.87719298245692 6
34.26315789473766 51
34.26315789473766 52
34.26315789473766 53
34.26315789473766 58
34.26315789473766 59
34.27192982456222 43
34.27192982456222 44
34.27192982456222 45
34.27192982456222 50
34.27192982456222 57
34.28070175438678 35
34.28070175438678 36
34.28070175438678 37
34.28070175438678 42
34.28070175438678 49
34.28070175438678 56
34.289473684211345 27
34.289473684211345 28
34.289473684211345 29
34.289473684211345 34
34.289473684211345 41
34.289473684211345 55
34.298245614035906 20
34.298245614035906 21
34.298245614035906 26
34.298245614035906 33
34.298245614035906 40
34.30701754386047 12
34.30701754386047 13
34.30701754386047 19
34.30701754386047 25
34.30701754386047 32
34.30701754386047 39
34.30701754386047 47
34.30701754386047 54
34.31578947368503 5
34.31578947368503 11
34.31578947368503 17
34.31578947368503 18
34.31578947368503 24
34.31578947368503 31
34.31578947368503 38
34.31578947368503 46
34.32456140350959 4
34.32456140350959 9
34.32456140350959 10
34.32456140350959 16
34.32456140350959 23
34.32456140350959 30
34.33333333333415 2
34.33333333333415 3
34.33333333333415 8
34.33333333333415 15
34.33333333333415 22
34.342105263158714 1
34.342105263158714 7
34.342105263158714 14
34.350877192983276 0
34.350877192983276 6
35.13157894736926 4
35.13157894736926 5
35.13157894736926 11
35.13157894736926 12
35.13157894736926 13
35.13157894736926 20
35.13157894736926 21
35.13157894736926 28
35.13157894736926 29
35.13157894736926 36
35.13157894736926 37
35.13157894736926 44
35.13157894736926 45
35.13157894736926 52
35.13157894736926 53
35.13157894736926 59
35.140350877193825 3
35.140350877193825 10
35.140350877193825 19
35.140350877193825 27
35.140350877193825 35
35.140350877193825 43
35.140350877193825 51
35.140350877193825 58
35.14912280701839 2
35.14912280701839 9
35.14912280701839 17
35.14912280701839 18
35.14912280701839 25
35.14912280701839 26
35.14912280701839 33
35.14912280701839 34
35.14912280701839 41
35.14912280701839 42
35.14912280701839 49
35.14912280701839 50
35.14912280701839 57
35.15789473684295 1
35.15789473684295 8
35.15789473684295 16
35.15789473684295 24
35.15789473684295 32
35.15789473684295 40
35.15789473684295 48
35.15789473684295 55
35.15789473684295 56
35.16666666666751 0
35.16666666666751 7
35.16666666666751 15
35.16666666666751 23
35.16666666666751 31
35.16666666666751 39
35.16666666666751 47
35.16666666666751 54
35.17543859649207 6
35.17543859649207 14
35.17543859649207 22
35.17543859649207 30
35.17543859649207 38
35.17543859649207 46
35.65789473684296 21
35.666666666667524 13
35.666666666667524 20
35.666666666667524 28
35.666666666667524 36
35.666666666667524 37
35.666666666667524 44
35.666666666667524 45
35.666666666667524 52
35.666666666667524 53
35.666666666667524 59
35.675438596492086 12
35.675438596492086 27
35.675438596492086 35
35.675438596492086 43
35.675438596492086 51
35.675438596492086 58
35.68421052631665 5
35.68421052631665 11
35.68421052631665 19
35.68421052631665 26
35.68421052631665 34
35.68421052631665 42
35.68421052631665 50
35.68421052631665 57
35.69298245614121 4
35.69298245614121 10
35.69298245614121 18
35.69298245614121 25
35.69298245614121 33
35.69298245614121 41
35.69298245614121 49
35.69298245614121 56
35.70175438596577 3
35.70175438596577 9
35.70175438596577 17
35.70175438596577 24
35.70175438596577 32
35.70175438596577 40
35.70175438596577 48
35.70175438596577 55
35.71052631579033 2
35.71052631579033 8
35.71052631579033 16
35.71052631579033 23
35.71052631579033 31
35.71052631579033 39
35.71052631579033 47
35.71052631579033 54
35.719298245614894 1
35.719298245614894 7
35.719298245614894 15
35.719298245614894 30
35.719298245614894 38
35.719298245614894 46
35.728070175439456 0
35.728070175439456 6
35.728070175439456 14
35.728070175439456 22
36.570175438597374 9
36.570175438597374 10
36.570175438597374 11
36.570175438597374 17
36.570175438597374 18
36.570175438597374 19
36.570175438597374 20
36.570175438597374 25
36.570175438597374 26
36.570175438597374 27
36.570175438597374 28
36.570175438597374 33
36.570175438597374 34
36.570175438597374 35
36.570175438597374 36
36.570175438597374 37
36.570175438597374 41
36.570175438597374 42
36.570175438597374 43
36.570175438597374 44
36.570175438597374 45
36.570175438597374 49
36.570175438597374 50
36.570175438597374 51
36.570175438597374 52
36.570175438597374 53
36.570175438597374 57
36.570175438597374 58
36.570175438597374 59
36.578947368421936 2
36.578947368421936 3
36.578947368421936 4
36.578947368421936 5
36.578947368421936 8
36.578947368421936 12
36.578947368421936 13
36.578947368421936 16
36.578947368421936 24
36.578947368421936 32
36.578947368421936 40
36.578947368421936 48
36.578947368421936 55
36.578947368421936 56
36.5877192982465 1
36.5877192982465 7
36.5877192982465 15
36.5877192982465 23
36.5877192982465 31
36.5877192982465 39
36.5877192982465 47
36.5877192982465 54
36.59649122807106 0
36.59649122807106 6
36.59649122807106 14
36.59649122807106 22
36.59649122807106 30
36.59649122807106 38
36.59649122807106 46
37.08771929824651 42
37.08771929824651 43
37.08771929824651 44
37.08771929824651 45
37.08771929824651 50
37.08771929824651 51
37.08771929824651 52
37.08771929824651 53
37.08771929824651 57
37.08771929824651 58
37.08771929824651 59
37.09649122807107 34
37.09649122807107 35
37.09649122807107 36
37.09649122807107 37
37.09649122807107 41
37.09649122807107 49
37.09649122807107 56
37.105263157895635 26
37.105263157895635 27
37.105263157895635 28
37.105263157895635 29
37.105263157895635 33
37.105263157895635 40
37.105263157895635 48
37.105263157895635 55
37.1140350877202 20
37.1140350877202 21
37.1140350877202 25
37.1140350877202 32
37.1140350877202 39
37.1140350877202 47
37.1140350877202 54
37.12280701754476 12
37.12280701754476 13
37.12280701754476 17
37.12280701754476 18
37.12280701754476 19
37.12280701754476 24
37.12280701754476 31
37.12280701754476 38
37.12280701754476 46
37.13157894736932 5
37.13157894736932 9
37.13157894736932 10
37.13157894736932 11
37.13157894736932 16
37.13157894736932 23
37.13157894736932 30
37.14035087719388 2
37.14035087719388 3
37.14035087719388 4
37.14035087719388 8
37.14035087719388 15
37.14035087719388 22
37.14912280701844 1
37.14912280701844 7
37.14912280701844 14
37.157894736843005 0
37.157894736843005 6
37.65789473684302 51
37.65789473684302 52
37.65789473684302 53
37.65789473684302 58
37.65789473684302 59
37.66666666666758 43
37.66666666666758 44
37.66666666666758 45
37.66666666666758 50
37.66666666666758 57
37.67543859649214 35
37.67543859649214 36
37.67543859649214 37
37.67543859649214 42
37.67543859649214 49
37.67543859649214 56
37.684210526316704 27
37.684210526316704 28
37.684210526316704 29
37.684210526316704 34
37.684210526316704 41
37.684210526316704 55
37.692982456141266 20
37.692982456141266 21
37.692982456141266 26
37.692982456141266 33
37.692982456141266 40
37.70175438596583 12
37.70175438596583 13
37.70175438596583 19
37.70175438596583 25
37.70175438596583 32
37.70175438596583 39
37.70175438596583 47
37.70175438596583 54
37.71052631579039 5
37.71052631579039 11
37.71052631579039 17
37.71052631579039 18
37.71052631579039 24
37.71052631579039 31
37.71052631579039 38
37.71052631579039 46
37.71929824561495 4
37.71929824561495 9
37.71929824561495 10
37.71929824561495 16
37.71929824561495 23
37.71929824561495 30
37.72807017543951 2
37.72807017543951 3
37.72807017543951 8
37.72807017543951 15
37.72807017543951 22
37.736842105264074 1
37.736842105264074 7
37.736842105264074 14
37.745614035088636 0
37.745614035088636 6
38.964912280702706 32
38.964912280702706 33
38.964912280702706 34
38.964912280702706 35
38.964912280702706 36
38.964912280702706 37
38.964912280702706 40
38.964912280702706 41
38.964912280702706 42
38.964912280702706 43
38.964912280702706 44
38.964912280702706 45
38.964912280702706 49
38.964912280702706 50
38.964912280702706 51
38.964912280702706 52
38.964912280702706 53
38.964912280702706 57
38.964912280702706 58
38.964912280702706 59
38.97368421052727 24
38.97368421052727 25
38.97368421052727 26
38.97368421052727 27
38.97368421052727 28
38.97368421052727 29
38.97368421052727 39
38.97368421052727 47
38.98245614035183 16
38.98245614035183 17
38.98245614035183 18
38.98245614035183 19
38.98245614035183 20
38.98245614035183 21
38.98245614035183 23
38.98245614035183 31
38.98245614035183 38
38.98245614035183 46
38.99122807017639 8
38.99122807017639 9
38.99122807017639 10
38.99122807017639 11
38.99122807017639 12
38.99122807017639 13
38.99122807017639 15
38.99122807017639 30
39.00000000000095 1
39.00000000000095 2
39.00000000000095 3
39.00000000000095 4
39.00000000000095 5
39.00000000000095 7
39.00000000000095 14
39.00000000000095 22
39.008771929825514 0
39.008771929825514 6
39.333333333334295 19
39.34210526315886 11
39.35087719298342 10
39.35087719298342 18
39.35087719298342 26
39.35087719298342 34
39.35964912280798 9
39.35964912280798 17
39.35964912280798 25
39.36842105263254 8
39.3771929824571 1
39.385964912281665 0
39.47368421052728 38
39.47368421052728 39
39.47368421052728 40
39.47368421052728 41
39.47368421052728 42
39.47368421052728 43
39.47368421052728 44
39.47368421052728 45
39.47368421052728 47
39.47368421052728 48
39.47368421052728 50
39.47368421052728 51
39.47368421052728 52
39.47368421052728 53
39.47368421052728 55
39.47368421052728 57
39.47368421052728 58
39.47368421052728 59
39.48245614035184 30
39.48245614035184 31
39.48245614035184 32
39.48245614035184 33
39.48245614035184 35
39.48245614035184 36
39.48245614035184 37
39.48245614035184 49
39.48245614035184 54
39.48245614035184 56
39.491228070176405 6
39.491228070176405 7
39.491228070176405 8
39.491228070176405 14
39.491228070176405 15
39.491228070176405 16
39.491228070176405 22
39.491228070176405 23
39.491228070176405 24
39.491228070176405 25
39.491228070176405 27
39.491228070176405 28
39.491228070176405 29
39.500000000000966 20
39.500000000000966 21
39.50877192982553 12
39.50877192982553 13
39.50877192982553 19
39.51754385965009 5
39.52631578947465 4
39.53508771929921 3
39.543859649123775 2
40.078947368422035 4
40.078947368422035 5
40.078947368422035 11
40.078947368422035 12
40.078947368422035 13
40.078947368422035 20
40.078947368422035 21
40.078947368422035 28
40.078947368422035 29
40.078947368422035 36
40.078947368422035 37
40.078947368422035 44
40.078947368422035 45
40.078947368422035 52
40.078947368422035 53
40.078947368422035 59
40.0877192982466 3
40.0877192982466 10
40.0877192982466 19
40.0877192982466 27
40.0877192982466 35
40.0877192982466 43
40.0877192982466 51
40.0877192982466 58
40.09649122807116 2
40.09649122807116 9
40.09649122807116 17
40.09649122807116 18
40.09649122807116 25
40.09649122807116 26
40.09649122807116 33
40.09649122807116 34
40.09649122807116 41
40.09649122807116 42
40.09649122807116 49
40.09649122807116 50
40.09649122807116 57
40.10526315789572 1
40.10526315789572 8
40.10526315789572 16
40.10526315789572 24
40.10526315789572 32
40.10526315789572 40
40.10526315789572 48
40.10526315789572 55
40.10526315789572 56
40.11403508772028 0
40.11403508772028 7
40.11403508772028 15
40.11403508772028 23
40.11403508772028 31
40.11403508772028 39
40.11403508772028 47
40.11403508772028 54
40.122807017544844 6
40.122807017544844 14
40.122807017544844 22
40.122807017544844 30
40.122807017544844 38
40.122807017544844 46
40.40350877193082 55
40.48245614035187 23
40.49122807017643 15
40.500000000000995 14
40.500000000000995 22
40.500000000000995 30
40.500000000000995 38
40.500000000000995 39
40.500000000000995 40
40.500000000000995 41
40.500000000000995 47
40.500000000000995 48
40.508771929825556 32
41.00877192982557 3
41.00877192982557 4
41.00877192982557 5
41.00877192982557 10
41.00877192982557 11
41.00877192982557 12
41.00877192982557 13
41.00877192982557 20
41.00877192982557 21
41.00877192982557 28
41.00877192982557 29
41.00877192982557 36
41.00877192982557 37
41.00877192982557 44
41.00877192982557 45
41.00877192982557 52
41.00877192982557 53
41.00877192982557 59
41.01754385965013 2
41.01754385965013 9
41.01754385965013 17
41.01754385965013 18
41.01754385965013 19
41.01754385965013 25
41.01754385965013 26
41.01754385965013 27
41.01754385965013 33
41.01754385965013 34
41.01754385965013 35
41.01754385965013 41
41.01754385965013 42
41.01754385965013 43
41.01754385965013 49
41.01754385965013 50
41.01754385965013 51
41.01754385965013 57
41.01754385965013 58
41.026315789474694 1
41.026315789474694 8
41.026315789474694 16
41.026315789474694 24
41.026315789474694 32
41.026315789474694 40
41.026315789474694 48
41.026315789474694 55
41.026315789474694 56
41.035087719299256 0
41.035087719299256 7
41.035087719299256 15
41.035087719299256 23
41.035087719299256 31
41.035087719299256 39
41.035087719299256 47
41.035087719299256 54
41.04385964912382 6
41.04385964912382 14
41.04385964912382 22
41.04385964912382 30
41.04385964912382 38
41.04385964912382 46
41.57894736842208 12
41.57894736842208 13
41.57894736842208 20
41.57894736842208 21
41.57894736842208 28
41.57894736842208 29
41.57894736842208 36
41.57894736842208 37
41.57894736842208 44
41.57894736842208 45
41.57894736842208 52
41.57894736842208 53
41.57894736842208 59
41.58771929824664 5
41.58771929824664 11
41.58771929824664 19
41.58771929824664 27
41.58771929824664 35
41.58771929824664 43
41.58771929824664 51
41.58771929824664 58
41.5964912280712 4
41.5964912280712 10
41.5964912280712 18
41.5964912280712 26
41.5964912280712 34
41.5964912280712 42
41.5964912280712 50
41.5964912280712 57
41.60526315789576 3
41.60526315789576 9
41.60526315789576 17
41.60526315789576 25
41.60526315789576 33
41.60526315789576 41
41.60526315789576 49
41.60526315789576 56
41.614035087720325 2
41.614035087720325 8
41.614035087720325 16
41.614035087720325 24
41.614035087720325 32
41.614035087720325 40
41.614035087720325 48
41.614035087720325 55
41.622807017544886 1
41.622807017544886 7
41.622807017544886 15
41.622807017544886 23
41.622807017544886 31
41.622807017544886 39
41.622807017544886 47
41.622807017544886 54
41.63157894736945 0
41.63157894736945 6
41.63157894736945 14
41.63157894736945 22
41.63157894736945 30
41.63157894736945 38
41.63157894736945 46
42.245614035088764 11
42.254385964913325 10
42.26315789473789 3
42.26315789473789 9
42.26315789473789 17
42.26315789473789 18
42.26315789473789 25
42.26315789473789 26
42.26315789473789 27
42.26315789473789 28
42.26315789473789 33
42.26315789473789 34
42.26315789473789 35
42.26315789473789 36
42.26315789473789 37
42.26315789473789 41
42.26315789473789 42
42.26315789473789 43
42.26315789473789 44
42.26315789473789 45
42.26315789473789 49
42.26315789473789 50
42.26315789473789 51
42.26315789473789 52
42.26315789473789 53
42.26315789473789 57
42.26315789473789 58
42.26315789473789 59
42.27192982456245 2
42.27192982456245 8
42.27192982456245 16
42.27192982456245 20
42.27192982456245 24
42.27192982456245 32
42.27192982456245 40
42.27192982456245 48
42.27192982456245 55
42.27192982456245 56
42.28070175438701 1
42.28070175438701 7
42.28070175438701 12
42.28070175438701 13
42.28070175438701 15
42.28070175438701 19
42.28070175438701 23
42.28070175438701 31
42.28070175438701 39
42.28070175438701 47
42.28070175438701 54
42.28947368421157 0
42.28947368421157 5
42.28947368421157 6
42.28947368421157 14
42.28947368421157 22
42.28947368421157 30
42.28947368421157 38
42.28947368421157 46
42.298245614036134 4
43.14035087719405 53
43.149122807018614 45
43.149122807018614 52
43.149122807018614 59
43.157894736843176 37
43.157894736843176 44
43.157894736843176 51
43.157894736843176 58
43.16666666666774 36
43.16666666666774 43
43.16666666666774 50
43.16666666666774 57
43.1754385964923 28
43.1754385964923 35
43.1754385964923 42
43.1754385964923 49
43.1754385964923 56
43.18421052631686 20
43.18421052631686 27
43.18421052631686 34
43.18421052631686 41
43.18421052631686 55
43.19298245614142 12
43.19298245614142 13
43.19298245614142 19
43.19298245614142 26
43.19298245614142 33
43.19298245614142 40
43.201754385965984 5
43.201754385965984 11
43.201754385965984 18
43.201754385965984 25
43.201754385965984 32
43.201754385965984 39
43.201754385965984 47
43.201754385965984 54
43.210526315790545 4
43.210526315790545 10
43.210526315790545 17
43.210526315790545 24
43.210526315790545 31
43.210526315790545 38
43.210526315790545 46
43.21929824561511 3
43.21929824561511 9
43.21929824561511 16
43.21929824561511 23
43.21929824561511 30
43.22807017543967 2
43.22807017543967 8
43.22807017543967 15
43.22807017543967 22
43.23684210526423 1
43.23684210526423 7
43.23684210526423 14
43.24561403508879 0
43.24561403508879 6
43.67543859649231 44
43.67543859649231 45
43.67543859649231 52
43.67543859649231 53
43.67543859649231 59
43.684210526316875 36
43.684210526316875 37
43.684210526316875 43
43.684210526316875 51
43.684210526316875 58
43.692982456141436 28
43.692982456141436 29
43.692982456141436 35
43.692982456141436 42
43.692982456141436 50
43.692982456141436 57
43.701754385966 20
43.701754385966 21
43.701754385966 27
43.701754385966 34
43.701754385966 41
43.701754385966 49
43.701754385966 56
43.71052631579056 12
43.71052631579056 13
43.71052631579056 19
43.71052631579056 26
43.71052631579056 33
43.71052631579056 40
43.71052631579056 48
43.71052631579056 55
43.71929824561512 5
43.71929824561512 11
43.71929824561512 18
43.71929824561512 25
43.71929824561512 32
43.71929824561512 39
43.71929824561512 47
43.71929824561512 54
43.72807017543968 4
43.72807017543968 10
43.72807017543968 17
43.72807017543968 24
43.72807017543968 31
43.72807017543968 38
43.72807017543968 46
43.736842105264245 3
43.736842105264245 9
43.736842105264245 16
43.736842105264245 23
43.736842105264245 30
43.745614035088806 2
43.745614035088806 8
43.745614035088806 15
43.745614035088806 22
43.75438596491337 1
43.75438596491337 7
43.75438596491337 14
43.76315789473793 0
43.76315789473793 6
44.78070175438708 55
45.13157894736955 54
45.13157894736955 55
45.14035087719411 47
45.14035087719411 48
45.14035087719411 49
45.14035087719411 50
45.14035087719411 51
45.14035087719411 52
45.14035087719411 53
45.14035087719411 57
45.14035087719411 58
45.14035087719411 59
45.14912280701867 39
45.14912280701867 40
45.14912280701867 41
45.14912280701867 42
45.14912280701867 43
45.14912280701867 44
45.14912280701867 45
45.15789473684323 32
45.15789473684323 33
45.15789473684323 34
45.15789473684323 35
45.15789473684323 36
45.15789473684323 37
45.15789473684323 38
45.166666666667794 24
45.166666666667794 25
45.166666666667794 26
45.166666666667794 27
45.166666666667794 28
45.166666666667794 29
45.166666666667794 30
45.166666666667794 31
45.175438596492356 16
45.175438596492356 17
45.175438596492356 18
45.175438596492356 19
45.175438596492356 20
45.175438596492356 21
45.175438596492356 23
45.18421052631692 8
45.18421052631692 9
45.18421052631692 10
45.18421052631692 11
45.18421052631692 12
45.18421052631692 13
45.18421052631692 15
45.18421052631692 22
45.19298245614148 1
45.19298245614148 2
45.19298245614148 3
45.19298245614148 4
45.19298245614148 5
45.19298245614148 7
45.19298245614148 14
45.20175438596604 0
45.20175438596604 6
45.868421052632726 15
45.868421052632726 16
45.868421052632726 17
45.868421052632726 23
45.868421052632726 24
45.868421052632726 25
45.868421052632726 26
45.868421052632726 27
45.868421052632726 28
45.868421052632726 32
45.868421052632726 33
45.868421052632726 34
45.868421052632726 35
45.868421052632726 36
45.868421052632726 37
45.868421052632726 40
45.868421052632726 41
45.868421052632726 42
45.868421052632726 43
45.868421052632726 44
45.868421052632726 45
45.868421052632726 49
45.868421052632726 50
45.868421052632726 51
45.868421052632726 52
45.868421052632726 53
45.868421052632726 57
45.868421052632726 58
45.868421052632726 59
45.87719298245729 7
45.87719298245729 8
45.87719298245729 9
45.87719298245729 10
45.87719298245729 11
45.87719298245729 14
45.87719298245729 18
45.87719298245729 19
45.87719298245729 20
45.87719298245729 22
45.87719298245729 30
45.87719298245729 31
45.87719298245729 38
45.87719298245729 39
45.87719298245729 47
45.88596491228185 0
45.88596491228185 1
45.88596491228185 2
45.88596491228185 3
45.88596491228185 4
45.88596491228185 5
45.88596491228185 6
45.88596491228185 12
45.88596491228185 13
46.500000000001165 1
46.500000000001165 2
46.500000000001165 3
46.500000000001165 4
46.500000000001165 5
46.500000000001165 8
46.500000000001165 9
46.500000000001165 10
46.500000000001165 11
46.500000000001165 12
46.500000000001165 13
46.500000000001165 16
46.500000000001165 17
46.500000000001165 18
46.500000000001165 19
46.500000000001165 20
46.500000000001165 21
46.500000000001165 24
46.500000000001165 25
46.500000000001165 26
46.500000000001165 27
46.500000000001165 28
46.500000000001165 29
46.500000000001165 32
46.500000000001165 33
46.500000000001165 34
46.500000000001165 35
46.500000000001165 36
46.500000000001165 37
46.500000000001165 40
46.500000000001165 41
46.500000000001165 42
46.500000000001165 43
46.500000000001165 44
46.500000000001165 45
46.500000000001165 49
46.500000000001165 50
46.500000000001165 51
46.500000000001165 52
46.500000000001165 53
46.500000000001165 57
46.500000000001165 58
46.500000000001165 59
46.50877192982573 0
46.50877192982573 7
46.50877192982573 15
46.50877192982573 23
46.50877192982573 31
46.50877192982573 39
46.50877192982573 47
46.51754385965029 6
46.51754385965029 14
46.51754385965029 22
46.51754385965029 30
46.51754385965029 38
46.51754385965029 46
47.6578947368433 6
47.6578947368433 7
47.6578947368433 8
47.6578947368433 9
47.6578947368433 10
47.6578947368433 11
47.6578947368433 14
47.6578947368433 15
47.6578947368433 16
47.6578947368433 17
47.6578947368433 18
47.6578947368433 19
47.6578947368433 20
47.6578947368433 23
47.6578947368433 24
47.6578947368433 25
47.6578947368433 26
47.6578947368433 27
47.6578947368433 28
47.6578947368433 32
47.6578947368433 33
47.6578947368433 34
47.6578947368433 35
47.6578947368433 36
47.6578947368433 37
47.6578947368433 40
47.6578947368433 41
47.6578947368433 42
47.6578947368433 43
47.6578947368433 44
47.6578947368433 45
47.6578947368433 49
47.6578947368433 50
47.6578947368433 51
47.6578947368433 52
47.6578947368433 53
47.6578947368433 57
47.6578947368433 58
47.6578947368433 59
47.666666666667865 0
47.666666666667865 1
47.666666666667865 2
47.666666666667865 3
47.666666666667865 4
47.666666666667865 5
47.666666666667865 12
47.666666666667865 13
47.666666666667865 22
47.666666666667865 30
47.666666666667865 31
47.666666666667865 38
47.666666666667865 39
47.666666666667865 47
48.06140350877314 38
48.06140350877314 39
48.06140350877314 40
48.06140350877314 41
48.06140350877314 47
48.06140350877314 48
48.06140350877314 55
48.0701754385977 30
48.0701754385977 32
48.0701754385977 54
48.298245614036304 0
48.298245614036304 1
48.298245614036304 2
48.298245614036304 3
48.298245614036304 4
48.298245614036304 5
48.298245614036304 7
48.298245614036304 8
48.298245614036304 9
48.298245614036304 10
48.298245614036304 11
48.298245614036304 12
48.298245614036304 13
48.298245614036304 15
48.298245614036304 16
48.298245614036304 17
48.298245614036304 18
48.298245614036304 19
48.298245614036304 20
48.298245614036304 21
48.298245614036304 23
48.298245614036304 24
48.298245614036304 25
48.298245614036304 26
48.298245614036304 27
48.298245614036304 28
48.298245614036304 29
48.298245614036304 32
48.298245614036304 33
48.298245614036304 34
48.298245614036304 35
48.298245614036304 36
48.298245614036304 37
48.298245614036304 41
48.298245614036304 42
48.298245614036304 43
48.298245614036304 44
48.298245614036304 45
48.298245614036304 49
48.298245614036304 50
48.298245614036304 51
48.298245614036304 52
48.298245614036304 53
48.298245614036304 57
48.298245614036304 58
48.298245614036304 59
48.307017543860866 6
48.307017543860866 14
48.307017543860866 22
48.307017543860866 30
48.307017543860866 31
48.307017543860866 38
48.82456140351 53
48.833333333334565 45
48.833333333334565 52
48.833333333334565 59
48.84210526315913 37
48.84210526315913 44
48.84210526315913 51
48.84210526315913 58
48.85087719298369 36
48.85087719298369 43
48.85087719298369 50
48.85087719298369 57
48.85964912280825 28
48.85964912280825 35
48.85964912280825 42
48.85964912280825 49
48.85964912280825 56
48.86842105263281 20
48.86842105263281 27
48.86842105263281 34
48.86842105263281 41
48.86842105263281 55
48.87719298245737 12
48.87719298245737 13
48.87719298245737 19
48.87719298245737 26
48.87719298245737 33
48.87719298245737 40
48.885964912281935 5
48.885964912281935 11
48.885964912281935 18
48.885964912281935 25
48.885964912281935 32
48.885964912281935 39
48.885964912281935 47
48.885964912281935 54
48.8947368421065 4
48.8947368421065 10
48.8947368421065 17
48.8947368421065 24
48.8947368421065 31
48.8947368421065 38
48.8947368421065 46
48.90350877193106 3
48.90350877193106 9
48.90350877193106 16
48.90350877193106 23
48.90350877193106 30
48.91228070175562 2
48.91228070175562 8
48.91228070175562 15
48.91228070175562 22
48.92105263158018 1
48.92105263158018 7
48.92105263158018 14
48.92982456140474 0
48.92982456140474 6
49.60526315789599 53
49.61403508772055 45
49.61403508772055 52
49.61403508772055 59
49.622807017545114 37
49.622807017545114 44
49.622807017545114 51
49.622807017545114 58
49.631578947369675 36
49.631578947369675 43
49.631578947369675 50
49.631578947369675 57
49.64035087719424 28
49.64035087719424 35
49.64035087719424 42
49.64035087719424 49
49.64035087719424 56
49.6491228070188 20
49.6491228070188 27
49.6491228070188 34
49.6491228070188 41
49.6491228070188 55
49.65789473684336 12
49.65789473684336 13
49.65789473684336 19
49.65789473684336 26
49.65789473684336 33
49.65789473684336 40
49.66666666666792 5
49.66666666666792 11
49.66666666666792 18
49.66666666666792 25
49.66666666666792 32
49.66666666666792 39
49.66666666666792 47
49.66666666666792 54
49.675438596492484 4
49.675438596492484 10
49.675438596492484 17
49.675438596492484 24
49.675438596492484 31
49.675438596492484 38
49.675438596492484 46
49.684210526317045 3
49.684210526317045 9
49.684210526317045 16
49.684210526317045 23
49.684210526317045 30
49.69298245614161 2
49.69298245614161 8
49.69298245614161 15
49.69298245614161 22
49.70175438596617 1
49.70175438596617 7
49.70175438596617 14
49.71052631579073 0
49.71052631579073 6
50.28070175438724 4
50.28070175438724 5
50.28070175438724 11
50.28070175438724 12
50.28070175438724 13
50.28070175438724 20
50.28070175438724 21
50.28070175438724 28
50.28070175438724 29
50.28070175438724 36
50.28070175438724 37
50.28070175438724 44
50.28070175438724 45
50.28070175438724 52
50.28070175438724 53
50.28070175438724 59
50.2894736842118 3
50.2894736842118 10
50.2894736842118 19
50.2894736842118 27
50.2894736842118 35
50.2894736842118 43
50.2894736842118 51
50.2894736842118 58
50.29824561403636 2
50.29824561403636 9
50.29824561403636 17
50.29824561403636 18
50.29824561403636 25
50.29824561403636 26
50.29824561403636 33
50.29824561403636 34
50.29824561403636 41
50.29824561403636 42
50.29824561403636 49
50.29824561403636 50
50.29824561403636 57
50.30701754386092 1
50.30701754386092 8
50.30701754386092 16
50.30701754386092 24
50.30701754386092 32
50.30701754386092 40
50.30701754386092 48
50.30701754386092 55
50.30701754386092 56
50.315789473685484 0
50.315789473685484 7
50.315789473685484 15
50.315789473685484 23
50.315789473685484 31
50.315789473685484 39
50.315789473685484 47
50.315789473685484 54
50.324561403510046 6
50.324561403510046 14
50.324561403510046 22
50.324561403510046 30
50.324561403510046 38
50.324561403510046 46
50.98245614035217 53
50.99122807017673 45
50.99122807017673 52
50.99122807017673 59
51.00000000000129 37
51.00000000000129 44
51.00000000000129 51
51.00000000000129 58
51.008771929825855 36
51.008771929825855 43
51.008771929825855 50
51.008771929825855 57
51.01754385965042 28
51.01754385965042 35
51.01754385965042 42
51.01754385965042 49
51.01754385965042 56
51.02631578947498 20
51.02631578947498 27
51.02631578947498 34
51.02631578947498 41
51.02631578947498 55
51.03508771929954 12
51.03508771929954 13
51.03508771929954 19
51.03508771929954 26
51.03508771929954 33
51.03508771929954 40
51.0438596491241 5
51.0438596491241 11
51.0438596491241 18
51.0438596491241 25
51.0438596491241 32
51.0438596491241 39
51.0438596491241 47
51.0438596491241 54
51.05263157894866 4
51.05263157894866 10
51.05263157894866 17
51.05263157894866 24
51.05263157894866 31
51.05263157894866 38
51.05263157894866 46
51.061403508773225 3
51.061403508773225 9
51.061403508773225 16
51.061403508773225 23
51.061403508773225 30
51.070175438597786 2
51.070175438597786 8
51.070175438597786 15
51.070175438597786 22
51.07894736842235 1
51.07894736842235 7
51.07894736842235 14
51.08771929824691 0
51.08771929824691 6
51.385964912282006 26
51.385964912282006 34
51.39473684210657 17
51.39473684210657 18
51.39473684210657 25
51.40350877193113 9
51.40350877193113 10
51.40350877193113 11
51.40350877193113 19
51.40350877193113 20
51.40350877193113 28
51.41228070175569 8
51.42105263158025 1
51.78947368421184 32
51.78947368421184 33
51.78947368421184 34
51.78947368421184 35
51.78947368421184 36
51.78947368421184 37
51.78947368421184 40
51.78947368421184 41
51.78947368421184 42
51.78947368421184 43
51.78947368421184 44
51.78947368421184 45
51.78947368421184 49
51.78947368421184 50
51.78947368421184 51
51.78947368421184 52
51.78947368421184 53
51.78947368421184 57
51.78947368421184 58
51.78947368421184 59
51.798245614036404 24
51.798245614036404 25
51.798245614036404 26
51.798245614036404 27
51.798245614036404 28
51.798245614036404 29
51.798245614036404 39
51.798245614036404 47
51.807017543860965 16
51.807017543860965 17
51.807017543860965 18
51.807017543860965 19
51.807017543860965 20
51.807017543860965 21
51.807017543860965 23
51.807017543860965 31
51.807017543860965 38
51.807017543860965 46
51.81578947368553 8
51.81578947368553 9
51.81578947368553 10
51.81578947368553 11
51.81578947368553 12
51.81578947368553 13
51.81578947368553 15
51.81578947368553 30
51.82456140351009 1
51.82456140351009 2
51.82456140351009 3
51.82456140351009 4
51.82456140351009 5
51.82456140351009 7
51.82456140351009 14
51.82456140351009 22
51.83333333333465 0
51.83333333333465 6
52.236842105264486 23
52.24561403508905 15
52.25438596491361 14
52.25438596491361 22
52.25438596491361 30
52.25438596491361 38
52.25438596491361 39
52.25438596491361 40
52.25438596491361 41
52.25438596491361 47
52.25438596491361 48
52.25438596491361 55
52.26315789473817 32
52.26315789473817 54
52.605263157896076 14
52.605263157896076 15
52.605263157896076 16
52.605263157896076 17
52.605263157896076 23
52.605263157896076 24
52.605263157896076 25
52.605263157896076 26
52.605263157896076 27
52.605263157896076 28
52.605263157896076 32
52.605263157896076 33
52.605263157896076 34
52.605263157896076 35
52.605263157896076 36
52.605263157896076 37
52.605263157896076 40
52.605263157896076 41
52.605263157896076 42
52.605263157896076 43
52.605263157896076 44
52.605263157896076 45
52.605263157896076 49
52.605263157896076 50
52.605263157896076 51
52.605263157896076 52
52.605263157896076 53
52.605263157896076 57
52.605263157896076 58
52.605263157896076 59
52.61403508772064 6
52.61403508772064 7
52.61403508772064 8
52.61403508772064 9
52.61403508772064 10
52.61403508772064 11
52.61403508772064 18
52.61403508772064 19
52.61403508772064 20
52.61403508772064 22
52.61403508772064 30
52.61403508772064 31
52.61403508772064 38
52.61403508772064 39
52.61403508772064 47
52.6228070175452 0
52.6228070175452 1
52.6228070175452 2
52.6228070175452 3
52.6228070175452 4
52.6228070175452 5
52.6228070175452 12
52.6228070175452 13
53.21052631579083 42
53.21052631579083 43
53.21052631579083 44
53.21052631579083 45
53.21052631579083 50
53.21052631579083 51
53.21052631579083 52
53.21052631579083 53
53.21052631579083 57
53.21052631579083 58
53.21052631579083 59
53.21929824561539 34
53.21929824561539 35
53.21929824561539 36
53.21929824561539 37
53.21929824561539 41
53.21929824561539 49
53.21929824561539 56
53.22807017543995 26
53.22807017543995 27
53.22807017543995 28
53.22807017543995 29
53.22807017543995 33
53.22807017543995 40
53.22807017543995 48
53.22807017543995 55
53.236842105264515 20
53.236842105264515 21
53.236842105264515 25
53.236842105264515 32
53.236842105264515 39
53.236842105264515 47
53.236842105264515 54
53.245614035089076 12
53.245614035089076 13
53.245614035089076 17
53.245614035089076 18
53.245614035089076 19
53.245614035089076 24
53.245614035089076 31
53.245614035089076 38
53.245614035089076 46
53.25438596491364 5
53.25438596491364 9
53.25438596491364 10
53.25438596491364 11
53.25438596491364 16
53.25438596491364 23
53.25438596491364 30
53.2631578947382 2
53.2631578947382 3
53.2631578947382 4
53.2631578947382 8
53.2631578947382 15
53.2631578947382 22
53.27192982456276 1
53.27192982456276 7
53.27192982456276 14
53.28070175438732 0
53.28070175438732 6
53.771929824562775 12
53.771929824562775 13
53.771929824562775 20
53.771929824562775 21
53.771929824562775 28
53.771929824562775 29
53.771929824562775 36
53.771929824562775 37
53.771929824562775 44
53.771929824562775 45
53.771929824562775 52
53.771929824562775 53
53.771929824562775 59
53.78070175438734 5
53.78070175438734 11
53.78070175438734 19
53.78070175438734 27
53.78070175438734 35
53.78070175438734 43
53.78070175438734 51
53.78070175438734 58
53.7894736842119 4
53.7894736842119 10
53.7894736842119 18
53.7894736842119 26
53.7894736842119 34
53.7894736842119 42
53.7894736842119 50
53.7894736842119 57
53.79824561403646 3
53.79824561403646 9
53.79824561403646 17
53.79824561403646 25
53.79824561403646 33
53.79824561403646 41
53.79824561403646 49
53.79824561403646 56
53.80701754386102 2
53.80701754386102 8
53.80701754386102 16
53.80701754386102 24
53.80701754386102 32
53.80701754386102 40
53.80701754386102 48
53.80701754386102 55
53.815789473685584 1
53.815789473685584 7
53.815789473685584 15
53.815789473685584 23
53.815789473685584 31
53.815789473685584 39
53.815789473685584 47
53.815789473685584 54
53.824561403510145 0
53.824561403510145 6
53.824561403510145 14
53.824561403510145 22
53.824561403510145 30
53.824561403510145 38
53.824561403510145 46
55.315789473685626 29
55.315789473685626 37
55.315789473685626 45
55.315789473685626 53
55.32456140351019 28
55.32456140351019 36
55.32456140351019 44
55.32456140351019 52
55.32456140351019 59
55.33333333333475 20
55.33333333333475 27
55.33333333333475 35
55.33333333333475 43
55.33333333333475 51
55.33333333333475 58
55.34210526315931 12
55.34210526315931 13
55.34210526315931 19
55.34210526315931 26
55.34210526315931 34
55.34210526315931 42
55.34210526315931 50
55.34210526315931 57
55.35087719298387 5
55.35087719298387 11
55.35087719298387 18
55.35087719298387 25
55.35087719298387 33
55.35087719298387 41
55.35087719298387 49
55.35087719298387 56
55.359649122808435 4
55.359649122808435 10
55.359649122808435 17
55.359649122808435 24
55.359649122808435 32
55.359649122808435 40
55.359649122808435 48
55.359649122808435 55
55.368421052632996 3
55.368421052632996 9
55.368421052632996 16
55.368421052632996 23
55.368421052632996 31
55.368421052632996 39
55.368421052632996 47
55.368421052632996 54
55.37719298245756 2
55.37719298245756 8
55.37719298245756 15
55.37719298245756 30
55.37719298245756 38
55.37719298245756 46
55.38596491228212 1
55.38596491228212 7
55.38596491228212 14
55.38596491228212 22
55.39473684210668 0
55.39473684210668 6
56.72807017544005 3
56.72807017544005 4
56.72807017544005 5
56.72807017544005 10
56.72807017544005 11
56.72807017544005 12
56.72807017544005 13
56.72807017544005 20
56.72807017544005 21
56.72807017544005 28
56.72807017544005 29
56.72807017544005 36
56.72807017544005 37
56.72807017544005 44
56.72807017544005 45
56.72807017544005 52
56.72807017544005 53
56.72807017544005 59
56.736842105264614 2
56.736842105264614 9
56.736842105264614 17
56.736842105264614 18
56.736842105264614 19
56.736842105264614 25
56.736842105264614 26
56.736842105264614 27
56.736842105264614 33
56.736842105264614 34
56.736842105264614 35
56.736842105264614 41
56.736842105264614 42
56.736842105264614 43
56.736842105264614 49
56.736842105264614 50
56.736842105264614 51
56.736842105264614 57
56.736842105264614 58
56.745614035089176 1
56.745614035089176 8
56.745614035089176 16
56.745614035089176 24
56.745614035089176 32
56.745614035089176 40
56.745614035089176 48
56.745614035089176 55
56.745614035089176 56
56.75438596491374 0
56.75438596491374 7
56.75438596491374 15
56.75438596491374 23
56.75438596491374 31
56.75438596491374 39
56.75438596491374 47
56.75438596491374 54
56.7631578947383 6
56.7631578947383 14
56.7631578947383 22
56.7631578947383 30
56.7631578947383 38
56.7631578947383 46
57.60526315789622 6
57.60526315789622 7
57.60526315789622 8
57.60526315789622 9
57.60526315789622 10
57.60526315789622 11
57.60526315789622 14
57.60526315789622 15
57.60526315789622 16
57.60526315789622 17
57.60526315789622 18
57.60526315789622 19
57.60526315789622 20
57.60526315789622 23
57.60526315789622 24
57.60526315789622 25
57.60526315789622 26
57.60526315789622 27
57.60526315789622 28
57.60526315789622 32
57.60526315789622 33
57.60526315789622 34
57.60526315789622 35
57.60526315789622 36
57.60526315789622 37
57.60526315789622 40
57.60526315789622 41
57.60526315789622 42
57.60526315789622 43
57.60526315789622 44
57.60526315789622 45
57.60526315789622 49
57.60526315789622 50
57.60526315789622 51
57.60526315789622 52
57.60526315789622 53
57.60526315789622 57
57.60526315789622 58
57.60526315789622 59
57.61403508772078 0
57.61403508772078 1
57.61403508772078 2
57.61403508772078 3
57.61403508772078 4
57.61403508772078 5
57.61403508772078 12
57.61403508772078 13
57.61403508772078 22
57.61403508772078 30
57.61403508772078 31
57.61403508772078 38
57.61403508772078 39
57.61403508772078 47
58.447368421054136 36
58.447368421054136 37
58.447368421054136 44
58.447368421054136 45
58.447368421054136 52
58.447368421054136 53
58.447368421054136 59
58.4561403508787 28
58.4561403508787 29
58.4561403508787 35
58.4561403508787 43
58.4561403508787 51
58.4561403508787 58
58.46491228070326 20
58.46491228070326 21
58.46491228070326 27
58.46491228070326 34
58.46491228070326 42
58.46491228070326 50
58.46491228070326 57
58.47368421052782 12
58.47368421052782 13
58.47368421052782 19
58.47368421052782 26
58.47368421052782 33
58.47368421052782 41
58.47368421052782 49
58.47368421052782 56
58.48245614035238 5
58.48245614035238 11
58.48245614035238 18
58.48245614035238 25
58.48245614035238 32
58.48245614035238 40
58.48245614035238 48
58.48245614035238 55
58.491228070176945 4
58.491228070176945 10
58.491228070176945 17
58.491228070176945 24
58.491228070176945 39
58.491228070176945 39
58.491228070176945 47
58.491228070176945 54
58.500000000001506 3
58.500000000001506 9
58.500000000001506 16
58.500000000001506 23
58.500000000001506 31
58.500000000001506 38
58.500000000001506 46
58.50877192982607 2
58.50877192982607 8
58.50877192982607 15
58.50877192982607 30
58.51754385965063 1
58.51754385965063 7
58.51754385965063 14
58.51754385965063 22
58.52631578947519 0
58.52631578947519 6
59.15789473684363 16
59.15789473684363 17
59.15789473684363 24
59.15789473684363 25
59.15789473684363 26
59.15789473684363 27
59.15789473684363 28
59.15789473684363 32
59.15789473684363 33
59.15789473684363 34
59.15789473684363 35
59.15789473684363 36
59.15789473684363 37
59.15789473684363 40
59.15789473684363 41
59.15789473684363 42
59.15789473684363 43
59.15789473684363 44
59.15789473684363 45
59.15789473684363 49
59.15789473684363 50
59.15789473684363 51
59.15789473684363 52
59.15789473684363 53
59.15789473684363 57
59.15789473684363 58
59.15789473684363 59
59.16666666666819 8
59.16666666666819 9
59.16666666666819 10
59.16666666666819 11
59.16666666666819 18
59.16666666666819 19
59.16666666666819 20
59.16666666666819 23
59.16666666666819 31
59.16666666666819 39
59.16666666666819 47
59.175438596492754 1
59.175438596492754 2
59.175438596492754 3
59.175438596492754 4
59.175438596492754 5
59.175438596492754 7
59.175438596492754 12
59.175438596492754 13
59.175438596492754 15
59.175438596492754 30
59.175438596492754 38
59.175438596492754 46
59.184210526317315 0
59.184210526317315 6
59.184210526317315 14
59.184210526317315 22
59.57894736842259 47
59.58771929824715 39
59.58771929824715 40
59.58771929824715 41
59.58771929824715 41
59.59649122807171 32
59.59649122807171 38
59.605263157896275 30
59.64035087719452 57
59.64035087719452 58
59.64035087719452 59
59.64912280701908 50
59.64912280701908 51
59.64912280701908 52
59.64912280701908 53
59.657894736843645 43
59.657894736843645 44
59.657894736843645 45
59.666666666668206 35
59.666666666668206 36
59.666666666668206 37
59.666666666668206 42
59.67543859649277 27
59.67543859649277 28
59.67543859649277 29
59.67543859649277 34
59.68421052631733 20
59.68421052631733 21
59.68421052631733 26
59.68421052631733 33
59.69298245614189 12
59.69298245614189 13
59.69298245614189 19
59.69298245614189 25
59.69298245614189 32
59.70175438596645 5
59.70175438596645 11
59.70175438596645 17
59.70175438596645 18
59.70175438596645 24
59.710526315791014 4
59.710526315791014 9
59.710526315791014 10
59.710526315791014 16
59.710526315791014 23
59.710526315791014 31
59.719298245615576 2
59.719298245615576 3
59.719298245615576 8
59.719298245615576 15
59.72807017544014 1
59.72807017544014 7
59.72807017544014 14
59.72807017544014 22
59.7368421052647 0
59.7368421052647 6
59.93859649122962 44
