0.40350877192982504 4
0.40350877192982504 5
0.40350877192982504 11
0.40350877192982504 12
0.40350877192982504 13
0.40350877192982504 20
0.40350877192982504 21
0.40350877192982504 28
0.40350877192982504 29
0.40350877192982504 36
0.40350877192982504 37
0.40350877192982504 44
0.40350877192982504 45
0.40350877192982504 53
0.41228070175438647 3
0.41228070175438647 10
0.41228070175438647 19
0.41228070175438647 27
0.41228070175438647 35
0.41228070175438647 43
0.41228070175438647 51
0.41228070175438647 52
0.41228070175438647 58
0.41228070175438647 59
0.4210526315789479 2
0.4210526315789479 9
0.4210526315789479 17
0.4210526315789479 18
0.4210526315789479 25
0.4210526315789479 26
0.4210526315789479 33
0.4210526315789479 34
0.4210526315789479 41
0.4210526315789479 42
0.4210526315789479 49
0.4210526315789479 50
0.4210526315789479 57
0.42982456140350933 1
0.42982456140350933 8
0.42982456140350933 16
0.42982456140350933 24
0.42982456140350933 32
0.42982456140350933 40
0.42982456140350933 48
0.43859649122807076 0
0.43859649122807076 7
0.43859649122807076 15
0.43859649122807076 23
0.43859649122807076 31
0.43859649122807076 39
0.43859649122807076 47
0.4473684210526322 6
0.4473684210526322 14
0.4473684210526322 22
0.4473684210526322 30
0.4473684210526322 38
0.4473684210526322 46
0.6140350877192994 8
0.6228070175438608 1
1.157894736842108 2
1.157894736842108 3
1.157894736842108 9
1.157894736842108 10
1.157894736842108 11
1.157894736842108 17
1.157894736842108 18
1.157894736842108 19
1.157894736842108 20
1.157894736842108 25
1.157894736842108 26
1.157894736842108 27
1.157894736842108 28
1.157894736842108 33
1.157894736842108 34
1.157894736842108 35
1.157894736842108 36
1.157894736842108 37
1.157894736842108 41
1.157894736842108 42
1.157894736842108 43
1.157894736842108 44
1.157894736842108 45
1.157894736842108 49
1.157894736842108 50
1.157894736842108 51
1.157894736842108 52
1.157894736842108 53
1.157894736842108 57
1.157894736842108 58
1.157894736842108 59
1.1666666666666694 1
1.1666666666666694 8
1.1666666666666694 16
1.1666666666666694 24
1.1666666666666694 32
1.1666666666666694 40
1.1666666666666694 48
1.1754385964912308 0
1.1754385964912308 7
1.1754385964912308 15
1.1754385964912308 23
1.1754385964912308 31
1.1754385964912308 39
1.1754385964912308 47
1.1842105263157923 6
1.1842105263157923 14
1.1842105263157923 22
1.1842105263157923 30
1.1842105263157923 38
1.1842105263157923 46
1.991228070175444 32
1.991228070175444 33
1.991228070175444 40
1.991228070175444 41
1.991228070175444 42
1.991228070175444 43
1.991228070175444 44
1.991228070175444 45
1.991228070175444 49
1.991228070175444 50
1.991228070175444 51
1.991228070175444 52
1.991228070175444 53
1.991228070175444 57
1.991228070175444 58
1.991228070175444 59
2.0000000000000053 24
2.0000000000000053 25
2.0000000000000053 26
2.0000000000000053 27
2.0000000000000053 28
2.0000000000000053 35
2.0000000000000053 36
2.0000000000000053 37
2.0000000000000053 39
2.0000000000000053 47
2.0087719298245665 16
2.0087719298245665 17
2.0087719298245665 18
2.0087719298245665 19
2.0087719298245665 20
2.0087719298245665 23
2.0087719298245665 31
2.0087719298245665 38
2.0087719298245665 46
2.0175438596491277 8
2.0175438596491277 9
2.0175438596491277 10
2.0175438596491277 11
2.0175438596491277 12
2.0175438596491277 13
2.0175438596491277 15
2.0175438596491277 15
2.0175438596491277 30
2.026315789473689 1
2.026315789473689 2
2.026315789473689 3
2.026315789473689 4
2.026315789473689 5
2.026315789473689 7
2.026315789473689 14
2.026315789473689 22
2.03508771929825 0
2.03508771929825 6
2.456140350877188 25
2.456140350877188 26
2.456140350877188 27
2.456140350877188 28
2.456140350877188 35
2.456140350877188 43
2.456140350877188 44
2.456140350877188 45
2.456140350877188 51
2.456140350877188 52
2.456140350877188 53
2.456140350877188 58
2.456140350877188 59
2.4649122807017494 17
2.4649122807017494 18
2.4649122807017494 19
2.4649122807017494 20
2.4649122807017494 37
2.4649122807017494 50
2.4649122807017494 57
2.4736842105263106 9
2.4736842105263106 10
2.4736842105263106 11
2.4736842105263106 36
2.4736842105263106 56
2.482456140350872 3
2.482456140350872 4
2.482456140350872 5
2.482456140350872 8
2.482456140350872 55
2.491228070175433 1
2.491228070175433 2
2.491228070175433 7
2.4999999999999942 0
3.298245614035064 1
3.298245614035064 2
3.298245614035064 3
3.298245614035064 8
3.298245614035064 9
3.298245614035064 10
3.298245614035064 11
3.298245614035064 16
3.298245614035064 17
3.298245614035064 18
3.298245614035064 19
3.298245614035064 20
3.298245614035064 24
3.298245614035064 25
3.298245614035064 26
3.298245614035064 27
3.298245614035064 28
3.298245614035064 32
3.298245614035064 33
3.298245614035064 34
3.298245614035064 35
3.298245614035064 36
3.298245614035064 37
3.298245614035064 40
3.298245614035064 41
3.298245614035064 42
3.298245614035064 43
3.298245614035064 44
3.298245614035064 45
3.298245614035064 49
3.298245614035064 50
3.298245614035064 51
3.298245614035064 52
3.298245614035064 53
3.298245614035064 57
3.298245614035064 58
3.298245614035064 59
3.3070175438596254 0
3.3070175438596254 7
3.3070175438596254 15
3.3070175438596254 23
3.3070175438596254 31
3.3070175438596254 39
3.3070175438596254 47
3.3157894736841866 6
3.3157894736841866 14
3.3157894736841866 22
3.3157894736841866 30
3.3157894736841866 38
3.3157894736841866 46
3.5526315789473393 59
4.456140350877167 54
4.596491228070153 13
4.605263157894715 12
4.605263157894715 20
4.605263157894715 28
4.605263157894715 36
4.605263157894715 37
4.605263157894715 44
4.605263157894715 45
4.605263157894715 53
4.614035087719277 5
4.614035087719277 11
4.614035087719277 19
4.614035087719277 27
4.614035087719277 35
4.614035087719277 43
4.614035087719277 51
4.614035087719277 52
4.614035087719277 58
4.614035087719277 59
4.622807017543838 4
4.622807017543838 10
4.622807017543838 18
4.622807017543838 26
4.622807017543838 34
4.622807017543838 42
4.622807017543838 50
4.622807017543838 57
4.6315789473684 3
4.6315789473684 9
4.6315789473684 17
4.6315789473684 25
4.6315789473684 33
4.6315789473684 41
4.6315789473684 49
4.6315789473684 56
4.640350877192962 2
4.640350877192962 8
4.640350877192962 16
4.640350877192962 24
4.640350877192962 32
4.640350877192962 40
4.640350877192962 48
4.640350877192962 55
4.649122807017523 1
4.649122807017523 7
4.649122807017523 15
4.649122807017523 23
4.649122807017523 31
4.649122807017523 39
4.649122807017523 47
4.657894736842085 0
4.657894736842085 6
4.657894736842085 14
4.657894736842085 22
4.657894736842085 30
4.657894736842085 38
4.657894736842085 46
5.201754385964907 25
5.201754385964907 26
5.201754385964907 27
5.201754385964907 28
5.201754385964907 33
5.201754385964907 34
5.201754385964907 35
5.201754385964907 36
5.201754385964907 37
5.201754385964907 41
5.201754385964907 42
5.201754385964907 43
5.201754385964907 44
5.201754385964907 45
5.201754385964907 49
5.201754385964907 50
5.201754385964907 51
5.201754385964907 52
5.201754385964907 53
5.201754385964907 57
5.201754385964907 58
5.201754385964907 59
5.210526315789469 17
5.210526315789469 18
5.210526315789469 19
5.210526315789469 20
5.210526315789469 24
5.210526315789469 32
5.210526315789469 40
5.210526315789469 48
5.219298245614031 9
5.219298245614031 10
5.219298245614031 11
5.219298245614031 12
5.219298245614031 13
5.219298245614031 16
5.219298245614031 23
5.219298245614031 31
5.219298245614031 39
5.219298245614031 47
5.228070175438592 2
5.228070175438592 3
5.228070175438592 4
5.228070175438592 5
5.228070175438592 8
5.228070175438592 15
5.228070175438592 30
5.228070175438592 38
5.228070175438592 46
5.236842105263154 1
5.236842105263154 7
5.236842105263154 14
5.236842105263154 22
5.245614035087716 0
5.245614035087716 6
5.807017543859661 41
5.807017543859661 42
5.807017543859661 43
5.807017543859661 44
5.807017543859661 45
5.807017543859661 49
5.807017543859661 50
5.807017543859661 51
5.807017543859661 52
5.807017543859661 53
5.807017543859661 57
5.807017543859661 58
5.807017543859661 59
5.815789473684223 33
5.815789473684223 34
5.815789473684223 35
5.815789473684223 36
5.815789473684223 37
5.815789473684223 40
5.815789473684223 48
5.824561403508785 25
5.824561403508785 26
5.824561403508785 27
5.824561403508785 28
5.824561403508785 29
5.824561403508785 32
5.824561403508785 39
5.824561403508785 47
5.833333333333346 17
5.833333333333346 18
5.833333333333346 19
5.833333333333346 20
5.833333333333346 21
5.833333333333346 24
5.833333333333346 31
5.833333333333346 38
5.833333333333346 46
5.842105263157908 9
5.842105263157908 10
5.842105263157908 11
5.842105263157908 12
5.842105263157908 13
5.842105263157908 16
5.842105263157908 23
5.842105263157908 30
5.85087719298247 2
5.85087719298247 3
5.85087719298247 4
5.85087719298247 5
5.85087719298247 8
5.85087719298247 15
5.85087719298247 22
5.859649122807031 1
5.859649122807031 7
5.859649122807031 14
5.868421052631593 0
5.868421052631593 6
5.912280701754401 25
6.885964912280745 25
6.885964912280745 26
6.885964912280745 27
6.885964912280745 28
6.885964912280745 33
6.885964912280745 34
6.885964912280745 35
6.885964912280745 36
6.885964912280745 37
6.885964912280745 41
6.885964912280745 42
6.885964912280745 43
6.885964912280745 44
6.885964912280745 45
6.885964912280745 49
6.885964912280745 50
6.885964912280745 51
6.885964912280745 52
6.885964912280745 53
6.885964912280745 57
6.885964912280745 58
6.885964912280745 59
6.894736842105306 17
6.894736842105306 18
6.894736842105306 19
6.894736842105306 20
6.894736842105306 24
6.894736842105306 32
6.894736842105306 40
6.894736842105306 48
6.903508771929868 9
6.903508771929868 10
6.903508771929868 11
6.903508771929868 12
6.903508771929868 13
6.903508771929868 16
6.903508771929868 23
6.903508771929868 31
6.903508771929868 39
6.903508771929868 47
6.91228070175443 2
6.91228070175443 3
6.91228070175443 4
6.91228070175443 5
6.91228070175443 8
6.91228070175443 15
6.91228070175443 30
6.91228070175443 38
6.91228070175443 46
6.921052631578991 1
6.921052631578991 7
6.921052631578991 14
6.921052631578991 22
6.929824561403553 0
6.929824561403553 6
7.289473684210581 32
7.289473684210581 40
7.289473684210581 41
7.298245614035142 39
7.298245614035142 47
7.307017543859704 38
7.307017543859704 46
7.315789473684266 30
7.71052631578954 35
7.71052631578954 36
7.71052631578954 37
7.71052631578954 43
7.71052631578954 44
7.71052631578954 45
7.71052631578954 51
7.71052631578954 52
7.71052631578954 53
7.71052631578954 58
7.71052631578954 59
7.719298245614102 27
7.719298245614102 28
7.719298245614102 29
7.719298245614102 42
7.719298245614102 50
7.719298245614102 57
7.728070175438663 20
7.728070175438663 21
7.728070175438663 26
7.728070175438663 41
7.728070175438663 49
7.728070175438663 56
7.736842105263225 13
7.736842105263225 19
7.736842105263225 25
7.736842105263225 33
7.736842105263225 40
7.736842105263225 48
7.736842105263225 55
7.745614035087787 11
7.745614035087787 12
7.745614035087787 17
7.745614035087787 18
7.745614035087787 24
7.745614035087787 32
7.745614035087787 39
7.745614035087787 47
7.745614035087787 54
7.754385964912348 5
7.754385964912348 9
7.754385964912348 10
7.754385964912348 16
7.754385964912348 23
7.754385964912348 31
7.754385964912348 38
7.754385964912348 46
7.76315789473691 2
7.76315789473691 3
7.76315789473691 8
7.76315789473691 15
7.76315789473691 30
7.771929824561472 1
7.771929824561472 7
7.771929824561472 7
7.771929824561472 14
7.771929824561472 22
7.780701754386033 0
7.780701754386033 6
8.29824561403517 35
8.29824561403517 36
8.29824561403517 37
8.29824561403517 43
8.29824561403517 44
8.29824561403517 45
8.29824561403517 51
8.29824561403517 52
8.29824561403517 53
8.29824561403517 58
8.29824561403517 59
8.307017543859732 27
8.307017543859732 28
8.307017543859732 29
8.307017543859732 42
8.307017543859732 50
8.307017543859732 57
8.315789473684294 20
8.315789473684294 21
8.315789473684294 26
8.315789473684294 41
8.315789473684294 49
8.315789473684294 56
8.324561403508856 13
8.324561403508856 19
8.324561403508856 25
8.324561403508856 33
8.324561403508856 40
8.324561403508856 48
8.324561403508856 55
8.333333333333417 11
8.333333333333417 12
8.333333333333417 17
8.333333333333417 18
8.333333333333417 24
8.333333333333417 32
8.333333333333417 39
8.333333333333417 47
8.333333333333417 54
8.342105263157979 5
8.342105263157979 9
8.342105263157979 10
8.342105263157979 16
8.342105263157979 23
8.342105263157979 31
8.342105263157979 38
8.342105263157979 46
8.35087719298254 2
8.35087719298254 3
8.35087719298254 8
8.35087719298254 15
8.35087719298254 30
8.359649122807102 1
8.359649122807102 7
8.359649122807102 14
8.359649122807102 22
8.368421052631664 0
8.368421052631664 6
8.701754385965007 23
8.859649122807117 41
8.859649122807117 42
8.859649122807117 43
8.859649122807117 44
8.859649122807117 45
8.859649122807117 49
8.859649122807117 50
8.859649122807117 51
8.859649122807117 52
8.859649122807117 53
8.859649122807117 57
8.859649122807117 58
8.859649122807117 59
8.868421052631678 33
8.868421052631678 34
8.868421052631678 35
8.868421052631678 36
8.868421052631678 37
8.868421052631678 40
8.868421052631678 48
8.87719298245624 25
8.87719298245624 26
8.87719298245624 27
8.87719298245624 28
8.87719298245624 29
8.87719298245624 32
8.87719298245624 39
8.87719298245624 47
8.885964912280802 17
8.885964912280802 18
8.885964912280802 19
8.885964912280802 20
8.885964912280802 21
8.885964912280802 24
8.885964912280802 31
8.885964912280802 38
8.885964912280802 46
8.894736842105363 9
8.894736842105363 10
8.894736842105363 11
8.894736842105363 12
8.894736842105363 13
8.894736842105363 16
8.894736842105363 30
8.903508771929925 2
8.903508771929925 3
8.903508771929925 4
8.903508771929925 5
8.903508771929925 8
8.912280701754487 1
8.912280701754487 7
8.912280701754487 15
8.921052631579048 0
8.921052631579048 6
8.921052631579048 14
8.921052631579048 22
9.052631578947473 51
9.166666666666774 15
9.166666666666774 23
9.175438596491336 14
9.175438596491336 22
9.175438596491336 30
9.175438596491336 38
9.631578947368542 7
9.631578947368542 8
9.631578947368542 9
9.631578947368542 10
9.631578947368542 11
9.631578947368542 16
9.631578947368542 17
9.631578947368542 18
9.631578947368542 19
9.631578947368542 20
9.631578947368542 24
9.631578947368542 25
9.631578947368542 26
9.631578947368542 27
9.631578947368542 28
9.631578947368542 32
9.631578947368542 33
9.631578947368542 34
9.631578947368542 35
9.631578947368542 36
9.631578947368542 37
9.631578947368542 40
9.631578947368542 41
9.631578947368542 42
9.631578947368542 43
9.631578947368542 44
9.631578947368542 45
9.631578947368542 49
9.631578947368542 50
9.631578947368542 51
9.631578947368542 52
9.631578947368542 53
9.631578947368542 57
9.631578947368542 58
9.631578947368542 59
9.640350877193104 0
9.640350877193104 1
9.640350877193104 2
9.640350877193104 3
9.640350877193104 4
9.640350877193104 5
9.640350877193104 6
9.640350877193104 12
9.640350877193104 13
9.640350877193104 14
9.640350877193104 15
9.640350877193104 23
9.640350877193104 31
9.640350877193104 39
9.640350877193104 47
9.649122807017665 22
9.649122807017665 30
9.649122807017665 38
9.649122807017665 46
10.464912280701899 58
10.464912280701899 59
10.47368421052646 51
10.47368421052646 52
10.47368421052646 53
10.47368421052646 57
10.482456140351022 43
10.482456140351022 44
10.482456140351022 45
10.482456140351022 50
10.482456140351022 56
10.491228070175584 35
10.491228070175584 36
10.491228070175584 37
10.491228070175584 42
10.491228070175584 49
10.491228070175584 55
10.500000000000146 27
10.500000000000146 28
10.500000000000146 29
10.500000000000146 34
10.500000000000146 41
10.500000000000146 48
10.508771929824707 20
10.508771929824707 21
10.508771929824707 26
10.508771929824707 33
10.508771929824707 40
10.517543859649269 13
10.517543859649269 19
10.517543859649269 25
10.517543859649269 32
10.517543859649269 39
10.52631578947383 11
10.52631578947383 12
10.52631578947383 17
10.52631578947383 18
10.52631578947383 24
10.52631578947383 31
10.52631578947383 38
10.535087719298392 5
10.535087719298392 9
10.535087719298392 10
10.535087719298392 16
10.535087719298392 23
10.535087719298392 30
10.543859649122954 2
10.543859649122954 3
10.543859649122954 8
10.543859649122954 15
10.543859649122954 22
10.552631578947516 1
10.552631578947516 7
10.552631578947516 14
10.561403508772077 0
10.561403508772077 6
11.15789473684227 48
11.15789473684227 49
11.15789473684227 50
11.15789473684227 51
11.15789473684227 57
11.15789473684227 58
11.15789473684227 59
11.166666666666831 40
11.166666666666831 41
11.166666666666831 42
11.166666666666831 43
11.166666666666831 44
11.166666666666831 45
11.166666666666831 52
11.166666666666831 53
11.175438596491393 32
11.175438596491393 33
11.175438596491393 34
11.175438596491393 35
11.175438596491393 36
11.175438596491393 37
11.175438596491393 39
11.184210526315955 24
11.184210526315955 25
11.184210526315955 26
11.184210526315955 27
11.184210526315955 28
11.184210526315955 29
11.184210526315955 31
11.184210526315955 38
11.192982456140516 16
11.192982456140516 17
11.192982456140516 18
11.192982456140516 19
11.192982456140516 20
11.192982456140516 21
11.192982456140516 23
11.192982456140516 30
11.201754385965078 8
11.201754385965078 9
11.201754385965078 10
11.201754385965078 11
11.201754385965078 12
11.201754385965078 13
11.201754385965078 15
11.201754385965078 22
11.21052631578964 1
11.21052631578964 2
11.21052631578964 3
11.21052631578964 4
11.21052631578964 5
11.21052631578964 7
11.21052631578964 14
11.219298245614201 0
11.219298245614201 6
12.087719298245805 44
12.087719298245805 45
12.087719298245805 53
12.096491228070366 36
12.096491228070366 37
12.096491228070366 43
12.096491228070366 51
12.096491228070366 52
12.096491228070366 58
12.096491228070366 59
12.105263157894928 28
12.105263157894928 29
12.105263157894928 35
12.105263157894928 42
12.105263157894928 50
12.105263157894928 57
12.11403508771949 20
12.11403508771949 21
12.11403508771949 27
12.11403508771949 34
12.11403508771949 41
12.11403508771949 49
12.11403508771949 56
12.122807017544051 13
12.122807017544051 19
12.122807017544051 26
12.122807017544051 33
12.122807017544051 40
12.122807017544051 48
12.122807017544051 55
12.131578947368613 11
12.131578947368613 12
12.131578947368613 18
12.131578947368613 25
12.131578947368613 32
12.131578947368613 39
12.131578947368613 47
12.131578947368613 54
12.140350877193175 5
12.140350877193175 10
12.140350877193175 17
12.140350877193175 24
12.140350877193175 31
12.140350877193175 38
12.140350877193175 46
12.149122807017736 3
12.149122807017736 9
12.149122807017736 16
12.149122807017736 23
12.149122807017736 30
12.157894736842298 2
12.157894736842298 8
12.157894736842298 15
12.157894736842298 22
12.16666666666686 1
12.16666666666686 7
12.16666666666686 14
12.175438596491421 0
12.175438596491421 6
12.938596491228285 39
12.938596491228285 40
12.938596491228285 41
12.938596491228285 42
12.938596491228285 43
12.938596491228285 44
12.938596491228285 45
12.938596491228285 47
12.938596491228285 48
12.938596491228285 49
12.938596491228285 50
12.938596491228285 51
12.938596491228285 52
12.938596491228285 53
12.938596491228285 57
12.938596491228285 58
12.938596491228285 59
12.947368421052847 31
12.947368421052847 32
12.947368421052847 33
12.947368421052847 34
12.947368421052847 35
12.947368421052847 36
12.947368421052847 37
12.947368421052847 38
12.947368421052847 46
12.956140350877408 23
12.956140350877408 24
12.956140350877408 25
12.956140350877408 26
12.956140350877408 27
12.956140350877408 28
12.956140350877408 29
12.956140350877408 30
12.96491228070197 16
12.96491228070197 17
12.96491228070197 18
12.96491228070197 19
12.96491228070197 20
12.96491228070197 21
12.96491228070197 22
12.973684210526532 8
12.973684210526532 9
12.973684210526532 10
12.973684210526532 11
12.973684210526532 12
12.973684210526532 13
12.973684210526532 14
12.973684210526532 15
12.982456140351093 1
12.982456140351093 2
12.982456140351093 3
12.982456140351093 4
12.982456140351093 5
12.982456140351093 6
12.982456140351093 7
12.991228070175655 0
13.578947368421286 46
13.578947368421286 47
13.587719298245847 38
13.587719298245847 39
13.587719298245847 40
13.587719298245847 41
13.587719298245847 42
13.587719298245847 43
13.587719298245847 44
13.587719298245847 45
13.587719298245847 49
13.587719298245847 50
13.587719298245847 51
13.587719298245847 52
13.587719298245847 53
13.587719298245847 57
13.587719298245847 58
13.587719298245847 59
13.596491228070409 30
13.596491228070409 31
13.596491228070409 32
13.596491228070409 33
13.596491228070409 34
13.596491228070409 35
13.596491228070409 36
13.596491228070409 37
13.60526315789497 23
13.60526315789497 24
13.60526315789497 25
13.60526315789497 26
13.60526315789497 27
13.60526315789497 28
13.60526315789497 29
13.614035087719532 16
13.614035087719532 17
13.614035087719532 18
13.614035087719532 19
13.614035087719532 20
13.614035087719532 21
13.614035087719532 22
13.622807017544094 8
13.622807017544094 9
13.622807017544094 10
13.622807017544094 11
13.622807017544094 12
13.622807017544094 13
13.622807017544094 14
13.622807017544094 15
13.631578947368656 1
13.631578947368656 2
13.631578947368656 3
13.631578947368656 4
13.631578947368656 5
13.631578947368656 6
13.631578947368656 7
13.640350877193217 0
14.254385964912533 36
14.254385964912533 37
14.254385964912533 44
14.254385964912533 45
14.254385964912533 53
14.263157894737095 28
14.263157894737095 29
14.263157894737095 35
14.263157894737095 43
14.263157894737095 51
14.263157894737095 52
14.263157894737095 58
14.263157894737095 59
14.271929824561656 20
14.271929824561656 21
14.271929824561656 27
14.271929824561656 42
14.271929824561656 50
14.271929824561656 57
14.280701754386218 13
14.280701754386218 19
14.280701754386218 26
14.280701754386218 41
14.280701754386218 49
14.280701754386218 56
14.28947368421078 11
14.28947368421078 12
14.28947368421078 18
14.28947368421078 25
14.28947368421078 33
14.28947368421078 40
14.28947368421078 48
14.28947368421078 55
14.298245614035341 5
14.298245614035341 10
14.298245614035341 17
14.298245614035341 24
14.298245614035341 32
14.298245614035341 39
14.298245614035341 47
14.298245614035341 54
14.307017543859903 3
14.307017543859903 9
14.307017543859903 16
14.307017543859903 23
14.307017543859903 31
14.307017543859903 38
14.307017543859903 46
14.315789473684465 2
14.315789473684465 8
14.315789473684465 15
14.315789473684465 30
14.324561403509026 1
14.324561403509026 7
14.324561403509026 14
14.324561403509026 22
14.333333333333588 0
14.333333333333588 6
15.605263157895028 37
15.605263157895028 45
15.605263157895028 53
15.61403508771959 36
15.61403508771959 44
15.61403508771959 52
15.61403508771959 59
15.622807017544151 28
15.622807017544151 35
15.622807017544151 43
15.622807017544151 51
15.622807017544151 58
15.631578947368713 20
15.631578947368713 27
15.631578947368713 42
15.631578947368713 50
15.631578947368713 57
15.640350877193274 19
15.640350877193274 26
15.640350877193274 41
15.640350877193274 49
15.640350877193274 56
15.649122807017836 11
15.649122807017836 18
15.649122807017836 25
15.649122807017836 33
15.649122807017836 40
15.649122807017836 48
15.649122807017836 55
15.657894736842398 10
15.657894736842398 17
15.657894736842398 24
15.657894736842398 32
15.657894736842398 39
15.657894736842398 47
15.657894736842398 54
15.66666666666696 3
15.66666666666696 9
15.66666666666696 16
15.66666666666696 23
15.66666666666696 31
15.66666666666696 38
15.66666666666696 46
15.67543859649152 2
15.67543859649152 8
15.67543859649152 15
15.67543859649152 30
15.684210526316082 1
15.684210526316082 7
15.684210526316082 14
15.684210526316082 22
15.692982456140644 0
15.692982456140644 6
15.912280701754685 15
15.921052631579247 14
16.017543859649425 17
16.017543859649425 25
16.017543859649425 26
16.026315789473987 9
16.026315789473987 10
16.026315789473987 11
16.026315789473987 18
16.026315789473987 19
16.026315789473987 20
16.026315789473987 28
16.03508771929855 8
16.04385964912311 1
16.052631578947672 0
16.298245614035398 29
16.298245614035398 37
16.298245614035398 45
16.298245614035398 53
16.30701754385996 17
16.30701754385996 25
16.30701754385996 26
16.30701754385996 27
16.30701754385996 33
16.30701754385996 34
16.30701754385996 35
16.30701754385996 36
16.30701754385996 41
16.30701754385996 42
16.30701754385996 43
16.30701754385996 44
16.30701754385996 49
16.30701754385996 50
16.30701754385996 51
16.30701754385996 52
16.30701754385996 57
16.30701754385996 58
16.30701754385996 59
16.31578947368452 16
16.31578947368452 18
16.31578947368452 19
16.31578947368452 24
16.31578947368452 32
16.31578947368452 40
16.31578947368452 48
16.324561403509083 8
16.324561403509083 10
16.324561403509083 11
16.324561403509083 23
16.324561403509083 31
16.324561403509083 39
16.324561403509083 47
16.333333333333645 1
16.333333333333645 2
16.333333333333645 3
16.333333333333645 4
16.333333333333645 5
16.333333333333645 7
16.333333333333645 15
16.333333333333645 30
16.333333333333645 38
16.333333333333645 46
16.342105263158206 6
16.342105263158206 14
16.342105263158206 22
16.605263157895056 26
16.614035087719618 25
16.62280701754418 17
16.62280701754418 18
16.63157894736874 9
16.63157894736874 10
16.63157894736874 11
16.63157894736874 19
16.63157894736874 20
16.63157894736874 28
16.640350877193303 8
16.649122807017864 1
16.657894736842426 0
18.035087719298605 35
18.035087719298605 36
18.035087719298605 37
18.035087719298605 43
18.035087719298605 44
18.035087719298605 45
18.035087719298605 51
18.035087719298605 52
18.035087719298605 53
18.035087719298605 58
18.035087719298605 59
18.043859649123167 27
18.043859649123167 28
18.043859649123167 29
18.043859649123167 42
18.043859649123167 50
18.043859649123167 57
18.05263157894773 20
18.05263157894773 21
18.05263157894773 26
18.05263157894773 41
18.05263157894773 49
18.05263157894773 56
18.06140350877229 13
18.06140350877229 19
18.06140350877229 25
18.06140350877229 33
18.06140350877229 40
18.06140350877229 48
18.06140350877229 55
18.070175438596852 11
18.070175438596852 12
18.070175438596852 17
18.070175438596852 18
18.070175438596852 24
18.070175438596852 32
18.070175438596852 39
18.070175438596852 47
18.070175438596852 54
18.078947368421414 5
18.078947368421414 9
18.078947368421414 10
18.078947368421414 16
18.078947368421414 23
18.078947368421414 31
18.078947368421414 38
18.078947368421414 46
18.087719298245975 2
18.087719298245975 3
18.087719298245975 8
18.087719298245975 15
18.087719298245975 30
18.096491228070537 1
18.096491228070537 7
18.096491228070537 14
18.096491228070537 22
18.1052631578951 0
18.1052631578951 6
18.447368421053003 41
18.456140350877565 40
18.464912280702126 32
18.464912280702126 39
18.464912280702126 47
18.473684210526688 38
18.473684210526688 46
18.48245614035125 30
18.64035087719336 59
18.64912280701792 58
18.657894736842483 51
18.657894736842483 57
18.666666666667044 43
18.666666666667044 44
18.666666666667044 45
18.666666666667044 50
18.666666666667044 53
18.666666666667044 56
18.675438596491606 35
18.675438596491606 36
18.675438596491606 37
18.675438596491606 42
18.675438596491606 49
18.675438596491606 55
18.684210526316168 27
18.684210526316168 28
18.684210526316168 29
18.684210526316168 34
18.684210526316168 41
18.684210526316168 48
18.69298245614073 20
18.69298245614073 21
18.69298245614073 26
18.69298245614073 33
18.70175438596529 13
18.70175438596529 19
18.70175438596529 25
18.70175438596529 32
18.710526315789853 11
18.710526315789853 12
18.710526315789853 17
18.710526315789853 18
18.710526315789853 24
18.719298245614414 5
18.719298245614414 9
18.719298245614414 10
18.719298245614414 16
18.719298245614414 23
18.719298245614414 31
18.728070175438976 2
18.728070175438976 3
18.728070175438976 8
18.728070175438976 15
18.728070175438976 30
18.728070175438976 38
18.736842105263538 1
18.736842105263538 7
18.736842105263538 14
18.736842105263538 22
18.7456140350881 0
18.7456140350881 6
19.22807017543899 47
19.236842105263552 39
19.236842105263552 40
19.236842105263552 41
19.236842105263552 42
19.236842105263552 43
19.236842105263552 44
19.236842105263552 45
19.236842105263552 49
19.236842105263552 50
19.236842105263552 51
19.236842105263552 52
19.236842105263552 53
19.236842105263552 57
19.236842105263552 58
19.236842105263552 59
19.245614035088114 31
19.245614035088114 32
19.245614035088114 33
19.245614035088114 34
19.245614035088114 35
19.245614035088114 36
19.245614035088114 37
19.245614035088114 38
19.254385964912675 23
19.254385964912675 24
19.254385964912675 25
19.254385964912675 26
19.254385964912675 27
19.254385964912675 28
19.254385964912675 29
19.254385964912675 30
19.263157894737237 16
19.263157894737237 17
19.263157894737237 18
19.263157894737237 19
19.263157894737237 20
19.263157894737237 21
19.263157894737237 22
19.2719298245618 8
19.2719298245618 9
19.2719298245618 10
19.2719298245618 11
19.2719298245618 12
19.2719298245618 13
19.2719298245618 14
19.2719298245618 15
19.28070175438636 1
19.28070175438636 2
19.28070175438636 3
19.28070175438636 4
19.28070175438636 5
19.28070175438636 6
19.28070175438636 7
19.289473684210922 0
19.9122807017548 56
19.9122807017548 57
19.9122807017548 58
19.9122807017548 59
19.92105263157936 25
19.92105263157936 26
19.92105263157936 27
19.92105263157936 28
19.92105263157936 33
19.92105263157936 34
19.92105263157936 35
19.92105263157936 36
19.92105263157936 37
19.92105263157936 41
19.92105263157936 42
19.92105263157936 43
19.92105263157936 44
19.92105263157936 45
19.92105263157936 49
19.92105263157936 50
19.92105263157936 51
19.92105263157936 52
19.92105263157936 53
19.92105263157936 55
19.929824561403922 17
19.929824561403922 18
19.929824561403922 19
19.929824561403922 20
19.929824561403922 24
19.929824561403922 32
19.929824561403922 40
19.929824561403922 48
19.938596491228484 9
19.938596491228484 10
19.938596491228484 11
19.938596491228484 12
19.938596491228484 13
19.938596491228484 16
19.938596491228484 23
19.938596491228484 31
19.938596491228484 39
19.938596491228484 47
19.938596491228484 54
19.947368421053046 2
19.947368421053046 3
19.947368421053046 4
19.947368421053046 5
19.947368421053046 8
19.947368421053046 15
19.947368421053046 30
19.947368421053046 38
19.947368421053046 46
19.956140350877607 1
19.956140350877607 7
19.956140350877607 14
19.956140350877607 22
19.96491228070217 0
19.96491228070217 6
20.166666666667087 1
20.166666666667087 8
20.473684210526745 1
20.473684210526745 2
20.473684210526745 3
20.473684210526745 8
20.473684210526745 9
20.473684210526745 10
20.473684210526745 11
20.473684210526745 16
20.473684210526745 17
20.473684210526745 18
20.473684210526745 19
20.473684210526745 20
20.473684210526745 24
20.473684210526745 25
20.473684210526745 26
20.473684210526745 27
20.473684210526745 28
20.473684210526745 32
20.473684210526745 33
20.473684210526745 34
20.473684210526745 35
20.473684210526745 36
20.473684210526745 37
20.473684210526745 40
20.473684210526745 41
20.473684210526745 42
20.473684210526745 43
20.473684210526745 44
20.473684210526745 45
20.473684210526745 49
20.473684210526745 50
20.473684210526745 51
20.473684210526745 52
20.473684210526745 53
20.473684210526745 57
20.473684210526745 58
20.473684210526745 59
20.482456140351307 0
20.482456140351307 7
20.482456140351307 15
20.482456140351307 23
20.482456140351307 31
20.482456140351307 39
20.482456140351307 47
20.49122807017587 6
20.49122807017587 14
20.49122807017587 22
20.49122807017587 30
20.49122807017587 38
20.49122807017587 46
20.6666666666671 56
20.675438596491663 55
21.1929824561408 19
21.1929824561408 20
21.1929824561408 27
21.1929824561408 28
21.1929824561408 35
21.1929824561408 36
21.1929824561408 37
21.1929824561408 43
21.1929824561408 44
21.1929824561408 45
21.1929824561408 51
21.1929824561408 52
21.1929824561408 53
21.1929824561408 58
21.1929824561408 59
21.201754385965362 11
21.201754385965362 12
21.201754385965362 13
21.201754385965362 26
21.201754385965362 34
21.201754385965362 42
21.201754385965362 50
21.201754385965362 57
21.210526315789924 5
21.210526315789924 10
21.210526315789924 18
21.210526315789924 25
21.210526315789924 33
21.210526315789924 41
21.210526315789924 49
21.210526315789924 56
21.219298245614485 3
21.219298245614485 9
21.219298245614485 17
21.219298245614485 24
21.219298245614485 32
21.219298245614485 40
21.219298245614485 48
21.219298245614485 55
21.228070175439047 2
21.228070175439047 8
21.228070175439047 16
21.228070175439047 23
21.228070175439047 31
21.228070175439047 39
21.228070175439047 47
21.228070175439047 54
21.23684210526361 1
21.23684210526361 7
21.23684210526361 15
21.23684210526361 30
21.23684210526361 38
21.23684210526361 46
21.24561403508817 0
21.24561403508817 6
21.24561403508817 14
21.24561403508817 22
21.377192982456595 48
21.692982456140815 37
21.692982456140815 45
21.692982456140815 53
21.701754385965376 36
21.701754385965376 44
21.701754385965376 52
21.701754385965376 59
21.710526315789938 28
21.710526315789938 35
21.710526315789938 43
21.710526315789938 51
21.710526315789938 58
21.7192982456145 20
21.7192982456145 27
21.7192982456145 42
21.7192982456145 50
21.7192982456145 57
21.72807017543906 19
21.72807017543906 26
21.72807017543906 41
21.72807017543906 49
21.72807017543906 56
21.736842105263623 11
21.736842105263623 18
21.736842105263623 25
21.736842105263623 33
21.736842105263623 40
21.736842105263623 48
21.736842105263623 55
21.745614035088185 10
21.745614035088185 17
21.745614035088185 24
21.745614035088185 32
21.745614035088185 39
21.745614035088185 47
21.745614035088185 54
21.754385964912746 3
21.754385964912746 9
21.754385964912746 16
21.754385964912746 23
21.754385964912746 31
21.754385964912746 38
21.754385964912746 46
21.763157894737308 2
21.763157894737308 8
21.763157894737308 15
21.763157894737308 30
21.77192982456187 1
21.77192982456187 7
21.77192982456187 14
21.77192982456187 22
21.78070175438643 0
21.78070175438643 6
22.263157894737322 35
22.263157894737322 36
22.263157894737322 37
22.263157894737322 43
22.263157894737322 44
22.263157894737322 45
22.263157894737322 51
22.263157894737322 52
22.263157894737322 53
22.263157894737322 58
22.263157894737322 59
22.271929824561884 27
22.271929824561884 28
22.271929824561884 29
22.271929824561884 42
22.271929824561884 50
22.271929824561884 57
22.280701754386445 20
22.280701754386445 21
22.280701754386445 26
22.280701754386445 41
22.280701754386445 49
22.280701754386445 56
22.289473684211007 13
22.289473684211007 19
22.289473684211007 25
22.289473684211007 33
22.289473684211007 40
22.289473684211007 48
22.289473684211007 55
22.29824561403557 11
22.29824561403557 12
22.29824561403557 17
22.29824561403557 18
22.29824561403557 24
22.29824561403557 32
22.29824561403557 39
22.29824561403557 47
22.29824561403557 54
22.30701754386013 5
22.30701754386013 9
22.30701754386013 10
22.30701754386013 16
22.30701754386013 23
22.30701754386013 31
22.30701754386013 38
22.30701754386013 46
22.315789473684692 2
22.315789473684692 3
22.315789473684692 8
22.315789473684692 15
22.315789473684692 30
22.324561403509254 1
22.324561403509254 7
22.324561403509254 14
22.324561403509254 22
22.333333333333815 0
22.333333333333815 6
22.72807017543909 1
22.72807017543909 8
22.72807017543909 9
22.72807017543909 10
22.72807017543909 11
22.72807017543909 17
22.72807017543909 18
22.72807017543909 19
22.72807017543909 20
22.72807017543909 25
22.72807017543909 26
22.72807017543909 27
22.72807017543909 28
22.72807017543909 35
22.72807017543909 43
22.72807017543909 44
22.72807017543909 45
22.72807017543909 51
22.72807017543909 52
22.72807017543909 53
22.72807017543909 58
22.72807017543909 59
22.73684210526365 0
22.73684210526365 7
22.73684210526365 36
22.73684210526365 37
22.73684210526365 50
22.73684210526365 57
22.745614035088213 56
22.754385964912775 55
23.070175438596994 16
23.070175438596994 17
23.070175438596994 24
23.070175438596994 25
23.070175438596994 26
23.070175438596994 32
23.070175438596994 33
23.070175438596994 34
23.070175438596994 40
23.070175438596994 41
23.070175438596994 42
23.070175438596994 43
23.070175438596994 44
23.070175438596994 49
23.070175438596994 50
23.070175438596994 51
23.078947368421556 8
23.078947368421556 9
23.078947368421556 10
23.078947368421556 11
23.078947368421556 18
23.078947368421556 19
23.078947368421556 20
23.078947368421556 23
23.078947368421556 28
23.078947368421556 31
23.078947368421556 39
23.078947368421556 47
23.087719298246117 1
23.087719298246117 2
23.087719298246117 3
23.087719298246117 4
23.087719298246117 5
23.087719298246117 12
23.087719298246117 13
23.087719298246117 15
23.087719298246117 30
23.087719298246117 38
23.087719298246117 46
23.09649122807068 0
23.09649122807068 14
23.09649122807068 22
23.10526315789524 6
23.596491228070693 51
23.596491228070693 58
23.596491228070693 59
23.605263157895255 43
23.605263157895255 44
23.605263157895255 45
23.605263157895255 50
23.605263157895255 52
23.605263157895255 53
23.605263157895255 57
23.614035087719817 35
23.614035087719817 36
23.614035087719817 37
23.614035087719817 42
23.614035087719817 49
23.614035087719817 56
23.62280701754438 27
23.62280701754438 28
23.62280701754438 29
23.62280701754438 34
23.62280701754438 41
23.62280701754438 55
23.63157894736894 20
23.63157894736894 21
23.63157894736894 26
23.63157894736894 33
23.63157894736894 40
23.6403508771935 13
23.6403508771935 19
23.6403508771935 25
23.6403508771935 32
23.6403508771935 39
23.6403508771935 47
23.6403508771935 54
23.649122807018063 11
23.649122807018063 12
23.649122807018063 17
23.649122807018063 18
23.649122807018063 24
23.649122807018063 31
23.649122807018063 38
23.649122807018063 46
23.657894736842625 5
23.657894736842625 9
23.657894736842625 10
23.657894736842625 16
23.657894736842625 23
23.657894736842625 30
23.666666666667187 2
23.666666666667187 3
23.666666666667187 8
23.666666666667187 15
23.666666666667187 22
23.675438596491748 1
23.675438596491748 7
23.675438596491748 14
23.68421052631631 0
23.68421052631631 6
24.31578947368475 52
24.31578947368475 53
24.31578947368475 59
24.32456140350931 44
24.32456140350931 45
24.32456140350931 58
24.333333333333872 36
24.333333333333872 37
24.333333333333872 43
24.333333333333872 57
24.342105263158434 28
24.342105263158434 29
24.342105263158434 35
24.342105263158434 42
24.342105263158434 50
24.342105263158434 56
24.350877192982995 20
24.350877192982995 21
24.350877192982995 27
24.350877192982995 34
24.350877192982995 41
24.350877192982995 49
24.350877192982995 55
24.359649122807557 13
24.359649122807557 19
24.359649122807557 26
24.359649122807557 33
24.359649122807557 40
24.359649122807557 48
24.36842105263212 11
24.36842105263212 12
24.36842105263212 18
24.36842105263212 25
24.36842105263212 32
24.36842105263212 39
24.36842105263212 47
24.36842105263212 54
24.37719298245668 5
24.37719298245668 10
24.37719298245668 17
24.37719298245668 24
24.37719298245668 31
24.37719298245668 38
24.37719298245668 46
24.385964912281242 3
24.385964912281242 9
24.385964912281242 16
24.385964912281242 23
24.385964912281242 30
24.394736842105804 2
24.394736842105804 8
24.394736842105804 15
24.394736842105804 22
24.403508771930365 1
24.403508771930365 7
24.403508771930365 14
24.412280701754927 0
24.412280701754927 6
25.263157894737407 53
25.27192982456197 45
25.28070175438653 37
25.28070175438653 44
25.289473684211092 36
25.289473684211092 43
25.289473684211092 51
25.289473684211092 58
25.289473684211092 59
25.298245614035654 28
25.298245614035654 35
25.298245614035654 42
25.298245614035654 50
25.298245614035654 57
25.307017543860216 20
25.307017543860216 27
25.307017543860216 34
25.307017543860216 41
25.307017543860216 49
25.307017543860216 56
25.315789473684777 19
25.315789473684777 26
25.315789473684777 33
25.315789473684777 40
25.315789473684777 48
25.315789473684777 55
25.32456140350934 11
25.32456140350934 18
25.32456140350934 25
25.32456140350934 32
25.32456140350934 39
25.32456140350934 47
25.32456140350934 54
25.3333333333339 10
25.3333333333339 17
25.3333333333339 24
25.3333333333339 31
25.3333333333339 38
25.3333333333339 46
25.342105263158462 3
25.342105263158462 9
25.342105263158462 16
25.342105263158462 23
25.342105263158462 30
25.350877192983024 2
25.350877192983024 8
25.350877192983024 15
25.350877192983024 22
25.359649122807586 1
25.359649122807586 7
25.359649122807586 14
25.368421052632147 0
25.368421052632147 6
25.552631578947942 1
25.552631578947942 8
25.956140350877778 9
25.956140350877778 10
25.956140350877778 11
25.956140350877778 17
25.956140350877778 18
25.956140350877778 19
25.956140350877778 20
25.956140350877778 25
25.956140350877778 26
25.956140350877778 27
25.956140350877778 28
25.956140350877778 33
25.956140350877778 34
25.956140350877778 35
25.956140350877778 36
25.956140350877778 37
25.956140350877778 41
25.956140350877778 42
25.956140350877778 43
25.956140350877778 44
25.956140350877778 45
25.956140350877778 49
25.956140350877778 50
25.956140350877778 51
25.956140350877778 52
25.956140350877778 53
25.956140350877778 57
25.956140350877778 58
25.956140350877778 59
25.96491228070234 2
25.96491228070234 3
25.96491228070234 4
25.96491228070234 5
25.96491228070234 8
25.96491228070234 12
25.96491228070234 13
25.96491228070234 16
25.96491228070234 24
25.96491228070234 32
25.96491228070234 40
25.96491228070234 48
25.9736842105269 1
25.9736842105269 7
25.9736842105269 15
25.9736842105269 23
25.9736842105269 31
25.9736842105269 39
25.9736842105269 47
25.982456140351463 0
25.982456140351463 6
25.982456140351463 14
25.982456140351463 22
25.982456140351463 30
25.982456140351463 38
25.982456140351463 46
26.482456140351477 41
26.482456140351477 42
26.482456140351477 43
26.482456140351477 44
26.482456140351477 45
26.482456140351477 49
26.482456140351477 50
26.482456140351477 51
26.482456140351477 52
26.482456140351477 53
26.482456140351477 57
26.482456140351477 58
26.482456140351477 59
26.49122807017604 33
26.49122807017604 34
26.49122807017604 35
26.49122807017604 36
26.49122807017604 37
26.49122807017604 40
26.49122807017604 48
26.5000000000006 25
26.5000000000006 26
26.5000000000006 27
26.5000000000006 28
26.5000000000006 29
26.5000000000006 32
26.5000000000006 39
26.5000000000006 47
26.508771929825162 17
26.508771929825162 18
26.508771929825162 19
26.508771929825162 20
26.508771929825162 21
26.508771929825162 24
26.508771929825162 31
26.508771929825162 38
26.508771929825162 46
26.517543859649724 9
26.517543859649724 10
26.517543859649724 11
26.517543859649724 12
26.517543859649724 13
26.517543859649724 16
26.517543859649724 23
26.517543859649724 30
26.526315789474285 2
26.526315789474285 3
26.526315789474285 4
26.526315789474285 5
26.526315789474285 8
26.526315789474285 15
26.526315789474285 22
26.535087719298847 1
26.535087719298847 7
26.535087719298847 14
26.54385964912341 0
26.54385964912341 6
27.043859649123423 3
27.043859649123423 10
27.043859649123423 11
27.052631578947985 2
27.052631578947985 9
27.052631578947985 17
27.052631578947985 18
27.052631578947985 19
27.052631578947985 20
27.052631578947985 25
27.052631578947985 26
27.052631578947985 27
27.052631578947985 28
27.052631578947985 33
27.052631578947985 34
27.052631578947985 35
27.052631578947985 36
27.052631578947985 37
27.052631578947985 41
27.052631578947985 42
27.052631578947985 43
27.052631578947985 44
27.052631578947985 45
27.052631578947985 49
27.052631578947985 50
27.052631578947985 51
27.052631578947985 52
27.052631578947985 53
27.052631578947985 57
27.052631578947985 58
27.052631578947985 59
27.061403508772546 1
27.061403508772546 8
27.061403508772546 16
27.061403508772546 24
27.061403508772546 32
27.061403508772546 40
27.061403508772546 48
27.070175438597108 0
27.070175438597108 7
27.070175438597108 15
27.070175438597108 23
27.070175438597108 31
27.070175438597108 39
27.070175438597108 47
27.07894736842167 6
27.07894736842167 14
27.07894736842167 22
27.07894736842167 30
27.07894736842167 38
27.07894736842167 46
27.622807017544492 52
27.622807017544492 53
27.622807017544492 59
27.631578947369054 44
27.631578947369054 45
27.631578947369054 58
27.640350877193615 36
27.640350877193615 37
27.640350877193615 43
27.640350877193615 57
27.649122807018177 28
27.649122807018177 29
27.649122807018177 35
27.649122807018177 42
27.649122807018177 50
27.649122807018177 56
27.65789473684274 20
27.65789473684274 21
27.65789473684274 27
27.65789473684274 34
27.65789473684274 41
27.65789473684274 49
27.65789473684274 55
27.6666666666673 13
27.6666666666673 19
27.6666666666673 26
27.6666666666673 33
27.6666666666673 40
27.6666666666673 48
27.675438596491862 11
27.675438596491862 12
27.675438596491862 18
27.675438596491862 25
27.675438596491862 32
27.675438596491862 39
27.675438596491862 47
27.675438596491862 54
27.684210526316424 5
27.684210526316424 10
27.684210526316424 17
27.684210526316424 24
27.684210526316424 31
27.684210526316424 38
27.684210526316424 46
27.692982456140985 3
27.692982456140985 9
27.692982456140985 16
27.692982456140985 23
27.692982456140985 30
27.701754385965547 2
27.701754385965547 8
27.701754385965547 15
27.701754385965547 22
27.71052631579011 1
27.71052631579011 7
27.71052631579011 14
27.71929824561467 0
27.71929824561467 6
28.710526315790137 1
28.710526315790137 2
28.710526315790137 3
28.710526315790137 8
28.710526315790137 9
28.710526315790137 10
28.710526315790137 11
28.710526315790137 16
28.710526315790137 17
28.710526315790137 18
28.710526315790137 19
28.710526315790137 20
28.710526315790137 24
28.710526315790137 25
28.710526315790137 26
28.710526315790137 27
28.710526315790137 28
28.710526315790137 32
28.710526315790137 33
28.710526315790137 34
28.710526315790137 35
28.710526315790137 36
28.710526315790137 37
28.710526315790137 40
28.710526315790137 41
28.710526315790137 42
28.710526315790137 43
28.710526315790137 44
28.710526315790137 45
28.710526315790137 49
28.710526315790137 50
28.710526315790137 51
28.710526315790137 52
28.710526315790137 53
28.710526315790137 57
28.710526315790137 58
28.710526315790137 59
28.7192982456147 0
28.7192982456147 7
28.7192982456147 15
28.7192982456147 23
28.7192982456147 31
28.7192982456147 39
28.7192982456147 47
28.72807017543926 6
28.72807017543926 14
28.72807017543926 22
28.72807017543926 30
28.72807017543926 38
28.72807017543926 46
28.859649122807685 32
29.166666666667343 59
29.175438596491905 58
29.184210526316466 51
29.184210526316466 57
29.192982456141028 43
29.192982456141028 44
29.192982456141028 45
29.192982456141028 50
29.192982456141028 53
29.192982456141028 56
29.20175438596559 35
29.20175438596559 36
29.20175438596559 37
29.20175438596559 55
29.21052631579015 27
29.21052631579015 28
29.21052631579015 29
29.219298245614713 20
29.219298245614713 21
29.219298245614713 26
29.228070175439274 13
29.228070175439274 19
29.228070175439274 25
29.228070175439274 33
29.228070175439274 41
29.228070175439274 42
29.228070175439274 49
29.236842105263836 11
29.236842105263836 12
29.236842105263836 17
29.236842105263836 18
29.236842105263836 24
29.236842105263836 32
29.236842105263836 40
29.236842105263836 48
29.245614035088398 5
29.245614035088398 9
29.245614035088398 10
29.245614035088398 16
29.245614035088398 23
29.245614035088398 31
29.245614035088398 39
29.245614035088398 47
29.25438596491296 2
29.25438596491296 3
29.25438596491296 8
29.25438596491296 15
29.25438596491296 30
29.25438596491296 38
29.25438596491296 46
29.26315789473752 1
29.26315789473752 7
29.26315789473752 14
29.26315789473752 22
29.271929824562083 0
29.271929824562083 6
29.90350877193052 49
29.90350877193052 50
29.90350877193052 51
29.90350877193052 57
29.90350877193052 58
29.90350877193052 59
29.912280701755083 41
29.912280701755083 42
29.912280701755083 43
29.912280701755083 44
29.912280701755083 45
29.912280701755083 52
29.912280701755083 53
29.921052631579645 33
29.921052631579645 34
29.921052631579645 35
29.921052631579645 36
29.921052631579645 37
29.921052631579645 40
29.929824561404207 1
29.929824561404207 2
29.929824561404207 3
29.929824561404207 8
29.929824561404207 9
29.929824561404207 10
29.929824561404207 11
29.929824561404207 16
29.929824561404207 17
29.929824561404207 18
29.929824561404207 19
29.929824561404207 20
29.929824561404207 24
29.929824561404207 25
29.929824561404207 26
29.929824561404207 27
29.929824561404207 28
29.929824561404207 29
29.929824561404207 32
29.929824561404207 39
29.929824561404207 47
29.93859649122877 0
29.93859649122877 7
29.93859649122877 15
29.93859649122877 23
29.93859649122877 31
29.93859649122877 38
29.93859649122877 46
29.94736842105333 6
29.94736842105333 14
29.94736842105333 22
29.94736842105333 30
30.359649122807728 58
30.359649122807728 59
30.36842105263229 51
30.36842105263229 52
30.36842105263229 53
30.36842105263229 57
30.37719298245685 43
30.37719298245685 44
30.37719298245685 45
30.37719298245685 50
30.37719298245685 56
30.385964912281413 35
30.385964912281413 37
30.385964912281413 55
30.394736842105974 27
30.394736842105974 28
30.394736842105974 29
30.394736842105974 36
30.403508771930536 20
30.403508771930536 21
30.403508771930536 26
30.412280701755098 13
30.412280701755098 19
30.412280701755098 25
30.42105263157966 11
30.42105263157966 12
30.42105263157966 17
30.42105263157966 18
30.42105263157966 24
30.42105263157966 32
30.42105263157966 40
30.42105263157966 41
30.42105263157966 49
30.42982456140422 5
30.42982456140422 9
30.42982456140422 10
30.42982456140422 23
30.42982456140422 33
30.42982456140422 39
30.42982456140422 47
30.438596491228783 2
30.438596491228783 3
30.438596491228783 8
30.438596491228783 16
30.438596491228783 38
30.438596491228783 46
30.447368421053344 1
30.447368421053344 7
30.447368421053344 15
30.447368421053344 30
30.456140350877906 0
30.456140350877906 14
30.456140350877906 22
30.464912280702467 6
30.543859649123522 42
30.552631578948084 41
30.780701754386687 41
30.78947368421125 40
30.79824561403581 32
30.79824561403581 39
30.79824561403581 47
30.807017543860372 31
30.807017543860372 38
30.807017543860372 46
30.815789473684934 23
30.815789473684934 30
30.824561403509495 22
30.833333333334057 14
30.833333333334057 15
30.90350877193055 25
30.90350877193055 26
30.90350877193055 27
30.90350877193055 28
30.90350877193055 35
30.90350877193055 36
30.90350877193055 37
30.90350877193055 43
30.90350877193055 44
30.90350877193055 45
30.90350877193055 51
30.90350877193055 52
30.90350877193055 53
30.90350877193055 58
30.90350877193055 59
30.912280701755112 17
30.912280701755112 18
30.912280701755112 19
30.912280701755112 20
30.912280701755112 24
30.912280701755112 32
30.912280701755112 50
30.912280701755112 57
30.921052631579673 9
30.921052631579673 10
30.921052631579673 11
30.921052631579673 12
30.921052631579673 13
30.921052631579673 56
30.929824561404235 2
30.929824561404235 3
30.929824561404235 4
30.929824561404235 5
30.929824561404235 8
30.929824561404235 55
30.938596491228797 1
30.938596491228797 7
30.94736842105336 0
31.42982456140425 33
31.42982456140425 41
31.42982456140425 42
31.42982456140425 43
31.42982456140425 44
31.42982456140425 45
31.42982456140425 49
31.42982456140425 50
31.42982456140425 51
31.42982456140425 52
31.42982456140425 53
31.42982456140425 57
31.42982456140425 58
31.42982456140425 59
31.43859649122881 25
31.43859649122881 26
31.43859649122881 27
31.43859649122881 28
31.43859649122881 32
31.43859649122881 35
31.43859649122881 36
31.43859649122881 37
31.43859649122881 40
31.43859649122881 48
31.447368421053373 17
31.447368421053373 18
31.447368421053373 19
31.447368421053373 20
31.447368421053373 24
31.447368421053373 39
31.447368421053373 47
31.456140350877934 9
31.456140350877934 10
31.456140350877934 11
31.456140350877934 12
31.456140350877934 13
31.456140350877934 16
31.456140350877934 23
31.456140350877934 31
31.456140350877934 38
31.456140350877934 46
31.464912280702496 2
31.464912280702496 3
31.464912280702496 4
31.464912280702496 5
31.464912280702496 8
31.464912280702496 15
31.464912280702496 30
31.473684210527058 1
31.473684210527058 7
31.473684210527058 14
31.473684210527058 22
31.48245614035162 0
31.48245614035162 6
32.4473684210534 40
32.4473684210534 41
32.4473684210534 42
32.4473684210534 43
32.4473684210534 44
32.4473684210534 45
32.4473684210534 49
32.4473684210534 50
32.4473684210534 51
32.4473684210534 52
32.4473684210534 53
32.4473684210534 57
32.4473684210534 58
32.4473684210534 59
32.45614035087796 32
32.45614035087796 33
32.45614035087796 34
32.45614035087796 35
32.45614035087796 36
32.45614035087796 37
32.45614035087796 39
32.45614035087796 47
32.46491228070252 24
32.46491228070252 25
32.46491228070252 26
32.46491228070252 27
32.46491228070252 28
32.46491228070252 29
32.46491228070252 31
32.46491228070252 38
32.46491228070252 46
32.47368421052708 16
32.47368421052708 17
32.47368421052708 18
32.47368421052708 19
32.47368421052708 20
32.47368421052708 21
32.47368421052708 23
32.47368421052708 30
32.482456140351644 8
32.482456140351644 9
32.482456140351644 10
32.482456140351644 11
32.482456140351644 12
32.482456140351644 13
32.482456140351644 15
32.482456140351644 22
32.491228070176206 1
32.491228070176206 2
32.491228070176206 3
32.491228070176206 4
32.491228070176206 5
32.491228070176206 7
32.491228070176206 14
32.50000000000077 0
32.50000000000077 6
33.27192982456219 19
33.27192982456219 20
33.27192982456219 27
33.27192982456219 28
33.27192982456219 35
33.27192982456219 36
33.27192982456219 37
33.27192982456219 43
33.27192982456219 44
33.27192982456219 45
33.27192982456219 51
33.27192982456219 52
33.27192982456219 53
33.27192982456219 58
33.27192982456219 59
33.280701754386754 11
33.280701754386754 12
33.280701754386754 13
33.280701754386754 26
33.280701754386754 34
33.280701754386754 42
33.280701754386754 50
33.280701754386754 57
33.289473684211316 5
33.289473684211316 10
33.289473684211316 18
33.289473684211316 25
33.289473684211316 33
33.289473684211316 41
33.289473684211316 49
33.289473684211316 56
33.29824561403588 3
33.29824561403588 9
33.29824561403588 17
33.29824561403588 24
33.29824561403588 32
33.29824561403588 40
33.29824561403588 48
33.29824561403588 55
33.30701754386044 2
33.30701754386044 8
33.30701754386044 16
33.30701754386044 23
33.30701754386044 31
33.30701754386044 39
33.30701754386044 47
33.30701754386044 54
33.315789473685 1
33.315789473685 7
33.315789473685 15
33.315789473685 30
33.315789473685 38
33.315789473685 46
33.32456140350956 0
33.32456140350956 6
33.32456140350956 14
33.32456140350956 22
34.719298245614866 1
34.719298245614866 2
34.719298245614866 3
34.719298245614866 8
34.719298245614866 9
34.719298245614866 10
34.719298245614866 11
34.719298245614866 16
34.719298245614866 17
34.719298245614866 18
34.719298245614866 19
34.719298245614866 20
34.719298245614866 24
34.719298245614866 25
34.719298245614866 26
34.719298245614866 27
34.719298245614866 28
34.719298245614866 32
34.719298245614866 33
34.719298245614866 34
34.719298245614866 35
34.719298245614866 36
34.719298245614866 37
34.719298245614866 40
34.719298245614866 41
34.719298245614866 42
34.719298245614866 43
34.719298245614866 44
34.719298245614866 45
34.719298245614866 49
34.719298245614866 50
34.719298245614866 51
34.719298245614866 52
34.719298245614866 53
34.719298245614866 57
34.719298245614866 58
34.719298245614866 59
34.72807017543943 0
34.72807017543943 7
34.72807017543943 15
34.72807017543943 23
34.72807017543943 31
34.72807017543943 39
34.72807017543943 47
34.73684210526399 6
34.73684210526399 14
34.73684210526399 22
34.73684210526399 30
34.73684210526399 38
34.73684210526399 46
35.36842105263243 38
35.36842105263243 39
35.36842105263243 40
35.36842105263243 41
35.36842105263243 42
35.36842105263243 43
35.36842105263243 44
35.36842105263243 45
35.36842105263243 47
35.36842105263243 48
35.36842105263243 49
35.36842105263243 50
35.36842105263243 51
35.36842105263243 52
35.36842105263243 53
35.36842105263243 57
35.36842105263243 58
35.36842105263243 59
35.37719298245699 30
35.37719298245699 31
35.37719298245699 32
35.37719298245699 33
35.37719298245699 34
35.37719298245699 35
35.37719298245699 36
35.37719298245699 37
35.38596491228155 23
35.38596491228155 24
35.38596491228155 25
35.38596491228155 26
35.38596491228155 27
35.38596491228155 28
35.38596491228155 29
35.39473684210611 16
35.39473684210611 17
35.39473684210611 18
35.39473684210611 19
35.39473684210611 20
35.39473684210611 21
35.39473684210611 22
35.403508771930674 8
35.403508771930674 9
35.403508771930674 10
35.403508771930674 11
35.403508771930674 12
35.403508771930674 13
35.403508771930674 14
35.403508771930674 15
35.412280701755236 1
35.412280701755236 2
35.412280701755236 3
35.412280701755236 4
35.412280701755236 5
35.412280701755236 6
35.412280701755236 7
35.4210526315798 0
35.50000000000085 41
35.73684210526402 1
35.73684210526402 8
35.73684210526402 9
35.73684210526402 10
35.73684210526402 11
35.73684210526402 17
35.73684210526402 18
35.73684210526402 19
35.73684210526402 20
35.73684210526402 25
35.73684210526402 26
35.73684210526402 28
36.526315789474566 35
36.526315789474566 36
36.526315789474566 37
36.526315789474566 43
36.526315789474566 44
36.526315789474566 45
36.526315789474566 51
36.526315789474566 52
36.526315789474566 53
36.526315789474566 58
36.526315789474566 59
36.53508771929913 27
36.53508771929913 28
36.53508771929913 29
36.53508771929913 42
36.53508771929913 50
36.53508771929913 57
36.54385964912369 20
36.54385964912369 21
36.54385964912369 26
36.54385964912369 41
36.54385964912369 49
36.54385964912369 56
36.55263157894825 13
36.55263157894825 19
36.55263157894825 25
36.55263157894825 33
36.55263157894825 40
36.55263157894825 48
36.55263157894825 55
36.56140350877281 11
36.56140350877281 12
36.56140350877281 17
36.56140350877281 18
36.56140350877281 24
36.56140350877281 32
36.56140350877281 39
36.56140350877281 47
36.56140350877281 54
36.570175438597374 5
36.570175438597374 9
36.570175438597374 10
36.570175438597374 16
36.570175438597374 23
36.570175438597374 31
36.570175438597374 38
36.570175438597374 46
36.578947368421936 2
36.578947368421936 3
36.578947368421936 8
36.578947368421936 15
36.578947368421936 30
36.5877192982465 1
36.5877192982465 7
36.5877192982465 14
36.5877192982465 22
36.59649122807106 0
36.59649122807106 6
36.991228070176334 53
37.000000000000895 45
37.00877192982546 37
37.00877192982546 44
37.01754385965002 36
37.01754385965002 43
37.01754385965002 51
37.01754385965002 58
37.01754385965002 59
37.02631578947458 28
37.02631578947458 35
37.02631578947458 50
37.02631578947458 57
37.03508771929914 20
37.03508771929914 27
37.03508771929914 56
37.0438596491237 19
37.0438596491237 26
37.0438596491237 55
37.052631578948265 11
37.052631578948265 18
37.052631578948265 25
37.06140350877283 10
37.06140350877283 17
37.06140350877283 24
37.06140350877283 32
37.06140350877283 33
37.06140350877283 40
37.06140350877283 41
37.06140350877283 42
37.06140350877283 49
37.07017543859739 3
37.07017543859739 9
37.07017543859739 23
37.07017543859739 39
37.07017543859739 47
37.07017543859739 48
37.07894736842195 2
37.07894736842195 8
37.07894736842195 16
37.07894736842195 38
37.07894736842195 46
37.08771929824651 1
37.08771929824651 7
37.08771929824651 15
37.08771929824651 30
37.09649122807107 0
37.09649122807107 14
37.09649122807107 22
38.22807017543953 48
38.22807017543953 49
38.22807017543953 50
38.22807017543953 51
38.22807017543953 57
38.22807017543953 58
38.22807017543953 59
38.23684210526409 40
38.23684210526409 41
38.23684210526409 42
38.23684210526409 43
38.23684210526409 44
38.23684210526409 45
38.23684210526409 52
38.23684210526409 53
38.24561403508865 32
38.24561403508865 33
38.24561403508865 34
38.24561403508865 35
38.24561403508865 36
38.24561403508865 37
38.24561403508865 39
38.25438596491321 24
38.25438596491321 25
38.25438596491321 26
38.25438596491321 27
38.25438596491321 28
38.25438596491321 29
38.25438596491321 31
38.25438596491321 38
38.26315789473777 16
38.26315789473777 17
38.26315789473777 18
38.26315789473777 19
38.26315789473777 20
38.26315789473777 21
38.26315789473777 23
38.26315789473777 30
38.271929824562335 8
38.271929824562335 9
38.271929824562335 10
38.271929824562335 11
38.271929824562335 12
38.271929824562335 13
38.271929824562335 15
38.271929824562335 22
38.2807017543869 1
38.2807017543869 2
38.2807017543869 3
38.2807017543869 4
38.2807017543869 5
38.2807017543869 7
38.2807017543869 14
38.28947368421146 0
38.28947368421146 6
38.50000000000094 47
38.6228070175448 28
38.63157894736936 20
38.956140350878144 23
38.956140350878144 24
38.956140350878144 25
38.956140350878144 26
38.956140350878144 27
38.956140350878144 28
38.956140350878144 32
38.956140350878144 33
38.956140350878144 34
38.956140350878144 35
38.956140350878144 36
38.956140350878144 37
38.956140350878144 40
38.956140350878144 41
38.956140350878144 42
38.956140350878144 43
38.956140350878144 44
38.956140350878144 45
38.956140350878144 49
38.956140350878144 50
38.956140350878144 51
38.956140350878144 52
38.956140350878144 53
38.956140350878144 57
38.956140350878144 58
38.956140350878144 59
38.964912280702706 16
38.964912280702706 17
38.964912280702706 18
38.964912280702706 19
38.964912280702706 20
38.964912280702706 31
38.964912280702706 39
38.964912280702706 47
38.97368421052727 8
38.97368421052727 9
38.97368421052727 10
38.97368421052727 11
38.97368421052727 12
38.97368421052727 13
38.97368421052727 15
38.97368421052727 30
38.97368421052727 38
38.97368421052727 46
38.98245614035183 1
38.98245614035183 2
38.98245614035183 3
38.98245614035183 4
38.98245614035183 5
38.98245614035183 7
38.98245614035183 14
38.98245614035183 22
38.99122807017639 0
38.99122807017639 6
39.35964912280798 8
39.35964912280798 9
39.35964912280798 10
39.35964912280798 11
39.35964912280798 17
39.35964912280798 18
39.35964912280798 19
39.35964912280798 20
39.35964912280798 25
39.35964912280798 26
39.35964912280798 28
39.36842105263254 1
39.3771929824571 0
39.74561403508869 38
39.74561403508869 39
39.74561403508869 40
39.74561403508869 41
39.74561403508869 42
39.74561403508869 43
39.74561403508869 44
39.74561403508869 45
39.74561403508869 47
39.74561403508869 48
39.74561403508869 49
39.74561403508869 50
39.74561403508869 51
39.74561403508869 52
39.74561403508869 53
39.74561403508869 57
39.74561403508869 58
39.74561403508869 59
39.754385964913254 30
39.754385964913254 31
39.754385964913254 32
39.754385964913254 33
39.754385964913254 34
39.754385964913254 35
39.754385964913254 36
39.754385964913254 37
39.763157894737816 23
39.763157894737816 24
39.763157894737816 25
39.763157894737816 26
39.763157894737816 27
39.763157894737816 28
39.763157894737816 29
39.763157894737816 54
39.77192982456238 16
39.77192982456238 17
39.77192982456238 18
39.77192982456238 19
39.77192982456238 20
39.77192982456238 21
39.77192982456238 22
39.78070175438694 8
39.78070175438694 9
39.78070175438694 10
39.78070175438694 11
39.78070175438694 12
39.78070175438694 13
39.78070175438694 14
39.78070175438694 15
39.7894736842115 1
39.7894736842115 2
39.7894736842115 3
39.7894736842115 4
39.7894736842115 5
39.7894736842115 6
39.7894736842115 7
39.79824561403606 0
40.88596491228171 25
40.88596491228171 26
40.88596491228171 27
40.88596491228171 28
40.88596491228171 33
40.88596491228171 34
40.88596491228171 35
40.88596491228171 36
40.88596491228171 37
40.88596491228171 41
40.88596491228171 42
40.88596491228171 43
40.88596491228171 44
40.88596491228171 45
40.88596491228171 49
40.88596491228171 50
40.88596491228171 51
40.88596491228171 52
40.88596491228171 53
40.88596491228171 57
40.88596491228171 58
40.88596491228171 59
40.89473684210627 17
40.89473684210627 18
40.89473684210627 19
40.89473684210627 20
40.89473684210627 24
40.89473684210627 32
40.89473684210627 40
40.89473684210627 48
40.90350877193083 9
40.90350877193083 10
40.90350877193083 11
40.90350877193083 12
40.90350877193083 13
40.90350877193083 16
40.90350877193083 23
40.90350877193083 31
40.90350877193083 39
40.90350877193083 47
40.91228070175539 2
40.91228070175539 3
40.91228070175539 4
40.91228070175539 5
40.91228070175539 8
40.91228070175539 15
40.91228070175539 30
40.91228070175539 38
40.91228070175539 46
40.921052631579954 1
40.921052631579954 7
40.921052631579954 14
40.921052631579954 22
40.929824561404516 0
40.929824561404516 6
41.350877192983475 0
41.350877192983475 1
41.350877192983475 7
41.350877192983475 8
41.350877192983475 9
41.350877192983475 10
41.350877192983475 11
41.350877192983475 17
41.350877192983475 18
41.350877192983475 19
41.350877192983475 20
41.350877192983475 25
41.350877192983475 26
41.350877192983475 27
41.350877192983475 28
41.350877192983475 35
41.350877192983475 43
41.350877192983475 44
41.350877192983475 45
41.350877192983475 51
41.350877192983475 52
41.350877192983475 53
41.350877192983475 58
41.350877192983475 59
41.35964912280804 3
41.35964912280804 4
41.35964912280804 5
41.35964912280804 36
41.35964912280804 37
41.35964912280804 50
41.35964912280804 57
41.3684210526326 56
41.37719298245716 55
41.982456140351914 2
41.982456140351914 3
41.982456140351914 9
41.982456140351914 10
41.982456140351914 11
41.982456140351914 17
41.982456140351914 18
41.982456140351914 19
41.982456140351914 20
41.982456140351914 25
41.982456140351914 26
41.982456140351914 27
41.982456140351914 28
41.982456140351914 33
41.982456140351914 34
41.982456140351914 35
41.982456140351914 36
41.982456140351914 37
41.982456140351914 41
41.982456140351914 42
41.982456140351914 43
41.982456140351914 44
41.982456140351914 45
41.982456140351914 49
41.982456140351914 50
41.982456140351914 51
41.982456140351914 52
41.982456140351914 53
41.982456140351914 57
41.982456140351914 58
41.982456140351914 59
41.991228070176476 1
41.991228070176476 8
41.991228070176476 16
41.991228070176476 24
41.991228070176476 32
41.991228070176476 40
41.991228070176476 48
42.00000000000104 0
42.00000000000104 7
42.00000000000104 15
42.00000000000104 23
42.00000000000104 31
42.00000000000104 39
42.00000000000104 47
42.0087719298256 6
42.0087719298256 14
42.0087719298256 22
42.0087719298256 30
42.0087719298256 38
42.0087719298256 46
42.45614035087824 30
42.45614035087824 38
42.45614035087824 39
42.45614035087824 40
42.45614035087824 41
42.45614035087824 47
42.45614035087824 48
42.464912280702805 32
42.47368421052737 24
42.47368421052737 25
42.47368421052737 26
42.47368421052737 27
42.47368421052737 28
42.47368421052737 35
42.47368421052737 36
42.47368421052737 37
42.47368421052737 43
42.47368421052737 44
42.47368421052737 45
42.47368421052737 51
42.47368421052737 52
42.47368421052737 53
42.47368421052737 58
42.47368421052737 59
42.48245614035193 17
42.48245614035193 18
42.48245614035193 19
42.48245614035193 20
42.48245614035193 23
42.48245614035193 50
42.48245614035193 57
42.49122807017649 9
42.49122807017649 10
42.49122807017649 11
42.49122807017649 12
42.49122807017649 13
42.49122807017649 22
42.49122807017649 56
42.50000000000105 2
42.50000000000105 3
42.50000000000105 4
42.50000000000105 5
42.50000000000105 8
42.50000000000105 14
42.50000000000105 15
42.50000000000105 16
42.50000000000105 49
42.50000000000105 55
42.50877192982561 1
42.50877192982561 7
42.517543859650175 0
42.98245614035194 12
42.98245614035194 13
42.98245614035194 20
42.98245614035194 21
42.98245614035194 28
42.98245614035194 29
42.98245614035194 36
42.98245614035194 37
42.98245614035194 44
42.98245614035194 45
42.98245614035194 53
42.991228070176504 5
42.991228070176504 11
42.991228070176504 19
42.991228070176504 27
42.991228070176504 35
42.991228070176504 43
42.991228070176504 51
42.991228070176504 52
42.991228070176504 58
42.991228070176504 59
43.000000000001066 4
43.000000000001066 10
43.000000000001066 18
43.000000000001066 26
43.000000000001066 34
43.000000000001066 42
43.000000000001066 50
43.000000000001066 57
43.00877192982563 3
43.00877192982563 9
43.00877192982563 17
43.00877192982563 25
43.00877192982563 33
43.00877192982563 41
43.00877192982563 56
43.01754385965019 2
43.01754385965019 8
43.01754385965019 16
43.01754385965019 24
43.01754385965019 32
43.01754385965019 40
43.01754385965019 49
43.01754385965019 55
43.02631578947475 1
43.02631578947475 7
43.02631578947475 15
43.02631578947475 23
43.02631578947475 31
43.02631578947475 39
43.02631578947475 47
43.02631578947475 48
43.02631578947475 54
43.03508771929931 0
43.03508771929931 6
43.03508771929931 14
43.03508771929931 22
43.03508771929931 30
43.03508771929931 38
43.03508771929931 46
43.45614035087827 26
43.45614035087827 27
43.45614035087827 28
43.45614035087827 35
43.45614035087827 36
43.45614035087827 37
43.45614035087827 43
43.45614035087827 44
43.45614035087827 45
43.45614035087827 51
43.45614035087827 52
43.45614035087827 53
43.45614035087827 58
43.45614035087827 59
43.46491228070283 20
43.46491228070283 25
43.46491228070283 50
43.46491228070283 57
43.473684210527395 17
43.473684210527395 18
43.473684210527395 19
43.473684210527395 56
43.48245614035196 9
43.48245614035196 10
43.48245614035196 11
43.48245614035196 55
43.49122807017652 2
43.49122807017652 3
43.49122807017652 4
43.49122807017652 5
43.49122807017652 8
43.50000000000108 1
43.50000000000108 7
43.50877192982564 0
43.736842105264245 15
43.736842105264245 16
43.736842105264245 23
43.736842105264245 24
43.736842105264245 25
43.736842105264245 26
43.736842105264245 32
43.736842105264245 33
43.736842105264245 34
43.736842105264245 40
43.736842105264245 41
43.736842105264245 42
43.736842105264245 49
43.736842105264245 50
43.736842105264245 51
43.745614035088806 8
43.745614035088806 14
43.745614035088806 22
43.745614035088806 30
43.745614035088806 31
43.745614035088806 38
43.745614035088806 39
43.745614035088806 47
43.75438596491337 1
43.75438596491337 6
44.587719298246725 34
44.587719298246725 35
44.587719298246725 36
44.587719298246725 37
44.587719298246725 42
44.587719298246725 43
44.587719298246725 44
44.587719298246725 45
44.587719298246725 50
44.587719298246725 51
44.587719298246725 52
44.587719298246725 53
44.587719298246725 57
44.587719298246725 58
44.587719298246725 59
44.59649122807129 26
44.59649122807129 27
44.59649122807129 28
44.59649122807129 29
44.59649122807129 33
44.59649122807129 39
44.59649122807129 40
44.59649122807129 41
44.59649122807129 47
44.59649122807129 48
44.59649122807129 49
44.59649122807129 56
44.60526315789585 20
44.60526315789585 21
44.60526315789585 25
44.60526315789585 31
44.60526315789585 32
44.60526315789585 38
44.60526315789585 46
44.61403508772041 13
44.61403508772041 17
44.61403508772041 18
44.61403508772041 19
44.61403508772041 23
44.61403508772041 24
44.61403508772041 30
44.62280701754497 9
44.62280701754497 10
44.62280701754497 11
44.62280701754497 12
44.62280701754497 16
44.62280701754497 22
44.63157894736953 2
44.63157894736953 3
44.63157894736953 4
44.63157894736953 5
44.63157894736953 8
44.63157894736953 14
44.63157894736953 15
44.640350877194095 1
44.640350877194095 6
44.640350877194095 7
44.64912280701866 0
44.73684210526427 51
45.42105263158008 54
45.60526315789588 55
45.921052631580096 10
45.921052631580096 11
45.92982456140466 3
45.92982456140466 4
45.92982456140466 5
45.92982456140466 9
45.92982456140466 17
45.92982456140466 18
45.92982456140466 19
45.92982456140466 20
45.92982456140466 25
45.92982456140466 26
45.92982456140466 27
45.92982456140466 28
45.92982456140466 33
45.92982456140466 34
45.92982456140466 35
45.92982456140466 36
45.92982456140466 37
45.92982456140466 41
45.92982456140466 42
45.92982456140466 43
45.92982456140466 44
45.92982456140466 45
45.92982456140466 49
45.92982456140466 50
45.92982456140466 51
45.92982456140466 52
45.92982456140466 53
45.92982456140466 57
45.92982456140466 58
45.92982456140466 59
45.93859649122922 2
45.93859649122922 8
45.93859649122922 16
45.93859649122922 24
45.93859649122922 32
45.93859649122922 40
45.93859649122922 48
45.94736842105378 1
45.94736842105378 7
45.94736842105378 15
45.94736842105378 23
45.94736842105378 31
45.94736842105378 39
45.94736842105378 47
45.95614035087834 0
45.95614035087834 6
45.95614035087834 14
45.95614035087834 22
45.95614035087834 30
45.95614035087834 38
45.95614035087834 46
46.35964912280818 0
46.35964912280818 1
46.35964912280818 7
46.35964912280818 8
46.35964912280818 9
46.35964912280818 10
46.35964912280818 11
46.35964912280818 17
46.35964912280818 18
46.35964912280818 19
46.35964912280818 20
46.35964912280818 25
46.35964912280818 26
46.35964912280818 28
46.58771929824678 36
46.58771929824678 37
46.58771929824678 44
46.58771929824678 45
46.58771929824678 53
46.59649122807134 35
46.59649122807134 43
46.59649122807134 51
46.59649122807134 52
46.59649122807134 58
46.59649122807134 59
46.605263157895905 27
46.605263157895905 42
46.605263157895905 50
46.605263157895905 57
46.61403508772047 41
46.61403508772047 49
46.61403508772047 56
46.62280701754503 33
46.62280701754503 40
46.62280701754503 48
46.62280701754503 55
46.63157894736959 25
46.63157894736959 32
46.63157894736959 39
46.63157894736959 47
46.63157894736959 54
46.64035087719415 24
46.64035087719415 31
46.64035087719415 38
46.64035087719415 46
46.64912280701871 16
46.64912280701871 17
46.64912280701871 23
46.64912280701871 30
46.657894736843275 8
46.657894736843275 15
46.657894736843275 22
46.66666666666784 1
46.66666666666784 2
46.66666666666784 3
46.66666666666784 10
46.66666666666784 11
46.66666666666784 14
46.66666666666784 18
46.66666666666784 19
46.66666666666784 26
46.6754385964924 6
46.6754385964924 25
47.25438596491347 38
47.25438596491347 39
47.25438596491347 40
47.25438596491347 41
47.25438596491347 42
47.25438596491347 43
47.25438596491347 44
47.25438596491347 45
47.25438596491347 47
47.25438596491347 48
47.25438596491347 49
47.25438596491347 50
47.25438596491347 51
47.25438596491347 52
47.25438596491347 53
47.25438596491347 57
47.25438596491347 58
47.25438596491347 59
47.26315789473803 30
47.26315789473803 31
47.26315789473803 32
47.26315789473803 33
47.26315789473803 34
47.26315789473803 35
47.26315789473803 36
47.26315789473803 37
47.27192982456259 23
47.27192982456259 24
47.27192982456259 25
47.27192982456259 26
47.27192982456259 27
47.27192982456259 28
47.27192982456259 29
47.28070175438715 16
47.28070175438715 17
47.28070175438715 18
47.28070175438715 19
47.28070175438715 20
47.28070175438715 21
47.28070175438715 22
47.289473684211714 8
47.289473684211714 9
47.289473684211714 10
47.289473684211714 11
47.289473684211714 12
47.289473684211714 13
47.289473684211714 14
47.289473684211714 15
47.298245614036276 1
47.298245614036276 2
47.298245614036276 3
47.298245614036276 4
47.298245614036276 5
47.298245614036276 6
47.298245614036276 7
47.30701754386084 0
48.06140350877314 29
48.06140350877314 37
48.06140350877314 45
48.06140350877314 53
48.0701754385977 28
48.0701754385977 36
48.0701754385977 44
48.0701754385977 52
48.0701754385977 59
48.07894736842226 20
48.07894736842226 27
48.07894736842226 35
48.07894736842226 43
48.07894736842226 51
48.07894736842226 58
48.087719298246824 19
48.087719298246824 26
48.087719298246824 34
48.087719298246824 42
48.087719298246824 50
48.087719298246824 57
48.096491228071386 11
48.096491228071386 18
48.096491228071386 25
48.096491228071386 33
48.096491228071386 41
48.096491228071386 49
48.096491228071386 56
48.10526315789595 10
48.10526315789595 17
48.10526315789595 24
48.10526315789595 32
48.10526315789595 40
48.10526315789595 48
48.10526315789595 55
48.11403508772051 3
48.11403508772051 9
48.11403508772051 16
48.11403508772051 23
48.11403508772051 31
48.11403508772051 39
48.11403508772051 47
48.11403508772051 54
48.12280701754507 2
48.12280701754507 8
48.12280701754507 15
48.12280701754507 30
48.12280701754507 38
48.12280701754507 46
48.13157894736963 1
48.13157894736963 7
48.13157894736963 14
48.13157894736963 22
48.140350877194194 0
48.140350877194194 6
48.570175438597715 14
48.63157894736965 52
48.63157894736965 53
48.63157894736965 59
48.64035087719421 44
48.64035087719421 45
48.64035087719421 58
48.64912280701877 36
48.64912280701877 37
48.64912280701877 43
48.64912280701877 57
48.65789473684333 28
48.65789473684333 29
48.65789473684333 35
48.65789473684333 42
48.65789473684333 50
48.65789473684333 56
48.66666666666789 20
48.66666666666789 21
48.66666666666789 27
48.66666666666789 34
48.66666666666789 41
48.66666666666789 49
48.66666666666789 55
48.675438596492455 13
48.675438596492455 19
48.675438596492455 26
48.675438596492455 33
48.675438596492455 40
48.675438596492455 48
48.68421052631702 11
48.68421052631702 12
48.68421052631702 18
48.68421052631702 25
48.68421052631702 32
48.68421052631702 39
48.68421052631702 47
48.68421052631702 54
48.69298245614158 5
48.69298245614158 10
48.69298245614158 17
48.69298245614158 24
48.69298245614158 31
48.69298245614158 38
48.69298245614158 46
48.70175438596614 3
48.70175438596614 9
48.70175438596614 16
48.70175438596614 23
48.70175438596614 30
48.7105263157907 2
48.7105263157907 8
48.7105263157907 15
48.7105263157907 22
48.71929824561526 1
48.71929824561526 7
48.71929824561526 14
48.728070175439825 0
48.728070175439825 6
49.043859649124045 59
49.052631578948606 58
49.06140350877317 51
49.07017543859773 43
49.07017543859773 44
49.07017543859773 50
49.22807017543984 47
49.2368421052644 39
49.2368421052644 40
49.2368421052644 41
49.2368421052644 42
49.2368421052644 49
49.24561403508896 31
49.24561403508896 32
49.24561403508896 33
49.24561403508896 34
49.24561403508896 35
49.24561403508896 36
49.24561403508896 37
49.24561403508896 38
49.24561403508896 45
49.24561403508896 53
49.254385964913524 23
49.254385964913524 24
49.254385964913524 25
49.254385964913524 26
49.254385964913524 27
49.254385964913524 28
49.254385964913524 29
49.254385964913524 30
49.263157894738086 16
49.263157894738086 17
49.263157894738086 18
49.263157894738086 19
49.263157894738086 20
49.263157894738086 21
49.263157894738086 22
49.27192982456265 8
49.27192982456265 9
49.27192982456265 10
49.27192982456265 11
49.27192982456265 12
49.27192982456265 13
49.27192982456265 14
49.27192982456265 15
49.28070175438721 1
49.28070175438721 2
49.28070175438721 3
49.28070175438721 4
49.28070175438721 5
49.28070175438721 6
49.28070175438721 7
49.28947368421177 0
49.517543859650374 48
50.14035087719425 35
50.14035087719425 36
50.14035087719425 37
50.14035087719425 43
50.14035087719425 44
50.14035087719425 45
50.14035087719425 51
50.14035087719425 52
50.14035087719425 53
50.14035087719425 58
50.14035087719425 59
50.14912280701881 27
50.14912280701881 28
50.14912280701881 29
50.14912280701881 42
50.14912280701881 50
50.14912280701881 57
50.157894736843375 20
50.157894736843375 21
50.157894736843375 26
50.157894736843375 41
50.157894736843375 49
50.157894736843375 56
50.166666666667936 13
50.166666666667936 19
50.166666666667936 25
50.166666666667936 33
50.166666666667936 40
50.166666666667936 46
50.166666666667936 47
50.166666666667936 48
50.166666666667936 55
50.1754385964925 11
50.1754385964925 12
50.1754385964925 17
50.1754385964925 18
50.1754385964925 24
50.1754385964925 32
50.1754385964925 38
50.1754385964925 39
50.1754385964925 54
50.18421052631706 5
50.18421052631706 9
50.18421052631706 10
50.18421052631706 16
50.18421052631706 23
50.18421052631706 30
50.18421052631706 31
50.19298245614162 2
50.19298245614162 3
50.19298245614162 8
50.19298245614162 15
50.19298245614162 22
50.20175438596618 1
50.20175438596618 7
50.20175438596618 14
50.210526315790744 0
50.210526315790744 6
50.684210526317074 23
50.684210526317074 24
50.684210526317074 25
50.684210526317074 26
50.684210526317074 27
50.684210526317074 28
50.684210526317074 32
50.684210526317074 33
50.684210526317074 34
50.684210526317074 35
50.684210526317074 36
50.684210526317074 37
50.684210526317074 40
50.684210526317074 41
50.684210526317074 42
50.684210526317074 43
50.684210526317074 44
50.684210526317074 45
50.684210526317074 49
50.684210526317074 50
50.684210526317074 51
50.684210526317074 52
50.684210526317074 53
50.684210526317074 57
50.684210526317074 58
50.684210526317074 59
50.692982456141635 16
50.692982456141635 17
50.692982456141635 18
50.692982456141635 19
50.692982456141635 20
50.692982456141635 39
50.692982456141635 47
50.7017543859662 8
50.7017543859662 9
50.7017543859662 10
50.7017543859662 11
50.7017543859662 12
50.7017543859662 13
50.7017543859662 15
50.7017543859662 31
50.7017543859662 38
50.7017543859662 46
50.71052631579076 1
50.71052631579076 2
50.71052631579076 3
50.71052631579076 4
50.71052631579076 5
50.71052631579076 7
50.71052631579076 14
50.71052631579076 22
50.71052631579076 30
50.71929824561532 0
50.85964912280831 15
50.86842105263287 14
50.87719298245743 6
51.070175438597786 47
51.07894736842235 39
51.07894736842235 40
51.07894736842235 41
51.08771929824691 32
51.08771929824691 38
51.09649122807147 30
51.78947368421184 42
51.78947368421184 43
51.78947368421184 44
51.78947368421184 45
51.78947368421184 50
51.78947368421184 51
51.78947368421184 52
51.78947368421184 53
51.78947368421184 57
51.78947368421184 58
51.78947368421184 59
51.798245614036404 35
51.798245614036404 36
51.798245614036404 37
51.798245614036404 41
51.798245614036404 49
51.798245614036404 56
51.807017543860965 27
51.807017543860965 28
51.807017543860965 29
51.807017543860965 33
51.807017543860965 40
51.807017543860965 48
51.807017543860965 55
51.81578947368553 20
51.81578947368553 21
51.81578947368553 25
51.81578947368553 26
51.81578947368553 32
51.81578947368553 39
51.81578947368553 47
51.81578947368553 54
51.82456140351009 13
51.82456140351009 17
51.82456140351009 18
51.82456140351009 19
51.82456140351009 24
51.82456140351009 31
51.82456140351009 38
51.82456140351009 46
51.83333333333465 9
51.83333333333465 10
51.83333333333465 11
51.83333333333465 12
51.83333333333465 16
51.83333333333465 23
51.83333333333465 30
51.84210526315921 2
51.84210526315921 3
51.84210526315921 4
51.84210526315921 5
51.84210526315921 8
51.84210526315921 15
51.84210526315921 22
51.85087719298377 1
51.85087719298377 7
51.85087719298377 14
51.859649122808335 0
51.859649122808335 6
52.394736842106596 52
52.394736842106596 53
52.394736842106596 59
52.40350877193116 44
52.40350877193116 45
52.40350877193116 58
52.41228070175572 36
52.41228070175572 37
52.41228070175572 43
52.41228070175572 57
52.42105263158028 28
52.42105263158028 29
52.42105263158028 35
52.42105263158028 42
52.42105263158028 50
52.42105263158028 56
52.42982456140484 20
52.42982456140484 21
52.42982456140484 27
52.42982456140484 34
52.42982456140484 41
52.42982456140484 49
52.42982456140484 55
52.438596491229404 13
52.438596491229404 19
52.438596491229404 26
52.438596491229404 33
52.438596491229404 40
52.438596491229404 48
52.447368421053966 11
52.447368421053966 12
52.447368421053966 18
52.447368421053966 25
52.447368421053966 32
52.447368421053966 39
52.447368421053966 47
52.447368421053966 54
52.45614035087853 5
52.45614035087853 10
52.45614035087853 17
52.45614035087853 24
52.45614035087853 31
52.45614035087853 38
52.45614035087853 46
52.46491228070309 3
52.46491228070309 9
52.46491228070309 16
52.46491228070309 23
52.46491228070309 30
52.47368421052765 2
52.47368421052765 8
52.47368421052765 15
52.47368421052765 22
52.48245614035221 1
52.48245614035221 7
52.48245614035221 14
52.491228070176774 0
52.491228070176774 6
53.01754385965047 24
53.01754385965047 25
53.01754385965047 26
53.01754385965047 27
53.01754385965047 28
53.01754385965047 32
53.01754385965047 33
53.01754385965047 34
53.01754385965047 35
53.01754385965047 36
53.01754385965047 37
53.01754385965047 40
53.01754385965047 41
53.01754385965047 42
53.01754385965047 43
53.01754385965047 44
53.01754385965047 45
53.01754385965047 49
53.01754385965047 50
53.01754385965047 51
53.01754385965047 52
53.01754385965047 53
53.01754385965047 57
53.01754385965047 58
53.01754385965047 59
53.026315789475035 16
53.026315789475035 17
53.026315789475035 18
53.026315789475035 19
53.026315789475035 20
53.026315789475035 23
53.026315789475035 31
53.026315789475035 39
53.026315789475035 47
53.0350877192996 8
53.0350877192996 9
53.0350877192996 10
53.0350877192996 11
53.0350877192996 12
53.0350877192996 13
53.0350877192996 15
53.0350877192996 30
53.0350877192996 38
53.0350877192996 46
53.04385964912416 1
53.04385964912416 2
53.04385964912416 3
53.04385964912416 4
53.04385964912416 5
53.04385964912416 7
53.04385964912416 14
53.04385964912416 22
53.05263157894872 0
53.05263157894872 6
53.69298245614172 30
53.69298245614172 38
53.69298245614172 39
53.69298245614172 40
53.69298245614172 41
53.69298245614172 42
53.69298245614172 43
53.69298245614172 44
53.69298245614172 45
53.69298245614172 47
53.69298245614172 48
53.69298245614172 49
53.69298245614172 50
53.69298245614172 51
53.69298245614172 52
53.69298245614172 53
53.69298245614172 57
53.69298245614172 58
53.69298245614172 59
53.70175438596628 31
53.70175438596628 32
53.70175438596628 33
53.70175438596628 34
53.70175438596628 35
53.70175438596628 36
53.70175438596628 37
53.710526315790844 23
53.710526315790844 24
53.710526315790844 25
53.710526315790844 26
53.710526315790844 27
53.710526315790844 28
53.710526315790844 29
53.719298245615406 16
53.719298245615406 17
53.719298245615406 18
53.719298245615406 19
53.719298245615406 20
53.719298245615406 21
53.719298245615406 22
53.72807017543997 8
53.72807017543997 9
53.72807017543997 10
53.72807017543997 11
53.72807017543997 12
53.72807017543997 13
53.72807017543997 14
53.72807017543997 15
53.73684210526453 1
53.73684210526453 2
53.73684210526453 3
53.73684210526453 4
53.73684210526453 5
53.73684210526453 6
53.73684210526453 7
53.74561403508909 0
54.412280701755776 1
54.412280701755776 2
54.412280701755776 3
54.412280701755776 8
54.412280701755776 9
54.412280701755776 10
54.412280701755776 11
54.412280701755776 16
54.412280701755776 17
54.412280701755776 18
54.412280701755776 19
54.412280701755776 20
54.412280701755776 24
54.412280701755776 25
54.412280701755776 26
54.412280701755776 27
54.412280701755776 28
54.412280701755776 32
54.412280701755776 33
54.412280701755776 34
54.412280701755776 35
54.412280701755776 36
54.412280701755776 37
54.412280701755776 40
54.412280701755776 41
54.412280701755776 42
54.412280701755776 43
54.412280701755776 44
54.412280701755776 45
54.412280701755776 49
54.412280701755776 50
54.412280701755776 51
54.412280701755776 52
54.412280701755776 53
54.412280701755776 57
54.412280701755776 58
54.412280701755776 59
54.42105263158034 0
54.42105263158034 7
54.42105263158034 15
54.42105263158034 23
54.42105263158034 31
54.42105263158034 39
54.42105263158034 47
54.4298245614049 6
54.4298245614049 14
54.4298245614049 22
54.4298245614049 30
54.4298245614049 38
54.4298245614049 46
55.28947368421194 41
55.28947368421194 42
55.28947368421194 43
55.28947368421194 44
55.28947368421194 45
55.28947368421194 49
55.28947368421194 50
55.28947368421194 51
55.28947368421194 52
55.28947368421194 53
55.28947368421194 57
55.28947368421194 58
55.28947368421194 59
55.2982456140365 33
55.2982456140365 34
55.2982456140365 35
55.2982456140365 36
55.2982456140365 37
55.2982456140365 40
55.2982456140365 48
55.307017543861065 25
55.307017543861065 26
55.307017543861065 27
55.307017543861065 28
55.307017543861065 29
55.307017543861065 32
55.307017543861065 39
55.307017543861065 47
55.315789473685626 17
55.315789473685626 18
55.315789473685626 19
55.315789473685626 20
55.315789473685626 21
55.315789473685626 24
55.315789473685626 31
55.315789473685626 38
55.315789473685626 46
55.32456140351019 9
55.32456140351019 10
55.32456140351019 11
55.32456140351019 12
55.32456140351019 13
55.32456140351019 16
55.32456140351019 23
55.32456140351019 30
55.33333333333475 2
55.33333333333475 3
55.33333333333475 4
55.33333333333475 5
55.33333333333475 8
55.33333333333475 15
55.33333333333475 22
55.34210526315931 1
55.34210526315931 7
55.34210526315931 14
55.35087719298387 0
55.35087719298387 6
55.578947368422476 38
55.58771929824704 30
55.736842105264586 9
55.736842105264586 10
55.736842105264586 11
55.736842105264586 17
55.736842105264586 18
55.736842105264586 19
55.736842105264586 20
55.736842105264586 25
55.736842105264586 26
55.736842105264586 28
55.74561403508915 8
55.75438596491371 1
55.75438596491371 7
55.76315789473827 0
55.833333333334764 38
55.833333333334764 39
55.833333333334764 40
55.833333333334764 41
55.833333333334764 42
55.833333333334764 43
55.833333333334764 44
55.833333333334764 45
55.833333333334764 47
55.833333333334764 48
55.833333333334764 49
55.833333333334764 50
55.833333333334764 51
55.833333333334764 52
55.833333333334764 53
55.833333333334764 57
55.833333333334764 58
55.833333333334764 59
55.842105263159326 30
55.842105263159326 31
55.842105263159326 32
55.842105263159326 33
55.842105263159326 34
55.842105263159326 35
55.842105263159326 36
55.842105263159326 37
55.85087719298389 23
55.85087719298389 24
55.85087719298389 25
55.85087719298389 27
55.85964912280845 16
55.85964912280845 22
55.86842105263301 8
55.86842105263301 14
55.86842105263301 15
55.87719298245757 6
55.90350877193126 51
56.21929824561548 1
56.21929824561548 2
56.21929824561548 3
56.21929824561548 8
56.21929824561548 9
56.21929824561548 10
56.21929824561548 11
56.21929824561548 17
56.21929824561548 18
56.21929824561548 19
56.21929824561548 20
56.21929824561548 25
56.21929824561548 26
56.21929824561548 28
56.22807017544004 0
56.22807017544004 7
56.60526315789619 54
56.81578947368567 26
56.81578947368567 27
56.81578947368567 28
56.81578947368567 35
56.81578947368567 36
56.81578947368567 37
56.81578947368567 43
56.81578947368567 44
56.81578947368567 45
56.81578947368567 51
56.81578947368567 52
56.81578947368567 53
56.81578947368567 58
56.81578947368567 59
56.82456140351023 20
56.82456140351023 25
56.82456140351023 33
56.82456140351023 41
56.82456140351023 42
56.82456140351023 49
56.82456140351023 50
56.82456140351023 57
56.83333333333479 17
56.83333333333479 18
56.83333333333479 19
56.83333333333479 24
56.83333333333479 32
56.83333333333479 40
56.83333333333479 48
56.842105263159354 9
56.842105263159354 10
56.842105263159354 11
56.842105263159354 16
56.842105263159354 23
56.842105263159354 31
56.842105263159354 39
56.842105263159354 47
56.850877192983916 2
56.850877192983916 3
56.850877192983916 4
56.850877192983916 5
56.850877192983916 8
56.850877192983916 15
56.850877192983916 30
56.850877192983916 38
56.850877192983916 46
56.85964912280848 1
56.85964912280848 7
56.85964912280848 14
56.85964912280848 22
56.86842105263304 0
56.86842105263304 6
57.35087719298393 54
57.83333333333482 27
57.83333333333482 28
57.83333333333482 35
57.83333333333482 36
57.83333333333482 37
57.83333333333482 43
57.83333333333482 44
57.83333333333482 45
57.83333333333482 51
57.83333333333482 52
57.83333333333482 53
57.83333333333482 58
57.83333333333482 59
57.84210526315938 20
57.84210526315938 26
57.84210526315938 34
57.84210526315938 42
57.84210526315938 50
57.84210526315938 57
57.850877192983944 19
57.850877192983944 25
57.850877192983944 33
57.850877192983944 41
57.850877192983944 49
57.850877192983944 56
57.859649122808506 11
57.859649122808506 17
57.859649122808506 18
57.859649122808506 24
57.859649122808506 32
57.859649122808506 40
57.859649122808506 48
57.859649122808506 55
57.86842105263307 9
57.86842105263307 10
57.86842105263307 16
57.86842105263307 23
57.86842105263307 31
57.86842105263307 39
57.86842105263307 47
57.86842105263307 54
57.87719298245763 2
57.87719298245763 3
57.87719298245763 8
57.87719298245763 15
57.87719298245763 30
57.87719298245763 38
57.87719298245763 46
57.88596491228219 1
57.88596491228219 7
57.88596491228219 14
57.88596491228219 22
57.89473684210675 0
57.89473684210675 6
58.28947368421203 51
58.28947368421203 58
58.28947368421203 59
58.29824561403659 43
58.29824561403659 44
58.29824561403659 45
58.29824561403659 50
58.29824561403659 52
58.29824561403659 53
58.29824561403659 57
58.30701754386115 35
58.30701754386115 36
58.30701754386115 37
58.30701754386115 56
58.31578947368571 27
58.31578947368571 28
58.31578947368571 29
58.31578947368571 55
58.32456140351027 20
58.32456140351027 21
58.32456140351027 26
58.333333333334835 13
58.333333333334835 19
58.333333333334835 25
58.3421052631594 11
58.3421052631594 12
58.3421052631594 17
58.3421052631594 18
58.3421052631594 24
58.3421052631594 32
58.3421052631594 40
58.3421052631594 41
58.35087719298396 5
58.35087719298396 9
58.35087719298396 10
58.35087719298396 23
58.35087719298396 39
58.35087719298396 47
58.35964912280852 2
58.35964912280852 3
58.35964912280852 8
58.35964912280852 38
58.35964912280852 46
58.36842105263308 1
58.36842105263308 7
58.36842105263308 15
58.36842105263308 30
58.37719298245764 0
58.37719298245764 14
58.37719298245764 22
58.63157894736993 6
58.63157894736993 14
58.74561403508923 4
58.74561403508923 5
58.74561403508923 11
58.754385964913794 10
58.763157894738356 9
58.763157894738356 17
58.763157894738356 18
58.763157894738356 25
58.763157894738356 26
58.763157894738356 33
58.763157894738356 34
58.763157894738356 35
58.763157894738356 41
58.763157894738356 42
58.763157894738356 43
58.763157894738356 44
58.763157894738356 45
58.763157894738356 49
58.763157894738356 50
58.763157894738356 51
58.763157894738356 52
58.763157894738356 53
58.763157894738356 57
58.763157894738356 58
58.763157894738356 59
58.77192982456292 8
58.77192982456292 16
58.77192982456292 27
58.77192982456292 28
58.77192982456292 32
58.77192982456292 37
58.77192982456292 40
58.77192982456292 48
58.78070175438748 1
58.78070175438748 7
58.78070175438748 15
58.78070175438748 20
58.78070175438748 23
58.78070175438748 31
58.78070175438748 36
58.78070175438748 39
58.78070175438748 47
58.78947368421204 0
58.78947368421204 14
58.78947368421204 22
58.78947368421204 30
58.78947368421204 38
58.78947368421204 46
59.070175438598014 1
59.070175438598014 2
59.070175438598014 3
59.070175438598014 8
59.070175438598014 10
59.070175438598014 11
59.45614035087873 48
59.45614035087873 49
59.45614035087873 50
59.45614035087873 51
59.45614035087873 57
59.45614035087873 58
59.45614035087873 59
59.46491228070329 40
59.46491228070329 41
59.46491228070329 42
59.46491228070329 43
59.46491228070329 44
59.46491228070329 45
59.46491228070329 52
59.46491228070329 53
59.47368421052785 32
59.47368421052785 33
59.47368421052785 34
59.47368421052785 35
59.47368421052785 36
59.47368421052785 37
59.47368421052785 39
59.48245614035241 24
59.48245614035241 25
59.48245614035241 26
59.48245614035241 27
59.48245614035241 28
59.48245614035241 29
59.48245614035241 31
59.48245614035241 38
59.49122807017697 16
59.49122807017697 17
59.49122807017697 18
59.49122807017697 19
59.49122807017697 20
59.49122807017697 21
59.49122807017697 23
59.49122807017697 30
59.500000000001535 8
59.500000000001535 9
59.500000000001535 10
59.500000000001535 11
59.500000000001535 12
59.500000000001535 13
59.500000000001535 15
59.500000000001535 22
59.508771929826096 1
59.508771929826096 5
59.508771929826096 7
59.508771929826096 14
59.51754385965066 0
59.51754385965066 6
59.763157894738384 44
59.771929824562946 43
59.771929824562946 51
59.78070175438751 50
