0.3070175438596493 6
0.3070175438596493 7
0.3070175438596493 8
0.3070175438596493 9
0.3070175438596493 10
0.3070175438596493 11
0.3070175438596493 14
0.3070175438596493 15
0.3070175438596493 16
0.3070175438596493 17
0.3070175438596493 18
0.3070175438596493 19
0.3070175438596493 20
0.3070175438596493 23
0.3070175438596493 24
0.3070175438596493 25
0.3070175438596493 26
0.3070175438596493 27
0.3070175438596493 28
0.3070175438596493 32
0.3070175438596493 33
0.3070175438596493 34
0.3070175438596493 35
0.3070175438596493 36
0.3070175438596493 37
0.3070175438596493 40
0.3070175438596493 41
0.3070175438596493 42
0.3070175438596493 43
0.3070175438596493 44
0.3070175438596493 45
0.3070175438596493 49
0.3070175438596493 50
0.3070175438596493 51
0.3070175438596493 52
0.3070175438596493 53
0.3070175438596493 57
0.3070175438596493 58
0.3070175438596493 59
0.31578947368421073 0
0.31578947368421073 1
0.31578947368421073 2
0.31578947368421073 3
0.31578947368421073 4
0.31578947368421073 5
0.31578947368421073 12
0.31578947368421073 13
0.31578947368421073 22
0.31578947368421073 30
0.31578947368421073 31
0.31578947368421073 38
0.31578947368421073 39
0.31578947368421073 47
0.8859649122807037 46
0.8859649122807037 47
0.8947368421052652 38
0.8947368421052652 39
0.8947368421052652 40
0.8947368421052652 41
0.8947368421052652 42
0.8947368421052652 43
0.8947368421052652 44
0.8947368421052652 45
0.8947368421052652 49
0.8947368421052652 50
0.8947368421052652 51
0.8947368421052652 52
0.8947368421052652 53
0.8947368421052652 57
0.8947368421052652 58
0.8947368421052652 59
0.9035087719298266 30
0.9035087719298266 31
0.9035087719298266 32
0.9035087719298266 33
0.9035087719298266 34
0.9035087719298266 35
0.9035087719298266 36
0.9035087719298266 37
0.912280701754388 23
0.912280701754388 24
0.912280701754388 25
0.912280701754388 26
0.912280701754388 27
0.912280701754388 28
0.912280701754388 29
0.9210526315789495 16
0.9210526315789495 17
0.9210526315789495 18
0.9210526315789495 19
0.9210526315789495 20
0.9210526315789495 21
0.9210526315789495 22
0.9298245614035109 8
0.9298245614035109 9
0.9298245614035109 10
0.9298245614035109 11
0.9298245614035109 12
0.9298245614035109 13
0.9298245614035109 14
0.9298245614035109 15
0.9385964912280723 1
0.9385964912280723 2
0.9385964912280723 3
0.9385964912280723 4
0.9385964912280723 5
0.9385964912280723 6
0.9385964912280723 7
0.9473684210526337 0
1.342105263157898 14
1.6403508771929867 56
1.6403508771929867 57
1.6403508771929867 58
1.6403508771929867 59
1.649122807017548 49
1.649122807017548 50
1.649122807017548 51
1.649122807017548 52
1.649122807017548 53
1.649122807017548 55
1.6578947368421095 41
1.6578947368421095 42
1.6578947368421095 43
1.6578947368421095 44
1.6578947368421095 45
1.6578947368421095 48
1.666666666666671 33
1.666666666666671 34
1.666666666666671 35
1.666666666666671 36
1.666666666666671 37
1.666666666666671 40
1.6754385964912324 25
1.6754385964912324 26
1.6754385964912324 27
1.6754385964912324 28
1.6754385964912324 29
1.6754385964912324 32
1.6754385964912324 39
1.6842105263157938 17
1.6842105263157938 18
1.6842105263157938 19
1.6842105263157938 20
1.6842105263157938 21
1.6842105263157938 24
1.6842105263157938 31
1.6842105263157938 38
1.6929824561403553 9
1.6929824561403553 10
1.6929824561403553 11
1.6929824561403553 12
1.6929824561403553 13
1.6929824561403553 16
1.6929824561403553 23
1.6929824561403553 30
1.7017543859649167 2
1.7017543859649167 3
1.7017543859649167 4
1.7017543859649167 5
1.7017543859649167 8
1.7017543859649167 15
1.7017543859649167 22
1.7105263157894781 1
1.7105263157894781 7
1.7105263157894781 14
1.7192982456140395 0
1.7192982456140395 6
2.0964912280701786 41
2.10526315789474 40
2.114035087719301 32
2.114035087719301 39
2.114035087719301 47
2.1228070175438623 38
2.1228070175438623 46
2.1315789473684235 30
2.1403508771929847 36
2.1403508771929847 37
2.1403508771929847 44
2.1403508771929847 45
2.1403508771929847 53
2.149122807017546 28
2.149122807017546 29
2.149122807017546 35
2.149122807017546 43
2.149122807017546 51
2.149122807017546 52
2.149122807017546 58
2.149122807017546 59
2.157894736842107 20
2.157894736842107 21
2.157894736842107 27
2.157894736842107 50
2.157894736842107 57
2.1666666666666683 13
2.1666666666666683 19
2.1666666666666683 26
2.1666666666666683 49
2.1666666666666683 56
2.1754385964912295 11
2.1754385964912295 12
2.1754385964912295 18
2.1754385964912295 25
2.1754385964912295 33
2.1754385964912295 55
2.1842105263157907 5
2.1842105263157907 10
2.1842105263157907 17
2.1842105263157907 24
2.192982456140352 3
2.192982456140352 9
2.192982456140352 23
2.201754385964913 2
2.201754385964913 8
2.201754385964913 16
2.2105263157894743 1
2.2105263157894743 7
2.2105263157894743 15
2.2192982456140355 0
2.2192982456140355 14
2.2192982456140355 22
3.078947368421034 6
3.078947368421034 7
3.078947368421034 8
3.078947368421034 9
3.078947368421034 10
3.078947368421034 11
3.078947368421034 14
3.078947368421034 15
3.078947368421034 16
3.078947368421034 17
3.078947368421034 18
3.078947368421034 19
3.078947368421034 20
3.078947368421034 23
3.078947368421034 24
3.078947368421034 25
3.078947368421034 26
3.078947368421034 27
3.078947368421034 28
3.078947368421034 32
3.078947368421034 33
3.078947368421034 34
3.078947368421034 35
3.078947368421034 36
3.078947368421034 37
3.078947368421034 40
3.078947368421034 41
3.078947368421034 42
3.078947368421034 43
3.078947368421034 44
3.078947368421034 45
3.078947368421034 49
3.078947368421034 50
3.078947368421034 51
3.078947368421034 52
3.078947368421034 53
3.078947368421034 57
3.078947368421034 58
3.078947368421034 59
3.087719298245595 0
3.087719298245595 1
3.087719298245595 2
3.087719298245595 3
3.087719298245595 4
3.087719298245595 5
3.087719298245595 12
3.087719298245595 13
3.087719298245595 22
3.087719298245595 30
3.087719298245595 31
3.087719298245595 38
3.087719298245595 39
3.087719298245595 47
3.5087719298245332 29
3.5175438596490944 28
3.5263157894736556 20
3.8596491228069816 52
3.8596491228069816 53
3.8596491228069816 59
3.868421052631543 44
3.868421052631543 45
3.868421052631543 51
3.868421052631543 58
3.877192982456104 36
3.877192982456104 37
3.877192982456104 43
3.877192982456104 50
3.877192982456104 57
3.885964912280665 28
3.885964912280665 29
3.885964912280665 35
3.885964912280665 42
3.885964912280665 49
3.885964912280665 56
3.8947368421052264 20
3.8947368421052264 21
3.8947368421052264 27
3.8947368421052264 34
3.8947368421052264 41
3.8947368421052264 55
3.9035087719297876 13
3.9035087719297876 19
3.9035087719297876 26
3.9035087719297876 33
3.9035087719297876 40
3.912280701754349 11
3.912280701754349 12
3.912280701754349 18
3.912280701754349 25
3.912280701754349 32
3.912280701754349 39
3.912280701754349 47
3.912280701754349 54
3.92105263157891 5
3.92105263157891 10
3.92105263157891 17
3.92105263157891 24
3.92105263157891 31
3.92105263157891 38
3.92105263157891 46
3.9298245614034713 3
3.9298245614034713 9
3.9298245614034713 16
3.9298245614034713 23
3.9298245614034713 30
3.9385964912280325 2
3.9385964912280325 8
3.9385964912280325 15
3.9385964912280325 22
3.9473684210525937 1
3.9473684210525937 7
3.9473684210525937 14
3.956140350877155 0
3.956140350877155 6
3.9736842105262773 4
4.543859649122783 35
4.543859649122783 36
4.543859649122783 37
4.543859649122783 43
4.543859649122783 44
4.543859649122783 45
4.543859649122783 51
4.543859649122783 52
4.543859649122783 53
4.543859649122783 58
4.543859649122783 59
4.552631578947345 27
4.552631578947345 28
4.552631578947345 29
4.552631578947345 42
4.552631578947345 50
4.552631578947345 57
4.561403508771907 20
4.561403508771907 21
4.561403508771907 26
4.561403508771907 41
4.561403508771907 49
4.561403508771907 56
4.570175438596468 13
4.570175438596468 19
4.570175438596468 25
4.570175438596468 33
4.570175438596468 40
4.570175438596468 48
4.570175438596468 55
4.57894736842103 11
4.57894736842103 12
4.57894736842103 17
4.57894736842103 18
4.57894736842103 24
4.57894736842103 32
4.57894736842103 39
4.57894736842103 47
4.57894736842103 54
4.587719298245592 5
4.587719298245592 9
4.587719298245592 10
4.587719298245592 16
4.587719298245592 23
4.587719298245592 31
4.587719298245592 38
4.587719298245592 46
4.596491228070153 2
4.596491228070153 3
4.596491228070153 8
4.596491228070153 15
4.596491228070153 30
4.605263157894715 1
4.605263157894715 7
4.605263157894715 14
4.605263157894715 22
4.614035087719277 0
4.614035087719277 6
5.2982456140350855 17
5.2982456140350855 25
5.2982456140350855 26
5.2982456140350855 27
5.2982456140350855 28
5.2982456140350855 33
5.2982456140350855 34
5.2982456140350855 35
5.2982456140350855 36
5.2982456140350855 37
5.2982456140350855 41
5.2982456140350855 42
5.2982456140350855 43
5.2982456140350855 44
5.2982456140350855 45
5.2982456140350855 49
5.2982456140350855 50
5.2982456140350855 51
5.2982456140350855 52
5.2982456140350855 53
5.2982456140350855 57
5.2982456140350855 58
5.2982456140350855 59
5.307017543859647 9
5.307017543859647 10
5.307017543859647 11
5.307017543859647 16
5.307017543859647 18
5.307017543859647 19
5.307017543859647 20
5.307017543859647 24
5.307017543859647 32
5.307017543859647 40
5.307017543859647 48
5.315789473684209 2
5.315789473684209 3
5.315789473684209 4
5.315789473684209 5
5.315789473684209 8
5.315789473684209 12
5.315789473684209 13
5.315789473684209 23
5.315789473684209 31
5.315789473684209 39
5.315789473684209 47
5.3245614035087705 1
5.3245614035087705 7
5.3245614035087705 15
5.3245614035087705 30
5.3245614035087705 38
5.3245614035087705 46
5.333333333333332 0
5.333333333333332 6
5.333333333333332 14
5.333333333333332 22
6.254385964912306 53
6.263157894736867 45
6.271929824561429 37
6.271929824561429 44
6.280701754385991 36
6.280701754385991 43
6.280701754385991 51
6.280701754385991 58
6.280701754385991 59
6.289473684210552 28
6.289473684210552 35
6.289473684210552 42
6.289473684210552 50
6.289473684210552 57
6.298245614035114 20
6.298245614035114 27
6.298245614035114 34
6.298245614035114 41
6.298245614035114 49
6.298245614035114 56
6.307017543859676 19
6.307017543859676 26
6.307017543859676 33
6.307017543859676 40
6.307017543859676 48
6.307017543859676 55
6.315789473684237 11
6.315789473684237 18
6.315789473684237 25
6.315789473684237 32
6.315789473684237 39
6.315789473684237 47
6.315789473684237 54
6.324561403508799 10
6.324561403508799 17
6.324561403508799 24
6.324561403508799 31
6.324561403508799 38
6.324561403508799 46
6.333333333333361 3
6.333333333333361 9
6.333333333333361 16
6.333333333333361 23
6.333333333333361 30
6.342105263157922 2
6.342105263157922 8
6.342105263157922 15
6.342105263157922 22
6.350877192982484 1
6.350877192982484 7
6.350877192982484 14
6.3596491228070455 0
6.3596491228070455 6
7.105263157894786 58
7.105263157894786 59
7.114035087719348 51
7.114035087719348 52
7.114035087719348 53
7.114035087719348 57
7.122807017543909 43
7.122807017543909 44
7.122807017543909 45
7.122807017543909 50
7.122807017543909 56
7.131578947368471 35
7.131578947368471 36
7.131578947368471 37
7.131578947368471 42
7.131578947368471 49
7.131578947368471 55
7.140350877193033 27
7.140350877193033 28
7.140350877193033 29
7.140350877193033 34
7.140350877193033 41
7.140350877193033 48
7.149122807017594 20
7.149122807017594 21
7.149122807017594 26
7.149122807017594 33
7.149122807017594 40
7.157894736842156 13
7.157894736842156 19
7.157894736842156 25
7.157894736842156 32
7.157894736842156 39
7.166666666666718 11
7.166666666666718 12
7.166666666666718 17
7.166666666666718 18
7.166666666666718 24
7.166666666666718 31
7.166666666666718 38
7.175438596491279 5
7.175438596491279 9
7.175438596491279 10
7.175438596491279 16
7.175438596491279 23
7.175438596491279 30
7.184210526315841 2
7.184210526315841 3
7.184210526315841 8
7.184210526315841 15
7.184210526315841 22
7.1929824561404025 1
7.1929824561404025 7
7.1929824561404025 14
7.201754385964964 0
7.201754385964964 6
7.526315789473745 53
7.614035087719362 32
7.614035087719362 33
7.614035087719362 40
7.614035087719362 41
7.6228070175439235 25
7.6228070175439235 26
7.6228070175439235 27
7.6228070175439235 28
7.6228070175439235 35
7.6228070175439235 36
7.6228070175439235 37
7.6228070175439235 39
7.6228070175439235 43
7.6228070175439235 44
7.6228070175439235 45
7.6228070175439235 47
7.6228070175439235 51
7.6228070175439235 52
7.6228070175439235 58
7.6228070175439235 59
7.631578947368485 17
7.631578947368485 18
7.631578947368485 19
7.631578947368485 20
7.631578947368485 38
7.631578947368485 46
7.631578947368485 50
7.631578947368485 57
7.640350877193047 9
7.640350877193047 10
7.640350877193047 11
7.640350877193047 30
7.640350877193047 56
7.6491228070176085 2
7.6491228070176085 3
7.6491228070176085 4
7.6491228070176085 5
7.6491228070176085 8
7.6491228070176085 12
7.6491228070176085 13
7.6491228070176085 49
7.6491228070176085 55
7.65789473684217 1
7.65789473684217 7
7.65789473684217 48
7.666666666666732 0
8.491228070175527 25
8.491228070175527 26
8.491228070175527 27
8.491228070175527 28
8.491228070175527 33
8.491228070175527 34
8.491228070175527 35
8.491228070175527 36
8.491228070175527 37
8.491228070175527 41
8.491228070175527 42
8.491228070175527 43
8.491228070175527 44
8.491228070175527 45
8.491228070175527 49
8.491228070175527 50
8.491228070175527 51
8.491228070175527 52
8.491228070175527 53
8.491228070175527 57
8.491228070175527 58
8.491228070175527 59
8.500000000000089 17
8.500000000000089 18
8.500000000000089 19
8.500000000000089 20
8.500000000000089 24
8.500000000000089 32
8.500000000000089 40
8.500000000000089 48
8.50877192982465 9
8.50877192982465 10
8.50877192982465 11
8.50877192982465 12
8.50877192982465 13
8.50877192982465 16
8.50877192982465 23
8.50877192982465 31
8.50877192982465 39
8.50877192982465 47
8.517543859649212 2
8.517543859649212 3
8.517543859649212 4
8.517543859649212 5
8.517543859649212 8
8.517543859649212 15
8.517543859649212 30
8.517543859649212 38
8.517543859649212 46
8.526315789473774 1
8.526315789473774 7
8.526315789473774 14
8.526315789473774 22
8.535087719298335 0
8.535087719298335 6
9.587719298245734 15
9.587719298245734 16
9.587719298245734 17
9.587719298245734 23
9.587719298245734 24
9.587719298245734 25
9.587719298245734 26
9.587719298245734 27
9.587719298245734 28
9.587719298245734 32
9.587719298245734 33
9.587719298245734 34
9.587719298245734 35
9.587719298245734 36
9.587719298245734 37
9.587719298245734 40
9.587719298245734 41
9.587719298245734 42
9.587719298245734 43
9.587719298245734 44
9.587719298245734 45
9.587719298245734 49
9.587719298245734 50
9.587719298245734 51
9.587719298245734 52
9.587719298245734 53
9.587719298245734 57
9.587719298245734 58
9.587719298245734 59
9.596491228070295 7
9.596491228070295 8
9.596491228070295 9
9.596491228070295 10
9.596491228070295 11
9.596491228070295 14
9.596491228070295 18
9.596491228070295 19
9.596491228070295 20
9.596491228070295 22
9.596491228070295 30
9.596491228070295 31
9.596491228070295 38
9.596491228070295 39
9.596491228070295 47
9.605263157894857 0
9.605263157894857 1
9.605263157894857 2
9.605263157894857 3
9.605263157894857 4
9.605263157894857 5
9.605263157894857 6
9.605263157894857 12
9.605263157894857 13
9.9385964912282 17
9.9385964912282 25
9.9385964912282 26
9.947368421052762 9
9.947368421052762 10
9.947368421052762 11
9.947368421052762 18
9.947368421052762 19
9.947368421052762 20
9.947368421052762 28
9.956140350877323 8
9.964912280701885 1
9.973684210526446 0
10.114035087719433 38
10.114035087719433 39
10.114035087719433 40
10.114035087719433 41
10.114035087719433 42
10.114035087719433 43
10.114035087719433 44
10.114035087719433 45
10.114035087719433 47
10.114035087719433 48
10.114035087719433 49
10.114035087719433 50
10.114035087719433 51
10.114035087719433 52
10.114035087719433 53
10.114035087719433 57
10.114035087719433 58
10.114035087719433 59
10.122807017543995 30
10.122807017543995 31
10.122807017543995 32
10.122807017543995 33
10.122807017543995 34
10.122807017543995 35
10.122807017543995 36
10.122807017543995 37
10.131578947368556 23
10.131578947368556 24
10.131578947368556 25
10.131578947368556 27
10.140350877193118 16
10.140350877193118 22
10.14912280701768 8
10.14912280701768 14
10.14912280701768 15
10.157894736842241 1
10.157894736842241 2
10.157894736842241 3
10.157894736842241 6
10.157894736842241 7
10.157894736842241 10
10.745614035087872 51
10.745614035087872 58
10.745614035087872 59
10.754385964912434 43
10.754385964912434 44
10.754385964912434 45
10.754385964912434 50
10.754385964912434 52
10.754385964912434 53
10.754385964912434 57
10.763157894736995 35
10.763157894736995 36
10.763157894736995 37
10.763157894736995 42
10.763157894736995 49
10.763157894736995 56
10.771929824561557 15
10.771929824561557 16
10.771929824561557 17
10.771929824561557 23
10.771929824561557 24
10.771929824561557 25
10.771929824561557 26
10.771929824561557 27
10.771929824561557 28
10.771929824561557 29
10.771929824561557 32
10.771929824561557 33
10.771929824561557 34
10.771929824561557 40
10.771929824561557 41
10.771929824561557 48
10.771929824561557 55
10.780701754386119 7
10.780701754386119 8
10.780701754386119 9
10.780701754386119 10
10.780701754386119 11
10.780701754386119 14
10.780701754386119 18
10.780701754386119 19
10.780701754386119 20
10.780701754386119 21
10.780701754386119 22
10.780701754386119 30
10.780701754386119 31
10.780701754386119 38
10.780701754386119 39
10.780701754386119 47
10.780701754386119 54
10.78947368421068 0
10.78947368421068 1
10.78947368421068 2
10.78947368421068 3
10.78947368421068 4
10.78947368421068 5
10.78947368421068 6
10.78947368421068 12
10.78947368421068 13
11.05263157894753 38
11.061403508772091 30
11.254385964912448 59
11.26315789473701 58
11.271929824561571 51
11.271929824561571 57
11.280701754386133 43
11.280701754386133 44
11.280701754386133 45
11.280701754386133 50
11.280701754386133 53
11.280701754386133 56
11.289473684210694 35
11.289473684210694 36
11.289473684210694 37
11.289473684210694 42
11.289473684210694 49
11.289473684210694 55
11.298245614035256 27
11.298245614035256 28
11.298245614035256 29
11.298245614035256 34
11.298245614035256 41
11.298245614035256 48
11.307017543859818 20
11.307017543859818 21
11.307017543859818 26
11.307017543859818 33
11.307017543859818 40
11.31578947368438 13
11.31578947368438 19
11.31578947368438 25
11.31578947368438 32
11.31578947368438 39
11.324561403508941 11
11.324561403508941 12
11.324561403508941 17
11.324561403508941 18
11.324561403508941 24
11.324561403508941 31
11.324561403508941 38
11.333333333333503 5
11.333333333333503 9
11.333333333333503 10
11.333333333333503 16
11.333333333333503 23
11.333333333333503 30
11.342105263158064 2
11.342105263158064 3
11.342105263158064 8
11.342105263158064 15
11.342105263158064 22
11.350877192982626 1
11.350877192982626 7
11.350877192982626 14
11.359649122807188 0
11.359649122807188 6
11.771929824561585 57
11.771929824561585 58
11.771929824561585 59
11.780701754386147 50
11.780701754386147 51
11.780701754386147 52
11.780701754386147 53
11.780701754386147 56
11.789473684210709 43
11.789473684210709 44
11.789473684210709 45
11.789473684210709 55
11.79824561403527 35
11.79824561403527 36
11.79824561403527 37
11.807017543859832 27
11.807017543859832 28
11.807017543859832 29
11.815789473684394 20
11.815789473684394 21
11.815789473684394 26
11.824561403508955 13
11.824561403508955 19
11.824561403508955 25
11.824561403508955 33
11.824561403508955 41
11.824561403508955 42
11.824561403508955 49
11.833333333333517 11
11.833333333333517 12
11.833333333333517 17
11.833333333333517 18
11.833333333333517 24
11.833333333333517 32
11.833333333333517 40
11.833333333333517 48
11.842105263158079 5
11.842105263158079 9
11.842105263158079 10
11.842105263158079 16
11.842105263158079 23
11.842105263158079 31
11.842105263158079 39
11.842105263158079 47
11.85087719298264 2
11.85087719298264 3
11.85087719298264 8
11.85087719298264 15
11.85087719298264 30
11.85087719298264 38
11.85087719298264 46
11.859649122807202 1
11.859649122807202 7
11.859649122807202 14
11.859649122807202 22
11.868421052631764 0
12.035087719298435 32
12.947368421052847 57
12.947368421052847 58
12.947368421052847 59
12.956140350877408 50
12.956140350877408 51
12.956140350877408 52
12.956140350877408 53
12.956140350877408 56
12.96491228070197 42
12.96491228070197 43
12.96491228070197 44
12.96491228070197 45
12.96491228070197 49
12.96491228070197 55
12.973684210526532 35
12.973684210526532 36
12.973684210526532 37
12.973684210526532 41
12.973684210526532 48
12.982456140351093 27
12.982456140351093 28
12.982456140351093 29
12.982456140351093 33
12.982456140351093 40
12.991228070175655 20
12.991228070175655 21
12.991228070175655 25
12.991228070175655 26
12.991228070175655 32
12.991228070175655 39
13.000000000000217 13
13.000000000000217 17
13.000000000000217 18
13.000000000000217 19
13.000000000000217 24
13.000000000000217 31
13.000000000000217 38
13.008771929824778 9
13.008771929824778 10
13.008771929824778 11
13.008771929824778 12
13.008771929824778 16
13.008771929824778 23
13.008771929824778 30
13.01754385964934 2
13.01754385964934 3
13.01754385964934 4
13.01754385964934 5
13.01754385964934 8
13.01754385964934 15
13.01754385964934 22
13.026315789473902 1
13.026315789473902 7
13.026315789473902 14
13.035087719298463 0
13.035087719298463 6
14.39473684210552 47
14.403508771930081 39
14.403508771930081 40
14.403508771930081 41
14.403508771930081 42
14.403508771930081 43
14.403508771930081 44
14.403508771930081 45
14.403508771930081 49
14.403508771930081 50
14.403508771930081 51
14.403508771930081 52
14.403508771930081 53
14.403508771930081 57
14.403508771930081 58
14.403508771930081 59
14.412280701754643 31
14.412280701754643 32
14.412280701754643 33
14.412280701754643 34
14.412280701754643 35
14.412280701754643 36
14.412280701754643 37
14.412280701754643 38
14.421052631579204 23
14.421052631579204 24
14.421052631579204 25
14.421052631579204 26
14.421052631579204 27
14.421052631579204 28
14.421052631579204 29
14.421052631579204 30
14.429824561403766 16
14.429824561403766 17
14.429824561403766 18
14.429824561403766 19
14.429824561403766 20
14.429824561403766 21
14.429824561403766 22
14.438596491228328 8
14.438596491228328 9
14.438596491228328 10
14.438596491228328 11
14.438596491228328 12
14.438596491228328 13
14.438596491228328 14
14.438596491228328 15
14.44736842105289 1
14.44736842105289 2
14.44736842105289 3
14.44736842105289 4
14.44736842105289 5
14.44736842105289 6
14.44736842105289 7
14.456140350877451 0
14.745614035087986 59
15.307017543859931 53
15.315789473684493 45
15.324561403509055 37
15.324561403509055 44
15.333333333333616 36
15.333333333333616 43
15.333333333333616 51
15.333333333333616 58
15.333333333333616 59
15.342105263158178 28
15.342105263158178 35
15.342105263158178 42
15.342105263158178 50
15.342105263158178 57
15.35087719298274 20
15.35087719298274 27
15.35087719298274 34
15.35087719298274 41
15.35087719298274 49
15.35087719298274 56
15.359649122807301 19
15.359649122807301 26
15.359649122807301 33
15.359649122807301 40
15.359649122807301 48
15.359649122807301 55
15.368421052631863 11
15.368421052631863 18
15.368421052631863 25
15.368421052631863 32
15.368421052631863 39
15.368421052631863 47
15.368421052631863 54
15.377192982456425 10
15.377192982456425 17
15.377192982456425 24
15.377192982456425 31
15.377192982456425 38
15.377192982456425 46
15.385964912280986 3
15.385964912280986 9
15.385964912280986 16
15.385964912280986 23
15.385964912280986 30
15.394736842105548 2
15.394736842105548 8
15.394736842105548 15
15.394736842105548 22
15.40350877193011 1
15.40350877193011 7
15.40350877193011 14
15.412280701754671 0
15.412280701754671 6
16.280701754386275 37
16.280701754386275 45
16.280701754386275 53
16.289473684210837 36
16.289473684210837 44
16.289473684210837 52
16.289473684210837 59
16.298245614035398 28
16.298245614035398 35
16.298245614035398 43
16.298245614035398 51
16.298245614035398 58
16.30701754385996 20
16.30701754385996 27
16.30701754385996 42
16.30701754385996 50
16.30701754385996 57
16.31578947368452 19
16.31578947368452 26
16.31578947368452 41
16.31578947368452 49
16.31578947368452 56
16.324561403509083 11
16.324561403509083 18
16.324561403509083 25
16.324561403509083 33
16.324561403509083 40
16.324561403509083 48
16.324561403509083 55
16.333333333333645 10
16.333333333333645 17
16.333333333333645 24
16.333333333333645 32
16.333333333333645 39
16.333333333333645 47
16.333333333333645 54
16.342105263158206 3
16.342105263158206 9
16.342105263158206 16
16.342105263158206 23
16.342105263158206 31
16.342105263158206 38
16.342105263158206 46
16.350877192982768 2
16.350877192982768 8
16.350877192982768 15
16.350877192982768 30
16.35964912280733 1
16.35964912280733 7
16.35964912280733 14
16.35964912280733 22
16.36842105263189 0
16.36842105263189 6
16.535087719298563 21
16.543859649123124 13
16.552631578947686 12
16.561403508772248 5
16.57017543859681 4
16.587719298245933 1
16.587719298245933 8
16.666666666666988 28
16.67543859649155 20
17.47368421052666 56
17.47368421052666 57
17.47368421052666 58
17.47368421052666 59
17.48245614035122 49
17.48245614035122 50
17.48245614035122 51
17.48245614035122 52
17.48245614035122 53
17.48245614035122 55
17.491228070175783 41
17.491228070175783 42
17.491228070175783 43
17.491228070175783 44
17.491228070175783 45
17.491228070175783 48
17.500000000000345 33
17.500000000000345 34
17.500000000000345 35
17.500000000000345 36
17.500000000000345 37
17.500000000000345 40
17.508771929824906 25
17.508771929824906 26
17.508771929824906 27
17.508771929824906 28
17.508771929824906 29
17.508771929824906 32
17.508771929824906 39
17.517543859649468 17
17.517543859649468 18
17.517543859649468 19
17.517543859649468 20
17.517543859649468 21
17.517543859649468 24
17.517543859649468 31
17.517543859649468 38
17.52631578947403 9
17.52631578947403 10
17.52631578947403 11
17.52631578947403 12
17.52631578947403 13
17.52631578947403 16
17.52631578947403 23
17.52631578947403 30
17.53508771929859 2
17.53508771929859 3
17.53508771929859 4
17.53508771929859 5
17.53508771929859 8
17.53508771929859 15
17.53508771929859 22
17.543859649123153 1
17.543859649123153 7
17.543859649123153 14
17.552631578947715 0
17.552631578947715 6
17.982456140351236 1
17.982456140351236 8
17.982456140351236 9
17.982456140351236 10
17.982456140351236 11
17.982456140351236 17
17.982456140351236 18
17.982456140351236 19
17.982456140351236 20
17.982456140351236 25
17.982456140351236 26
17.982456140351236 27
17.982456140351236 28
17.982456140351236 33
17.982456140351236 34
17.982456140351236 35
17.982456140351236 36
17.982456140351236 37
17.982456140351236 41
17.982456140351236 43
17.982456140351236 44
17.982456140351236 45
17.982456140351236 51
17.982456140351236 52
17.982456140351236 53
17.982456140351236 58
17.982456140351236 59
17.991228070175797 0
17.991228070175797 3
17.991228070175797 4
17.991228070175797 5
17.991228070175797 7
17.991228070175797 32
17.991228070175797 40
17.991228070175797 50
17.991228070175797 57
18.00000000000036 2
18.00000000000036 24
18.00000000000036 39
18.00000000000036 47
18.00000000000036 49
18.00000000000036 56
18.00877192982492 23
18.00877192982492 38
18.00877192982492 46
18.00877192982492 55
18.017543859649482 30
18.026315789474044 22
18.035087719298605 14
18.035087719298605 15
18.035087719298605 16
18.614035087719675 1
18.614035087719675 2
18.614035087719675 3
18.614035087719675 8
18.614035087719675 9
18.614035087719675 10
18.614035087719675 11
18.614035087719675 16
18.614035087719675 17
18.614035087719675 18
18.614035087719675 19
18.614035087719675 20
18.614035087719675 24
18.614035087719675 25
18.614035087719675 26
18.614035087719675 27
18.614035087719675 28
18.614035087719675 32
18.614035087719675 33
18.614035087719675 34
18.614035087719675 35
18.614035087719675 36
18.614035087719675 37
18.614035087719675 40
18.614035087719675 41
18.614035087719675 42
18.614035087719675 43
18.614035087719675 44
18.614035087719675 45
18.614035087719675 49
18.614035087719675 50
18.614035087719675 51
18.614035087719675 52
18.614035087719675 53
18.614035087719675 57
18.614035087719675 58
18.614035087719675 59
18.622807017544236 0
18.622807017544236 7
18.622807017544236 15
18.622807017544236 23
18.622807017544236 31
18.622807017544236 39
18.622807017544236 47
18.631578947368798 6
18.631578947368798 14
18.631578947368798 22
18.631578947368798 30
18.631578947368798 38
18.631578947368798 46
18.929824561403894 17
18.929824561403894 25
18.929824561403894 26
18.938596491228456 9
18.938596491228456 10
18.938596491228456 11
18.938596491228456 18
18.938596491228456 19
18.947368421053017 8
18.95614035087758 1
19.052631578947757 54
19.052631578947757 55
19.2719298245618 47
19.28070175438636 39
19.28070175438636 40
19.28070175438636 41
19.28070175438636 42
19.28070175438636 43
19.28070175438636 44
19.28070175438636 45
19.28070175438636 49
19.28070175438636 50
19.28070175438636 51
19.28070175438636 52
19.28070175438636 53
19.28070175438636 57
19.28070175438636 58
19.28070175438636 59
19.289473684210922 31
19.289473684210922 32
19.289473684210922 33
19.289473684210922 34
19.289473684210922 35
19.289473684210922 36
19.289473684210922 37
19.289473684210922 38
19.298245614035483 23
19.298245614035483 24
19.298245614035483 25
19.298245614035483 26
19.298245614035483 27
19.298245614035483 28
19.298245614035483 29
19.298245614035483 30
19.307017543860045 16
19.307017543860045 17
19.307017543860045 18
19.307017543860045 19
19.307017543860045 20
19.307017543860045 21
19.307017543860045 22
19.315789473684607 8
19.315789473684607 9
19.315789473684607 10
19.315789473684607 11
19.315789473684607 12
19.315789473684607 13
19.315789473684607 14
19.315789473684607 15
19.32456140350917 1
19.32456140350917 2
19.32456140350917 3
19.32456140350917 4
19.32456140350917 5
19.32456140350917 6
19.32456140350917 7
19.33333333333373 0
19.771929824561813 32
19.771929824561813 33
19.771929824561813 40
19.771929824561813 41
19.780701754386374 24
19.780701754386374 25
19.780701754386374 26
19.780701754386374 27
19.780701754386374 28
19.780701754386374 35
19.780701754386374 36
19.780701754386374 37
19.780701754386374 39
19.780701754386374 43
19.780701754386374 44
19.780701754386374 45
19.780701754386374 47
19.780701754386374 51
19.780701754386374 52
19.780701754386374 53
19.780701754386374 58
19.780701754386374 59
19.789473684210936 17
19.789473684210936 18
19.789473684210936 19
19.789473684210936 20
19.789473684210936 23
19.789473684210936 38
19.789473684210936 46
19.789473684210936 50
19.789473684210936 57
19.798245614035498 9
19.798245614035498 10
19.798245614035498 11
19.798245614035498 12
19.798245614035498 13
19.798245614035498 30
19.798245614035498 42
19.798245614035498 49
19.798245614035498 56
19.80701754386006 2
19.80701754386006 3
19.80701754386006 4
19.80701754386006 5
19.80701754386006 8
19.80701754386006 22
19.80701754386006 55
19.81578947368462 1
19.81578947368462 7
19.81578947368462 14
19.81578947368462 15
19.81578947368462 16
19.824561403509183 0
20.035087719298662 41
20.307017543860074 58
20.307017543860074 59
20.315789473684635 51
20.315789473684635 52
20.315789473684635 53
20.315789473684635 57
20.324561403509197 43
20.324561403509197 44
20.324561403509197 45
20.324561403509197 50
20.324561403509197 56
20.33333333333376 35
20.33333333333376 36
20.33333333333376 37
20.33333333333376 42
20.33333333333376 49
20.33333333333376 55
20.34210526315832 27
20.34210526315832 28
20.34210526315832 29
20.34210526315832 34
20.34210526315832 41
20.34210526315832 48
20.350877192982882 20
20.350877192982882 21
20.350877192982882 26
20.350877192982882 33
20.350877192982882 40
20.359649122807443 13
20.359649122807443 19
20.359649122807443 25
20.359649122807443 32
20.359649122807443 39
20.368421052632005 11
20.368421052632005 12
20.368421052632005 17
20.368421052632005 18
20.368421052632005 24
20.368421052632005 31
20.368421052632005 38
20.377192982456567 5
20.377192982456567 9
20.377192982456567 10
20.377192982456567 16
20.377192982456567 23
20.377192982456567 30
20.38596491228113 2
20.38596491228113 3
20.38596491228113 8
20.38596491228113 15
20.38596491228113 22
20.39473684210569 1
20.39473684210569 7
20.39473684210569 14
20.40350877193025 0
20.40350877193025 6
20.76315789473728 57
20.76315789473728 58
20.76315789473728 59
20.77192982456184 50
20.77192982456184 51
20.77192982456184 52
20.77192982456184 53
20.77192982456184 56
20.780701754386403 43
20.780701754386403 44
20.780701754386403 45
20.780701754386403 55
20.789473684210964 35
20.789473684210964 37
20.798245614035526 27
20.798245614035526 28
20.798245614035526 29
20.807017543860088 20
20.807017543860088 21
20.807017543860088 26
20.81578947368465 13
20.81578947368465 19
20.81578947368465 25
20.81578947368465 33
20.81578947368465 41
20.82456140350921 11
20.82456140350921 17
20.82456140350921 18
20.82456140350921 32
20.82456140350921 40
20.833333333333773 9
20.833333333333773 10
20.833333333333773 39
20.833333333333773 47
20.842105263158334 3
20.842105263158334 8
20.842105263158334 38
20.842105263158334 46
20.850877192982896 1
20.850877192982896 2
20.850877192982896 7
20.850877192982896 30
20.859649122807458 0
21.13157894736887 12
21.14035087719343 5
21.14035087719343 11
21.149122807017992 4
21.149122807017992 10
21.157894736842554 9
21.157894736842554 17
21.157894736842554 18
21.157894736842554 25
21.157894736842554 26
21.166666666667115 8
21.166666666667115 16
21.166666666667115 24
21.166666666667115 32
21.166666666667115 40
21.166666666667115 41
21.166666666667115 42
21.166666666667115 43
21.166666666667115 44
21.166666666667115 49
21.166666666667115 50
21.166666666667115 51
21.166666666667115 58
21.166666666667115 59
21.175438596491677 1
21.175438596491677 23
21.175438596491677 31
21.175438596491677 36
21.175438596491677 39
21.175438596491677 47
21.18421052631624 15
21.18421052631624 28
21.18421052631624 30
21.18421052631624 38
21.18421052631624 46
21.1929824561408 14
21.1929824561408 20
21.1929824561408 22
21.201754385965362 6
21.745614035088185 38
21.745614035088185 39
21.745614035088185 40
21.745614035088185 41
21.745614035088185 42
21.745614035088185 43
21.745614035088185 44
21.745614035088185 45
21.745614035088185 47
21.745614035088185 48
21.745614035088185 49
21.745614035088185 50
21.745614035088185 51
21.745614035088185 52
21.745614035088185 53
21.745614035088185 57
21.745614035088185 58
21.745614035088185 59
21.754385964912746 30
21.754385964912746 31
21.754385964912746 32
21.754385964912746 33
21.754385964912746 34
21.754385964912746 35
21.754385964912746 36
21.754385964912746 37
21.763157894737308 23
21.763157894737308 24
21.763157894737308 25
21.763157894737308 26
21.763157894737308 27
21.763157894737308 28
21.763157894737308 29
21.77192982456187 16
21.77192982456187 17
21.77192982456187 18
21.77192982456187 19
21.77192982456187 20
21.77192982456187 21
21.77192982456187 22
21.78070175438643 8
21.78070175438643 9
21.78070175438643 10
21.78070175438643 11
21.78070175438643 12
21.78070175438643 13
21.78070175438643 14
21.78070175438643 15
21.789473684210993 1
21.789473684210993 2
21.789473684210993 3
21.789473684210993 4
21.789473684210993 5
21.789473684210993 6
21.789473684210993 7
21.798245614035554 0
22.596491228070665 15
22.596491228070665 16
22.596491228070665 17
22.596491228070665 23
22.596491228070665 24
22.596491228070665 25
22.596491228070665 26
22.596491228070665 27
22.596491228070665 28
22.596491228070665 32
22.596491228070665 33
22.596491228070665 34
22.596491228070665 35
22.596491228070665 36
22.596491228070665 37
22.596491228070665 40
22.596491228070665 41
22.596491228070665 42
22.596491228070665 43
22.596491228070665 44
22.596491228070665 45
22.596491228070665 49
22.596491228070665 50
22.596491228070665 51
22.596491228070665 52
22.596491228070665 53
22.596491228070665 57
22.596491228070665 58
22.596491228070665 59
22.605263157895227 7
22.605263157895227 8
22.605263157895227 9
22.605263157895227 10
22.605263157895227 11
22.605263157895227 14
22.605263157895227 18
22.605263157895227 19
22.605263157895227 20
22.605263157895227 22
22.605263157895227 30
22.605263157895227 31
22.605263157895227 38
22.605263157895227 39
22.605263157895227 47
22.614035087719788 0
22.614035087719788 1
22.614035087719788 2
22.614035087719788 3
22.614035087719788 4
22.614035087719788 5
22.614035087719788 6
22.614035087719788 12
22.614035087719788 13
23.53508771929876 37
23.53508771929876 45
23.53508771929876 53
23.543859649123323 36
23.543859649123323 44
23.543859649123323 52
23.543859649123323 59
23.552631578947885 28
23.552631578947885 35
23.552631578947885 43
23.552631578947885 46
23.552631578947885 47
23.552631578947885 51
23.552631578947885 58
23.561403508772447 20
23.561403508772447 27
23.561403508772447 38
23.561403508772447 39
23.561403508772447 40
23.561403508772447 41
23.561403508772447 42
23.561403508772447 49
23.561403508772447 50
23.561403508772447 57
23.57017543859701 19
23.57017543859701 26
23.57017543859701 30
23.57017543859701 31
23.57017543859701 32
23.57017543859701 33
23.57017543859701 34
23.57894736842157 11
23.57894736842157 18
23.57894736842157 23
23.57894736842157 24
23.57894736842157 25
23.58771929824613 10
23.58771929824613 16
23.58771929824613 17
23.58771929824613 22
23.596491228070693 3
23.596491228070693 8
23.596491228070693 9
23.596491228070693 14
23.596491228070693 15
23.605263157895255 1
23.605263157895255 2
23.605263157895255 6
23.605263157895255 7
23.614035087719817 0
24.517543859649667 2
24.517543859649667 3
24.517543859649667 9
24.517543859649667 10
24.517543859649667 11
24.517543859649667 17
24.517543859649667 18
24.517543859649667 19
24.517543859649667 20
24.517543859649667 25
24.517543859649667 26
24.517543859649667 27
24.517543859649667 28
24.517543859649667 33
24.517543859649667 34
24.517543859649667 35
24.517543859649667 36
24.517543859649667 37
24.517543859649667 41
24.517543859649667 42
24.517543859649667 43
24.517543859649667 44
24.517543859649667 45
24.517543859649667 49
24.517543859649667 50
24.517543859649667 51
24.517543859649667 52
24.517543859649667 53
24.517543859649667 57
24.517543859649667 58
24.517543859649667 59
24.52631578947423 1
24.52631578947423 8
24.52631578947423 16
24.52631578947423 24
24.52631578947423 32
24.52631578947423 40
24.52631578947423 48
24.53508771929879 0
24.53508771929879 7
24.53508771929879 15
24.53508771929879 23
24.53508771929879 31
24.53508771929879 39
24.53508771929879 47
24.543859649123352 6
24.543859649123352 14
24.543859649123352 22
24.543859649123352 30
24.543859649123352 38
24.543859649123352 46
25.3333333333339 10
25.3333333333339 11
25.342105263158462 3
25.342105263158462 4
25.342105263158462 5
25.342105263158462 9
25.342105263158462 17
25.342105263158462 18
25.342105263158462 19
25.342105263158462 20
25.342105263158462 25
25.342105263158462 26
25.342105263158462 27
25.342105263158462 28
25.342105263158462 33
25.342105263158462 34
25.342105263158462 35
25.342105263158462 36
25.342105263158462 37
25.342105263158462 41
25.342105263158462 42
25.342105263158462 43
25.342105263158462 44
25.342105263158462 45
25.342105263158462 49
25.342105263158462 50
25.342105263158462 51
25.342105263158462 52
25.342105263158462 53
25.342105263158462 57
25.342105263158462 58
25.342105263158462 59
25.350877192983024 2
25.350877192983024 8
25.350877192983024 16
25.350877192983024 24
25.350877192983024 32
25.350877192983024 40
25.350877192983024 48
25.359649122807586 1
25.359649122807586 7
25.359649122807586 15
25.359649122807586 23
25.359649122807586 31
25.359649122807586 39
25.359649122807586 47
25.368421052632147 0
25.368421052632147 6
25.368421052632147 14
25.368421052632147 22
25.368421052632147 30
25.368421052632147 38
25.368421052632147 46
25.64035087719356 15
25.64035087719356 23
25.64912280701812 14
25.64912280701812 22
25.64912280701812 30
25.64912280701812 38
25.894736842105846 1
25.894736842105846 2
25.894736842105846 3
25.894736842105846 8
25.894736842105846 9
25.894736842105846 10
25.894736842105846 11
25.894736842105846 16
25.894736842105846 17
25.894736842105846 18
25.894736842105846 19
25.894736842105846 20
25.894736842105846 24
25.894736842105846 25
25.894736842105846 26
25.894736842105846 27
25.894736842105846 28
25.894736842105846 32
25.894736842105846 33
25.894736842105846 34
25.894736842105846 35
25.894736842105846 36
25.894736842105846 37
25.894736842105846 40
25.894736842105846 41
25.894736842105846 42
25.894736842105846 43
25.894736842105846 44
25.894736842105846 45
25.894736842105846 49
25.894736842105846 50
25.894736842105846 51
25.894736842105846 52
25.894736842105846 53
25.894736842105846 57
25.894736842105846 58
25.894736842105846 59
25.903508771930408 0
25.903508771930408 7
25.903508771930408 15
25.903508771930408 39
25.903508771930408 47
25.91228070175497 6
25.91228070175497 14
25.91228070175497 31
25.91228070175497 38
25.91228070175497 46
25.92105263157953 23
25.92105263157953 30
25.929824561404093 22
26.76315789473745 38
26.76315789473745 39
26.76315789473745 40
26.76315789473745 41
26.76315789473745 42
26.76315789473745 43
26.76315789473745 44
26.76315789473745 45
26.76315789473745 47
26.76315789473745 48
26.76315789473745 49
26.76315789473745 50
26.76315789473745 51
26.76315789473745 52
26.76315789473745 53
26.76315789473745 57
26.76315789473745 58
26.76315789473745 59
26.77192982456201 30
26.77192982456201 31
26.77192982456201 32
26.77192982456201 33
26.77192982456201 34
26.77192982456201 35
26.77192982456201 36
26.77192982456201 37
26.780701754386573 23
26.780701754386573 24
26.780701754386573 25
26.780701754386573 26
26.780701754386573 27
26.780701754386573 28
26.780701754386573 29
26.789473684211135 16
26.789473684211135 17
26.789473684211135 18
26.789473684211135 19
26.789473684211135 20
26.789473684211135 21
26.789473684211135 22
26.798245614035697 8
26.798245614035697 9
26.798245614035697 10
26.798245614035697 11
26.798245614035697 12
26.798245614035697 13
26.798245614035697 14
26.798245614035697 15
26.80701754386026 1
26.80701754386026 2
26.80701754386026 3
26.80701754386026 4
26.80701754386026 5
26.80701754386026 6
26.80701754386026 7
26.81578947368482 0
27.0263157894743 8
27.03508771929886 1
27.50877192982519 0
27.50877192982519 1
27.50877192982519 2
27.50877192982519 3
27.50877192982519 7
27.50877192982519 8
27.50877192982519 9
27.50877192982519 10
27.50877192982519 11
27.50877192982519 16
27.50877192982519 17
27.50877192982519 18
27.50877192982519 19
27.50877192982519 20
27.50877192982519 24
27.50877192982519 25
27.50877192982519 26
27.50877192982519 27
27.50877192982519 28
27.50877192982519 32
27.50877192982519 33
27.50877192982519 34
27.50877192982519 35
27.50877192982519 36
27.50877192982519 37
27.50877192982519 40
27.50877192982519 41
27.50877192982519 42
27.50877192982519 43
27.50877192982519 44
27.50877192982519 45
27.50877192982519 49
27.50877192982519 50
27.50877192982519 51
27.50877192982519 52
27.50877192982519 53
27.50877192982519 57
27.50877192982519 58
27.50877192982519 59
27.517543859649752 6
27.517543859649752 14
27.517543859649752 15
27.517543859649752 23
27.517543859649752 31
27.517543859649752 39
27.517543859649752 47
27.526315789474314 22
27.526315789474314 30
27.526315789474314 38
27.526315789474314 46
28.184210526316438 12
28.184210526316438 13
28.184210526316438 20
28.184210526316438 21
28.184210526316438 28
28.184210526316438 29
28.184210526316438 36
28.184210526316438 37
28.184210526316438 44
28.184210526316438 45
28.184210526316438 53
28.192982456141 5
28.192982456141 11
28.192982456141 19
28.192982456141 27
28.192982456141 35
28.192982456141 43
28.192982456141 51
28.192982456141 52
28.192982456141 58
28.192982456141 59
28.20175438596556 4
28.20175438596556 10
28.20175438596556 18
28.20175438596556 26
28.20175438596556 34
28.20175438596556 42
28.20175438596556 50
28.20175438596556 57
28.210526315790123 3
28.210526315790123 9
28.210526315790123 17
28.210526315790123 25
28.210526315790123 33
28.210526315790123 41
28.210526315790123 49
28.210526315790123 56
28.219298245614684 2
28.219298245614684 8
28.219298245614684 16
28.219298245614684 24
28.219298245614684 32
28.219298245614684 40
28.219298245614684 48
28.219298245614684 55
28.228070175439246 1
28.228070175439246 7
28.228070175439246 15
28.228070175439246 23
28.228070175439246 31
28.228070175439246 39
28.228070175439246 47
28.228070175439246 54
28.236842105263808 0
28.236842105263808 6
28.236842105263808 14
28.236842105263808 22
28.236842105263808 30
28.236842105263808 38
28.236842105263808 46
28.754385964912945 44
28.754385964912945 45
28.754385964912945 53
28.763157894737507 36
28.763157894737507 37
28.763157894737507 43
28.763157894737507 51
28.763157894737507 52
28.763157894737507 58
28.763157894737507 59
28.77192982456207 28
28.77192982456207 29
28.77192982456207 35
28.77192982456207 42
28.77192982456207 50
28.77192982456207 57
28.78070175438663 20
28.78070175438663 21
28.78070175438663 27
28.78070175438663 34
28.78070175438663 41
28.78070175438663 49
28.78070175438663 56
28.789473684211192 13
28.789473684211192 19
28.789473684211192 26
28.789473684211192 33
28.789473684211192 40
28.789473684211192 48
28.789473684211192 55
28.798245614035753 11
28.798245614035753 12
28.798245614035753 18
28.798245614035753 25
28.798245614035753 32
28.798245614035753 39
28.798245614035753 47
28.798245614035753 54
28.807017543860315 5
28.807017543860315 10
28.807017543860315 17
28.807017543860315 24
28.807017543860315 31
28.807017543860315 38
28.807017543860315 46
28.815789473684877 3
28.815789473684877 9
28.815789473684877 16
28.815789473684877 23
28.815789473684877 30
28.82456140350944 2
28.82456140350944 8
28.82456140350944 15
28.82456140350944 22
28.833333333334 1
28.833333333334 7
28.833333333334 14
28.833333333334 25
28.84210526315856 0
28.84210526315856 6
29.271929824562083 38
29.271929824562083 39
29.271929824562083 40
29.271929824562083 41
29.271929824562083 47
29.271929824562083 48
29.280701754386644 30
29.280701754386644 32
29.280701754386644 33
29.289473684211206 24
29.289473684211206 25
29.289473684211206 26
29.289473684211206 27
29.289473684211206 28
29.289473684211206 35
29.289473684211206 36
29.289473684211206 37
29.289473684211206 43
29.289473684211206 44
29.289473684211206 45
29.289473684211206 51
29.289473684211206 52
29.289473684211206 53
29.289473684211206 58
29.289473684211206 59
29.298245614035768 17
29.298245614035768 18
29.298245614035768 19
29.298245614035768 20
29.298245614035768 23
29.298245614035768 42
29.298245614035768 50
29.298245614035768 57
29.30701754386033 9
29.30701754386033 10
29.30701754386033 11
29.30701754386033 12
29.30701754386033 13
29.30701754386033 22
29.30701754386033 49
29.30701754386033 56
29.31578947368489 2
29.31578947368489 3
29.31578947368489 4
29.31578947368489 5
29.31578947368489 8
29.31578947368489 14
29.31578947368489 15
29.31578947368489 55
29.324561403509453 1
29.324561403509453 7
29.333333333334014 0
29.763157894737535 47
29.771929824562097 39
29.771929824562097 40
29.771929824562097 41
29.78070175438666 31
29.78070175438666 32
29.78070175438666 33
29.78070175438666 38
29.78947368421122 23
29.78947368421122 24
29.78947368421122 25
29.78947368421122 26
29.78947368421122 27
29.78947368421122 28
29.78947368421122 30
29.78947368421122 35
29.78947368421122 36
29.78947368421122 37
29.78947368421122 43
29.78947368421122 44
29.78947368421122 45
29.78947368421122 51
29.78947368421122 52
29.78947368421122 53
29.78947368421122 58
29.78947368421122 59
29.798245614035782 16
29.798245614035782 17
29.798245614035782 18
29.798245614035782 19
29.798245614035782 20
29.798245614035782 22
29.798245614035782 50
29.798245614035782 57
29.807017543860344 8
29.807017543860344 9
29.807017543860344 10
29.807017543860344 11
29.807017543860344 12
29.807017543860344 13
29.807017543860344 14
29.807017543860344 15
29.807017543860344 56
29.815789473684905 1
29.815789473684905 2
29.815789473684905 3
29.815789473684905 4
29.815789473684905 5
29.815789473684905 6
29.815789473684905 7
29.815789473684905 55
29.824561403509467 0
30.00877192982526 41
30.00877192982526 42
30.00877192982526 49
30.289473684211234 36
30.289473684211234 37
30.289473684211234 44
30.289473684211234 45
30.289473684211234 53
30.298245614035796 28
30.298245614035796 29
30.298245614035796 35
30.298245614035796 43
30.298245614035796 51
30.298245614035796 52
30.298245614035796 58
30.298245614035796 59
30.307017543860358 20
30.307017543860358 21
30.307017543860358 27
30.307017543860358 50
30.307017543860358 57
30.31578947368492 13
30.31578947368492 19
30.31578947368492 26
30.31578947368492 56
30.32456140350948 11
30.32456140350948 12
30.32456140350948 18
30.32456140350948 25
30.32456140350948 33
30.32456140350948 41
30.32456140350948 55
30.333333333334043 5
30.333333333334043 10
30.333333333334043 17
30.333333333334043 24
30.333333333334043 32
30.333333333334043 40
30.333333333334043 48
30.342105263158604 3
30.342105263158604 9
30.342105263158604 16
30.342105263158604 23
30.342105263158604 31
30.342105263158604 39
30.342105263158604 47
30.342105263158604 54
30.350877192983166 2
30.350877192983166 8
30.350877192983166 15
30.350877192983166 30
30.350877192983166 38
30.350877192983166 46
30.359649122807728 1
30.359649122807728 7
30.359649122807728 14
30.359649122807728 22
30.36842105263229 0
30.36842105263229 6
30.815789473684934 51
30.815789473684934 58
30.815789473684934 59
30.824561403509495 43
30.824561403509495 44
30.824561403509495 45
30.824561403509495 50
30.824561403509495 52
30.824561403509495 53
30.824561403509495 57
30.833333333334057 35
30.833333333334057 36
30.833333333334057 37
30.833333333334057 42
30.833333333334057 49
30.833333333334057 56
30.84210526315862 27
30.84210526315862 28
30.84210526315862 29
30.84210526315862 34
30.84210526315862 41
30.84210526315862 55
30.85087719298318 20
30.85087719298318 21
30.85087719298318 26
30.85087719298318 33
30.85087719298318 40
30.859649122807742 13
30.859649122807742 19
30.859649122807742 25
30.859649122807742 32
30.859649122807742 39
30.859649122807742 47
30.859649122807742 54
30.868421052632304 11
30.868421052632304 12
30.868421052632304 17
30.868421052632304 18
30.868421052632304 24
30.868421052632304 31
30.868421052632304 38
30.868421052632304 46
30.877192982456865 5
30.877192982456865 9
30.877192982456865 10
30.877192982456865 16
30.877192982456865 23
30.877192982456865 30
30.885964912281427 2
30.885964912281427 3
30.885964912281427 8
30.885964912281427 15
30.885964912281427 22
30.89473684210599 1
30.89473684210599 7
30.89473684210599 14
30.90350877193055 0
30.90350877193055 6
30.96491228070248 32
32.05263157894812 44
32.05263157894812 45
32.05263157894812 53
32.061403508772685 36
32.061403508772685 37
32.061403508772685 43
32.061403508772685 51
32.061403508772685 52
32.061403508772685 58
32.061403508772685 59
32.070175438597246 28
32.070175438597246 29
32.070175438597246 35
32.070175438597246 42
32.070175438597246 50
32.070175438597246 57
32.07894736842181 20
32.07894736842181 21
32.07894736842181 27
32.07894736842181 34
32.07894736842181 41
32.07894736842181 49
32.07894736842181 56
32.08771929824637 13
32.08771929824637 19
32.08771929824637 26
32.08771929824637 33
32.08771929824637 40
32.08771929824637 48
32.08771929824637 55
32.09649122807093 11
32.09649122807093 12
32.09649122807093 18
32.09649122807093 25
32.09649122807093 32
32.09649122807093 39
32.09649122807093 47
32.09649122807093 54
32.10526315789549 5
32.10526315789549 10
32.10526315789549 17
32.10526315789549 24
32.10526315789549 31
32.10526315789549 38
32.10526315789549 46
32.114035087720055 3
32.114035087720055 9
32.114035087720055 16
32.114035087720055 23
32.114035087720055 30
32.122807017544616 2
32.122807017544616 8
32.122807017544616 15
32.122807017544616 22
32.13157894736918 1
32.13157894736918 7
32.13157894736918 14
32.14035087719374 0
32.14035087719374 6
32.63157894736919 57
32.63157894736919 58
32.63157894736919 59
32.640350877193754 50
32.640350877193754 51
32.640350877193754 52
32.640350877193754 53
32.640350877193754 56
32.649122807018315 42
32.649122807018315 43
32.649122807018315 44
32.649122807018315 45
32.649122807018315 49
32.649122807018315 55
32.65789473684288 35
32.65789473684288 36
32.65789473684288 37
32.65789473684288 41
32.65789473684288 48
32.66666666666744 27
32.66666666666744 28
32.66666666666744 29
32.66666666666744 33
32.66666666666744 40
32.675438596492 20
32.675438596492 21
32.675438596492 25
32.675438596492 26
32.675438596492 32
32.675438596492 39
32.68421052631656 13
32.68421052631656 17
32.68421052631656 18
32.68421052631656 19
32.68421052631656 24
32.68421052631656 31
32.68421052631656 38
32.692982456141124 9
32.692982456141124 10
32.692982456141124 11
32.692982456141124 12
32.692982456141124 16
32.692982456141124 23
32.692982456141124 30
32.701754385965685 2
32.701754385965685 3
32.701754385965685 4
32.701754385965685 5
32.701754385965685 8
32.701754385965685 15
32.701754385965685 22
32.71052631579025 1
32.71052631579025 7
32.71052631579025 14
32.71929824561481 0
32.71929824561481 6
33.500000000000796 42
33.500000000000796 43
33.500000000000796 44
33.500000000000796 45
33.500000000000796 50
33.500000000000796 51
33.500000000000796 52
33.500000000000796 53
33.500000000000796 57
33.500000000000796 58
33.500000000000796 59
33.50877192982536 35
33.50877192982536 36
33.50877192982536 37
33.50877192982536 41
33.50877192982536 49
33.50877192982536 56
33.51754385964992 27
33.51754385964992 28
33.51754385964992 29
33.51754385964992 33
33.51754385964992 40
33.51754385964992 48
33.51754385964992 55
33.52631578947448 20
33.52631578947448 21
33.52631578947448 25
33.52631578947448 26
33.52631578947448 32
33.52631578947448 39
33.52631578947448 47
33.52631578947448 54
33.53508771929904 13
33.53508771929904 17
33.53508771929904 18
33.53508771929904 19
33.53508771929904 24
33.53508771929904 31
33.53508771929904 38
33.53508771929904 46
33.543859649123604 9
33.543859649123604 10
33.543859649123604 11
33.543859649123604 12
33.543859649123604 16
33.543859649123604 23
33.543859649123604 30
33.552631578948166 2
33.552631578948166 3
33.552631578948166 4
33.552631578948166 5
33.552631578948166 8
33.552631578948166 15
33.552631578948166 22
33.56140350877273 1
33.56140350877273 7
33.56140350877273 14
33.57017543859729 0
33.57017543859729 6
33.93859649122888 44
33.93859649122888 45
33.93859649122888 53
33.94736842105344 43
33.94736842105344 51
33.94736842105344 58
33.94736842105344 59
33.956140350878 35
33.956140350878 50
33.956140350878 57
33.96491228070256 56
33.973684210527125 55
34.22807017543941 33
34.22807017543941 41
34.22807017543941 42
34.22807017543941 49
34.22807017543941 50
34.22807017543941 51
34.236842105263975 25
34.236842105263975 26
34.236842105263975 27
34.236842105263975 28
34.236842105263975 32
34.236842105263975 36
34.236842105263975 37
34.236842105263975 40
34.236842105263975 44
34.236842105263975 48
34.245614035088536 17
34.245614035088536 18
34.245614035088536 19
34.245614035088536 20
34.245614035088536 24
34.245614035088536 39
34.245614035088536 47
34.2543859649131 9
34.2543859649131 10
34.2543859649131 11
34.2543859649131 12
34.2543859649131 13
34.2543859649131 16
34.2543859649131 23
34.2543859649131 31
34.2543859649131 38
34.2543859649131 46
34.26315789473766 2
34.26315789473766 3
34.26315789473766 4
34.26315789473766 5
34.26315789473766 8
34.26315789473766 15
34.26315789473766 30
34.27192982456222 1
34.27192982456222 7
34.27192982456222 14
34.27192982456222 22
34.28070175438678 0
34.28070175438678 6
35.57894736842191 47
35.58771929824647 39
35.58771929824647 40
35.58771929824647 41
35.58771929824647 42
35.58771929824647 43
35.58771929824647 44
35.58771929824647 45
35.58771929824647 49
35.58771929824647 50
35.58771929824647 51
35.58771929824647 52
35.58771929824647 53
35.58771929824647 57
35.58771929824647 58
35.58771929824647 59
35.59649122807103 31
35.59649122807103 32
35.59649122807103 33
35.59649122807103 34
35.59649122807103 35
35.59649122807103 36
35.59649122807103 37
35.59649122807103 38
35.60526315789559 23
35.60526315789559 24
35.60526315789559 25
35.60526315789559 26
35.60526315789559 26
35.60526315789559 27
35.60526315789559 28
35.60526315789559 29
35.60526315789559 30
35.614035087720154 16
35.614035087720154 17
35.614035087720154 18
35.614035087720154 19
35.614035087720154 20
35.614035087720154 21
35.614035087720154 22
35.622807017544716 8
35.622807017544716 9
35.622807017544716 10
35.622807017544716 11
35.622807017544716 12
35.622807017544716 13
35.622807017544716 14
35.622807017544716 15
35.63157894736928 1
35.63157894736928 2
35.63157894736928 3
35.63157894736928 4
35.63157894736928 5
35.63157894736928 6
35.63157894736928 7
35.64035087719384 0
35.80701754386051 48
36.11403508772017 32
36.11403508772017 33
36.11403508772017 40
36.11403508772017 41
36.11403508772017 42
36.11403508772017 43
36.11403508772017 44
36.11403508772017 45
36.11403508772017 49
36.11403508772017 50
36.11403508772017 51
36.11403508772017 52
36.11403508772017 53
36.11403508772017 57
36.11403508772017 58
36.11403508772017 59
36.12280701754473 24
36.12280701754473 25
36.12280701754473 26
36.12280701754473 27
36.12280701754473 28
36.12280701754473 35
36.12280701754473 36
36.12280701754473 37
36.12280701754473 39
36.12280701754473 47
36.13157894736929 16
36.13157894736929 17
36.13157894736929 18
36.13157894736929 19
36.13157894736929 20
36.13157894736929 23
36.13157894736929 31
36.13157894736929 38
36.13157894736929 46
36.14035087719385 8
36.14035087719385 9
36.14035087719385 10
36.14035087719385 11
36.14035087719385 12
36.14035087719385 13
36.14035087719385 15
36.14035087719385 30
36.149122807018415 1
36.149122807018415 2
36.149122807018415 3
36.149122807018415 4
36.149122807018415 5
36.149122807018415 7
36.149122807018415 14
36.149122807018415 22
36.15789473684298 0
36.15789473684298 6
36.4035087719307 51
36.412280701755265 50
36.85964912280791 53
36.86842105263247 45
36.87719298245703 37
36.87719298245703 44
36.885964912281594 36
36.885964912281594 43
36.885964912281594 51
36.885964912281594 58
36.885964912281594 59
36.894736842106155 28
36.894736842106155 35
36.894736842106155 42
36.894736842106155 50
36.894736842106155 57
36.90350877193072 20
36.90350877193072 27
36.90350877193072 34
36.90350877193072 41
36.90350877193072 49
36.90350877193072 56
36.91228070175528 19
36.91228070175528 26
36.91228070175528 33
36.91228070175528 40
36.91228070175528 48
36.91228070175528 55
36.92105263157984 11
36.92105263157984 18
36.92105263157984 25
36.92105263157984 32
36.92105263157984 39
36.92105263157984 47
36.92105263157984 54
36.9298245614044 10
36.9298245614044 17
36.9298245614044 24
36.9298245614044 31
36.9298245614044 38
36.9298245614044 46
36.938596491228964 3
36.938596491228964 9
36.938596491228964 16
36.938596491228964 23
36.938596491228964 30
36.947368421053525 2
36.947368421053525 8
36.947368421053525 15
36.947368421053525 22
36.95614035087809 1
36.95614035087809 7
36.95614035087809 14
36.96491228070265 0
36.96491228070265 6
37.50000000000091 41
37.50000000000091 42
37.50000000000091 43
37.50000000000091 44
37.50000000000091 45
37.50000000000091 49
37.50000000000091 50
37.50000000000091 51
37.50000000000091 52
37.50000000000091 53
37.50000000000091 57
37.50000000000091 58
37.50000000000091 59
37.50877192982547 33
37.50877192982547 34
37.50877192982547 35
37.50877192982547 36
37.50877192982547 37
37.50877192982547 40
37.50877192982547 48
37.51754385965003 25
37.51754385965003 26
37.51754385965003 27
37.51754385965003 28
37.51754385965003 29
37.51754385965003 32
37.51754385965003 39
37.51754385965003 47
37.526315789474594 17
37.526315789474594 18
37.526315789474594 19
37.526315789474594 20
37.526315789474594 21
37.526315789474594 24
37.526315789474594 31
37.526315789474594 38
37.526315789474594 46
37.535087719299156 9
37.535087719299156 10
37.535087719299156 11
37.535087719299156 12
37.535087719299156 13
37.535087719299156 16
37.535087719299156 23
37.535087719299156 30
37.54385964912372 2
37.54385964912372 3
37.54385964912372 4
37.54385964912372 5
37.54385964912372 8
37.54385964912372 15
37.54385964912372 22
37.55263157894828 1
37.55263157894828 7
37.55263157894828 14
37.56140350877284 0
37.56140350877284 6
37.692982456141266 41
37.82456140350969 8
37.83333333333425 1
37.8684210526325 11
37.8684210526325 18
37.8684210526325 19
37.8684210526325 20
37.8684210526325 26
37.8684210526325 28
37.87719298245706 10
37.87719298245706 17
37.87719298245706 25
37.88596491228162 9
37.947368421053554 0
37.947368421053554 58
37.947368421053554 59
37.956140350878115 51
37.956140350878115 52
37.956140350878115 53
37.956140350878115 57
37.96491228070268 43
37.96491228070268 44
37.96491228070268 45
37.96491228070268 50
37.96491228070268 56
37.97368421052724 35
37.97368421052724 37
37.97368421052724 55
37.9824561403518 27
37.9824561403518 36
38.01754385965005 41
38.01754385965005 42
38.01754385965005 49
38.02631578947461 33
38.02631578947461 34
38.02631578947461 40
38.02631578947461 48
38.03508771929917 25
38.03508771929917 32
38.03508771929917 39
38.03508771929917 47
38.04385964912373 24
38.04385964912373 31
38.04385964912373 38
38.04385964912373 46
38.052631578948294 16
38.052631578948294 23
38.052631578948294 30
38.061403508772855 8
38.061403508772855 15
38.061403508772855 22
38.07017543859742 1
38.07017543859742 2
38.07017543859742 3
38.07017543859742 7
38.07017543859742 14
38.07894736842198 6
38.0964912280711 4
38.0964912280711 5
38.0964912280711 12
38.0964912280711 13
38.491228070176376 34
38.491228070176376 35
38.491228070176376 36
38.491228070176376 37
38.491228070176376 43
38.491228070176376 44
38.491228070176376 45
38.491228070176376 51
38.491228070176376 52
38.491228070176376 53
38.491228070176376 58
38.491228070176376 59
38.50000000000094 26
38.50000000000094 27
38.50000000000094 28
38.50000000000094 29
38.50000000000094 33
38.50000000000094 41
38.50000000000094 50
38.50000000000094 57
38.5087719298255 20
38.5087719298255 21
38.5087719298255 25
38.5087719298255 32
38.5087719298255 40
38.5087719298255 56
38.51754385965006 17
38.51754385965006 18
38.51754385965006 19
38.51754385965006 39
38.51754385965006 47
38.51754385965006 55
38.52631578947462 9
38.52631578947462 10
38.52631578947462 11
38.52631578947462 38
38.52631578947462 46
38.52631578947462 54
38.535087719299185 2
38.535087719299185 3
38.535087719299185 4
38.535087719299185 5
38.535087719299185 8
38.535087719299185 30
38.543859649123746 1
38.543859649123746 7
38.55263157894831 0
38.850877192983404 6
38.850877192983404 14
38.964912280702706 29
38.964912280702706 37
38.964912280702706 45
38.964912280702706 53
38.97368421052727 28
38.97368421052727 36
38.97368421052727 44
38.97368421052727 52
38.97368421052727 59
38.98245614035183 20
38.98245614035183 27
38.98245614035183 35
38.98245614035183 43
38.98245614035183 51
38.98245614035183 58
38.99122807017639 19
38.99122807017639 26
38.99122807017639 34
38.99122807017639 42
38.99122807017639 50
38.99122807017639 57
39.00000000000095 11
39.00000000000095 18
39.00000000000095 25
39.00000000000095 33
39.00000000000095 41
39.00000000000095 49
39.00000000000095 56
39.008771929825514 10
39.008771929825514 17
39.008771929825514 24
39.008771929825514 32
39.008771929825514 40
39.008771929825514 48
39.008771929825514 55
39.017543859650075 3
39.017543859650075 9
39.017543859650075 16
39.017543859650075 23
39.017543859650075 31
39.017543859650075 39
39.017543859650075 47
39.017543859650075 54
39.02631578947464 2
39.02631578947464 8
39.02631578947464 15
39.02631578947464 30
39.02631578947464 38
39.02631578947464 46
39.0350877192992 1
39.0350877192992 7
39.0350877192992 14
39.0350877192992 22
39.04385964912376 0
39.912280701755364 46
39.912280701755364 47
39.921052631579926 38
39.921052631579926 39
39.921052631579926 40
39.921052631579926 41
39.921052631579926 42
39.921052631579926 43
39.921052631579926 44
39.921052631579926 45
39.921052631579926 49
39.921052631579926 50
39.921052631579926 51
39.921052631579926 52
39.921052631579926 53
39.921052631579926 57
39.921052631579926 58
39.921052631579926 59
39.92982456140449 30
39.92982456140449 31
39.92982456140449 32
39.92982456140449 33
39.92982456140449 34
39.92982456140449 35
39.92982456140449 36
39.92982456140449 37
39.93859649122905 23
39.93859649122905 24
39.93859649122905 25
39.93859649122905 26
39.93859649122905 27
39.93859649122905 28
39.93859649122905 29
39.94736842105361 16
39.94736842105361 17
39.94736842105361 18
39.94736842105361 19
39.94736842105361 20
39.94736842105361 21
39.94736842105361 22
39.95614035087817 8
39.95614035087817 9
39.95614035087817 10
39.95614035087817 11
39.95614035087817 12
39.95614035087817 13
39.95614035087817 14
39.95614035087817 15
39.964912280702734 1
39.964912280702734 2
39.964912280702734 3
39.964912280702734 4
39.964912280702734 5
39.964912280702734 6
39.964912280702734 7
39.973684210527296 0
40.3157894736852 44
40.32456140350976 43
40.32456140350976 51
40.32456140350976 58
40.32456140350976 59
40.33333333333432 50
40.500000000000995 32
40.500000000000995 33
40.500000000000995 40
40.500000000000995 41
40.500000000000995 42
40.500000000000995 49
40.508771929825556 24
40.508771929825556 25
40.508771929825556 26
40.508771929825556 27
40.508771929825556 28
40.508771929825556 35
40.508771929825556 36
40.508771929825556 37
40.508771929825556 39
40.508771929825556 45
40.508771929825556 47
40.508771929825556 53
40.51754385965012 16
40.51754385965012 17
40.51754385965012 18
40.51754385965012 19
40.51754385965012 20
40.51754385965012 23
40.51754385965012 31
40.51754385965012 38
40.51754385965012 46
40.52631578947468 8
40.52631578947468 9
40.52631578947468 10
40.52631578947468 11
40.52631578947468 12
40.52631578947468 13
40.52631578947468 15
40.52631578947468 30
40.53508771929924 1
40.53508771929924 2
40.53508771929924 3
40.53508771929924 4
40.53508771929924 5
40.53508771929924 7
40.53508771929924 14
40.53508771929924 22
40.5438596491238 0
40.5438596491238 6
40.973684210527324 25
40.973684210527324 26
40.973684210527324 27
40.973684210527324 28
40.973684210527324 33
40.973684210527324 34
40.973684210527324 35
40.973684210527324 41
40.973684210527324 43
40.973684210527324 44
40.973684210527324 45
40.973684210527324 51
40.973684210527324 52
40.973684210527324 53
40.973684210527324 58
40.973684210527324 59
40.982456140351886 17
40.982456140351886 18
40.982456140351886 19
40.982456140351886 20
40.982456140351886 32
40.982456140351886 36
40.982456140351886 37
40.982456140351886 40
40.982456140351886 50
40.982456140351886 57
40.99122807017645 9
40.99122807017645 10
40.99122807017645 11
40.99122807017645 24
40.99122807017645 39
40.99122807017645 47
40.99122807017645 56
41.00000000000101 2
41.00000000000101 3
41.00000000000101 4
41.00000000000101 5
41.00000000000101 8
41.00000000000101 23
41.00000000000101 38
41.00000000000101 46
41.00000000000101 55
41.00877192982557 1
41.00877192982557 7
41.00877192982557 15
41.00877192982557 30
41.01754385965013 0
41.01754385965013 14
41.01754385965013 22
41.94736842105367 56
41.94736842105367 57
41.94736842105367 58
41.94736842105367 59
41.95614035087823 49
41.95614035087823 50
41.95614035087823 51
41.95614035087823 52
41.95614035087823 53
41.95614035087823 55
41.96491228070279 41
41.96491228070279 42
41.96491228070279 43
41.96491228070279 44
41.96491228070279 45
41.96491228070279 48
41.97368421052735 33
41.97368421052735 34
41.97368421052735 35
41.97368421052735 36
41.97368421052735 37
41.97368421052735 40
41.982456140351914 25
41.982456140351914 26
41.982456140351914 27
41.982456140351914 28
41.982456140351914 29
41.982456140351914 32
41.982456140351914 39
41.991228070176476 17
41.991228070176476 18
41.991228070176476 19
41.991228070176476 20
41.991228070176476 21
41.991228070176476 24
41.991228070176476 31
41.991228070176476 38
42.00000000000104 9
42.00000000000104 10
42.00000000000104 11
42.00000000000104 12
42.00000000000104 13
42.00000000000104 16
42.00000000000104 23
42.00000000000104 30
42.0087719298256 2
42.0087719298256 3
42.0087719298256 4
42.0087719298256 5
42.0087719298256 8
42.0087719298256 15
42.0087719298256 22
42.01754385965016 1
42.01754385965016 7
42.01754385965016 14
42.02631578947472 0
42.02631578947472 6
42.10526315789578 8
42.675438596492285 9
42.675438596492285 10
42.675438596492285 11
42.675438596492285 17
42.675438596492285 18
42.675438596492285 19
42.675438596492285 20
42.675438596492285 25
42.675438596492285 26
42.675438596492285 27
42.675438596492285 28
42.675438596492285 33
42.675438596492285 34
42.675438596492285 35
42.675438596492285 36
42.675438596492285 37
42.675438596492285 41
42.675438596492285 42
42.675438596492285 43
42.675438596492285 44
42.675438596492285 45
42.675438596492285 49
42.675438596492285 50
42.675438596492285 51
42.675438596492285 52
42.675438596492285 53
42.675438596492285 57
42.675438596492285 58
42.675438596492285 59
42.684210526316846 2
42.684210526316846 3
42.684210526316846 4
42.684210526316846 5
42.684210526316846 8
42.684210526316846 12
42.684210526316846 13
42.684210526316846 16
42.684210526316846 24
42.684210526316846 32
42.684210526316846 40
42.684210526316846 48
42.69298245614141 1
42.69298245614141 7
42.69298245614141 15
42.69298245614141 23
42.69298245614141 31
42.69298245614141 39
42.69298245614141 47
42.70175438596597 0
42.70175438596597 6
42.70175438596597 14
42.70175438596597 22
42.70175438596597 30
42.70175438596597 38
42.70175438596597 46
43.43859649122915 44
43.43859649122915 45
43.43859649122915 53
43.44736842105371 36
43.44736842105371 37
43.44736842105371 43
43.44736842105371 51
43.44736842105371 52
43.44736842105371 58
43.44736842105371 59
43.45614035087827 28
43.45614035087827 29
43.45614035087827 35
43.45614035087827 42
43.45614035087827 50
43.45614035087827 57
43.46491228070283 20
43.46491228070283 21
43.46491228070283 27
43.46491228070283 34
43.46491228070283 41
43.46491228070283 49
43.46491228070283 56
43.473684210527395 13
43.473684210527395 19
43.473684210527395 26
43.473684210527395 33
43.473684210527395 40
43.473684210527395 48
43.473684210527395 55
43.48245614035196 11
43.48245614035196 12
43.48245614035196 18
43.48245614035196 25
43.48245614035196 32
43.48245614035196 39
43.48245614035196 47
43.48245614035196 54
43.49122807017652 5
43.49122807017652 10
43.49122807017652 17
43.49122807017652 24
43.49122807017652 31
43.49122807017652 38
43.49122807017652 46
43.50000000000108 3
43.50000000000108 9
43.50000000000108 16
43.50000000000108 23
43.50000000000108 30
43.50877192982564 2
43.50877192982564 8
43.50877192982564 15
43.50877192982564 22
43.5175438596502 1
43.5175438596502 7
43.5175438596502 14
43.526315789474765 0
43.526315789474765 6
43.903508771930916 18
43.903508771930916 26
43.91228070175548 10
43.91228070175548 11
43.91228070175548 17
43.91228070175548 19
43.91228070175548 20
43.91228070175548 25
43.91228070175548 28
43.92105263158004 9
43.92105263158004 27
43.92105263158004 35
43.92105263158004 36
43.92105263158004 37
43.92105263158004 43
43.92105263158004 44
43.92105263158004 45
43.92105263158004 51
43.92105263158004 52
43.92105263158004 53
43.92105263158004 58
43.92105263158004 59
43.9298245614046 8
43.9298245614046 50
43.9298245614046 57
43.93859649122916 1
43.93859649122916 7
43.93859649122916 56
43.947368421053724 0
43.947368421053724 55
44.07017543859759 39
44.07017543859759 40
44.07017543859759 41
44.07017543859759 42
44.07017543859759 47
44.07017543859759 48
44.07017543859759 49
44.07894736842215 31
44.07894736842215 32
44.07894736842215 33
44.07894736842215 34
44.07894736842215 38
44.07894736842215 46
44.08771929824671 23
44.08771929824671 24
44.08771929824671 25
44.08771929824671 30
44.09649122807127 16
44.09649122807127 22
44.105263157895834 8
44.105263157895834 14
44.105263157895834 15
44.114035087720396 1
44.114035087720396 2
44.114035087720396 3
44.114035087720396 6
44.25438596491338 15
44.263157894737944 14
44.315789473685314 58
44.315789473685314 59
44.324561403509875 51
44.33333333333444 43
44.33333333333444 44
44.33333333333444 50
44.40350877193093 32
44.40350877193093 40
44.40350877193093 41
44.41228070175549 39
44.41228070175549 47
44.421052631580054 38
44.421052631580054 46
44.429824561404615 30
44.51754385965023 36
44.51754385965023 37
44.51754385965023 45
44.51754385965023 53
44.52631578947479 28
44.52631578947479 29
44.52631578947479 35
44.535087719299355 20
44.535087719299355 21
44.535087719299355 27
44.54385964912392 13
44.54385964912392 19
44.54385964912392 26
44.55263157894848 11
44.55263157894848 12
44.55263157894848 18
44.55263157894848 25
44.55263157894848 33
44.55263157894848 41
44.56140350877304 5
44.56140350877304 10
44.56140350877304 17
44.56140350877304 32
44.5701754385976 3
44.5701754385976 9
44.5701754385976 24
44.57894736842216 2
44.57894736842216 8
44.57894736842216 23
44.587719298246725 1
44.587719298246725 7
44.587719298246725 15
44.59649122807129 0
44.59649122807129 14
44.59649122807129 22
45.061403508773054 41
45.061403508773054 42
45.061403508773054 43
45.061403508773054 44
45.061403508773054 45
45.061403508773054 49
45.061403508773054 50
45.061403508773054 51
45.061403508773054 52
45.061403508773054 53
45.061403508773054 57
45.061403508773054 58
45.061403508773054 59
45.070175438597616 33
45.070175438597616 34
45.070175438597616 35
45.070175438597616 36
45.070175438597616 37
45.070175438597616 40
45.070175438597616 48
45.07894736842218 25
45.07894736842218 26
45.07894736842218 27
45.07894736842218 28
45.07894736842218 29
45.07894736842218 32
45.07894736842218 39
45.07894736842218 47
45.08771929824674 17
45.08771929824674 18
45.08771929824674 19
45.08771929824674 20
45.08771929824674 21
45.08771929824674 24
45.08771929824674 31
45.08771929824674 38
45.08771929824674 46
45.0964912280713 9
45.0964912280713 10
45.0964912280713 11
45.0964912280713 12
45.0964912280713 13
45.0964912280713 16
45.0964912280713 23
45.0964912280713 30
45.10526315789586 2
45.10526315789586 3
45.10526315789586 4
45.10526315789586 5
45.10526315789586 8
45.10526315789586 15
45.10526315789586 22
45.114035087720424 1
45.114035087720424 7
45.114035087720424 14
45.122807017544986 0
45.122807017544986 6
45.280701754387096 18
45.46491228070289 43
45.46491228070289 44
45.46491228070289 51
45.46491228070289 58
45.46491228070289 59
45.47368421052745 50
45.93859649122922 38
45.93859649122922 39
45.93859649122922 40
45.93859649122922 41
45.93859649122922 42
45.93859649122922 43
45.93859649122922 44
45.93859649122922 45
45.93859649122922 47
45.93859649122922 48
45.93859649122922 49
45.93859649122922 50
45.93859649122922 51
45.93859649122922 52
45.93859649122922 53
45.93859649122922 57
45.93859649122922 58
45.93859649122922 59
45.94736842105378 6
45.94736842105378 7
45.94736842105378 8
45.94736842105378 9
45.94736842105378 10
45.94736842105378 11
45.94736842105378 14
45.94736842105378 15
45.94736842105378 16
45.94736842105378 17
45.94736842105378 18
45.94736842105378 19
45.94736842105378 20
45.94736842105378 23
45.94736842105378 24
45.94736842105378 25
45.94736842105378 26
45.94736842105378 27
45.94736842105378 28
45.94736842105378 30
45.94736842105378 31
45.94736842105378 32
45.94736842105378 33
45.94736842105378 34
45.94736842105378 35
45.94736842105378 36
45.94736842105378 37
45.95614035087834 0
45.95614035087834 1
45.95614035087834 2
45.95614035087834 3
45.95614035087834 4
45.95614035087834 5
45.95614035087834 12
45.95614035087834 13
45.95614035087834 22
46.14035087719414 38
46.491228070176604 23
46.491228070176604 24
46.491228070176604 25
46.491228070176604 26
46.491228070176604 27
46.491228070176604 28
46.491228070176604 32
46.491228070176604 33
46.491228070176604 34
46.491228070176604 35
46.491228070176604 36
46.491228070176604 37
46.491228070176604 40
46.491228070176604 41
46.491228070176604 42
46.491228070176604 43
46.491228070176604 44
46.491228070176604 45
46.491228070176604 49
46.491228070176604 50
46.491228070176604 51
46.491228070176604 52
46.491228070176604 53
46.491228070176604 57
46.491228070176604 58
46.491228070176604 59
46.500000000001165 16
46.500000000001165 17
46.500000000001165 18
46.500000000001165 19
46.500000000001165 20
46.500000000001165 31
46.500000000001165 39
46.500000000001165 47
46.50877192982573 8
46.50877192982573 9
46.50877192982573 10
46.50877192982573 11
46.50877192982573 12
46.50877192982573 13
46.50877192982573 15
46.50877192982573 30
46.50877192982573 38
46.50877192982573 46
46.51754385965029 1
46.51754385965029 2
46.51754385965029 3
46.51754385965029 4
46.51754385965029 5
46.51754385965029 7
46.51754385965029 14
46.51754385965029 22
46.52631578947485 0
46.52631578947485 6
47.15789473684329 59
47.16666666666785 58
47.17543859649241 51
47.17543859649241 57
47.184210526316974 43
47.184210526316974 44
47.184210526316974 45
47.184210526316974 50
47.184210526316974 53
47.184210526316974 56
47.192982456141536 35
47.192982456141536 36
47.192982456141536 37
47.192982456141536 42
47.192982456141536 49
47.192982456141536 55
47.2017543859661 27
47.2017543859661 28
47.2017543859661 29
47.2017543859661 34
47.2017543859661 41
47.2017543859661 48
47.21052631579066 20
47.21052631579066 21
47.21052631579066 26
47.21052631579066 33
47.21052631579066 40
47.21929824561522 13
47.21929824561522 19
47.21929824561522 25
47.21929824561522 32
47.21929824561522 39
47.22807017543978 11
47.22807017543978 12
47.22807017543978 17
47.22807017543978 18
47.22807017543978 24
47.22807017543978 31
47.22807017543978 38
47.236842105264344 5
47.236842105264344 9
47.236842105264344 10
47.236842105264344 16
47.236842105264344 23
47.236842105264344 30
47.245614035088906 2
47.245614035088906 3
47.245614035088906 8
47.245614035088906 15
47.245614035088906 22
47.25438596491347 1
47.25438596491347 7
47.25438596491347 14
47.26315789473803 0
47.26315789473803 6
47.43859649122926 1
47.43859649122926 8
47.58771929824681 15
47.58771929824681 23
47.59649122807137 14
47.59649122807137 22
47.59649122807137 30
47.59649122807137 38
47.59649122807137 39
47.59649122807137 40
47.59649122807137 41
47.59649122807137 47
47.59649122807137 48
47.60526315789593 32
47.79824561403629 36
47.79824561403629 37
47.79824561403629 44
47.79824561403629 45
47.79824561403629 53
47.80701754386085 28
47.80701754386085 29
47.80701754386085 35
47.80701754386085 43
47.80701754386085 51
47.80701754386085 52
47.80701754386085 58
47.80701754386085 59
47.81578947368541 20
47.81578947368541 21
47.81578947368541 27
47.81578947368541 42
47.81578947368541 50
47.81578947368541 57
47.824561403509975 13
47.824561403509975 19
47.824561403509975 26
47.824561403509975 41
47.824561403509975 49
47.824561403509975 56
47.83333333333454 11
47.83333333333454 12
47.83333333333454 18
47.83333333333454 25
47.83333333333454 33
47.83333333333454 55
47.8421052631591 5
47.8421052631591 10
47.8421052631591 17
47.8421052631591 24
47.8421052631591 32
47.85087719298366 3
47.85087719298366 9
47.85087719298366 16
47.85964912280822 2
47.85964912280822 8
47.86842105263278 1
47.86842105263278 7
47.86842105263278 15
47.86842105263278 23
47.877192982457345 0
47.877192982457345 6
47.877192982457345 14
47.877192982457345 22
47.877192982457345 30
47.877192982457345 38
48.57894736842228 36
48.57894736842228 37
48.57894736842228 44
48.57894736842228 45
48.57894736842228 53
48.58771929824684 28
48.58771929824684 29
48.58771929824684 35
48.58771929824684 43
48.58771929824684 51
48.58771929824684 52
48.58771929824684 58
48.58771929824684 59
48.5964912280714 20
48.5964912280714 21
48.5964912280714 27
48.5964912280714 42
48.5964912280714 50
48.5964912280714 57
48.60526315789596 13
48.60526315789596 19
48.60526315789596 26
48.60526315789596 41
48.60526315789596 49
48.60526315789596 56
48.614035087720524 11
48.614035087720524 12
48.614035087720524 18
48.614035087720524 25
48.614035087720524 33
48.614035087720524 40
48.614035087720524 48
48.614035087720524 55
48.622807017545085 5
48.622807017545085 10
48.622807017545085 17
48.622807017545085 24
48.622807017545085 32
48.622807017545085 39
48.622807017545085 47
48.622807017545085 54
48.63157894736965 3
48.63157894736965 9
48.63157894736965 16
48.63157894736965 23
48.63157894736965 31
48.63157894736965 38
48.63157894736965 46
48.64035087719421 2
48.64035087719421 8
48.64035087719421 15
48.64035087719421 30
48.64912280701877 1
48.64912280701877 7
48.64912280701877 14
48.64912280701877 22
48.65789473684333 0
48.65789473684333 6
49.37719298245739 41
49.37719298245739 42
49.37719298245739 43
49.37719298245739 44
49.37719298245739 45
49.37719298245739 49
49.37719298245739 50
49.37719298245739 51
49.37719298245739 52
49.37719298245739 53
49.37719298245739 57
49.37719298245739 58
49.37719298245739 59
49.38596491228195 33
49.38596491228195 34
49.38596491228195 35
49.38596491228195 36
49.38596491228195 37
49.38596491228195 40
49.38596491228195 48
49.39473684210651 15
49.39473684210651 16
49.39473684210651 17
49.39473684210651 23
49.39473684210651 24
49.39473684210651 25
49.39473684210651 26
49.39473684210651 27
49.39473684210651 28
49.39473684210651 29
49.39473684210651 32
49.39473684210651 39
49.39473684210651 47
49.40350877193107 7
49.40350877193107 8
49.40350877193107 9
49.40350877193107 10
49.40350877193107 11
49.40350877193107 14
49.40350877193107 18
49.40350877193107 19
49.40350877193107 20
49.40350877193107 21
49.40350877193107 22
49.40350877193107 30
49.40350877193107 31
49.40350877193107 38
49.40350877193107 46
49.412280701755634 0
49.412280701755634 1
49.412280701755634 2
49.412280701755634 3
49.412280701755634 4
49.412280701755634 5
49.412280701755634 6
49.412280701755634 12
49.412280701755634 13
49.83333333333459 35
49.83333333333459 43
49.83333333333459 44
49.83333333333459 45
49.83333333333459 51
49.83333333333459 52
49.83333333333459 53
49.83333333333459 58
49.83333333333459 59
49.842105263159155 37
49.842105263159155 50
49.842105263159155 57
49.85087719298372 56
49.85964912280828 55
50.82456140351006 35
50.82456140351006 36
50.82456140351006 37
50.82456140351006 43
50.82456140351006 44
50.82456140351006 45
50.82456140351006 51
50.82456140351006 52
50.82456140351006 53
50.82456140351006 58
50.82456140351006 59
50.83333333333462 27
50.83333333333462 28
50.83333333333462 29
50.83333333333462 42
50.83333333333462 50
50.83333333333462 57
50.84210526315918 20
50.84210526315918 21
50.84210526315918 26
50.84210526315918 41
50.84210526315918 49
50.84210526315918 56
50.850877192983745 13
50.850877192983745 19
50.850877192983745 25
50.850877192983745 33
50.850877192983745 40
50.850877192983745 48
50.850877192983745 55
50.85964912280831 11
50.85964912280831 12
50.85964912280831 17
50.85964912280831 18
50.85964912280831 24
50.85964912280831 32
50.85964912280831 39
50.85964912280831 47
50.85964912280831 54
50.86842105263287 5
50.86842105263287 9
50.86842105263287 10
50.86842105263287 16
50.86842105263287 23
50.86842105263287 31
50.86842105263287 38
50.86842105263287 46
50.87719298245743 2
50.87719298245743 3
50.87719298245743 8
50.87719298245743 15
50.87719298245743 30
50.88596491228199 1
50.88596491228199 7
50.88596491228199 14
50.88596491228199 22
50.89473684210655 0
50.89473684210655 6
51.67543859649254 51
51.67543859649254 58
51.67543859649254 59
51.6842105263171 43
51.6842105263171 44
51.6842105263171 45
51.6842105263171 50
51.6842105263171 52
51.6842105263171 53
51.6842105263171 57
51.692982456141664 35
51.692982456141664 36
51.692982456141664 37
51.692982456141664 42
51.692982456141664 49
51.692982456141664 56
51.701754385966225 27
51.701754385966225 28
51.701754385966225 29
51.701754385966225 34
51.701754385966225 41
51.701754385966225 55
51.71052631579079 20
51.71052631579079 21
51.71052631579079 26
51.71052631579079 33
51.71052631579079 40
51.71929824561535 13
51.71929824561535 19
51.71929824561535 25
51.71929824561535 32
51.71929824561535 39
51.71929824561535 47
51.71929824561535 54
51.72807017543991 11
51.72807017543991 12
51.72807017543991 17
51.72807017543991 18
51.72807017543991 24
51.72807017543991 31
51.72807017543991 38
51.72807017543991 46
51.73684210526447 5
51.73684210526447 9
51.73684210526447 10
51.73684210526447 16
51.73684210526447 23
51.73684210526447 30
51.745614035089034 2
51.745614035089034 3
51.745614035089034 8
51.745614035089034 15
51.745614035089034 22
51.754385964913595 1
51.754385964913595 7
51.754385964913595 14
51.76315789473816 0
51.76315789473816 6
51.964912280703075 32
52.070175438597815 38
52.070175438597815 39
52.070175438597815 40
52.070175438597815 41
52.070175438597815 47
52.070175438597815 48
52.07894736842238 30
52.07894736842238 32
52.16666666666799 57
52.16666666666799 58
52.16666666666799 59
52.175438596492555 50
52.175438596492555 51
52.175438596492555 52
52.175438596492555 53
52.175438596492555 56
52.184210526317116 43
52.184210526317116 44
52.184210526317116 45
52.184210526317116 55
52.19298245614168 35
52.19298245614168 36
52.19298245614168 37
52.20175438596624 27
52.20175438596624 28
52.20175438596624 29
52.2105263157908 20
52.2105263157908 21
52.2105263157908 26
52.2105263157908 32
52.2105263157908 33
52.2105263157908 41
52.2105263157908 42
52.2105263157908 49
52.21929824561536 13
52.21929824561536 19
52.21929824561536 24
52.21929824561536 25
52.228070175439925 11
52.228070175439925 12
52.228070175439925 17
52.228070175439925 18
52.228070175439925 23
52.236842105264486 5
52.236842105264486 9
52.236842105264486 10
52.24561403508905 2
52.24561403508905 3
52.24561403508905 8
52.24561403508905 16
52.25438596491361 1
52.25438596491361 7
52.25438596491361 15
52.26315789473817 0
52.26315789473817 14
52.26315789473817 22
53.192982456141706 51
53.192982456141706 58
53.192982456141706 59
53.20175438596627 43
53.20175438596627 44
53.20175438596627 45
53.20175438596627 50
53.20175438596627 52
53.20175438596627 53
53.20175438596627 57
53.21052631579083 35
53.21052631579083 36
53.21052631579083 37
53.21052631579083 42
53.21052631579083 49
53.21052631579083 56
53.21929824561539 27
53.21929824561539 28
53.21929824561539 29
53.21929824561539 34
53.21929824561539 41
53.21929824561539 55
53.22807017543995 20
53.22807017543995 21
53.22807017543995 26
53.22807017543995 33
53.22807017543995 40
53.236842105264515 13
53.236842105264515 19
53.236842105264515 25
53.236842105264515 32
53.236842105264515 39
53.236842105264515 47
53.236842105264515 54
53.245614035089076 11
53.245614035089076 12
53.245614035089076 17
53.245614035089076 18
53.245614035089076 24
53.245614035089076 31
53.245614035089076 38
53.245614035089076 46
53.25438596491364 5
53.25438596491364 9
53.25438596491364 10
53.25438596491364 16
53.25438596491364 23
53.25438596491364 30
53.2631578947382 2
53.2631578947382 3
53.2631578947382 8
53.2631578947382 15
53.2631578947382 22
53.27192982456276 1
53.27192982456276 7
53.27192982456276 14
53.28070175438732 0
53.28070175438732 6
53.32456140351013 15
53.69298245614172 44
53.69298245614172 45
53.69298245614172 53
53.70175438596628 36
53.70175438596628 37
53.70175438596628 43
53.70175438596628 51
53.70175438596628 52
53.70175438596628 58
53.70175438596628 59
53.710526315790844 28
53.710526315790844 29
53.710526315790844 35
53.710526315790844 50
53.710526315790844 57
53.719298245615406 20
53.719298245615406 21
53.719298245615406 27
53.719298245615406 56
53.72807017543997 13
53.72807017543997 19
53.72807017543997 26
53.72807017543997 49
53.72807017543997 55
53.73684210526453 11
53.73684210526453 12
53.73684210526453 18
53.73684210526453 25
53.73684210526453 33
53.73684210526453 41
53.73684210526453 42
53.73684210526453 48
53.74561403508909 5
53.74561403508909 10
53.74561403508909 17
53.74561403508909 24
53.74561403508909 32
53.74561403508909 40
53.75438596491365 3
53.75438596491365 9
53.75438596491365 23
53.75438596491365 39
53.763157894738214 2
53.763157894738214 8
53.763157894738214 16
53.763157894738214 31
53.763157894738214 38
53.771929824562775 1
53.771929824562775 7
53.771929824562775 15
53.771929824562775 30
53.78070175438734 0
53.78070175438734 14
53.78070175438734 22
53.85087719298383 15
54.21929824561542 43
54.21929824561542 44
54.21929824561542 45
54.21929824561542 51
54.21929824561542 52
54.21929824561542 53
54.21929824561542 58
54.21929824561542 59
54.22807017543998 35
54.22807017543998 36
54.22807017543998 37
54.22807017543998 50
54.22807017543998 57
54.23684210526454 27
54.23684210526454 28
54.23684210526454 29
54.23684210526454 56
54.245614035089105 20
54.245614035089105 21
54.245614035089105 26
54.245614035089105 49
54.245614035089105 55
54.254385964913666 13
54.254385964913666 19
54.254385964913666 25
54.254385964913666 33
54.254385964913666 41
54.254385964913666 42
54.254385964913666 48
54.26315789473823 11
54.26315789473823 12
54.26315789473823 17
54.26315789473823 18
54.26315789473823 24
54.26315789473823 32
54.26315789473823 40
54.27192982456279 5
54.27192982456279 9
54.27192982456279 10
54.27192982456279 16
54.27192982456279 23
54.27192982456279 39
54.28070175438735 2
54.28070175438735 3
54.28070175438735 8
54.28070175438735 15
54.28070175438735 31
54.28070175438735 38
54.28947368421191 1
54.28947368421191 7
54.28947368421191 14
54.28947368421191 22
54.28947368421191 30
54.298245614036475 0
54.298245614036475 6
54.70175438596631 55
54.877192982457544 45
54.877192982457544 53
54.885964912282105 37
54.885964912282105 44
54.885964912282105 52
54.885964912282105 59
54.89473684210667 36
54.89473684210667 43
54.89473684210667 51
54.89473684210667 58
54.90350877193123 28
54.90350877193123 35
54.90350877193123 42
54.90350877193123 50
54.90350877193123 57
54.91228070175579 20
54.91228070175579 27
54.91228070175579 34
54.91228070175579 41
54.91228070175579 49
54.91228070175579 56
54.92105263158035 19
54.92105263158035 26
54.92105263158035 33
54.92105263158035 40
54.92105263158035 48
54.929824561404914 11
54.929824561404914 18
54.929824561404914 25
54.929824561404914 32
54.929824561404914 39
54.929824561404914 47
54.938596491229475 10
54.938596491229475 17
54.938596491229475 24
54.938596491229475 31
54.938596491229475 38
54.938596491229475 46
54.94736842105404 3
54.94736842105404 9
54.94736842105404 16
54.94736842105404 23
54.94736842105404 30
54.9561403508786 2
54.9561403508786 8
54.9561403508786 15
54.9561403508786 22
54.96491228070316 1
54.96491228070316 7
54.96491228070316 14
54.97368421052772 0
54.97368421052772 6
55.80701754386108 1
55.80701754386108 2
55.80701754386108 3
55.80701754386108 8
55.80701754386108 9
55.80701754386108 10
55.80701754386108 11
55.80701754386108 16
55.80701754386108 17
55.80701754386108 18
55.80701754386108 19
55.80701754386108 20
55.80701754386108 24
55.80701754386108 25
55.80701754386108 26
55.80701754386108 27
55.80701754386108 28
55.80701754386108 32
55.80701754386108 33
55.80701754386108 34
55.80701754386108 35
55.80701754386108 36
55.80701754386108 37
55.80701754386108 40
55.80701754386108 41
55.80701754386108 42
55.80701754386108 43
55.80701754386108 44
55.80701754386108 45
55.80701754386108 49
55.80701754386108 50
55.80701754386108 51
55.80701754386108 52
55.80701754386108 53
55.80701754386108 57
55.80701754386108 58
55.80701754386108 59
55.81578947368564 0
55.81578947368564 7
55.81578947368564 15
55.81578947368564 23
55.81578947368564 31
55.81578947368564 39
55.81578947368564 47
55.8245614035102 6
55.8245614035102 14
55.8245614035102 22
55.8245614035102 30
55.8245614035102 38
55.8245614035102 46
56.06140350877337 32
56.3508771929839 38
56.3508771929839 39
56.3508771929839 40
56.3508771929839 41
56.3508771929839 42
56.3508771929839 43
56.3508771929839 44
56.3508771929839 45
56.3508771929839 47
56.3508771929839 48
56.3508771929839 49
56.3508771929839 50
56.3508771929839 51
56.3508771929839 52
56.3508771929839 53
56.3508771929839 57
56.3508771929839 58
56.3508771929839 59
56.35964912280846 30
56.35964912280846 31
56.35964912280846 32
56.35964912280846 33
56.35964912280846 34
56.35964912280846 35
56.35964912280846 36
56.35964912280846 37
56.368421052633025 23
56.368421052633025 24
56.368421052633025 25
56.368421052633025 26
56.368421052633025 27
56.368421052633025 28
56.368421052633025 29
56.377192982457586 16
56.377192982457586 17
56.377192982457586 18
56.377192982457586 19
56.377192982457586 20
56.377192982457586 21
56.377192982457586 22
56.38596491228215 8
56.38596491228215 9
56.38596491228215 10
56.38596491228215 11
56.38596491228215 12
56.38596491228215 13
56.38596491228215 14
56.38596491228215 15
56.39473684210671 1
56.39473684210671 2
56.39473684210671 3
56.39473684210671 4
56.39473684210671 5
56.39473684210671 6
56.39473684210671 7
56.40350877193127 0
57.01754385965059 0
57.01754385965059 1
57.01754385965059 2
57.01754385965059 3
57.01754385965059 7
57.01754385965059 8
57.01754385965059 9
57.01754385965059 10
57.01754385965059 11
57.01754385965059 16
57.01754385965059 17
57.01754385965059 18
57.01754385965059 19
57.01754385965059 20
57.01754385965059 24
57.01754385965059 25
57.01754385965059 26
57.01754385965059 27
57.01754385965059 28
57.01754385965059 32
57.01754385965059 33
57.01754385965059 34
57.01754385965059 35
57.01754385965059 36
57.01754385965059 37
57.01754385965059 40
57.01754385965059 41
57.01754385965059 42
57.01754385965059 43
57.01754385965059 44
57.01754385965059 45
57.01754385965059 49
57.01754385965059 50
57.01754385965059 51
57.01754385965059 52
57.01754385965059 53
57.01754385965059 57
57.01754385965059 58
57.01754385965059 59
57.02631578947515 6
57.02631578947515 14
57.02631578947515 15
57.02631578947515 23
57.02631578947515 31
57.02631578947515 39
57.02631578947515 47
57.03508771929971 22
57.03508771929971 30
57.03508771929971 38
57.03508771929971 46
57.44736842105411 54
57.44736842105411 55
57.850877192983944 58
57.850877192983944 59
57.859649122808506 51
57.859649122808506 52
57.859649122808506 53
57.859649122808506 57
57.86842105263307 43
57.86842105263307 44
57.86842105263307 45
57.86842105263307 50
57.86842105263307 56
57.87719298245763 35
57.87719298245763 36
57.87719298245763 37
57.87719298245763 42
57.87719298245763 49
57.87719298245763 55
57.88596491228219 27
57.88596491228219 28
57.88596491228219 29
57.88596491228219 34
57.88596491228219 41
57.88596491228219 48
57.89473684210675 20
57.89473684210675 21
57.89473684210675 26
57.89473684210675 33
57.89473684210675 40
57.903508771931314 13
57.903508771931314 19
57.903508771931314 25
57.903508771931314 32
57.903508771931314 39
57.912280701755876 11
57.912280701755876 12
57.912280701755876 17
57.912280701755876 18
57.912280701755876 24
57.912280701755876 31
57.912280701755876 38
57.92105263158044 5
57.92105263158044 9
57.92105263158044 10
57.92105263158044 16
57.92105263158044 23
57.92105263158044 30
57.929824561405 2
57.929824561405 3
57.929824561405 8
57.929824561405 15
57.929824561405 22
57.93859649122956 1
57.93859649122956 7
57.93859649122956 14
57.94736842105412 0
57.94736842105412 6
58.24561403508922 32
58.24561403508922 40
58.24561403508922 41
58.25438596491378 39
58.25438596491378 47
58.26315789473834 38
58.26315789473834 46
58.2719298245629 30
58.3421052631594 52
58.3421052631594 53
58.3421052631594 59
58.35087719298396 44
58.35087719298396 45
58.35087719298396 51
58.35087719298396 58
58.35964912280852 36
58.35964912280852 37
58.35964912280852 43
58.35964912280852 50
58.35964912280852 57
58.36842105263308 28
58.36842105263308 29
58.36842105263308 35
58.36842105263308 56
58.37719298245764 20
58.37719298245764 21
58.37719298245764 27
58.37719298245764 55
58.385964912282205 13
58.385964912282205 19
58.385964912282205 26
58.39473684210677 11
58.39473684210677 12
58.39473684210677 18
58.39473684210677 25
58.39473684210677 33
58.39473684210677 41
58.39473684210677 42
58.39473684210677 49
58.40350877193133 5
58.40350877193133 10
58.40350877193133 17
58.40350877193133 24
58.40350877193133 32
58.41228070175589 3
58.41228070175589 9
58.41228070175589 23
58.42105263158045 2
58.42105263158045 8
58.42982456140501 1
58.42982456140501 7
58.42982456140501 15
58.42982456140501 16
58.438596491229575 0
58.438596491229575 14
58.438596491229575 22
58.754385964913794 54
58.754385964913794 55
59.25438596491381 14
59.26315789473837 6
59.26315789473837 7
59.26315789473837 8
59.26315789473837 9
59.26315789473837 10
59.26315789473837 11
59.26315789473837 15
59.26315789473837 16
59.26315789473837 17
59.26315789473837 18
59.26315789473837 19
59.26315789473837 20
59.26315789473837 23
59.26315789473837 24
59.26315789473837 25
59.26315789473837 26
59.26315789473837 27
59.26315789473837 28
59.26315789473837 32
59.26315789473837 33
59.26315789473837 34
59.26315789473837 35
59.26315789473837 36
59.26315789473837 37
59.26315789473837 40
59.26315789473837 41
59.26315789473837 42
59.26315789473837 43
59.26315789473837 44
59.26315789473837 45
59.26315789473837 49
59.26315789473837 50
59.26315789473837 51
59.26315789473837 52
59.26315789473837 53
59.26315789473837 57
59.26315789473837 58
59.26315789473837 59
59.27192982456293 0
59.27192982456293 1
59.27192982456293 2
59.27192982456293 3
59.27192982456293 4
59.27192982456293 5
59.27192982456293 12
59.27192982456293 13
59.27192982456293 22
59.27192982456293 30
59.27192982456293 31
59.27192982456293 38
59.27192982456293 39
59.27192982456293 47
59.824561403510316 44
59.824561403510316 45
59.824561403510316 53
59.83333333333488 36
59.83333333333488 37
59.83333333333488 43
59.83333333333488 51
59.83333333333488 52
59.83333333333488 58
59.83333333333488 59
59.84210526315944 28
59.84210526315944 29
59.84210526315944 35
59.84210526315944 42
59.84210526315944 50
59.84210526315944 57
59.850877192984 20
59.850877192984 21
59.850877192984 27
59.850877192984 34
59.850877192984 41
59.850877192984 49
59.850877192984 56
59.85964912280856 13
59.85964912280856 19
59.85964912280856 26
59.85964912280856 33
59.85964912280856 40
59.85964912280856 48
59.85964912280856 55
59.868421052633124 11
59.868421052633124 12
59.868421052633124 18
59.868421052633124 25
59.868421052633124 32
59.868421052633124 39
59.868421052633124 47
59.868421052633124 54
59.877192982457686 5
59.877192982457686 10
59.877192982457686 17
59.877192982457686 24
59.877192982457686 31
59.877192982457686 38
59.877192982457686 46
59.88596491228225 3
59.88596491228225 9
59.88596491228225 16
59.88596491228225 23
59.88596491228225 30
59.89473684210681 2
59.89473684210681 8
59.89473684210681 15
59.89473684210681 22
59.90350877193137 1
59.90350877193137 7
59.90350877193137 14
59.91228070175593 0
59.91228070175593 6
