0.18421052631578946 56
0.18421052631578946 57
0.18421052631578946 58
0.18421052631578946 59
0.19298245614035087 42
0.19298245614035087 43
0.19298245614035087 44
0.19298245614035087 45
0.19298245614035087 49
0.19298245614035087 50
0.19298245614035087 51
0.19298245614035087 52
0.19298245614035087 53
0.19298245614035087 55
0.20175438596491227 35
0.20175438596491227 36
0.20175438596491227 37
0.20175438596491227 41
0.20175438596491227 48
0.21052631578947367 27
0.21052631578947367 28
0.21052631578947367 29
0.21052631578947367 33
0.21052631578947367 40
0.21929824561403508 19
0.21929824561403508 20
0.21929824561403508 21
0.21929824561403508 25
0.21929824561403508 26
0.21929824561403508 32
0.21929824561403508 39
0.22807017543859648 11
0.22807017543859648 12
0.22807017543859648 13
0.22807017543859648 17
0.22807017543859648 18
0.22807017543859648 24
0.22807017543859648 31
0.22807017543859648 38
0.23684210526315788 4
0.23684210526315788 5
0.23684210526315788 9
0.23684210526315788 10
0.23684210526315788 16
0.23684210526315788 23
0.23684210526315788 30
0.24561403508771928 3
0.24561403508771928 8
0.24561403508771928 15
0.24561403508771928 22
0.2543859649122807 1
0.2543859649122807 2
0.2543859649122807 7
0.2543859649122807 14
0.26315789473684215 0
0.26315789473684215 6
0.7192982456140365 17
0.7192982456140365 25
0.7192982456140365 26
0.7192982456140365 27
0.7192982456140365 28
0.7192982456140365 33
0.7192982456140365 34
0.7192982456140365 35
0.7192982456140365 36
0.7192982456140365 37
0.7192982456140365 41
0.7192982456140365 42
0.7192982456140365 43
0.7192982456140365 44
0.7192982456140365 45
0.7192982456140365 49
0.7192982456140365 50
0.7192982456140365 51
0.7192982456140365 52
0.7192982456140365 53
0.7192982456140365 57
0.7192982456140365 58
0.7192982456140365 59
0.728070175438598 9
0.728070175438598 10
0.728070175438598 11
0.728070175438598 12
0.728070175438598 13
0.728070175438598 16
0.728070175438598 18
0.728070175438598 19
0.728070175438598 20
0.728070175438598 21
0.728070175438598 24
0.728070175438598 32
0.728070175438598 40
0.728070175438598 48
0.7368421052631594 3
0.7368421052631594 4
0.7368421052631594 5
0.7368421052631594 8
0.7368421052631594 23
0.7368421052631594 39
0.7368421052631594 47
0.7456140350877208 1
0.7456140350877208 2
0.7456140350877208 7
0.7456140350877208 15
0.7456140350877208 38
0.7456140350877208 46
0.7543859649122823 0
0.7543859649122823 14
0.7543859649122823 22
0.7543859649122823 30
1.4736842105263195 23
1.4736842105263195 24
1.4736842105263195 25
1.4736842105263195 26
1.4736842105263195 27
1.4736842105263195 28
1.4736842105263195 31
1.4736842105263195 32
1.4736842105263195 33
1.4736842105263195 34
1.4736842105263195 35
1.4736842105263195 36
1.4736842105263195 37
1.4736842105263195 39
1.4736842105263195 40
1.4736842105263195 41
1.4736842105263195 42
1.4736842105263195 43
1.4736842105263195 44
1.4736842105263195 45
1.4736842105263195 49
1.4736842105263195 50
1.4736842105263195 51
1.4736842105263195 52
1.4736842105263195 53
1.4736842105263195 57
1.4736842105263195 58
1.4736842105263195 59
1.482456140350881 16
1.482456140350881 17
1.482456140350881 18
1.482456140350881 19
1.482456140350881 20
1.482456140350881 30
1.482456140350881 38
1.4912280701754423 8
1.4912280701754423 9
1.4912280701754423 10
1.4912280701754423 11
1.4912280701754423 12
1.4912280701754423 13
1.4912280701754423 15
1.4912280701754423 22
1.5000000000000038 1
1.5000000000000038 2
1.5000000000000038 3
1.5000000000000038 4
1.5000000000000038 5
1.5000000000000038 7
1.5000000000000038 14
1.5087719298245652 0
1.5087719298245652 6
1.9824561403508825 28
1.9824561403508825 36
1.9824561403508825 37
1.9824561403508825 44
1.9824561403508825 45
1.9824561403508825 52
1.9824561403508825 53
1.9824561403508825 59
1.991228070175444 20
1.991228070175444 27
1.991228070175444 35
1.991228070175444 43
1.991228070175444 51
1.991228070175444 58
2.0000000000000053 19
2.0000000000000053 26
2.0000000000000053 34
2.0000000000000053 42
2.0000000000000053 50
2.0000000000000053 57
2.0087719298245665 11
2.0087719298245665 18
2.0087719298245665 25
2.0087719298245665 33
2.0087719298245665 41
2.0087719298245665 49
2.0087719298245665 56
2.0175438596491277 4
2.0175438596491277 5
2.0175438596491277 10
2.0175438596491277 17
2.0175438596491277 24
2.0175438596491277 32
2.0175438596491277 40
2.0175438596491277 48
2.0175438596491277 55
2.026315789473689 3
2.026315789473689 9
2.026315789473689 16
2.026315789473689 23
2.026315789473689 31
2.026315789473689 39
2.026315789473689 47
2.026315789473689 54
2.03508771929825 2
2.03508771929825 8
2.03508771929825 15
2.03508771929825 30
2.03508771929825 38
2.03508771929825 46
2.0438596491228114 1
2.0438596491228114 7
2.0438596491228114 14
2.0438596491228114 22
2.0526315789473726 0
2.0526315789473726 6
2.245614035087719 14
2.412280701754382 32
2.412280701754382 40
2.412280701754382 41
2.4210526315789433 39
2.4298245614035046 38
2.4385964912280658 30
2.622807017543851 37
2.622807017543851 45
2.622807017543851 53
2.6315789473684124 36
2.6315789473684124 44
2.6315789473684124 52
2.6315789473684124 59
2.6403508771929736 28
2.6403508771929736 35
2.6403508771929736 43
2.6403508771929736 51
2.6403508771929736 58
2.6491228070175348 20
2.6491228070175348 27
2.6491228070175348 42
2.6491228070175348 50
2.6491228070175348 57
2.657894736842096 19
2.657894736842096 26
2.657894736842096 41
2.657894736842096 49
2.657894736842096 56
2.666666666666657 11
2.666666666666657 18
2.666666666666657 25
2.666666666666657 33
2.666666666666657 55
2.6754385964912184 4
2.6754385964912184 5
2.6754385964912184 10
2.6754385964912184 17
2.6754385964912184 24
2.6754385964912184 32
2.6842105263157796 3
2.6842105263157796 9
2.6842105263157796 16
2.6842105263157796 23
2.6842105263157796 31
2.692982456140341 2
2.692982456140341 8
2.692982456140341 15
2.692982456140341 30
2.692982456140341 38
2.701754385964902 1
2.701754385964902 7
2.701754385964902 14
2.701754385964902 22
2.7105263157894632 0
2.7105263157894632 6
2.789473684210514 29
3.3596491228069927 39
3.3596491228069927 40
3.3596491228069927 41
3.3596491228069927 42
3.3596491228069927 43
3.3596491228069927 44
3.3596491228069927 45
3.3596491228069927 49
3.3596491228069927 50
3.3596491228069927 51
3.3596491228069927 52
3.3596491228069927 53
3.3596491228069927 57
3.3596491228069927 58
3.3596491228069927 59
3.368421052631554 32
3.368421052631554 33
3.368421052631554 34
3.368421052631554 35
3.368421052631554 36
3.368421052631554 37
3.368421052631554 38
3.377192982456115 24
3.377192982456115 25
3.377192982456115 26
3.377192982456115 27
3.377192982456115 28
3.377192982456115 29
3.377192982456115 30
3.377192982456115 31
3.3859649122806763 16
3.3859649122806763 17
3.3859649122806763 18
3.3859649122806763 19
3.3859649122806763 20
3.3859649122806763 21
3.3859649122806763 23
3.3947368421052375 8
3.3947368421052375 9
3.3947368421052375 10
3.3947368421052375 11
3.3947368421052375 12
3.3947368421052375 13
3.3947368421052375 15
3.3947368421052375 22
3.4035087719297987 1
3.4035087719297987 2
3.4035087719297987 3
3.4035087719297987 4
3.4035087719297987 5
3.4035087719297987 7
3.4035087719297987 14
3.41228070175436 0
3.41228070175436 6
4.0350877192982075 44
4.0350877192982075 45
4.0350877192982075 52
4.0350877192982075 53
4.0350877192982075 59
4.043859649122769 36
4.043859649122769 37
4.043859649122769 43
4.043859649122769 51
4.043859649122769 58
4.052631578947331 28
4.052631578947331 29
4.052631578947331 35
4.052631578947331 42
4.052631578947331 50
4.052631578947331 57
4.0614035087718925 20
4.0614035087718925 21
4.0614035087718925 27
4.0614035087718925 34
4.0614035087718925 41
4.0614035087718925 49
4.0614035087718925 56
4.070175438596454 13
4.070175438596454 19
4.070175438596454 26
4.070175438596454 33
4.070175438596454 40
4.070175438596454 48
4.070175438596454 55
4.078947368421016 11
4.078947368421016 12
4.078947368421016 18
4.078947368421016 25
4.078947368421016 32
4.078947368421016 39
4.078947368421016 47
4.078947368421016 54
4.0877192982455774 4
4.0877192982455774 5
4.0877192982455774 10
4.0877192982455774 17
4.0877192982455774 24
4.0877192982455774 31
4.0877192982455774 38
4.0877192982455774 46
4.096491228070139 3
4.096491228070139 9
4.096491228070139 16
4.096491228070139 23
4.096491228070139 30
4.105263157894701 2
4.105263157894701 8
4.105263157894701 15
4.105263157894701 22
4.114035087719262 1
4.114035087719262 7
4.114035087719262 14
4.122807017543824 0
4.122807017543824 6
4.929824561403496 42
4.929824561403496 43
4.929824561403496 44
4.929824561403496 45
4.929824561403496 50
4.929824561403496 51
4.929824561403496 52
4.929824561403496 53
4.929824561403496 57
4.929824561403496 58
4.929824561403496 59
4.938596491228058 35
4.938596491228058 36
4.938596491228058 37
4.938596491228058 41
4.938596491228058 49
4.938596491228058 56
4.947368421052619 27
4.947368421052619 28
4.947368421052619 29
4.947368421052619 33
4.947368421052619 40
4.947368421052619 48
4.947368421052619 55
4.956140350877181 19
4.956140350877181 20
4.956140350877181 21
4.956140350877181 25
4.956140350877181 26
4.956140350877181 32
4.956140350877181 39
4.956140350877181 47
4.956140350877181 54
4.964912280701743 11
4.964912280701743 12
4.964912280701743 13
4.964912280701743 17
4.964912280701743 18
4.964912280701743 24
4.964912280701743 31
4.964912280701743 38
4.964912280701743 46
4.973684210526304 4
4.973684210526304 5
4.973684210526304 9
4.973684210526304 10
4.973684210526304 16
4.973684210526304 23
4.973684210526304 30
4.982456140350866 3
4.982456140350866 8
4.982456140350866 15
4.982456140350866 22
4.991228070175428 1
4.991228070175428 2
4.991228070175428 7
4.991228070175428 14
4.999999999999989 0
4.999999999999989 6
5.201754385964907 38
5.236842105263154 56
5.245614035087716 55
5.456140350877195 12
5.456140350877195 13
5.456140350877195 20
5.456140350877195 21
5.456140350877195 28
5.456140350877195 29
5.456140350877195 36
5.456140350877195 37
5.456140350877195 44
5.456140350877195 45
5.456140350877195 52
5.456140350877195 53
5.456140350877195 59
5.464912280701757 5
5.464912280701757 11
5.464912280701757 19
5.464912280701757 27
5.464912280701757 35
5.464912280701757 43
5.464912280701757 51
5.464912280701757 58
5.473684210526319 4
5.473684210526319 10
5.473684210526319 18
5.473684210526319 26
5.473684210526319 34
5.473684210526319 42
5.473684210526319 50
5.473684210526319 57
5.48245614035088 3
5.48245614035088 9
5.48245614035088 17
5.48245614035088 25
5.48245614035088 33
5.48245614035088 41
5.48245614035088 49
5.48245614035088 56
5.491228070175442 2
5.491228070175442 8
5.491228070175442 16
5.491228070175442 24
5.491228070175442 32
5.491228070175442 40
5.491228070175442 48
5.5000000000000036 1
5.5000000000000036 7
5.5000000000000036 15
5.5000000000000036 23
5.5000000000000036 31
5.5000000000000036 39
5.5000000000000036 47
5.508771929824565 0
5.508771929824565 14
5.508771929824565 22
5.508771929824565 30
5.508771929824565 38
5.508771929824565 46
5.517543859649127 6
5.7543859649122915 56
5.763157894736853 55
6.5877192982456485 13
6.894736842105306 23
6.894736842105306 24
6.894736842105306 25
6.894736842105306 26
6.894736842105306 27
6.894736842105306 28
6.894736842105306 31
6.894736842105306 32
6.894736842105306 33
6.894736842105306 34
6.894736842105306 35
6.894736842105306 36
6.894736842105306 37
6.894736842105306 39
6.894736842105306 40
6.894736842105306 41
6.894736842105306 42
6.894736842105306 43
6.894736842105306 44
6.894736842105306 45
6.894736842105306 49
6.894736842105306 50
6.894736842105306 51
6.894736842105306 52
6.894736842105306 53
6.894736842105306 57
6.894736842105306 58
6.894736842105306 59
6.903508771929868 16
6.903508771929868 17
6.903508771929868 18
6.903508771929868 19
6.903508771929868 20
6.903508771929868 30
6.903508771929868 38
6.91228070175443 8
6.91228070175443 9
6.91228070175443 10
6.91228070175443 11
6.91228070175443 12
6.91228070175443 15
6.91228070175443 22
6.921052631578991 1
6.921052631578991 2
6.921052631578991 3
6.921052631578991 4
6.921052631578991 5
6.921052631578991 7
6.921052631578991 14
6.929824561403553 0
6.929824561403553 6
7.570175438596554 56
7.570175438596554 57
7.570175438596554 58
7.570175438596554 59
7.578947368421115 49
7.578947368421115 50
7.578947368421115 51
7.578947368421115 52
7.578947368421115 53
7.578947368421115 55
7.587719298245677 41
7.587719298245677 42
7.587719298245677 43
7.587719298245677 44
7.587719298245677 45
7.587719298245677 48
7.596491228070239 33
7.596491228070239 34
7.596491228070239 35
7.596491228070239 36
7.596491228070239 37
7.596491228070239 40
7.6052631578948 25
7.6052631578948 26
7.6052631578948 27
7.6052631578948 28
7.6052631578948 29
7.6052631578948 32
7.6052631578948 39
7.614035087719362 17
7.614035087719362 18
7.614035087719362 19
7.614035087719362 20
7.614035087719362 21
7.614035087719362 24
7.614035087719362 31
7.614035087719362 38
7.6228070175439235 9
7.6228070175439235 10
7.6228070175439235 11
7.6228070175439235 12
7.6228070175439235 13
7.6228070175439235 16
7.6228070175439235 23
7.6228070175439235 30
7.631578947368485 3
7.631578947368485 4
7.631578947368485 5
7.631578947368485 8
7.631578947368485 15
7.631578947368485 22
7.640350877193047 1
7.640350877193047 2
7.640350877193047 7
7.640350877193047 14
7.6491228070176085 0
7.6491228070176085 6
8.140350877193061 13
8.140350877193061 26
8.140350877193061 27
8.140350877193061 28
8.140350877193061 35
8.140350877193061 36
8.140350877193061 37
8.140350877193061 43
8.140350877193061 44
8.140350877193061 45
8.140350877193061 52
8.140350877193061 53
8.140350877193061 59
8.149122807017623 19
8.149122807017623 20
8.149122807017623 25
8.149122807017623 33
8.149122807017623 41
8.149122807017623 42
8.149122807017623 49
8.149122807017623 50
8.149122807017623 57
8.149122807017623 58
8.157894736842184 11
8.157894736842184 12
8.157894736842184 17
8.157894736842184 18
8.157894736842184 24
8.157894736842184 32
8.157894736842184 40
8.157894736842184 48
8.166666666666746 4
8.166666666666746 5
8.166666666666746 9
8.166666666666746 10
8.166666666666746 16
8.166666666666746 23
8.166666666666746 31
8.166666666666746 39
8.166666666666746 47
8.175438596491308 3
8.175438596491308 8
8.175438596491308 15
8.175438596491308 30
8.175438596491308 38
8.175438596491308 46
8.18421052631587 1
8.18421052631587 2
8.18421052631587 7
8.18421052631587 14
8.18421052631587 22
8.192982456140431 0
8.192982456140431 6
8.342105263157979 53
8.833333333333432 18
8.833333333333432 19
8.833333333333432 20
8.833333333333432 26
8.833333333333432 27
8.833333333333432 28
8.833333333333432 30
8.833333333333432 35
8.833333333333432 36
8.833333333333432 37
8.833333333333432 38
8.833333333333432 39
8.833333333333432 40
8.833333333333432 41
8.833333333333432 42
8.833333333333432 43
8.833333333333432 44
8.833333333333432 45
8.833333333333432 49
8.833333333333432 50
8.833333333333432 51
8.833333333333432 52
8.833333333333432 53
8.833333333333432 57
8.833333333333432 58
8.833333333333432 59
8.842105263157993 10
8.842105263157993 11
8.842105263157993 12
8.842105263157993 13
8.842105263157993 17
8.842105263157993 25
8.842105263157993 32
8.842105263157993 33
8.842105263157993 34
8.850877192982555 3
8.850877192982555 4
8.850877192982555 5
8.850877192982555 9
8.850877192982555 16
8.850877192982555 24
8.859649122807117 2
8.859649122807117 8
8.859649122807117 23
8.859649122807117 31
8.868421052631678 1
8.868421052631678 7
8.868421052631678 15
8.868421052631678 22
8.87719298245624 0
8.87719298245624 6
8.87719298245624 14
9.157894736842213 47
9.166666666666774 39
9.175438596491336 38
9.184210526315898 30
9.228070175438706 44
9.236842105263268 43
9.614035087719419 2
9.614035087719419 3
9.614035087719419 9
9.614035087719419 10
9.614035087719419 11
9.614035087719419 12
9.614035087719419 13
9.614035087719419 17
9.614035087719419 18
9.614035087719419 19
9.614035087719419 20
9.614035087719419 21
9.614035087719419 25
9.614035087719419 26
9.614035087719419 27
9.614035087719419 28
9.614035087719419 29
9.614035087719419 33
9.614035087719419 34
9.614035087719419 35
9.614035087719419 36
9.614035087719419 37
9.614035087719419 41
9.614035087719419 42
9.614035087719419 43
9.614035087719419 44
9.614035087719419 45
9.614035087719419 49
9.614035087719419 50
9.614035087719419 51
9.614035087719419 52
9.614035087719419 53
9.614035087719419 57
9.614035087719419 58
9.614035087719419 59
9.62280701754398 1
9.62280701754398 5
9.62280701754398 8
9.62280701754398 16
9.62280701754398 24
9.62280701754398 32
9.62280701754398 40
9.62280701754398 48
9.631578947368542 0
9.631578947368542 4
9.631578947368542 7
9.631578947368542 15
9.631578947368542 23
9.631578947368542 31
9.631578947368542 39
9.631578947368542 47
9.640350877193104 6
9.640350877193104 14
9.640350877193104 22
9.640350877193104 30
9.640350877193104 38
9.640350877193104 46
10.333333333333474 21
10.342105263158036 13
10.342105263158036 20
10.342105263158036 28
10.342105263158036 36
10.342105263158036 37
10.342105263158036 44
10.342105263158036 45
10.342105263158036 52
10.342105263158036 53
10.342105263158036 59
10.350877192982598 12
10.350877192982598 27
10.350877192982598 35
10.350877192982598 43
10.350877192982598 51
10.350877192982598 58
10.35964912280716 5
10.35964912280716 11
10.35964912280716 19
10.35964912280716 26
10.35964912280716 34
10.35964912280716 42
10.35964912280716 50
10.35964912280716 57
10.36842105263172 4
10.36842105263172 10
10.36842105263172 18
10.36842105263172 25
10.36842105263172 33
10.36842105263172 41
10.36842105263172 49
10.36842105263172 56
10.377192982456283 3
10.377192982456283 9
10.377192982456283 17
10.377192982456283 24
10.377192982456283 32
10.377192982456283 40
10.377192982456283 48
10.377192982456283 55
10.385964912280844 2
10.385964912280844 8
10.385964912280844 16
10.385964912280844 23
10.385964912280844 31
10.385964912280844 39
10.385964912280844 47
10.385964912280844 54
10.394736842105406 1
10.394736842105406 7
10.394736842105406 15
10.394736842105406 30
10.394736842105406 38
10.394736842105406 46
10.403508771929967 0
10.403508771929967 6
10.403508771929967 14
10.403508771929967 22
11.061403508772091 2
11.061403508772091 3
11.061403508772091 9
11.061403508772091 10
11.061403508772091 11
11.061403508772091 12
11.061403508772091 13
11.061403508772091 17
11.061403508772091 18
11.061403508772091 19
11.061403508772091 20
11.061403508772091 21
11.061403508772091 25
11.061403508772091 26
11.061403508772091 27
11.061403508772091 28
11.061403508772091 29
11.061403508772091 33
11.061403508772091 34
11.061403508772091 35
11.061403508772091 36
11.061403508772091 37
11.061403508772091 41
11.061403508772091 42
11.061403508772091 43
11.061403508772091 44
11.061403508772091 45
11.061403508772091 49
11.061403508772091 50
11.061403508772091 51
11.061403508772091 52
11.061403508772091 53
11.061403508772091 57
11.061403508772091 58
11.061403508772091 59
11.070175438596653 1
11.070175438596653 5
11.070175438596653 8
11.070175438596653 16
11.070175438596653 24
11.070175438596653 32
11.070175438596653 40
11.070175438596653 48
11.078947368421215 0
11.078947368421215 4
11.078947368421215 7
11.078947368421215 15
11.078947368421215 23
11.078947368421215 31
11.078947368421215 39
11.078947368421215 47
11.087719298245776 6
11.087719298245776 14
11.087719298245776 22
11.087719298245776 30
11.087719298245776 38
11.087719298245776 46
11.7456140350879 25
11.7456140350879 26
11.7456140350879 27
11.7456140350879 28
11.7456140350879 33
11.7456140350879 34
11.7456140350879 35
11.7456140350879 36
11.7456140350879 37
11.7456140350879 41
11.7456140350879 42
11.7456140350879 43
11.7456140350879 44
11.7456140350879 45
11.7456140350879 49
11.7456140350879 50
11.7456140350879 51
11.7456140350879 52
11.7456140350879 53
11.7456140350879 57
11.7456140350879 58
11.7456140350879 59
11.754385964912462 17
11.754385964912462 18
11.754385964912462 19
11.754385964912462 20
11.754385964912462 24
11.754385964912462 32
11.754385964912462 40
11.754385964912462 48
11.763157894737024 9
11.763157894737024 10
11.763157894737024 11
11.763157894737024 12
11.763157894737024 13
11.763157894737024 16
11.763157894737024 23
11.763157894737024 31
11.763157894737024 39
11.763157894737024 47
11.771929824561585 3
11.771929824561585 4
11.771929824561585 5
11.771929824561585 8
11.771929824561585 15
11.771929824561585 30
11.771929824561585 38
11.771929824561585 46
11.780701754386147 1
11.780701754386147 2
11.780701754386147 7
11.780701754386147 14
11.780701754386147 22
11.789473684210709 0
11.789473684210709 6
13.236842105263381 53
13.245614035087943 45
13.254385964912505 37
13.254385964912505 44
13.263157894737066 36
13.263157894737066 43
13.271929824561628 28
13.271929824561628 35
13.271929824561628 42
13.271929824561628 50
13.271929824561628 57
13.271929824561628 58
13.271929824561628 59
13.28070175438619 20
13.28070175438619 27
13.28070175438619 34
13.28070175438619 40
13.28070175438619 41
13.28070175438619 49
13.28070175438619 52
13.28070175438619 56
13.289473684210751 19
13.289473684210751 26
13.289473684210751 32
13.289473684210751 33
13.289473684210751 39
13.289473684210751 55
13.298245614035313 11
13.298245614035313 18
13.298245614035313 24
13.298245614035313 25
13.298245614035313 31
13.298245614035313 38
13.307017543859875 4
13.307017543859875 5
13.307017543859875 10
13.307017543859875 16
13.307017543859875 17
13.307017543859875 23
13.307017543859875 30
13.315789473684436 3
13.315789473684436 8
13.315789473684436 9
13.315789473684436 15
13.315789473684436 22
13.324561403508998 1
13.324561403508998 2
13.324561403508998 7
13.324561403508998 14
13.33333333333356 0
13.33333333333356 6
13.684210526316026 23
14.008771929824807 36
14.008771929824807 37
14.008771929824807 44
14.008771929824807 45
14.008771929824807 52
14.008771929824807 53
14.008771929824807 59
14.017543859649368 28
14.017543859649368 29
14.017543859649368 35
14.017543859649368 43
14.017543859649368 51
14.017543859649368 58
14.02631578947393 20
14.02631578947393 21
14.02631578947393 27
14.02631578947393 42
14.02631578947393 50
14.02631578947393 57
14.035087719298492 13
14.035087719298492 19
14.035087719298492 26
14.035087719298492 41
14.035087719298492 49
14.035087719298492 56
14.043859649123053 11
14.043859649123053 12
14.043859649123053 18
14.043859649123053 25
14.043859649123053 33
14.043859649123053 40
14.043859649123053 48
14.043859649123053 55
14.052631578947615 4
14.052631578947615 5
14.052631578947615 10
14.052631578947615 17
14.052631578947615 24
14.052631578947615 32
14.052631578947615 39
14.052631578947615 47
14.052631578947615 54
14.061403508772177 3
14.061403508772177 9
14.061403508772177 16
14.061403508772177 23
14.061403508772177 31
14.061403508772177 38
14.061403508772177 46
14.070175438596738 2
14.070175438596738 8
14.070175438596738 15
14.070175438596738 30
14.0789473684213 1
14.0789473684213 7
14.0789473684213 14
14.0789473684213 22
14.087719298245862 0
14.087719298245862 6
14.692982456140616 51
14.692982456140616 58
14.692982456140616 59
14.701754385965177 43
14.701754385965177 44
14.701754385965177 45
14.701754385965177 50
14.701754385965177 52
14.701754385965177 53
14.701754385965177 57
14.710526315789739 35
14.710526315789739 36
14.710526315789739 37
14.710526315789739 42
14.710526315789739 49
14.710526315789739 56
14.7192982456143 27
14.7192982456143 28
14.7192982456143 29
14.7192982456143 34
14.7192982456143 41
14.7192982456143 55
14.728070175438862 19
14.728070175438862 20
14.728070175438862 21
14.728070175438862 26
14.728070175438862 33
14.728070175438862 40
14.736842105263424 11
14.736842105263424 12
14.736842105263424 13
14.736842105263424 18
14.736842105263424 25
14.736842105263424 32
14.736842105263424 39
14.745614035087986 4
14.745614035087986 5
14.745614035087986 10
14.745614035087986 17
14.745614035087986 24
14.745614035087986 31
14.745614035087986 38
14.754385964912547 3
14.754385964912547 9
14.754385964912547 16
14.754385964912547 23
14.754385964912547 30
14.763157894737109 2
14.763157894737109 8
14.763157894737109 15
14.763157894737109 22
14.77192982456167 1
14.77192982456167 7
14.77192982456167 14
14.780701754386232 0
14.780701754386232 6
14.973684210526589 54
15.096491228070452 51
15.096491228070452 58
15.096491228070452 59
15.105263157895013 43
15.105263157895013 44
15.105263157895013 50
15.228070175438877 0
15.228070175438877 1
15.228070175438877 7
15.228070175438877 8
15.228070175438877 9
15.228070175438877 10
15.228070175438877 11
15.228070175438877 12
15.228070175438877 13
15.228070175438877 16
15.228070175438877 17
15.228070175438877 18
15.228070175438877 19
15.228070175438877 20
15.228070175438877 21
15.228070175438877 24
15.228070175438877 25
15.228070175438877 26
15.228070175438877 27
15.228070175438877 28
15.228070175438877 29
15.228070175438877 32
15.228070175438877 33
15.228070175438877 34
15.228070175438877 35
15.228070175438877 36
15.228070175438877 37
15.228070175438877 40
15.228070175438877 41
15.228070175438877 42
15.228070175438877 45
15.228070175438877 49
15.228070175438877 53
15.236842105263438 2
15.236842105263438 3
15.236842105263438 4
15.236842105263438 5
15.236842105263438 15
15.236842105263438 23
15.236842105263438 39
15.245614035088 14
15.245614035088 22
15.245614035088 30
15.245614035088 38
15.464912280702041 32
16.09649122807048 2
16.09649122807048 3
16.09649122807048 9
16.09649122807048 10
16.09649122807048 11
16.09649122807048 12
16.09649122807048 13
16.09649122807048 17
16.09649122807048 18
16.09649122807048 19
16.09649122807048 20
16.09649122807048 21
16.09649122807048 25
16.09649122807048 26
16.09649122807048 27
16.09649122807048 28
16.09649122807048 29
16.09649122807048 33
16.09649122807048 34
16.09649122807048 35
16.09649122807048 36
16.09649122807048 37
16.09649122807048 41
16.09649122807048 42
16.09649122807048 43
16.09649122807048 44
16.09649122807048 45
16.09649122807048 49
16.09649122807048 50
16.09649122807048 51
16.09649122807048 52
16.09649122807048 53
16.09649122807048 57
16.09649122807048 58
16.09649122807048 59
16.105263157895042 1
16.105263157895042 5
16.105263157895042 8
16.105263157895042 16
16.105263157895042 24
16.105263157895042 32
16.105263157895042 40
16.105263157895042 48
16.114035087719603 0
16.114035087719603 4
16.114035087719603 7
16.114035087719603 15
16.114035087719603 23
16.114035087719603 31
16.114035087719603 39
16.114035087719603 47
16.122807017544165 6
16.122807017544165 14
16.122807017544165 22
16.122807017544165 30
16.122807017544165 38
16.122807017544165 46
16.763157894737166 4
16.763157894737166 5
16.763157894737166 11
16.763157894737166 12
16.763157894737166 13
16.763157894737166 19
16.763157894737166 20
16.763157894737166 21
16.763157894737166 27
16.763157894737166 28
16.763157894737166 29
16.763157894737166 35
16.763157894737166 36
16.763157894737166 37
16.763157894737166 43
16.763157894737166 44
16.763157894737166 45
16.763157894737166 52
16.763157894737166 53
16.763157894737166 59
16.771929824561727 3
16.771929824561727 10
16.771929824561727 18
16.771929824561727 26
16.771929824561727 34
16.771929824561727 42
16.771929824561727 50
16.771929824561727 57
16.771929824561727 58
16.78070175438629 9
16.78070175438629 17
16.78070175438629 25
16.78070175438629 33
16.78070175438629 41
16.78070175438629 49
16.78070175438629 56
16.78947368421085 2
16.78947368421085 8
16.78947368421085 16
16.78947368421085 24
16.78947368421085 32
16.78947368421085 40
16.78947368421085 48
16.78947368421085 55
16.798245614035412 1
16.798245614035412 7
16.798245614035412 15
16.798245614035412 23
16.798245614035412 31
16.798245614035412 39
16.798245614035412 47
16.798245614035412 54
16.807017543859974 0
16.807017543859974 6
16.807017543859974 14
16.807017543859974 22
16.807017543859974 30
16.807017543859974 38
16.807017543859974 46
17.456140350877536 39
17.456140350877536 40
17.456140350877536 41
17.456140350877536 42
17.456140350877536 43
17.456140350877536 44
17.456140350877536 45
17.456140350877536 49
17.456140350877536 50
17.456140350877536 51
17.456140350877536 52
17.456140350877536 53
17.456140350877536 57
17.456140350877536 58
17.456140350877536 59
17.464912280702098 32
17.464912280702098 33
17.464912280702098 34
17.464912280702098 35
17.464912280702098 36
17.464912280702098 37
17.464912280702098 38
17.47368421052666 24
17.47368421052666 25
17.47368421052666 26
17.47368421052666 27
17.47368421052666 28
17.47368421052666 29
17.47368421052666 30
17.47368421052666 31
17.48245614035122 16
17.48245614035122 17
17.48245614035122 18
17.48245614035122 19
17.48245614035122 20
17.48245614035122 21
17.48245614035122 23
17.491228070175783 8
17.491228070175783 9
17.491228070175783 10
17.491228070175783 11
17.491228070175783 12
17.491228070175783 13
17.491228070175783 15
17.491228070175783 22
17.500000000000345 1
17.500000000000345 2
17.500000000000345 3
17.500000000000345 4
17.500000000000345 5
17.500000000000345 7
17.500000000000345 14
17.508771929824906 0
17.508771929824906 6
18.131578947368784 47
18.140350877193345 39
18.140350877193345 40
18.140350877193345 41
18.140350877193345 42
18.140350877193345 43
18.140350877193345 44
18.140350877193345 45
18.140350877193345 49
18.140350877193345 50
18.140350877193345 51
18.140350877193345 52
18.140350877193345 53
18.140350877193345 57
18.140350877193345 58
18.140350877193345 59
18.149122807017907 32
18.149122807017907 33
18.149122807017907 34
18.149122807017907 35
18.149122807017907 36
18.149122807017907 37
18.149122807017907 38
18.15789473684247 24
18.15789473684247 25
18.15789473684247 26
18.15789473684247 27
18.15789473684247 28
18.15789473684247 29
18.15789473684247 30
18.15789473684247 31
18.16666666666703 16
18.16666666666703 17
18.16666666666703 18
18.16666666666703 19
18.16666666666703 20
18.16666666666703 21
18.16666666666703 23
18.175438596491592 8
18.175438596491592 9
18.175438596491592 10
18.175438596491592 11
18.175438596491592 12
18.175438596491592 13
18.175438596491592 15
18.175438596491592 22
18.184210526316154 1
18.184210526316154 2
18.184210526316154 3
18.184210526316154 4
18.184210526316154 5
18.184210526316154 7
18.184210526316154 14
18.192982456140715 0
18.192982456140715 6
18.456140350877565 59
18.59649122807055 47
18.605263157895113 39
18.605263157895113 40
18.605263157895113 41
18.614035087719675 32
18.614035087719675 33
18.614035087719675 38
18.622807017544236 25
18.622807017544236 26
18.622807017544236 27
18.622807017544236 28
18.622807017544236 30
18.622807017544236 35
18.622807017544236 36
18.622807017544236 37
18.622807017544236 43
18.622807017544236 44
18.622807017544236 45
18.622807017544236 52
18.622807017544236 53
18.631578947368798 17
18.631578947368798 18
18.631578947368798 19
18.631578947368798 20
18.64035087719336 9
18.64035087719336 10
18.64035087719336 11
18.64035087719336 16
18.64035087719336 24
18.64035087719336 32
18.64912280701792 3
18.64912280701792 4
18.64912280701792 5
18.64912280701792 8
18.64912280701792 23
18.657894736842483 1
18.657894736842483 2
18.657894736842483 7
18.657894736842483 15
18.657894736842483 22
18.666666666667044 0
18.666666666667044 14
18.982456140351264 22
18.982456140351264 23
18.982456140351264 30
18.982456140351264 31
18.982456140351264 32
18.982456140351264 38
18.982456140351264 39
18.982456140351264 40
18.982456140351264 41
18.982456140351264 42
18.982456140351264 43
18.982456140351264 44
18.982456140351264 49
18.982456140351264 50
18.982456140351264 51
18.982456140351264 57
18.982456140351264 58
18.982456140351264 59
18.991228070175826 14
18.991228070175826 15
19.000000000000387 6
19.55263157894777 12
19.55263157894777 13
19.55263157894777 20
19.55263157894777 21
19.55263157894777 28
19.55263157894777 29
19.55263157894777 36
19.55263157894777 37
19.55263157894777 44
19.55263157894777 45
19.55263157894777 52
19.55263157894777 53
19.55263157894777 59
19.561403508772333 5
19.561403508772333 11
19.561403508772333 19
19.561403508772333 27
19.561403508772333 35
19.561403508772333 43
19.561403508772333 51
19.561403508772333 58
19.570175438596895 4
19.570175438596895 10
19.570175438596895 18
19.570175438596895 26
19.570175438596895 34
19.570175438596895 42
19.570175438596895 50
19.570175438596895 57
19.578947368421456 3
19.578947368421456 9
19.578947368421456 17
19.578947368421456 25
19.578947368421456 33
19.578947368421456 41
19.578947368421456 49
19.578947368421456 56
19.587719298246018 2
19.587719298246018 8
19.587719298246018 16
19.587719298246018 24
19.587719298246018 32
19.587719298246018 40
19.587719298246018 48
19.587719298246018 55
19.59649122807058 1
19.59649122807058 7
19.59649122807058 15
19.59649122807058 23
19.59649122807058 31
19.59649122807058 39
19.59649122807058 47
19.59649122807058 54
19.60526315789514 0
19.60526315789514 6
19.60526315789514 14
19.60526315789514 22
19.60526315789514 30
19.60526315789514 38
19.60526315789514 46
20.34210526315832 27
20.34210526315832 28
20.34210526315832 35
20.34210526315832 36
20.34210526315832 37
20.34210526315832 43
20.34210526315832 44
20.34210526315832 45
20.34210526315832 52
20.34210526315832 53
20.34210526315832 59
20.350877192982882 19
20.350877192982882 20
20.350877192982882 26
20.350877192982882 34
20.350877192982882 42
20.350877192982882 50
20.350877192982882 57
20.350877192982882 58
20.359649122807443 11
20.359649122807443 12
20.359649122807443 13
20.359649122807443 18
20.359649122807443 25
20.359649122807443 33
20.359649122807443 41
20.359649122807443 49
20.359649122807443 56
20.368421052632005 4
20.368421052632005 5
20.368421052632005 10
20.368421052632005 17
20.368421052632005 24
20.368421052632005 32
20.368421052632005 40
20.368421052632005 48
20.368421052632005 55
20.377192982456567 3
20.377192982456567 9
20.377192982456567 16
20.377192982456567 23
20.377192982456567 31
20.377192982456567 39
20.377192982456567 47
20.377192982456567 54
20.38596491228113 2
20.38596491228113 8
20.38596491228113 15
20.38596491228113 30
20.38596491228113 38
20.38596491228113 46
20.39473684210569 1
20.39473684210569 7
20.39473684210569 14
20.39473684210569 22
20.40350877193025 0
20.40350877193025 6
20.833333333333773 33
20.833333333333773 41
20.842105263158334 25
20.842105263158334 26
20.842105263158334 27
20.842105263158334 28
20.842105263158334 32
20.842105263158334 35
20.842105263158334 36
20.842105263158334 37
20.842105263158334 40
20.842105263158334 43
20.842105263158334 44
20.842105263158334 45
20.842105263158334 52
20.842105263158334 53
20.842105263158334 59
20.850877192982896 17
20.850877192982896 18
20.850877192982896 19
20.850877192982896 20
20.850877192982896 24
20.850877192982896 39
20.850877192982896 58
20.859649122807458 9
20.859649122807458 10
20.859649122807458 11
20.859649122807458 12
20.859649122807458 13
20.859649122807458 16
20.859649122807458 23
20.859649122807458 38
20.859649122807458 57
20.86842105263202 3
20.86842105263202 4
20.86842105263202 5
20.86842105263202 8
20.86842105263202 15
20.86842105263202 30
20.86842105263202 50
20.87719298245658 1
20.87719298245658 2
20.87719298245658 7
20.87719298245658 14
20.87719298245658 22
20.87719298245658 42
20.87719298245658 49
20.885964912281143 0
21.789473684210993 33
21.789473684210993 41
21.789473684210993 42
21.789473684210993 43
21.789473684210993 44
21.789473684210993 45
21.789473684210993 49
21.789473684210993 50
21.789473684210993 51
21.789473684210993 52
21.789473684210993 53
21.789473684210993 57
21.789473684210993 58
21.789473684210993 59
21.798245614035554 25
21.798245614035554 26
21.798245614035554 27
21.798245614035554 28
21.798245614035554 32
21.798245614035554 35
21.798245614035554 36
21.798245614035554 37
21.798245614035554 40
21.798245614035554 48
21.807017543860116 17
21.807017543860116 18
21.807017543860116 19
21.807017543860116 20
21.807017543860116 24
21.807017543860116 39
21.807017543860116 47
21.815789473684678 9
21.815789473684678 10
21.815789473684678 11
21.815789473684678 12
21.815789473684678 13
21.815789473684678 16
21.815789473684678 23
21.815789473684678 31
21.815789473684678 38
21.815789473684678 46
21.82456140350924 3
21.82456140350924 4
21.82456140350924 5
21.82456140350924 8
21.82456140350924 15
21.82456140350924 30
21.8333333333338 1
21.8333333333338 2
21.8333333333338 7
21.8333333333338 14
21.8333333333338 22
21.842105263158363 0
21.842105263158363 6
22.017543859649596 29
22.649122807018035 37
22.649122807018035 45
22.649122807018035 53
22.657894736842596 36
22.657894736842596 44
22.657894736842596 52
22.657894736842596 59
22.666666666667158 28
22.666666666667158 35
22.666666666667158 43
22.666666666667158 51
22.666666666667158 58
22.67543859649172 20
22.67543859649172 27
22.67543859649172 42
22.67543859649172 50
22.67543859649172 57
22.68421052631628 19
22.68421052631628 26
22.68421052631628 41
22.68421052631628 49
22.68421052631628 56
22.692982456140843 11
22.692982456140843 18
22.692982456140843 25
22.692982456140843 33
22.692982456140843 40
22.692982456140843 48
22.692982456140843 55
22.701754385965405 4
22.701754385965405 5
22.701754385965405 10
22.701754385965405 17
22.701754385965405 24
22.701754385965405 32
22.701754385965405 39
22.701754385965405 47
22.701754385965405 54
22.710526315789966 3
22.710526315789966 9
22.710526315789966 16
22.710526315789966 23
22.710526315789966 31
22.710526315789966 38
22.710526315789966 46
22.719298245614528 2
22.719298245614528 8
22.719298245614528 15
22.719298245614528 30
22.72807017543909 1
22.72807017543909 7
22.72807017543909 14
22.72807017543909 22
22.73684210526365 0
22.73684210526365 6
22.93859649122857 14
23.166666666667172 59
23.175438596491734 4
23.175438596491734 5
23.175438596491734 11
23.175438596491734 12
23.175438596491734 13
23.175438596491734 19
23.175438596491734 20
23.175438596491734 21
23.175438596491734 27
23.175438596491734 28
23.175438596491734 29
23.175438596491734 35
23.175438596491734 36
23.175438596491734 37
23.175438596491734 43
23.175438596491734 44
23.175438596491734 45
23.175438596491734 52
23.175438596491734 53
23.175438596491734 58
23.184210526316296 3
23.184210526316296 10
23.184210526316296 18
23.184210526316296 26
23.184210526316296 34
23.184210526316296 42
23.184210526316296 50
23.184210526316296 51
23.184210526316296 57
23.192982456140857 9
23.192982456140857 17
23.192982456140857 25
23.192982456140857 33
23.192982456140857 41
23.20175438596542 2
23.20175438596542 8
23.20175438596542 16
23.20175438596542 24
23.20175438596542 32
23.20175438596542 40
23.21052631578998 1
23.21052631578998 7
23.21052631578998 15
23.21052631578998 23
23.21052631578998 39
23.219298245614542 0
23.219298245614542 14
23.219298245614542 22
23.219298245614542 30
23.219298245614542 38
23.289473684211035 51
23.5263157894742 49
23.5263157894742 50
23.53508771929876 41
23.710526315789995 35
23.710526315789995 36
23.710526315789995 37
23.710526315789995 43
23.710526315789995 44
23.710526315789995 45
23.710526315789995 52
23.710526315789995 53
23.710526315789995 59
23.719298245614556 27
23.719298245614556 28
23.719298245614556 29
23.719298245614556 42
23.719298245614556 58
23.728070175439118 19
23.728070175439118 20
23.728070175439118 21
23.728070175439118 26
23.728070175439118 41
23.728070175439118 57
23.73684210526368 11
23.73684210526368 12
23.73684210526368 13
23.73684210526368 18
23.73684210526368 25
23.73684210526368 33
23.73684210526368 40
23.74561403508824 4
23.74561403508824 5
23.74561403508824 10
23.74561403508824 17
23.74561403508824 24
23.74561403508824 32
23.74561403508824 39
23.754385964912803 3
23.754385964912803 9
23.754385964912803 16
23.754385964912803 23
23.754385964912803 31
23.754385964912803 38
23.763157894737365 2
23.763157894737365 8
23.763157894737365 15
23.763157894737365 30
23.771929824561926 1
23.771929824561926 7
23.771929824561926 14
23.771929824561926 22
23.780701754386488 0
23.780701754386488 6
24.070175438597023 22
24.070175438597023 23
24.070175438597023 30
24.070175438597023 38
24.078947368421584 14
24.078947368421584 15
24.245614035088256 16
24.245614035088256 17
24.245614035088256 24
24.245614035088256 25
24.245614035088256 26
24.245614035088256 27
24.245614035088256 28
24.245614035088256 32
24.245614035088256 33
24.245614035088256 34
24.245614035088256 35
24.245614035088256 36
24.245614035088256 37
24.245614035088256 40
24.245614035088256 41
24.245614035088256 42
24.245614035088256 43
24.245614035088256 44
24.245614035088256 45
24.245614035088256 49
24.245614035088256 50
24.245614035088256 51
24.245614035088256 52
24.245614035088256 53
24.245614035088256 57
24.245614035088256 58
24.245614035088256 59
24.254385964912817 8
24.254385964912817 9
24.254385964912817 10
24.254385964912817 11
24.254385964912817 12
24.254385964912817 13
24.254385964912817 18
24.254385964912817 19
24.254385964912817 20
24.254385964912817 21
24.254385964912817 39
24.26315789473738 1
24.26315789473738 2
24.26315789473738 3
24.26315789473738 4
24.26315789473738 5
24.26315789473738 7
24.26315789473738 15
24.27192982456194 0
24.27192982456194 14
24.58771929824616 53
24.666666666667215 54
24.885964912281256 25
24.885964912281256 26
24.885964912281256 27
24.885964912281256 28
24.885964912281256 33
24.885964912281256 34
24.885964912281256 35
24.885964912281256 36
24.885964912281256 37
24.885964912281256 41
24.885964912281256 42
24.885964912281256 43
24.885964912281256 44
24.885964912281256 45
24.885964912281256 49
24.885964912281256 50
24.885964912281256 51
24.885964912281256 52
24.885964912281256 53
24.885964912281256 57
24.885964912281256 58
24.885964912281256 59
24.894736842105818 17
24.894736842105818 18
24.894736842105818 19
24.894736842105818 20
24.894736842105818 24
24.894736842105818 32
24.894736842105818 40
24.894736842105818 48
24.90350877193038 9
24.90350877193038 10
24.90350877193038 11
24.90350877193038 12
24.90350877193038 13
24.90350877193038 16
24.90350877193038 23
24.90350877193038 31
24.90350877193038 39
24.90350877193038 47
24.91228070175494 3
24.91228070175494 4
24.91228070175494 5
24.91228070175494 8
24.91228070175494 15
24.91228070175494 30
24.91228070175494 38
24.91228070175494 46
24.921052631579503 1
24.921052631579503 2
24.921052631579503 7
24.921052631579503 14
24.921052631579503 22
24.929824561404065 0
24.929824561404065 6
25.201754385965476 46
25.210526315790037 38
25.2192982456146 30
25.508771929825134 37
25.508771929825134 45
25.508771929825134 53
25.517543859649695 36
25.517543859649695 44
25.517543859649695 52
25.517543859649695 59
25.526315789474257 28
25.526315789474257 35
25.526315789474257 43
25.526315789474257 51
25.526315789474257 58
25.53508771929882 20
25.53508771929882 27
25.53508771929882 42
25.53508771929882 50
25.53508771929882 57
25.54385964912338 19
25.54385964912338 26
25.54385964912338 41
25.54385964912338 49
25.54385964912338 56
25.552631578947942 11
25.552631578947942 18
25.552631578947942 25
25.552631578947942 33
25.552631578947942 40
25.552631578947942 48
25.552631578947942 55
25.561403508772504 4
25.561403508772504 5
25.561403508772504 10
25.561403508772504 17
25.561403508772504 24
25.561403508772504 32
25.561403508772504 39
25.561403508772504 47
25.561403508772504 54
25.570175438597065 3
25.570175438597065 9
25.570175438597065 16
25.570175438597065 23
25.570175438597065 31
25.570175438597065 38
25.570175438597065 46
25.578947368421627 2
25.578947368421627 8
25.578947368421627 15
25.578947368421627 30
25.58771929824619 1
25.58771929824619 7
25.58771929824619 14
25.58771929824619 22
25.59649122807075 0
25.59649122807075 6
25.877192982456723 56
25.885964912281285 55
26.22807017543919 41
26.22807017543919 42
26.22807017543919 43
26.22807017543919 44
26.22807017543919 45
26.22807017543919 49
26.22807017543919 50
26.22807017543919 51
26.22807017543919 52
26.22807017543919 53
26.22807017543919 57
26.22807017543919 58
26.22807017543919 59
26.23684210526375 33
26.23684210526375 34
26.23684210526375 35
26.23684210526375 36
26.23684210526375 37
26.23684210526375 40
26.23684210526375 48
26.245614035088312 25
26.245614035088312 26
26.245614035088312 27
26.245614035088312 28
26.245614035088312 29
26.245614035088312 32
26.245614035088312 39
26.245614035088312 47
26.254385964912874 17
26.254385964912874 18
26.254385964912874 19
26.254385964912874 20
26.254385964912874 21
26.254385964912874 24
26.254385964912874 31
26.254385964912874 38
26.254385964912874 46
26.263157894737436 9
26.263157894737436 10
26.263157894737436 11
26.263157894737436 12
26.263157894737436 13
26.263157894737436 16
26.263157894737436 23
26.263157894737436 30
26.271929824561997 3
26.271929824561997 4
26.271929824561997 5
26.271929824561997 8
26.271929824561997 15
26.271929824561997 22
26.28070175438656 1
26.28070175438656 2
26.28070175438656 7
26.28070175438656 14
26.28947368421112 0
26.28947368421112 6
26.631578947369025 38
26.631578947369025 39
26.631578947369025 40
26.631578947369025 41
26.640350877193587 30
26.640350877193587 32
26.92982456140412 25
26.92982456140412 26
26.92982456140412 27
26.92982456140412 28
26.92982456140412 33
26.92982456140412 34
26.92982456140412 35
26.92982456140412 36
26.92982456140412 37
26.92982456140412 41
26.92982456140412 42
26.92982456140412 43
26.92982456140412 44
26.92982456140412 45
26.92982456140412 49
26.92982456140412 50
26.92982456140412 51
26.92982456140412 52
26.92982456140412 53
26.92982456140412 57
26.92982456140412 58
26.92982456140412 59
26.938596491228683 17
26.938596491228683 18
26.938596491228683 19
26.938596491228683 20
26.938596491228683 24
26.938596491228683 32
26.947368421053245 9
26.947368421053245 10
26.947368421053245 11
26.947368421053245 12
26.947368421053245 13
26.947368421053245 16
26.947368421053245 23
26.947368421053245 31
26.956140350877806 3
26.956140350877806 4
26.956140350877806 5
26.956140350877806 8
26.956140350877806 15
26.956140350877806 30
26.956140350877806 38
26.964912280702368 1
26.964912280702368 2
26.964912280702368 7
26.964912280702368 14
26.964912280702368 22
26.97368421052693 0
26.97368421052693 6
27.377192982456766 56
27.377192982456766 57
27.377192982456766 58
27.377192982456766 59
27.385964912281327 50
27.385964912281327 51
27.385964912281327 55
27.39473684210589 43
27.39473684210589 44
27.39473684210589 45
27.39473684210589 53
27.40350877193045 35
27.40350877193045 36
27.40350877193045 37
27.412280701755012 27
27.412280701755012 28
27.412280701755012 29
27.421052631579574 19
27.421052631579574 20
27.421052631579574 21
27.421052631579574 26
27.429824561404136 11
27.429824561404136 12
27.429824561404136 13
27.429824561404136 18
27.429824561404136 25
27.429824561404136 33
27.429824561404136 41
27.438596491228697 4
27.438596491228697 5
27.438596491228697 10
27.438596491228697 17
27.438596491228697 24
27.438596491228697 32
27.438596491228697 40
27.44736842105326 3
27.44736842105326 9
27.44736842105326 16
27.44736842105326 23
27.44736842105326 39
27.45614035087782 2
27.45614035087782 8
27.45614035087782 15
27.45614035087782 38
27.464912280702382 1
27.464912280702382 7
27.464912280702382 14
27.464912280702382 22
27.464912280702382 30
27.473684210526944 0
27.76315789473748 25
27.76315789473748 26
27.77192982456204 17
27.77192982456204 18
27.77192982456204 19
27.77192982456204 20
27.77192982456204 28
27.7807017543866 9
27.7807017543866 10
27.7807017543866 11
27.7807017543866 15
27.7807017543866 23
27.7807017543866 31
27.7807017543866 32
27.7807017543866 39
27.789473684211163 8
27.789473684211163 14
27.789473684211163 22
27.789473684211163 30
27.789473684211163 38
27.798245614035725 1
27.798245614035725 6
28.35964912280767 55
28.543859649123466 36
28.543859649123466 37
28.543859649123466 44
28.543859649123466 45
28.543859649123466 52
28.543859649123466 53
28.543859649123466 59
28.552631578948027 28
28.552631578948027 29
28.552631578948027 35
28.552631578948027 43
28.552631578948027 51
28.552631578948027 58
28.56140350877259 20
28.56140350877259 21
28.56140350877259 27
28.56140350877259 42
28.56140350877259 50
28.56140350877259 57
28.57017543859715 13
28.57017543859715 19
28.57017543859715 26
28.57017543859715 41
28.57017543859715 49
28.57017543859715 56
28.578947368421712 11
28.578947368421712 12
28.578947368421712 18
28.578947368421712 25
28.578947368421712 33
28.578947368421712 40
28.578947368421712 48
28.587719298246274 4
28.587719298246274 5
28.587719298246274 10
28.587719298246274 17
28.587719298246274 24
28.587719298246274 32
28.587719298246274 39
28.587719298246274 47
28.596491228070835 3
28.596491228070835 9
28.596491228070835 16
28.596491228070835 23
28.596491228070835 31
28.596491228070835 38
28.596491228070835 46
28.605263157895397 2
28.605263157895397 8
28.605263157895397 15
28.605263157895397 30
28.61403508771996 1
28.61403508771996 7
28.61403508771996 14
28.61403508771996 22
28.62280701754452 0
28.62280701754452 6
28.684210526316452 15
28.868421052632247 1
28.868421052632247 8
29.3596491228077 27
29.3596491228077 28
29.3596491228077 35
29.3596491228077 36
29.3596491228077 37
29.3596491228077 43
29.3596491228077 44
29.3596491228077 45
29.3596491228077 52
29.3596491228077 53
29.3596491228077 59
29.36842105263226 19
29.36842105263226 20
29.36842105263226 26
29.36842105263226 34
29.36842105263226 42
29.36842105263226 50
29.36842105263226 57
29.36842105263226 58
29.377192982456823 11
29.377192982456823 12
29.377192982456823 13
29.377192982456823 18
29.377192982456823 25
29.377192982456823 33
29.377192982456823 41
29.377192982456823 49
29.377192982456823 56
29.385964912281384 4
29.385964912281384 5
29.385964912281384 10
29.385964912281384 17
29.385964912281384 24
29.385964912281384 32
29.385964912281384 40
29.385964912281384 48
29.385964912281384 55
29.394736842105946 3
29.394736842105946 9
29.394736842105946 16
29.394736842105946 23
29.394736842105946 31
29.394736842105946 39
29.394736842105946 47
29.394736842105946 54
29.403508771930507 2
29.403508771930507 8
29.403508771930507 15
29.403508771930507 30
29.403508771930507 38
29.403508771930507 46
29.41228070175507 1
29.41228070175507 7
29.41228070175507 14
29.41228070175507 22
29.42105263157963 0
29.42105263157963 6
30.184210526316495 46
30.192982456141056 38
30.192982456141056 39
30.192982456141056 40
30.192982456141056 41
30.192982456141056 42
30.192982456141056 43
30.192982456141056 44
30.192982456141056 45
30.192982456141056 49
30.192982456141056 50
30.192982456141056 51
30.192982456141056 52
30.192982456141056 53
30.192982456141056 57
30.192982456141056 58
30.192982456141056 59
30.201754385965618 30
30.201754385965618 31
30.201754385965618 32
30.201754385965618 33
30.201754385965618 34
30.201754385965618 35
30.201754385965618 36
30.201754385965618 37
30.21052631579018 23
30.21052631579018 24
30.21052631579018 25
30.21052631579018 26
30.21052631579018 27
30.21052631579018 28
30.21052631579018 29
30.21929824561474 16
30.21929824561474 17
30.21929824561474 18
30.21929824561474 19
30.21929824561474 20
30.21929824561474 21
30.21929824561474 22
30.228070175439303 8
30.228070175439303 9
30.228070175439303 10
30.228070175439303 11
30.228070175439303 12
30.228070175439303 13
30.228070175439303 14
30.228070175439303 15
30.236842105263865 1
30.236842105263865 2
30.236842105263865 3
30.236842105263865 4
30.236842105263865 5
30.236842105263865 6
30.236842105263865 7
30.245614035088426 0
30.63157894736914 51
30.63157894736914 58
30.63157894736914 59
30.6403508771937 43
30.6403508771937 44
30.6403508771937 45
30.6403508771937 50
30.6403508771937 53
30.6403508771937 57
30.649122807018262 35
30.666666666667385 32
30.666666666667385 33
30.666666666667385 40
30.666666666667385 41
30.675438596491947 25
30.675438596491947 26
30.675438596491947 27
30.675438596491947 28
30.675438596491947 36
30.675438596491947 37
30.675438596491947 39
30.68421052631651 17
30.68421052631651 18
30.68421052631651 19
30.68421052631651 20
30.68421052631651 38
30.69298245614107 9
30.69298245614107 10
30.69298245614107 11
30.69298245614107 16
30.69298245614107 24
30.69298245614107 30
30.69298245614107 32
30.701754385965632 3
30.701754385965632 4
30.701754385965632 5
30.701754385965632 8
30.701754385965632 23
30.710526315790194 1
30.710526315790194 2
30.710526315790194 7
30.710526315790194 15
30.710526315790194 22
30.719298245614755 0
30.719298245614755 14
31.27192982456214 14
31.2807017543867 6
31.2807017543867 7
31.2807017543867 8
31.2807017543867 9
31.2807017543867 10
31.2807017543867 11
31.2807017543867 12
31.2807017543867 13
31.2807017543867 15
31.2807017543867 16
31.2807017543867 17
31.2807017543867 18
31.2807017543867 19
31.2807017543867 20
31.2807017543867 21
31.2807017543867 23
31.2807017543867 24
31.2807017543867 25
31.2807017543867 26
31.2807017543867 27
31.2807017543867 28
31.2807017543867 29
31.2807017543867 31
31.2807017543867 32
31.2807017543867 33
31.2807017543867 34
31.2807017543867 35
31.2807017543867 36
31.2807017543867 37
31.2807017543867 39
31.2807017543867 40
31.2807017543867 41
31.2807017543867 42
31.2807017543867 43
31.2807017543867 44
31.2807017543867 45
31.2807017543867 49
31.2807017543867 50
31.2807017543867 51
31.2807017543867 52
31.2807017543867 53
31.2807017543867 57
31.2807017543867 58
31.2807017543867 59
31.289473684211263 0
31.289473684211263 1
31.289473684211263 2
31.289473684211263 3
31.289473684211263 4
31.289473684211263 5
31.289473684211263 22
31.289473684211263 30
31.289473684211263 38
31.74561403508847 58
31.74561403508847 59
31.75438596491303 52
31.75438596491303 53
31.75438596491303 57
31.763157894737592 44
31.763157894737592 45
31.763157894737592 50
31.771929824562154 36
31.771929824562154 37
31.771929824562154 43
31.780701754386715 28
31.780701754386715 29
31.780701754386715 35
31.789473684211277 20
31.789473684211277 21
31.789473684211277 27
31.79824561403584 13
31.79824561403584 19
31.79824561403584 26
31.8070175438604 11
31.8070175438604 12
31.8070175438604 18
31.8070175438604 25
31.8070175438604 33
31.8070175438604 41
31.8070175438604 42
31.8070175438604 49
31.815789473684962 4
31.815789473684962 5
31.815789473684962 10
31.815789473684962 17
31.815789473684962 24
31.815789473684962 32
31.815789473684962 40
31.815789473684962 48
31.824561403509524 3
31.824561403509524 9
31.824561403509524 16
31.824561403509524 23
31.824561403509524 31
31.824561403509524 39
31.824561403509524 47
31.833333333334085 2
31.833333333334085 8
31.833333333334085 15
31.833333333334085 30
31.833333333334085 38
31.833333333334085 46
31.842105263158647 1
31.842105263158647 7
31.842105263158647 14
31.842105263158647 22
31.85087719298321 0
31.85087719298321 6
32.28947368421129 54
32.36842105263234 1
32.36842105263234 8
32.36842105263234 9
32.36842105263234 10
32.36842105263234 11
32.36842105263234 12
32.36842105263234 13
32.36842105263234 16
32.36842105263234 17
32.36842105263234 18
32.36842105263234 19
32.36842105263234 20
32.36842105263234 21
32.36842105263234 24
32.36842105263234 25
32.36842105263234 26
32.36842105263234 27
32.36842105263234 28
32.36842105263234 29
32.36842105263234 32
32.36842105263234 33
32.36842105263234 34
32.36842105263234 35
32.36842105263234 36
32.36842105263234 37
32.36842105263234 40
32.36842105263234 41
32.36842105263234 42
32.36842105263234 43
32.36842105263234 44
32.36842105263234 45
32.36842105263234 49
32.36842105263234 50
32.36842105263234 51
32.36842105263234 52
32.36842105263234 53
32.36842105263234 57
32.36842105263234 58
32.36842105263234 59
32.377192982456904 0
32.377192982456904 2
32.377192982456904 3
32.377192982456904 4
32.377192982456904 5
32.377192982456904 7
32.377192982456904 15
32.377192982456904 23
32.377192982456904 31
32.377192982456904 39
32.385964912281466 6
32.385964912281466 14
32.385964912281466 22
32.385964912281466 30
32.385964912281466 38
32.57894736842182 25
32.754385964913055 15
32.754385964913055 23
32.76315789473762 14
32.76315789473762 22
32.76315789473762 30
32.76315789473762 38
32.76315789473762 39
32.76315789473762 40
32.76315789473762 41
32.77192982456218 32
32.82456140350955 0
32.82456140350955 1
32.82456140350955 7
32.82456140350955 8
32.82456140350955 9
32.82456140350955 10
32.82456140350955 11
32.82456140350955 17
32.82456140350955 18
32.82456140350955 19
32.82456140350955 20
32.82456140350955 25
32.82456140350955 26
32.82456140350955 28
32.82456140350955 33
32.82456140350955 34
32.82456140350955 35
32.82456140350955 43
32.82456140350955 44
32.82456140350955 45
32.82456140350955 53
32.83333333333411 2
32.83333333333411 3
32.83333333333411 4
32.83333333333411 5
32.83333333333411 27
32.83333333333411 32
32.83333333333411 37
32.84210526315867 36
33.25438596491307 6
33.25438596491307 7
33.25438596491307 8
33.25438596491307 9
33.25438596491307 10
33.25438596491307 11
33.25438596491307 12
33.25438596491307 13
33.25438596491307 14
33.25438596491307 15
33.25438596491307 16
33.25438596491307 17
33.25438596491307 18
33.25438596491307 19
33.25438596491307 20
33.25438596491307 21
33.25438596491307 23
33.25438596491307 24
33.25438596491307 25
33.25438596491307 26
33.25438596491307 28
33.25438596491307 29
33.25438596491307 31
33.25438596491307 32
33.25438596491307 39
33.25438596491307 40
33.25438596491307 41
33.25438596491307 42
33.25438596491307 43
33.25438596491307 44
33.25438596491307 49
33.25438596491307 50
33.25438596491307 51
33.25438596491307 52
33.25438596491307 53
33.25438596491307 57
33.25438596491307 58
33.25438596491307 59
33.26315789473763 0
33.26315789473763 1
33.26315789473763 2
33.26315789473763 3
33.26315789473763 4
33.26315789473763 5
33.26315789473763 22
33.26315789473763 30
33.26315789473763 35
33.26315789473763 38
33.26315789473763 45
33.57894736842185 38
33.58771929824641 30
33.83333333333414 47
33.8421052631587 39
33.8421052631587 40
33.8421052631587 41
33.8421052631587 42
33.8421052631587 43
33.8421052631587 44
33.8421052631587 45
33.8421052631587 49
33.8421052631587 50
33.8421052631587 51
33.8421052631587 52
33.8421052631587 53
33.8421052631587 57
33.8421052631587 58
33.8421052631587 59
33.85087719298326 32
33.85087719298326 33
33.85087719298326 34
33.85087719298326 35
33.85087719298326 36
33.85087719298326 37
33.85087719298326 38
33.859649122807824 24
33.859649122807824 25
33.859649122807824 26
33.859649122807824 27
33.859649122807824 28
33.859649122807824 29
33.859649122807824 30
33.859649122807824 31
33.868421052632385 16
33.868421052632385 17
33.868421052632385 18
33.868421052632385 19
33.868421052632385 20
33.868421052632385 21
33.868421052632385 23
33.87719298245695 8
33.87719298245695 9
33.87719298245695 10
33.87719298245695 11
33.87719298245695 12
33.87719298245695 13
33.87719298245695 15
33.87719298245695 22
33.88596491228151 1
33.88596491228151 2
33.88596491228151 3
33.88596491228151 4
33.88596491228151 5
33.88596491228151 7
33.88596491228151 14
33.89473684210607 0
33.89473684210607 6
34.37719298245696 31
34.37719298245696 32
34.37719298245696 33
34.37719298245696 39
34.37719298245696 40
34.37719298245696 41
34.37719298245696 42
34.37719298245696 43
34.37719298245696 44
34.37719298245696 45
34.37719298245696 49
34.37719298245696 50
34.37719298245696 51
34.37719298245696 52
34.37719298245696 53
34.37719298245696 57
34.37719298245696 58
34.37719298245696 59
34.38596491228152 23
34.38596491228152 24
34.38596491228152 25
34.38596491228152 26
34.38596491228152 27
34.38596491228152 28
34.38596491228152 30
34.38596491228152 35
34.38596491228152 36
34.38596491228152 37
34.38596491228152 38
34.394736842106084 16
34.394736842106084 17
34.394736842106084 18
34.394736842106084 19
34.394736842106084 20
34.394736842106084 22
34.403508771930646 8
34.403508771930646 9
34.403508771930646 10
34.403508771930646 11
34.403508771930646 12
34.403508771930646 13
34.403508771930646 14
34.403508771930646 15
34.41228070175521 1
34.41228070175521 2
34.41228070175521 3
34.41228070175521 4
34.41228070175521 5
34.41228070175521 6
34.41228070175521 7
34.42105263157977 0
34.57017543859732 15
34.57894736842188 14
34.868421052632414 56
34.868421052632414 57
34.868421052632414 58
34.868421052632414 59
34.877192982456975 50
34.877192982456975 51
34.877192982456975 52
34.877192982456975 53
34.877192982456975 55
34.88596491228154 42
34.88596491228154 43
34.88596491228154 44
34.88596491228154 45
34.8947368421061 35
34.8947368421061 36
34.8947368421061 37
34.8947368421061 41
34.8947368421061 49
34.90350877193066 27
34.90350877193066 28
34.90350877193066 29
34.90350877193066 33
34.90350877193066 40
34.90350877193066 48
34.91228070175522 19
34.91228070175522 20
34.91228070175522 21
34.91228070175522 25
34.91228070175522 26
34.91228070175522 32
34.91228070175522 39
34.91228070175522 47
34.921052631579784 11
34.921052631579784 12
34.921052631579784 13
34.921052631579784 17
34.921052631579784 18
34.921052631579784 24
34.921052631579784 31
34.921052631579784 38
34.921052631579784 46
34.929824561404345 4
34.929824561404345 5
34.929824561404345 9
34.929824561404345 10
34.929824561404345 16
34.929824561404345 23
34.929824561404345 30
34.93859649122891 3
34.93859649122891 8
34.93859649122891 15
34.93859649122891 22
34.94736842105347 1
34.94736842105347 2
34.94736842105347 7
34.94736842105347 14
34.95614035087803 0
34.95614035087803 6
35.04385964912365 25
35.52631578947454 4
35.52631578947454 5
35.52631578947454 11
35.52631578947454 12
35.52631578947454 13
35.52631578947454 19
35.52631578947454 20
35.52631578947454 21
35.52631578947454 27
35.52631578947454 28
35.52631578947454 29
35.52631578947454 35
35.52631578947454 36
35.52631578947454 37
35.52631578947454 43
35.52631578947454 44
35.52631578947454 45
35.52631578947454 52
35.52631578947454 53
35.52631578947454 59
35.5350877192991 3
35.5350877192991 10
35.5350877192991 18
35.5350877192991 26
35.5350877192991 34
35.5350877192991 42
35.5350877192991 50
35.5350877192991 57
35.5350877192991 58
35.54385964912366 9
35.54385964912366 17
35.54385964912366 25
35.54385964912366 33
35.54385964912366 41
35.54385964912366 49
35.54385964912366 56
35.55263157894822 2
35.55263157894822 8
35.55263157894822 16
35.55263157894822 24
35.55263157894822 32
35.55263157894822 40
35.55263157894822 48
35.55263157894822 55
35.561403508772784 1
35.561403508772784 7
35.561403508772784 15
35.561403508772784 23
35.561403508772784 31
35.561403508772784 39
35.561403508772784 47
35.561403508772784 54
35.570175438597346 0
35.570175438597346 6
35.570175438597346 14
35.570175438597346 22
35.570175438597346 30
35.570175438597346 38
35.570175438597346 46
35.73684210526402 18
35.73684210526402 19
35.74561403508858 10
36.32456140350965 54
36.33333333333421 1
36.33333333333421 8
36.33333333333421 9
36.33333333333421 10
36.33333333333421 11
36.33333333333421 12
36.33333333333421 13
36.33333333333421 16
36.33333333333421 17
36.33333333333421 18
36.33333333333421 19
36.33333333333421 20
36.33333333333421 21
36.33333333333421 24
36.33333333333421 25
36.33333333333421 26
36.33333333333421 27
36.33333333333421 28
36.33333333333421 29
36.33333333333421 32
36.33333333333421 33
36.33333333333421 34
36.33333333333421 35
36.33333333333421 36
36.33333333333421 37
36.33333333333421 40
36.33333333333421 41
36.33333333333421 42
36.33333333333421 43
36.33333333333421 44
36.33333333333421 45
36.33333333333421 49
36.33333333333421 50
36.33333333333421 51
36.33333333333421 52
36.33333333333421 53
36.33333333333421 57
36.33333333333421 58
36.33333333333421 59
36.34210526315877 0
36.34210526315877 2
36.34210526315877 3
36.34210526315877 4
36.34210526315877 5
36.34210526315877 7
36.34210526315877 15
36.34210526315877 23
36.34210526315877 31
36.34210526315877 39
36.35087719298333 6
36.35087719298333 14
36.35087719298333 22
36.35087719298333 30
36.35087719298333 38
36.60526315789562 55
36.74561403508861 23
37.02631578947458 55
37.64912280701846 36
37.64912280701846 37
37.64912280701846 44
37.64912280701846 45
37.64912280701846 52
37.64912280701846 53
37.64912280701846 59
37.65789473684302 28
37.65789473684302 29
37.65789473684302 35
37.65789473684302 43
37.65789473684302 46
37.65789473684302 51
37.65789473684302 58
37.66666666666758 20
37.66666666666758 21
37.66666666666758 27
37.66666666666758 38
37.66666666666758 39
37.66666666666758 40
37.66666666666758 41
37.66666666666758 42
37.66666666666758 49
37.66666666666758 50
37.66666666666758 57
37.67543859649214 13
37.67543859649214 19
37.67543859649214 26
37.67543859649214 30
37.67543859649214 31
37.67543859649214 32
37.67543859649214 33
37.67543859649214 34
37.684210526316704 11
37.684210526316704 12
37.684210526316704 18
37.684210526316704 23
37.684210526316704 24
37.684210526316704 25
37.692982456141266 4
37.692982456141266 5
37.692982456141266 10
37.692982456141266 16
37.692982456141266 17
37.692982456141266 22
37.70175438596583 3
37.70175438596583 8
37.70175438596583 9
37.70175438596583 14
37.70175438596583 15
37.71052631579039 1
37.71052631579039 2
37.71052631579039 6
37.71052631579039 7
37.71929824561495 0
38.10526315789566 1
38.10526315789566 8
38.10526315789566 9
38.10526315789566 10
38.10526315789566 11
38.10526315789566 17
38.10526315789566 18
38.10526315789566 19
38.10526315789566 20
38.10526315789566 25
38.10526315789566 26
38.10526315789566 28
38.114035087720225 0
38.114035087720225 4
38.114035087720225 5
38.912280701755336 36
38.912280701755336 37
38.912280701755336 44
38.912280701755336 45
38.912280701755336 52
38.912280701755336 53
38.912280701755336 59
38.9210526315799 28
38.9210526315799 29
38.9210526315799 35
38.9210526315799 43
38.9210526315799 51
38.9210526315799 58
38.92982456140446 20
38.92982456140446 21
38.92982456140446 27
38.92982456140446 42
38.92982456140446 50
38.92982456140446 57
38.93859649122902 13
38.93859649122902 19
38.93859649122902 26
38.93859649122902 41
38.93859649122902 49
38.93859649122902 56
38.94736842105358 11
38.94736842105358 12
38.94736842105358 18
38.94736842105358 25
38.94736842105358 33
38.94736842105358 40
38.94736842105358 48
38.94736842105358 55
38.956140350878144 4
38.956140350878144 5
38.956140350878144 10
38.956140350878144 17
38.956140350878144 24
38.956140350878144 32
38.956140350878144 39
38.956140350878144 47
38.956140350878144 54
38.964912280702706 3
38.964912280702706 9
38.964912280702706 16
38.964912280702706 23
38.964912280702706 31
38.964912280702706 38
38.964912280702706 46
38.97368421052727 2
38.97368421052727 8
38.97368421052727 15
38.97368421052727 30
38.98245614035183 1
38.98245614035183 7
38.98245614035183 14
38.98245614035183 22
38.99122807017639 0
38.99122807017639 6
39.45614035087816 26
39.45614035087816 27
39.45614035087816 28
39.45614035087816 35
39.45614035087816 36
39.45614035087816 37
39.45614035087816 43
39.45614035087816 44
39.45614035087816 45
39.45614035087816 52
39.45614035087816 53
39.45614035087816 59
39.46491228070272 19
39.46491228070272 20
39.46491228070272 25
39.46491228070272 33
39.46491228070272 41
39.46491228070272 42
39.46491228070272 49
39.46491228070272 50
39.46491228070272 57
39.46491228070272 58
39.47368421052728 11
39.47368421052728 12
39.47368421052728 13
39.47368421052728 17
39.47368421052728 18
39.47368421052728 24
39.47368421052728 32
39.47368421052728 40
39.47368421052728 48
39.48245614035184 4
39.48245614035184 5
39.48245614035184 9
39.48245614035184 10
39.48245614035184 16
39.48245614035184 23
39.48245614035184 31
39.48245614035184 39
39.48245614035184 47
39.491228070176405 3
39.491228070176405 8
39.491228070176405 15
39.491228070176405 30
39.491228070176405 38
39.491228070176405 46
39.500000000000966 1
39.500000000000966 2
39.500000000000966 7
39.500000000000966 14
39.500000000000966 22
39.50877192982553 0
39.50877192982553 6
39.79824561403606 8
39.807017543860624 1
40.85087719298346 42
40.85087719298346 43
40.85087719298346 44
40.85087719298346 45
40.85087719298346 50
40.85087719298346 51
40.85087719298346 52
40.85087719298346 53
40.85087719298346 57
40.85087719298346 58
40.85087719298346 59
40.85964912280802 35
40.85964912280802 36
40.85964912280802 37
40.85964912280802 41
40.85964912280802 49
40.85964912280802 56
40.868421052632584 27
40.868421052632584 28
40.868421052632584 29
40.868421052632584 33
40.868421052632584 40
40.868421052632584 48
40.868421052632584 55
40.877192982457146 19
40.877192982457146 20
40.877192982457146 21
40.877192982457146 25
40.877192982457146 26
40.877192982457146 32
40.877192982457146 39
40.877192982457146 47
40.877192982457146 54
40.88596491228171 11
40.88596491228171 12
40.88596491228171 13
40.88596491228171 17
40.88596491228171 18
40.88596491228171 24
40.88596491228171 31
40.88596491228171 38
40.88596491228171 46
40.89473684210627 4
40.89473684210627 5
40.89473684210627 9
40.89473684210627 10
40.89473684210627 16
40.89473684210627 23
40.89473684210627 30
40.90350877193083 3
40.90350877193083 8
40.90350877193083 15
40.90350877193083 22
40.91228070175539 1
40.91228070175539 2
40.91228070175539 7
40.91228070175539 14
40.921052631579954 0
40.921052631579954 6
41.26315789473786 1
41.26315789473786 8
41.26315789473786 9
41.26315789473786 10
41.26315789473786 11
41.26315789473786 17
41.26315789473786 18
41.26315789473786 19
41.26315789473786 20
41.26315789473786 25
41.26315789473786 26
41.26315789473786 28
41.27192982456242 0
41.94736842105367 39
41.94736842105367 40
41.94736842105367 41
41.94736842105367 42
41.94736842105367 43
41.94736842105367 44
41.94736842105367 45
41.94736842105367 49
41.94736842105367 50
41.94736842105367 51
41.94736842105367 52
41.94736842105367 52
41.94736842105367 53
41.94736842105367 57
41.94736842105367 58
41.94736842105367 59
41.95614035087823 32
41.95614035087823 33
41.95614035087823 34
41.95614035087823 35
41.95614035087823 36
41.95614035087823 37
41.95614035087823 38
41.96491228070279 24
41.96491228070279 25
41.96491228070279 26
41.96491228070279 27
41.96491228070279 28
41.96491228070279 29
41.96491228070279 30
41.96491228070279 31
41.97368421052735 16
41.97368421052735 17
41.97368421052735 18
41.97368421052735 19
41.97368421052735 20
41.97368421052735 21
41.97368421052735 23
41.982456140351914 8
41.982456140351914 9
41.982456140351914 10
41.982456140351914 11
41.982456140351914 12
41.982456140351914 13
41.982456140351914 15
41.982456140351914 22
41.982456140351914 47
41.991228070176476 1
41.991228070176476 2
41.991228070176476 3
41.991228070176476 4
41.991228070176476 5
41.991228070176476 7
41.991228070176476 14
42.00000000000104 0
42.00000000000104 6
42.00000000000104 6
42.464912280702805 1
42.464912280702805 8
42.464912280702805 9
42.464912280702805 10
42.464912280702805 11
42.464912280702805 12
42.464912280702805 13
42.464912280702805 16
42.464912280702805 17
42.464912280702805 18
42.464912280702805 19
42.464912280702805 20
42.464912280702805 21
42.464912280702805 24
42.464912280702805 25
42.464912280702805 26
42.464912280702805 27
42.464912280702805 28
42.464912280702805 29
42.464912280702805 32
42.464912280702805 33
42.464912280702805 34
42.464912280702805 35
42.464912280702805 36
42.464912280702805 37
42.464912280702805 40
42.464912280702805 41
42.464912280702805 42
42.464912280702805 43
42.464912280702805 44
42.464912280702805 45
42.464912280702805 49
42.464912280702805 50
42.464912280702805 51
42.464912280702805 52
42.464912280702805 53
42.464912280702805 57
42.464912280702805 58
42.464912280702805 59
42.47368421052737 0
42.47368421052737 2
42.47368421052737 3
42.47368421052737 4
42.47368421052737 5
42.47368421052737 7
42.47368421052737 15
42.47368421052737 23
42.47368421052737 39
42.48245614035193 14
42.48245614035193 22
42.48245614035193 30
42.48245614035193 31
42.48245614035193 38
42.5350877192993 54
43.21929824561511 57
43.21929824561511 58
43.21929824561511 59
43.22807017543967 50
43.22807017543967 51
43.22807017543967 52
43.22807017543967 53
43.23684210526423 42
43.23684210526423 43
43.23684210526423 44
43.23684210526423 45
43.23684210526423 49
43.24561403508879 35
43.24561403508879 36
43.24561403508879 37
43.24561403508879 41
43.254385964913354 27
43.254385964913354 28
43.254385964913354 29
43.254385964913354 33
43.254385964913354 40
43.263157894737915 19
43.263157894737915 20
43.263157894737915 21
43.263157894737915 25
43.263157894737915 26
43.263157894737915 32
43.263157894737915 39
43.27192982456248 11
43.27192982456248 12
43.27192982456248 13
43.27192982456248 17
43.27192982456248 18
43.27192982456248 24
43.27192982456248 31
43.27192982456248 38
43.28070175438704 4
43.28070175438704 5
43.28070175438704 9
43.28070175438704 10
43.28070175438704 16
43.28070175438704 23
43.28070175438704 30
43.2894736842116 3
43.2894736842116 8
43.2894736842116 15
43.2894736842116 22
43.29824561403616 1
43.29824561403616 2
43.29824561403616 7
43.29824561403616 14
43.307017543860724 0
43.307017543860724 6
43.60526315789582 46
43.61403508772038 38
43.61403508772038 39
43.62280701754494 30
43.8157894736853 33
43.8157894736853 41
43.8157894736853 42
43.8157894736853 43
43.8157894736853 44
43.8157894736853 45
43.8157894736853 49
43.8157894736853 50
43.8157894736853 51
43.8157894736853 52
43.8157894736853 53
43.8157894736853 57
43.8157894736853 58
43.8157894736853 59
43.82456140350986 25
43.82456140350986 26
43.82456140350986 27
43.82456140350986 28
43.82456140350986 32
43.82456140350986 35
43.82456140350986 36
43.82456140350986 37
43.82456140350986 40
43.82456140350986 48
43.83333333333442 17
43.83333333333442 18
43.83333333333442 19
43.83333333333442 20
43.83333333333442 24
43.842105263158984 9
43.842105263158984 10
43.842105263158984 11
43.842105263158984 12
43.842105263158984 13
43.842105263158984 16
43.842105263158984 23
43.842105263158984 31
43.850877192983546 3
43.850877192983546 4
43.850877192983546 5
43.850877192983546 8
43.850877192983546 15
43.85964912280811 1
43.85964912280811 2
43.85964912280811 7
43.85964912280811 14
43.85964912280811 22
43.86842105263267 0
43.86842105263267 6
44.008771929825656 32
44.07894736842215 18
44.07894736842215 19
44.08771929824671 10
44.13157894736952 32
44.44736842105374 16
44.44736842105374 17
44.44736842105374 24
44.44736842105374 25
44.44736842105374 26
44.44736842105374 27
44.44736842105374 28
44.44736842105374 32
44.44736842105374 33
44.44736842105374 34
44.44736842105374 35
44.44736842105374 36
44.44736842105374 37
44.44736842105374 40
44.44736842105374 41
44.44736842105374 42
44.44736842105374 43
44.44736842105374 44
44.44736842105374 45
44.44736842105374 49
44.44736842105374 50
44.44736842105374 51
44.44736842105374 52
44.44736842105374 53
44.44736842105374 57
44.44736842105374 58
44.44736842105374 59
44.4561403508783 8
44.4561403508783 9
44.4561403508783 10
44.4561403508783 11
44.4561403508783 12
44.4561403508783 13
44.4561403508783 18
44.4561403508783 19
44.4561403508783 20
44.4561403508783 21
44.4561403508783 23
44.4561403508783 31
44.4561403508783 39
44.46491228070286 1
44.46491228070286 2
44.46491228070286 3
44.46491228070286 4
44.46491228070286 5
44.46491228070286 7
44.46491228070286 15
44.46491228070286 30
44.46491228070286 38
44.47368421052742 0
44.47368421052742 6
44.47368421052742 14
44.47368421052742 22
44.93859649122919 25
44.93859649122919 26
44.93859649122919 27
44.93859649122919 28
44.93859649122919 33
44.93859649122919 34
44.93859649122919 35
44.93859649122919 36
44.93859649122919 37
44.93859649122919 41
44.93859649122919 43
44.93859649122919 44
44.93859649122919 45
44.93859649122919 52
44.93859649122919 53
44.93859649122919 59
44.94736842105375 17
44.94736842105375 18
44.94736842105375 19
44.94736842105375 20
44.94736842105375 24
44.94736842105375 32
44.94736842105375 40
44.94736842105375 58
44.956140350878314 9
44.956140350878314 10
44.956140350878314 11
44.956140350878314 12
44.956140350878314 13
44.956140350878314 16
44.956140350878314 23
44.956140350878314 39
44.956140350878314 57
44.964912280702876 3
44.964912280702876 4
44.964912280702876 5
44.964912280702876 8
44.964912280702876 15
44.964912280702876 38
44.964912280702876 50
44.97368421052744 1
44.97368421052744 2
44.97368421052744 7
44.97368421052744 14
44.97368421052744 22
44.97368421052744 30
44.97368421052744 42
44.97368421052744 49
44.982456140352 0
45.58771929824675 25
45.58771929824675 26
45.58771929824675 27
45.58771929824675 28
45.58771929824675 33
45.58771929824675 34
45.58771929824675 35
45.58771929824675 36
45.58771929824675 37
45.58771929824675 41
45.58771929824675 42
45.58771929824675 43
45.58771929824675 44
45.58771929824675 45
45.58771929824675 49
45.58771929824675 50
45.58771929824675 51
45.58771929824675 52
45.58771929824675 53
45.58771929824675 57
45.58771929824675 58
45.58771929824675 59
45.596491228071315 17
45.596491228071315 18
45.596491228071315 19
45.596491228071315 20
45.596491228071315 24
45.596491228071315 32
45.596491228071315 32
45.596491228071315 40
45.596491228071315 48
45.60526315789588 9
45.60526315789588 10
45.60526315789588 11
45.60526315789588 12
45.60526315789588 13
45.60526315789588 16
45.60526315789588 23
45.60526315789588 31
45.60526315789588 39
45.60526315789588 47
45.61403508772044 3
45.61403508772044 4
45.61403508772044 5
45.61403508772044 8
45.61403508772044 15
45.61403508772044 30
45.61403508772044 38
45.61403508772044 46
45.622807017545 1
45.622807017545 2
45.622807017545 7
45.622807017545 14
45.622807017545 22
45.63157894736956 0
45.63157894736956 6
45.83333333333448 38
46.228070175439754 46
46.236842105264316 38
46.236842105264316 39
46.236842105264316 40
46.236842105264316 41
46.236842105264316 42
46.236842105264316 43
46.236842105264316 44
46.236842105264316 45
46.236842105264316 49
46.236842105264316 50
46.236842105264316 51
46.236842105264316 52
46.236842105264316 53
46.236842105264316 57
46.236842105264316 58
46.236842105264316 59
46.24561403508888 30
46.24561403508888 31
46.24561403508888 32
46.24561403508888 33
46.24561403508888 34
46.24561403508888 35
46.24561403508888 36
46.24561403508888 37
46.25438596491344 23
46.25438596491344 24
46.25438596491344 25
46.25438596491344 26
46.25438596491344 27
46.25438596491344 28
46.25438596491344 29
46.263157894738 16
46.263157894738 17
46.263157894738 18
46.263157894738 19
46.263157894738 20
46.263157894738 21
46.263157894738 22
46.27192982456256 8
46.27192982456256 9
46.27192982456256 10
46.27192982456256 11
46.27192982456256 12
46.27192982456256 13
46.27192982456256 14
46.27192982456256 15
46.280701754387124 1
46.280701754387124 2
46.280701754387124 3
46.280701754387124 4
46.280701754387124 5
46.280701754387124 6
46.280701754387124 7
46.289473684211686 0
47.4298245614047 25
47.4298245614047 26
47.4298245614047 27
47.4298245614047 28
47.4298245614047 33
47.4298245614047 34
47.4298245614047 35
47.4298245614047 36
47.4298245614047 37
47.4298245614047 41
47.4298245614047 42
47.4298245614047 43
47.4298245614047 44
47.4298245614047 45
47.4298245614047 49
47.4298245614047 50
47.4298245614047 51
47.4298245614047 52
47.4298245614047 53
47.4298245614047 57
47.4298245614047 58
47.4298245614047 59
47.43859649122926 17
47.43859649122926 18
47.43859649122926 19
47.43859649122926 20
47.43859649122926 24
47.43859649122926 32
47.43859649122926 40
47.43859649122926 48
47.447368421053824 9
47.447368421053824 10
47.447368421053824 11
47.447368421053824 12
47.447368421053824 13
47.447368421053824 16
47.447368421053824 23
47.447368421053824 31
47.447368421053824 39
47.447368421053824 47
47.456140350878385 3
47.456140350878385 4
47.456140350878385 5
47.456140350878385 8
47.456140350878385 15
47.456140350878385 30
47.456140350878385 38
47.456140350878385 46
47.46491228070295 1
47.46491228070295 2
47.46491228070295 7
47.46491228070295 14
47.46491228070295 22
47.47368421052751 0
47.47368421052751 6
48.01754385965033 1
48.01754385965033 8
48.01754385965033 9
48.01754385965033 10
48.01754385965033 11
48.01754385965033 12
48.01754385965033 13
48.01754385965033 16
48.01754385965033 17
48.01754385965033 18
48.01754385965033 19
48.01754385965033 20
48.01754385965033 21
48.01754385965033 24
48.01754385965033 25
48.01754385965033 26
48.01754385965033 27
48.01754385965033 28
48.01754385965033 29
48.01754385965033 32
48.01754385965033 33
48.01754385965033 34
48.01754385965033 35
48.01754385965033 36
48.01754385965033 37
48.01754385965033 40
48.01754385965033 41
48.01754385965033 42
48.01754385965033 43
48.01754385965033 44
48.01754385965033 45
48.01754385965033 49
48.01754385965033 50
48.01754385965033 51
48.01754385965033 52
48.01754385965033 53
48.01754385965033 57
48.01754385965033 58
48.01754385965033 59
48.02631578947489 0
48.02631578947489 2
48.02631578947489 3
48.02631578947489 4
48.02631578947489 5
48.02631578947489 7
48.02631578947489 15
48.02631578947489 23
48.02631578947489 31
48.02631578947489 39
48.035087719299455 6
48.035087719299455 14
48.035087719299455 22
48.035087719299455 30
48.035087719299455 38
48.570175438597715 6
48.570175438597715 7
48.570175438597715 8
48.570175438597715 9
48.570175438597715 10
48.570175438597715 11
48.570175438597715 12
48.570175438597715 13
48.570175438597715 14
48.570175438597715 15
48.570175438597715 16
48.570175438597715 17
48.570175438597715 18
48.570175438597715 19
48.570175438597715 20
48.570175438597715 21
48.570175438597715 23
48.570175438597715 24
48.570175438597715 25
48.570175438597715 26
48.570175438597715 27
48.570175438597715 28
48.570175438597715 29
48.570175438597715 31
48.570175438597715 32
48.570175438597715 33
48.570175438597715 34
48.570175438597715 35
48.570175438597715 36
48.570175438597715 37
48.570175438597715 39
48.570175438597715 40
48.570175438597715 41
48.570175438597715 42
48.570175438597715 43
48.570175438597715 44
48.570175438597715 45
48.570175438597715 49
48.570175438597715 50
48.570175438597715 51
48.570175438597715 52
48.570175438597715 53
48.570175438597715 57
48.570175438597715 58
48.570175438597715 59
48.57894736842228 0
48.57894736842228 1
48.57894736842228 2
48.57894736842228 3
48.57894736842228 4
48.57894736842228 5
48.57894736842228 22
48.57894736842228 30
48.57894736842228 38
48.92982456140474 46
48.938596491229305 38
48.938596491229305 39
48.938596491229305 40
48.938596491229305 41
48.947368421053866 30
48.947368421053866 32
49.27192982456265 25
49.27192982456265 26
49.27192982456265 27
49.27192982456265 28
49.27192982456265 33
49.27192982456265 34
49.27192982456265 35
49.27192982456265 36
49.27192982456265 37
49.27192982456265 41
49.27192982456265 42
49.27192982456265 43
49.27192982456265 44
49.27192982456265 45
49.27192982456265 49
49.27192982456265 50
49.27192982456265 51
49.27192982456265 52
49.27192982456265 53
49.27192982456265 57
49.27192982456265 58
49.27192982456265 59
49.28070175438721 17
49.28070175438721 18
49.28070175438721 19
49.28070175438721 20
49.28070175438721 24
49.28070175438721 32
49.28947368421177 9
49.28947368421177 10
49.28947368421177 11
49.28947368421177 12
49.28947368421177 13
49.28947368421177 16
49.28947368421177 23
49.28947368421177 31
49.28947368421177 39
49.29824561403633 3
49.29824561403633 4
49.29824561403633 5
49.29824561403633 8
49.29824561403633 15
49.29824561403633 30
49.29824561403633 38
49.307017543860894 1
49.307017543860894 2
49.307017543860894 7
49.307017543860894 14
49.307017543860894 22
49.315789473685456 0
49.315789473685456 6
50.114035087720566 13
50.263157894738114 29
50.263157894738114 37
50.263157894738114 45
50.263157894738114 53
50.271929824562676 28
50.271929824562676 33
50.271929824562676 36
50.271929824562676 36
50.271929824562676 41
50.271929824562676 42
50.271929824562676 43
50.271929824562676 44
50.271929824562676 49
50.271929824562676 50
50.271929824562676 51
50.271929824562676 52
50.271929824562676 57
50.271929824562676 58
50.271929824562676 59
50.28070175438724 20
50.28070175438724 25
50.28070175438724 26
50.28070175438724 27
50.28070175438724 32
50.28070175438724 35
50.28070175438724 40
50.28070175438724 48
50.2894736842118 17
50.2894736842118 18
50.2894736842118 19
50.2894736842118 24
50.2894736842118 39
50.2894736842118 47
50.29824561403636 9
50.29824561403636 10
50.29824561403636 11
50.29824561403636 16
50.29824561403636 23
50.29824561403636 31
50.29824561403636 38
50.29824561403636 46
50.30701754386092 3
50.30701754386092 4
50.30701754386092 5
50.30701754386092 8
50.30701754386092 15
50.30701754386092 30
50.315789473685484 1
50.315789473685484 2
50.315789473685484 7
50.315789473685484 14
50.315789473685484 22
50.324561403510046 0
50.324561403510046 6
50.82456140351006 20
50.82456140351006 28
50.82456140351006 36
50.82456140351006 37
50.82456140351006 44
50.82456140351006 45
50.82456140351006 52
50.82456140351006 53
50.82456140351006 59
50.83333333333462 27
50.83333333333462 35
50.83333333333462 43
50.83333333333462 51
50.83333333333462 58
50.84210526315918 19
50.84210526315918 26
50.84210526315918 34
50.84210526315918 42
50.84210526315918 50
50.84210526315918 57
50.850877192983745 11
50.850877192983745 12
50.850877192983745 13
50.850877192983745 18
50.850877192983745 25
50.850877192983745 33
50.850877192983745 41
50.850877192983745 49
50.850877192983745 56
50.85964912280831 4
50.85964912280831 5
50.85964912280831 10
50.85964912280831 17
50.85964912280831 24
50.85964912280831 32
50.85964912280831 40
50.85964912280831 48
50.85964912280831 55
50.86842105263287 3
50.86842105263287 9
50.86842105263287 16
50.86842105263287 23
50.86842105263287 31
50.86842105263287 39
50.86842105263287 47
50.86842105263287 54
50.87719298245743 2
50.87719298245743 8
50.87719298245743 15
50.87719298245743 30
50.87719298245743 38
50.87719298245743 46
50.88596491228199 1
50.88596491228199 7
50.88596491228199 14
50.88596491228199 22
50.89473684210655 0
50.89473684210655 6
51.438596491229376 39
51.438596491229376 40
51.438596491229376 41
51.438596491229376 42
51.438596491229376 43
51.438596491229376 44
51.438596491229376 45
51.438596491229376 49
51.438596491229376 50
51.438596491229376 51
51.438596491229376 52
51.438596491229376 53
51.438596491229376 57
51.438596491229376 58
51.438596491229376 59
51.44736842105394 32
51.44736842105394 33
51.44736842105394 34
51.44736842105394 35
51.44736842105394 36
51.44736842105394 37
51.44736842105394 38
51.4561403508785 24
51.4561403508785 25
51.4561403508785 26
51.4561403508785 27
51.4561403508785 28
51.4561403508785 29
51.4561403508785 30
51.4561403508785 31
51.46491228070306 16
51.46491228070306 17
51.46491228070306 18
51.46491228070306 19
51.46491228070306 20
51.46491228070306 21
51.46491228070306 23
51.47368421052762 8
51.47368421052762 9
51.47368421052762 10
51.47368421052762 11
51.47368421052762 12
51.47368421052762 13
51.47368421052762 15
51.47368421052762 22
51.482456140352184 1
51.482456140352184 2
51.482456140352184 3
51.482456140352184 4
51.482456140352184 5
51.482456140352184 7
51.482456140352184 14
51.491228070176746 0
51.491228070176746 6
51.543859649124116 25
51.745614035089034 8
51.754385964913595 1
51.78070175438728 10
51.78070175438728 11
51.78070175438728 19
51.78947368421184 18
51.78947368421184 26
51.798245614036404 17
51.798245614036404 25
51.807017543860965 9
51.81578947368553 8
52.710526315790815 32
52.710526315790815 33
52.710526315790815 40
52.710526315790815 41
52.710526315790815 42
52.710526315790815 43
52.710526315790815 44
52.710526315790815 45
52.710526315790815 49
52.710526315790815 50
52.710526315790815 51
52.710526315790815 52
52.710526315790815 53
52.710526315790815 57
52.710526315790815 58
52.710526315790815 59
52.71929824561538 24
52.71929824561538 25
52.71929824561538 26
52.71929824561538 27
52.71929824561538 28
52.71929824561538 35
52.71929824561538 36
52.71929824561538 37
52.71929824561538 39
52.72807017543994 16
52.72807017543994 17
52.72807017543994 18
52.72807017543994 19
52.72807017543994 20
52.72807017543994 23
52.72807017543994 31
52.72807017543994 38
52.7368421052645 8
52.7368421052645 9
52.7368421052645 10
52.7368421052645 11
52.7368421052645 12
52.7368421052645 13
52.7368421052645 15
52.7368421052645 30
52.74561403508906 1
52.74561403508906 2
52.74561403508906 3
52.74561403508906 4
52.74561403508906 5
52.74561403508906 7
52.74561403508906 14
52.74561403508906 22
52.754385964913624 0
52.754385964913624 6
53.72807017543997 59
53.73684210526453 52
53.73684210526453 53
53.73684210526453 58
53.74561403508909 44
53.74561403508909 45
53.74561403508909 51
53.74561403508909 57
53.75438596491365 36
53.75438596491365 37
53.75438596491365 43
53.75438596491365 50
53.763157894738214 28
53.763157894738214 29
53.763157894738214 35
53.763157894738214 42
53.763157894738214 49
53.771929824562775 20
53.771929824562775 21
53.771929824562775 27
53.771929824562775 34
53.771929824562775 41
53.78070175438734 13
53.78070175438734 19
53.78070175438734 26
53.78070175438734 33
53.78070175438734 40
53.7894736842119 11
53.7894736842119 12
53.7894736842119 18
53.7894736842119 25
53.7894736842119 32
53.7894736842119 39
53.79824561403646 4
53.79824561403646 5
53.79824561403646 10
53.79824561403646 17
53.79824561403646 24
53.79824561403646 31
53.79824561403646 38
53.80701754386102 3
53.80701754386102 9
53.80701754386102 16
53.80701754386102 23
53.80701754386102 30
53.815789473685584 2
53.815789473685584 8
53.815789473685584 15
53.815789473685584 22
53.824561403510145 1
53.824561403510145 7
53.824561403510145 14
53.83333333333471 0
53.83333333333471 6
53.93859649122945 53
54.39473684210665 55
54.44736842105402 57
54.44736842105402 58
54.44736842105402 59
54.456140350878584 50
54.456140350878584 51
54.456140350878584 52
54.456140350878584 53
54.464912280703146 42
54.464912280703146 43
54.464912280703146 44
54.464912280703146 45
54.464912280703146 49
54.47368421052771 35
54.47368421052771 36
54.47368421052771 37
54.47368421052771 41
54.48245614035227 27
54.48245614035227 28
54.48245614035227 29
54.48245614035227 33
54.48245614035227 40
54.49122807017683 19
54.49122807017683 20
54.49122807017683 21
54.49122807017683 25
54.49122807017683 26
54.49122807017683 32
54.49122807017683 39
54.50000000000139 11
54.50000000000139 12
54.50000000000139 13
54.50000000000139 17
54.50000000000139 18
54.50000000000139 24
54.50000000000139 31
54.50000000000139 38
54.508771929825954 4
54.508771929825954 5
54.508771929825954 9
54.508771929825954 10
54.508771929825954 16
54.508771929825954 23
54.508771929825954 30
54.517543859650516 3
54.517543859650516 8
54.517543859650516 15
54.517543859650516 22
54.52631578947508 1
54.52631578947508 2
54.52631578947508 7
54.52631578947508 14
54.53508771929964 0
54.53508771929964 6
54.78947368421193 23
54.929824561404914 18
54.929824561404914 19
54.929824561404914 20
54.929824561404914 26
54.929824561404914 28
54.938596491229475 10
54.938596491229475 11
54.938596491229475 17
54.938596491229475 25
54.938596491229475 33
54.938596491229475 41
54.94736842105404 3
54.94736842105404 4
54.94736842105404 5
54.94736842105404 9
54.94736842105404 32
54.94736842105404 40
54.9561403508786 2
54.9561403508786 8
54.9561403508786 39
54.96491228070316 1
54.96491228070316 7
54.96491228070316 38
54.97368421052772 0
54.97368421052772 30
55.307017543861065 26
55.307017543861065 27
55.307017543861065 28
55.307017543861065 35
55.307017543861065 36
55.307017543861065 37
55.307017543861065 43
55.307017543861065 44
55.307017543861065 45
55.307017543861065 52
55.307017543861065 53
55.307017543861065 59
55.315789473685626 19
55.315789473685626 20
55.315789473685626 25
55.315789473685626 42
55.315789473685626 50
55.315789473685626 57
55.315789473685626 58
55.32456140351019 11
55.32456140351019 12
55.32456140351019 13
55.32456140351019 17
55.32456140351019 18
55.32456140351019 24
55.32456140351019 32
55.32456140351019 40
55.32456140351019 41
55.32456140351019 49
55.32456140351019 56
55.33333333333475 4
55.33333333333475 5
55.33333333333475 9
55.33333333333475 10
55.33333333333475 16
55.33333333333475 23
55.33333333333475 31
55.33333333333475 39
55.33333333333475 55
55.34210526315931 8
55.34210526315931 15
55.34210526315931 30
55.34210526315931 38
55.35087719298387 1
55.35087719298387 14
55.35087719298387 22
55.359649122808435 0
55.359649122808435 6
55.61403508772072 25
55.61403508772072 26
55.61403508772072 33
55.61403508772072 34
55.61403508772072 41
55.622807017545284 17
55.622807017545284 18
55.622807017545284 19
55.622807017545284 32
55.631578947369846 10
55.631578947369846 11
55.64035087719441 3
55.947368421054065 55
56.008771929826 36
56.008771929826 37
56.008771929826 44
56.008771929826 45
56.008771929826 52
56.008771929826 53
56.008771929826 59
56.01754385965056 28
56.01754385965056 29
56.01754385965056 35
56.01754385965056 43
56.01754385965056 51
56.01754385965056 58
56.02631578947512 20
56.02631578947512 21
56.02631578947512 27
56.02631578947512 42
56.02631578947512 50
56.02631578947512 57
56.03508771929968 13
56.03508771929968 19
56.03508771929968 26
56.03508771929968 41
56.03508771929968 49
56.03508771929968 56
56.043859649124244 11
56.043859649124244 12
56.043859649124244 18
56.043859649124244 25
56.043859649124244 40
56.043859649124244 48
56.052631578948805 4
56.052631578948805 5
56.052631578948805 10
56.052631578948805 17
56.052631578948805 24
56.052631578948805 32
56.052631578948805 39
56.052631578948805 47
56.06140350877337 9
56.06140350877337 16
56.06140350877337 23
56.06140350877337 31
56.06140350877337 38
56.06140350877337 46
56.07017543859793 8
56.07017543859793 15
56.07017543859793 30
56.07894736842249 1
56.07894736842249 2
56.07894736842249 3
56.07894736842249 7
56.07894736842249 14
56.07894736842249 22
56.08771929824705 0
56.08771929824705 6
56.16666666666811 32
56.16666666666811 33
56.16666666666811 41
56.17543859649267 25
56.587719298247066 41
56.587719298247066 42
56.587719298247066 43
56.587719298247066 44
56.587719298247066 45
56.587719298247066 49
56.587719298247066 50
56.587719298247066 51
56.587719298247066 52
56.587719298247066 53
56.587719298247066 57
56.587719298247066 58
56.587719298247066 59
56.59649122807163 35
56.59649122807163 36
56.59649122807163 37
56.59649122807163 40
56.59649122807163 48
56.60526315789619 27
56.60526315789619 28
56.60526315789619 29
56.60526315789619 32
56.60526315789619 39
56.60526315789619 47
56.61403508772075 19
56.61403508772075 20
56.61403508772075 21
56.61403508772075 24
56.61403508772075 25
56.61403508772075 26
56.61403508772075 31
56.61403508772075 38
56.61403508772075 46
56.62280701754531 11
56.62280701754531 12
56.62280701754531 13
56.62280701754531 16
56.62280701754531 17
56.62280701754531 18
56.62280701754531 23
56.62280701754531 30
56.631578947369874 4
56.631578947369874 5
56.631578947369874 8
56.631578947369874 9
56.631578947369874 10
56.631578947369874 15
56.631578947369874 22
56.640350877194436 1
56.640350877194436 2
56.640350877194436 3
56.640350877194436 7
56.640350877194436 14
56.649122807019 0
56.649122807019 6
57.39473684210674 14
57.4035087719313 6
57.4035087719313 7
57.4035087719313 8
57.4035087719313 9
57.4035087719313 10
57.4035087719313 11
57.4035087719313 12
57.4035087719313 13
57.4035087719313 15
57.4035087719313 16
57.4035087719313 17
57.4035087719313 18
57.4035087719313 19
57.4035087719313 20
57.4035087719313 21
57.4035087719313 23
57.4035087719313 24
57.4035087719313 25
57.4035087719313 26
57.4035087719313 27
57.4035087719313 28
57.4035087719313 29
57.4035087719313 31
57.4035087719313 32
57.4035087719313 33
57.4035087719313 34
57.4035087719313 35
57.4035087719313 36
57.4035087719313 37
57.4035087719313 39
57.4035087719313 40
57.4035087719313 41
57.4035087719313 42
57.4035087719313 43
57.4035087719313 44
57.4035087719313 45
57.4035087719313 49
57.4035087719313 50
57.4035087719313 51
57.4035087719313 52
57.4035087719313 53
57.4035087719313 57
57.4035087719313 58
57.4035087719313 59
57.41228070175586 0
57.41228070175586 1
57.41228070175586 2
57.41228070175586 3
57.41228070175586 4
57.41228070175586 5
57.41228070175586 22
57.41228070175586 30
57.41228070175586 38
58.21929824561553 4
58.21929824561553 5
58.21929824561553 11
58.21929824561553 12
58.21929824561553 13
58.21929824561553 19
58.21929824561553 20
58.21929824561553 21
58.21929824561553 27
58.21929824561553 28
58.21929824561553 29
58.21929824561553 35
58.21929824561553 36
58.21929824561553 37
58.21929824561553 43
58.21929824561553 44
58.21929824561553 45
58.21929824561553 52
58.21929824561553 53
58.21929824561553 59
58.228070175440095 3
58.228070175440095 10
58.228070175440095 18
58.228070175440095 26
58.228070175440095 34
58.228070175440095 42
58.228070175440095 50
58.228070175440095 57
58.228070175440095 58
58.23684210526466 9
58.23684210526466 17
58.23684210526466 25
58.23684210526466 33
58.23684210526466 41
58.23684210526466 49
58.23684210526466 56
58.24561403508922 2
58.24561403508922 8
58.24561403508922 16
58.24561403508922 24
58.24561403508922 32
58.24561403508922 40
58.24561403508922 48
58.24561403508922 55
58.25438596491378 1
58.25438596491378 7
58.25438596491378 15
58.25438596491378 23
58.25438596491378 31
58.25438596491378 39
58.25438596491378 47
58.25438596491378 54
58.26315789473834 0
58.26315789473834 6
58.26315789473834 14
58.26315789473834 22
58.26315789473834 30
58.26315789473834 38
58.26315789473834 46
58.36842105263308 32
58.58771929824712 23
58.64035087719449 15
58.649122807019054 14
58.72807017544011 0
58.72807017544011 1
58.72807017544011 7
58.72807017544011 8
58.72807017544011 9
58.72807017544011 10
58.72807017544011 11
58.72807017544011 12
58.72807017544011 13
58.72807017544011 16
58.72807017544011 17
58.72807017544011 18
58.72807017544011 19
58.72807017544011 20
58.72807017544011 21
58.72807017544011 24
58.72807017544011 25
58.72807017544011 26
58.72807017544011 27
58.72807017544011 28
58.72807017544011 29
58.72807017544011 32
58.72807017544011 33
58.72807017544011 34
58.72807017544011 35
58.72807017544011 36
58.72807017544011 37
58.72807017544011 40
58.72807017544011 41
58.72807017544011 43
58.72807017544011 44
58.72807017544011 45
58.72807017544011 52
58.72807017544011 53
58.72807017544011 59
58.73684210526467 2
58.73684210526467 3
58.73684210526467 4
58.73684210526467 5
58.73684210526467 15
58.73684210526467 39
58.73684210526467 42
58.73684210526467 50
58.73684210526467 57
58.73684210526467 58
58.74561403508923 38
58.754385964913794 30
59.05263157894889 54
59.67543859649277 56
59.67543859649277 57
59.67543859649277 58
59.67543859649277 59
59.68421052631733 49
59.68421052631733 50
59.68421052631733 51
59.68421052631733 52
59.68421052631733 53
59.68421052631733 55
59.69298245614189 41
59.69298245614189 42
59.69298245614189 43
59.69298245614189 44
59.69298245614189 45
59.69298245614189 48
59.70175438596645 33
59.70175438596645 34
59.70175438596645 35
59.70175438596645 36
59.70175438596645 37
59.70175438596645 40
59.710526315791014 25
59.710526315791014 26
59.710526315791014 27
59.710526315791014 28
59.710526315791014 29
59.710526315791014 32
59.710526315791014 39
59.719298245615576 17
59.719298245615576 18
59.719298245615576 19
59.719298245615576 20
59.719298245615576 21
59.719298245615576 24
59.719298245615576 31
59.719298245615576 38
59.72807017544014 9
59.72807017544014 10
59.72807017544014 11
59.72807017544014 12
59.72807017544014 13
59.72807017544014 16
59.72807017544014 23
59.72807017544014 30
59.7368421052647 3
59.7368421052647 4
59.7368421052647 5
59.7368421052647 8
59.7368421052647 15
59.7368421052647 22
59.74561403508926 1
59.74561403508926 2
59.74561403508926 7
59.74561403508926 14
59.75438596491382 0
59.75438596491382 6
