0.789473684210528 40
0.789473684210528 41
0.789473684210528 42
0.789473684210528 43
0.789473684210528 44
0.789473684210528 45
0.789473684210528 49
0.789473684210528 50
0.789473684210528 51
0.789473684210528 52
0.789473684210528 53
0.789473684210528 57
0.789473684210528 58
0.789473684210528 59
0.7982456140350894 6
0.7982456140350894 7
0.7982456140350894 8
0.7982456140350894 9
0.7982456140350894 10
0.7982456140350894 11
0.7982456140350894 12
0.7982456140350894 13
0.7982456140350894 14
0.7982456140350894 15
0.7982456140350894 16
0.7982456140350894 17
0.7982456140350894 18
0.7982456140350894 19
0.7982456140350894 20
0.7982456140350894 21
0.7982456140350894 23
0.7982456140350894 24
0.7982456140350894 25
0.7982456140350894 26
0.7982456140350894 27
0.7982456140350894 28
0.7982456140350894 29
0.7982456140350894 32
0.7982456140350894 33
0.7982456140350894 34
0.7982456140350894 35
0.7982456140350894 36
0.7982456140350894 37
0.7982456140350894 39
0.8070175438596509 0
0.8070175438596509 1
0.8070175438596509 2
0.8070175438596509 3
0.8070175438596509 4
0.8070175438596509 5
0.8070175438596509 22
0.8070175438596509 30
0.8070175438596509 31
0.8070175438596509 38
1.4122807017543895 23
1.4122807017543895 24
1.4122807017543895 25
1.4122807017543895 26
1.4122807017543895 27
1.4122807017543895 28
1.4122807017543895 29
1.4122807017543895 32
1.4122807017543895 33
1.4122807017543895 34
1.4122807017543895 35
1.4122807017543895 36
1.4122807017543895 37
1.4122807017543895 41
1.4122807017543895 42
1.4122807017543895 43
1.4122807017543895 44
1.4122807017543895 45
1.4122807017543895 49
1.4122807017543895 50
1.4122807017543895 51
1.4122807017543895 52
1.4122807017543895 53
1.4122807017543895 57
1.4122807017543895 58
1.4122807017543895 59
1.421052631578951 16
1.421052631578951 17
1.421052631578951 18
1.421052631578951 19
1.421052631578951 20
1.421052631578951 21
1.4298245614035123 9
1.4298245614035123 10
1.4298245614035123 11
1.4298245614035123 12
1.4298245614035123 13
1.4298245614035123 15
1.4385964912280738 3
1.4385964912280738 4
1.4385964912280738 5
1.4385964912280738 14
1.4385964912280738 22
1.4385964912280738 30
1.4385964912280738 38
1.4385964912280738 39
1.4385964912280738 40
1.4473684210526352 2
1.4473684210526352 6
1.4561403508771966 1
1.4561403508771966 8
1.464912280701758 0
1.464912280701758 7
2.3421052631578925 42
2.3421052631578925 43
2.3421052631578925 44
2.3421052631578925 45
2.3421052631578925 50
2.3421052631578925 51
2.3421052631578925 52
2.3421052631578925 53
2.3421052631578925 57
2.3421052631578925 58
2.3421052631578925 59
2.3508771929824537 35
2.3508771929824537 36
2.3508771929824537 37
2.3508771929824537 41
2.3508771929824537 49
2.3508771929824537 56
2.359649122807015 27
2.359649122807015 28
2.359649122807015 29
2.359649122807015 33
2.359649122807015 40
2.359649122807015 48
2.359649122807015 55
2.368421052631576 19
2.368421052631576 20
2.368421052631576 21
2.368421052631576 25
2.368421052631576 26
2.368421052631576 32
2.368421052631576 39
2.368421052631576 47
2.368421052631576 54
2.3771929824561373 11
2.3771929824561373 12
2.3771929824561373 13
2.3771929824561373 17
2.3771929824561373 18
2.3771929824561373 24
2.3771929824561373 31
2.3771929824561373 38
2.3771929824561373 46
2.3859649122806985 4
2.3859649122806985 5
2.3859649122806985 9
2.3859649122806985 10
2.3859649122806985 16
2.3859649122806985 23
2.3859649122806985 30
2.3947368421052597 3
2.3947368421052597 8
2.3947368421052597 15
2.3947368421052597 22
2.403508771929821 1
2.403508771929821 2
2.403508771929821 7
2.403508771929821 14
2.412280701754382 0
2.412280701754382 6
2.9736842105262995 15
2.9736842105262995 23
2.9736842105262995 24
2.9736842105262995 25
2.9736842105262995 26
2.9736842105262995 27
2.9736842105262995 28
2.9736842105262995 29
2.9736842105262995 32
2.9736842105262995 33
2.9736842105262995 34
2.9736842105262995 35
2.9736842105262995 36
2.9736842105262995 37
2.9736842105262995 41
2.9736842105262995 42
2.9736842105262995 43
2.9736842105262995 44
2.9736842105262995 45
2.9736842105262995 49
2.9736842105262995 50
2.9736842105262995 51
2.9736842105262995 52
2.9736842105262995 53
2.9736842105262995 57
2.9736842105262995 58
2.9736842105262995 59
2.9824561403508607 14
2.9824561403508607 17
2.9824561403508607 18
2.9824561403508607 19
2.9824561403508607 20
2.9824561403508607 21
2.9824561403508607 22
2.9824561403508607 30
2.9824561403508607 31
2.9824561403508607 38
2.9824561403508607 39
2.991228070175422 6
2.991228070175422 9
2.991228070175422 10
2.991228070175422 11
2.991228070175422 12
2.991228070175422 13
2.991228070175422 16
2.999999999999983 3
2.999999999999983 4
2.999999999999983 5
2.999999999999983 8
3.0087719298245443 1
3.0087719298245443 2
3.0175438596491055 0
3.1842105263157685 32
3.3070175438596254 56
3.3157894736841866 55
3.41228070175436 26
3.421052631578921 25
3.4298245614034824 17
3.4298245614034824 18
3.4298245614034824 19
3.4298245614034824 20
3.4298245614034824 28
3.4298245614034824 29
3.4298245614034824 37
3.4385964912280436 9
3.4385964912280436 10
3.4385964912280436 11
3.4385964912280436 27
3.4385964912280436 35
3.4385964912280436 43
3.4385964912280436 44
3.4473684210526048 3
3.4473684210526048 4
3.4473684210526048 5
3.4473684210526048 8
3.4473684210526048 36
3.456140350877166 1
3.456140350877166 2
3.464912280701727 0
3.877192982456104 12
3.877192982456104 13
3.885964912280665 5
3.885964912280665 11
3.885964912280665 19
3.8947368421052264 4
3.8947368421052264 10
3.8947368421052264 18
3.8947368421052264 26
3.9035087719297876 3
3.9035087719297876 9
3.9035087719297876 17
3.9035087719297876 25
3.9035087719297876 33
3.9035087719297876 41
3.9035087719297876 42
3.9035087719297876 43
3.9035087719297876 44
3.9035087719297876 45
3.9035087719297876 49
3.9035087719297876 50
3.9035087719297876 51
3.9035087719297876 52
3.9035087719297876 53
3.9035087719297876 57
3.9035087719297876 58
3.9035087719297876 59
3.912280701754349 2
3.912280701754349 8
3.912280701754349 16
3.912280701754349 24
3.912280701754349 32
3.912280701754349 35
3.912280701754349 37
3.912280701754349 40
3.912280701754349 48
3.92105263157891 1
3.92105263157891 23
3.92105263157891 27
3.92105263157891 28
3.92105263157891 29
3.92105263157891 31
3.92105263157891 36
3.92105263157891 39
3.92105263157891 47
3.9298245614034713 0
3.9298245614034713 15
3.9298245614034713 19
3.9298245614034713 20
3.9298245614034713 21
3.9298245614034713 30
3.9298245614034713 38
3.9298245614034713 46
3.9385964912280325 14
3.9385964912280325 22
3.9473684210525937 6
4.008771929824523 15
4.596491228070153 2
4.596491228070153 3
4.596491228070153 9
4.596491228070153 10
4.596491228070153 11
4.596491228070153 12
4.596491228070153 13
4.596491228070153 17
4.596491228070153 18
4.596491228070153 19
4.596491228070153 20
4.596491228070153 21
4.596491228070153 25
4.596491228070153 26
4.596491228070153 27
4.596491228070153 28
4.596491228070153 29
4.596491228070153 33
4.596491228070153 34
4.596491228070153 35
4.596491228070153 36
4.596491228070153 37
4.596491228070153 41
4.596491228070153 42
4.596491228070153 43
4.596491228070153 44
4.596491228070153 45
4.596491228070153 49
4.596491228070153 50
4.596491228070153 51
4.596491228070153 52
4.596491228070153 53
4.596491228070153 57
4.596491228070153 58
4.596491228070153 59
4.605263157894715 1
4.605263157894715 5
4.605263157894715 8
4.605263157894715 16
4.605263157894715 24
4.605263157894715 32
4.605263157894715 40
4.605263157894715 48
4.614035087719277 0
4.614035087719277 4
4.614035087719277 7
4.614035087719277 15
4.614035087719277 23
4.614035087719277 31
4.614035087719277 39
4.614035087719277 47
4.622807017543838 6
4.622807017543838 14
4.622807017543838 22
4.622807017543838 30
4.622807017543838 38
4.622807017543838 46
5.026315789473674 46
5.035087719298236 38
5.035087719298236 39
5.035087719298236 40
5.035087719298236 41
5.043859649122798 30
5.421052631578949 57
5.421052631578949 58
5.421052631578949 59
5.42982456140351 50
5.42982456140351 51
5.42982456140351 52
5.42982456140351 53
5.438596491228072 42
5.438596491228072 43
5.438596491228072 44
5.438596491228072 45
5.438596491228072 49
5.447368421052634 35
5.447368421052634 36
5.447368421052634 37
5.447368421052634 41
5.456140350877195 27
5.456140350877195 28
5.456140350877195 29
5.456140350877195 33
5.456140350877195 40
5.464912280701757 19
5.464912280701757 20
5.464912280701757 21
5.464912280701757 25
5.464912280701757 26
5.464912280701757 32
5.464912280701757 39
5.473684210526319 11
5.473684210526319 12
5.473684210526319 13
5.473684210526319 17
5.473684210526319 18
5.473684210526319 24
5.473684210526319 31
5.473684210526319 38
5.48245614035088 4
5.48245614035088 5
5.48245614035088 9
5.48245614035088 10
5.48245614035088 16
5.48245614035088 23
5.48245614035088 30
5.491228070175442 3
5.491228070175442 8
5.491228070175442 15
5.491228070175442 22
5.5000000000000036 1
5.5000000000000036 2
5.5000000000000036 7
5.5000000000000036 14
5.508771929824565 0
5.508771929824565 6
5.807017543859661 55
6.780701754386005 14
6.7894736842105665 6
6.7894736842105665 7
6.7894736842105665 8
6.7894736842105665 9
6.7894736842105665 10
6.7894736842105665 11
6.7894736842105665 12
6.7894736842105665 13
6.7894736842105665 15
6.7894736842105665 16
6.7894736842105665 17
6.7894736842105665 18
6.7894736842105665 19
6.7894736842105665 20
6.7894736842105665 21
6.7894736842105665 23
6.7894736842105665 24
6.7894736842105665 25
6.7894736842105665 26
6.7894736842105665 27
6.7894736842105665 28
6.7894736842105665 29
6.7894736842105665 32
6.7894736842105665 33
6.7894736842105665 34
6.7894736842105665 35
6.7894736842105665 36
6.7894736842105665 37
6.7894736842105665 41
6.7894736842105665 42
6.7894736842105665 43
6.7894736842105665 44
6.7894736842105665 45
6.7894736842105665 49
6.7894736842105665 50
6.7894736842105665 51
6.7894736842105665 52
6.7894736842105665 53
6.7894736842105665 57
6.7894736842105665 58
6.7894736842105665 59
6.798245614035128 0
6.798245614035128 1
6.798245614035128 2
6.798245614035128 3
6.798245614035128 4
6.798245614035128 5
6.798245614035128 22
6.798245614035128 30
6.798245614035128 31
6.798245614035128 38
6.798245614035128 39
6.833333333333375 46
6.921052631578991 55
7.087719298245663 18
7.087719298245663 19
7.087719298245663 26
7.096491228070224 10
7.096491228070224 11
7.096491228070224 17
7.096491228070224 25
7.175438596491279 48
7.55263157894743 6
7.55263157894743 7
7.55263157894743 8
7.55263157894743 9
7.55263157894743 10
7.55263157894743 11
7.55263157894743 12
7.55263157894743 13
7.55263157894743 14
7.55263157894743 15
7.55263157894743 16
7.55263157894743 17
7.55263157894743 18
7.55263157894743 19
7.55263157894743 20
7.55263157894743 21
7.55263157894743 23
7.55263157894743 24
7.55263157894743 25
7.55263157894743 26
7.55263157894743 27
7.55263157894743 28
7.55263157894743 29
7.55263157894743 32
7.55263157894743 33
7.55263157894743 34
7.55263157894743 35
7.55263157894743 36
7.55263157894743 37
7.55263157894743 41
7.55263157894743 42
7.55263157894743 43
7.55263157894743 44
7.55263157894743 45
7.55263157894743 49
7.55263157894743 50
7.55263157894743 51
7.55263157894743 52
7.55263157894743 53
7.55263157894743 57
7.55263157894743 58
7.55263157894743 59
7.561403508771992 0
7.561403508771992 1
7.561403508771992 2
7.561403508771992 3
7.561403508771992 4
7.561403508771992 5
7.561403508771992 22
7.561403508771992 30
7.561403508771992 31
7.561403508771992 38
7.561403508771992 39
8.29824561403517 35
8.29824561403517 36
8.29824561403517 37
8.29824561403517 43
8.29824561403517 44
8.29824561403517 45
8.29824561403517 52
8.29824561403517 53
8.29824561403517 59
8.307017543859732 27
8.307017543859732 28
8.307017543859732 29
8.307017543859732 42
8.307017543859732 50
8.307017543859732 57
8.307017543859732 58
8.315789473684294 19
8.315789473684294 20
8.315789473684294 21
8.315789473684294 26
8.315789473684294 41
8.315789473684294 49
8.315789473684294 56
8.324561403508856 11
8.324561403508856 12
8.324561403508856 13
8.324561403508856 18
8.324561403508856 25
8.324561403508856 33
8.324561403508856 40
8.324561403508856 48
8.324561403508856 55
8.333333333333417 4
8.333333333333417 5
8.333333333333417 10
8.333333333333417 17
8.333333333333417 24
8.333333333333417 32
8.333333333333417 39
8.333333333333417 47
8.333333333333417 54
8.342105263157979 3
8.342105263157979 9
8.342105263157979 16
8.342105263157979 23
8.342105263157979 31
8.342105263157979 38
8.342105263157979 46
8.35087719298254 2
8.35087719298254 8
8.35087719298254 15
8.35087719298254 30
8.359649122807102 1
8.359649122807102 7
8.359649122807102 14
8.359649122807102 22
8.368421052631664 0
8.368421052631664 6
8.842105263157993 22
8.842105263157993 23
8.842105263157993 24
8.842105263157993 25
8.842105263157993 26
8.842105263157993 27
8.842105263157993 28
8.842105263157993 29
8.842105263157993 30
8.842105263157993 32
8.842105263157993 33
8.842105263157993 34
8.842105263157993 35
8.842105263157993 36
8.842105263157993 37
8.842105263157993 38
8.842105263157993 39
8.842105263157993 40
8.842105263157993 41
8.842105263157993 42
8.842105263157993 43
8.842105263157993 44
8.842105263157993 45
8.842105263157993 49
8.842105263157993 50
8.842105263157993 51
8.842105263157993 52
8.842105263157993 53
8.842105263157993 57
8.842105263157993 58
8.842105263157993 59
8.850877192982555 14
8.850877192982555 15
8.850877192982555 16
8.850877192982555 17
8.850877192982555 18
8.850877192982555 19
8.850877192982555 20
8.850877192982555 21
8.859649122807117 9
8.859649122807117 10
8.859649122807117 11
8.859649122807117 12
8.859649122807117 13
8.868421052631678 3
8.868421052631678 4
8.868421052631678 5
8.87719298245624 2
8.885964912280802 1
8.885964912280802 8
8.894736842105363 0
8.894736842105363 7
8.903508771929925 6
9.236842105263268 48
9.526315789473802 12
9.526315789473802 13
9.526315789473802 25
9.526315789473802 26
9.526315789473802 27
9.526315789473802 28
9.526315789473802 29
9.526315789473802 33
9.526315789473802 34
9.526315789473802 35
9.526315789473802 36
9.526315789473802 37
9.526315789473802 41
9.526315789473802 42
9.526315789473802 43
9.526315789473802 44
9.526315789473802 45
9.526315789473802 49
9.526315789473802 50
9.526315789473802 51
9.526315789473802 52
9.526315789473802 53
9.526315789473802 57
9.526315789473802 58
9.526315789473802 59
9.535087719298364 5
9.535087719298364 11
9.535087719298364 17
9.535087719298364 18
9.535087719298364 19
9.535087719298364 20
9.535087719298364 24
9.535087719298364 32
9.535087719298364 40
9.535087719298364 48
9.543859649122926 4
9.543859649122926 9
9.543859649122926 10
9.543859649122926 16
9.543859649122926 23
9.543859649122926 31
9.543859649122926 39
9.543859649122926 47
9.552631578947487 3
9.552631578947487 8
9.552631578947487 15
9.552631578947487 30
9.552631578947487 38
9.552631578947487 46
9.561403508772049 1
9.561403508772049 2
9.561403508772049 7
9.561403508772049 14
9.561403508772049 22
9.57017543859661 0
9.57017543859661 6
10.078947368421186 46
10.087719298245748 33
10.087719298245748 38
10.087719298245748 39
10.087719298245748 40
10.087719298245748 41
10.087719298245748 42
10.087719298245748 43
10.087719298245748 44
10.087719298245748 45
10.087719298245748 49
10.087719298245748 50
10.087719298245748 51
10.087719298245748 52
10.087719298245748 53
10.087719298245748 57
10.087719298245748 58
10.087719298245748 59
10.09649122807031 25
10.09649122807031 26
10.09649122807031 27
10.09649122807031 28
10.09649122807031 29
10.09649122807031 30
10.09649122807031 31
10.09649122807031 32
10.09649122807031 35
10.09649122807031 36
10.09649122807031 37
10.105263157894871 17
10.105263157894871 18
10.105263157894871 19
10.105263157894871 20
10.105263157894871 21
10.105263157894871 23
10.105263157894871 24
10.114035087719433 9
10.114035087719433 10
10.114035087719433 11
10.114035087719433 12
10.114035087719433 13
10.114035087719433 16
10.114035087719433 22
10.122807017543995 3
10.122807017543995 4
10.122807017543995 5
10.122807017543995 8
10.122807017543995 14
10.122807017543995 15
10.131578947368556 1
10.131578947368556 2
10.131578947368556 6
10.131578947368556 7
10.140350877193118 0
10.438596491228214 26
10.447368421052776 25
10.456140350877337 17
10.456140350877337 18
10.456140350877337 19
10.456140350877337 20
10.456140350877337 28
10.456140350877337 29
10.464912280701899 9
10.464912280701899 10
10.464912280701899 11
10.47368421052646 4
10.47368421052646 8
10.482456140351022 1
10.491228070175584 0
11.350877192982626 33
11.350877192982626 41
11.350877192982626 42
11.350877192982626 43
11.350877192982626 44
11.350877192982626 45
11.350877192982626 49
11.350877192982626 50
11.350877192982626 51
11.350877192982626 52
11.350877192982626 53
11.350877192982626 57
11.350877192982626 58
11.350877192982626 59
11.359649122807188 25
11.359649122807188 26
11.359649122807188 27
11.359649122807188 28
11.359649122807188 29
11.359649122807188 32
11.359649122807188 35
11.359649122807188 36
11.359649122807188 37
11.359649122807188 40
11.359649122807188 48
11.36842105263175 17
11.36842105263175 18
11.36842105263175 19
11.36842105263175 20
11.36842105263175 21
11.36842105263175 24
11.36842105263175 39
11.36842105263175 47
11.377192982456311 9
11.377192982456311 10
11.377192982456311 11
11.377192982456311 12
11.377192982456311 13
11.377192982456311 16
11.377192982456311 23
11.377192982456311 31
11.377192982456311 38
11.377192982456311 46
11.385964912280873 3
11.385964912280873 4
11.385964912280873 5
11.385964912280873 8
11.385964912280873 15
11.385964912280873 30
11.394736842105434 1
11.394736842105434 2
11.394736842105434 7
11.394736842105434 14
11.394736842105434 22
11.403508771929996 0
11.403508771929996 6
11.938596491228257 27
11.938596491228257 28
11.938596491228257 29
11.938596491228257 35
11.938596491228257 36
11.938596491228257 37
11.938596491228257 43
11.938596491228257 44
11.938596491228257 45
11.938596491228257 52
11.938596491228257 53
11.938596491228257 59
11.947368421052818 19
11.947368421052818 20
11.947368421052818 21
11.947368421052818 26
11.947368421052818 34
11.947368421052818 42
11.947368421052818 50
11.947368421052818 57
11.947368421052818 58
11.95614035087738 11
11.95614035087738 12
11.95614035087738 13
11.95614035087738 18
11.95614035087738 25
11.95614035087738 33
11.95614035087738 41
11.95614035087738 49
11.95614035087738 56
11.964912280701942 4
11.964912280701942 5
11.964912280701942 10
11.964912280701942 17
11.964912280701942 24
11.964912280701942 32
11.964912280701942 40
11.964912280701942 48
11.964912280701942 55
11.973684210526503 3
11.973684210526503 9
11.973684210526503 16
11.973684210526503 23
11.973684210526503 31
11.973684210526503 39
11.973684210526503 47
11.973684210526503 54
11.982456140351065 2
11.982456140351065 8
11.982456140351065 15
11.982456140351065 30
11.982456140351065 38
11.982456140351065 46
11.991228070175627 1
11.991228070175627 7
11.991228070175627 14
11.991228070175627 22
12.000000000000188 0
12.000000000000188 6
12.37719298245634 25
12.37719298245634 26
12.385964912280901 17
12.385964912280901 18
12.385964912280901 19
12.385964912280901 20
12.385964912280901 28
12.385964912280901 29
12.394736842105463 9
12.394736842105463 10
12.394736842105463 11
12.403508771930024 3
12.403508771930024 4
12.403508771930024 5
12.403508771930024 8
12.412280701754586 1
12.421052631579148 0
12.49122807017564 41
12.49122807017564 42
12.49122807017564 43
12.49122807017564 44
12.49122807017564 45
12.49122807017564 49
12.49122807017564 50
12.49122807017564 51
12.49122807017564 52
12.49122807017564 53
12.49122807017564 57
12.49122807017564 58
12.49122807017564 59
12.500000000000203 33
12.500000000000203 34
12.500000000000203 35
12.500000000000203 36
12.500000000000203 37
12.500000000000203 40
12.500000000000203 48
12.508771929824764 25
12.508771929824764 27
12.508771929824764 32
12.508771929824764 39
12.508771929824764 47
12.517543859649326 19
12.517543859649326 24
12.517543859649326 31
12.517543859649326 38
12.517543859649326 46
12.526315789473887 16
12.526315789473887 18
12.526315789473887 23
12.526315789473887 30
12.53508771929845 15
12.53508771929845 22
12.54385964912301 14
12.552631578947572 6
12.710526315789682 22
12.719298245614244 14
13.271929824561628 6
13.271929824561628 7
13.271929824561628 8
13.271929824561628 9
13.271929824561628 10
13.271929824561628 11
13.271929824561628 12
13.271929824561628 13
13.271929824561628 14
13.271929824561628 15
13.271929824561628 16
13.271929824561628 17
13.271929824561628 18
13.271929824561628 19
13.271929824561628 20
13.271929824561628 21
13.271929824561628 23
13.271929824561628 24
13.271929824561628 25
13.271929824561628 26
13.271929824561628 27
13.271929824561628 28
13.271929824561628 29
13.271929824561628 32
13.271929824561628 33
13.271929824561628 34
13.271929824561628 35
13.271929824561628 36
13.271929824561628 37
13.271929824561628 41
13.271929824561628 42
13.271929824561628 43
13.271929824561628 44
13.271929824561628 45
13.271929824561628 49
13.271929824561628 50
13.271929824561628 51
13.271929824561628 52
13.271929824561628 53
13.271929824561628 57
13.271929824561628 58
13.271929824561628 59
13.28070175438619 0
13.28070175438619 1
13.28070175438619 2
13.28070175438619 3
13.28070175438619 4
13.28070175438619 5
13.28070175438619 22
13.28070175438619 30
13.28070175438619 31
13.28070175438619 38
13.28070175438619 39
13.780701754386204 14
13.789473684210765 6
13.789473684210765 7
13.789473684210765 8
13.789473684210765 9
13.789473684210765 10
13.789473684210765 11
13.789473684210765 12
13.789473684210765 13
13.789473684210765 15
13.789473684210765 16
13.789473684210765 17
13.789473684210765 18
13.789473684210765 19
13.789473684210765 20
13.789473684210765 21
13.789473684210765 23
13.789473684210765 24
13.789473684210765 25
13.789473684210765 26
13.789473684210765 27
13.789473684210765 28
13.789473684210765 29
13.789473684210765 32
13.789473684210765 33
13.789473684210765 34
13.789473684210765 35
13.789473684210765 36
13.789473684210765 37
13.789473684210765 41
13.789473684210765 42
13.789473684210765 43
13.789473684210765 44
13.789473684210765 45
13.789473684210765 49
13.789473684210765 50
13.789473684210765 51
13.789473684210765 52
13.789473684210765 53
13.789473684210765 57
13.789473684210765 58
13.789473684210765 59
13.798245614035327 0
13.798245614035327 1
13.798245614035327 2
13.798245614035327 3
13.798245614035327 4
13.798245614035327 5
13.798245614035327 22
13.798245614035327 30
13.798245614035327 31
13.798245614035327 38
13.798245614035327 39
14.263157894737095 41
14.271929824561656 33
14.271929824561656 40
14.280701754386218 25
14.280701754386218 26
14.280701754386218 27
14.280701754386218 28
14.280701754386218 29
14.280701754386218 32
14.280701754386218 35
14.280701754386218 36
14.280701754386218 37
14.280701754386218 39
14.280701754386218 43
14.280701754386218 44
14.280701754386218 45
14.280701754386218 53
14.28947368421078 17
14.28947368421078 18
14.28947368421078 19
14.28947368421078 20
14.28947368421078 21
14.28947368421078 24
14.28947368421078 38
14.298245614035341 9
14.298245614035341 10
14.298245614035341 11
14.298245614035341 12
14.298245614035341 13
14.298245614035341 16
14.298245614035341 23
14.298245614035341 30
14.307017543859903 3
14.307017543859903 4
14.307017543859903 5
14.307017543859903 8
14.307017543859903 15
14.307017543859903 22
14.315789473684465 1
14.315789473684465 2
14.315789473684465 7
14.315789473684465 14
14.324561403509026 0
14.324561403509026 6
14.508771929824821 56
14.508771929824821 57
14.508771929824821 58
14.508771929824821 59
14.517543859649383 49
14.517543859649383 50
14.517543859649383 51
14.517543859649383 52
14.517543859649383 53
14.517543859649383 55
14.526315789473944 41
14.526315789473944 42
14.526315789473944 44
14.526315789473944 48
14.92982456140378 48
15.149122807017822 28
15.149122807017822 29
15.149122807017822 36
15.149122807017822 37
15.149122807017822 44
15.149122807017822 45
15.149122807017822 52
15.149122807017822 53
15.149122807017822 59
15.157894736842383 20
15.157894736842383 21
15.157894736842383 27
15.157894736842383 35
15.157894736842383 43
15.157894736842383 51
15.157894736842383 58
15.166666666666945 12
15.166666666666945 13
15.166666666666945 19
15.166666666666945 26
15.166666666666945 34
15.166666666666945 42
15.166666666666945 50
15.166666666666945 57
15.175438596491507 5
15.175438596491507 11
15.175438596491507 18
15.175438596491507 25
15.175438596491507 33
15.175438596491507 41
15.175438596491507 49
15.175438596491507 56
15.184210526316068 4
15.184210526316068 10
15.184210526316068 17
15.184210526316068 24
15.184210526316068 32
15.184210526316068 40
15.184210526316068 48
15.184210526316068 55
15.19298245614063 3
15.19298245614063 9
15.19298245614063 16
15.19298245614063 23
15.19298245614063 31
15.19298245614063 39
15.19298245614063 47
15.19298245614063 54
15.201754385965192 2
15.201754385965192 8
15.201754385965192 15
15.201754385965192 30
15.201754385965192 38
15.201754385965192 46
15.210526315789753 1
15.210526315789753 7
15.210526315789753 14
15.210526315789753 22
15.219298245614315 0
15.219298245614315 6
15.657894736842398 28
15.657894736842398 29
15.657894736842398 36
15.657894736842398 37
15.657894736842398 44
15.657894736842398 45
15.657894736842398 53
15.66666666666696 20
15.66666666666696 21
15.66666666666696 27
15.66666666666696 35
15.66666666666696 43
15.67543859649152 12
15.67543859649152 13
15.67543859649152 19
15.67543859649152 26
15.67543859649152 34
15.67543859649152 42
15.67543859649152 50
15.67543859649152 57
15.67543859649152 58
15.67543859649152 59
15.684210526316082 5
15.684210526316082 11
15.684210526316082 18
15.684210526316082 25
15.684210526316082 33
15.684210526316082 41
15.684210526316082 52
15.692982456140644 4
15.692982456140644 10
15.692982456140644 17
15.692982456140644 24
15.692982456140644 32
15.692982456140644 40
15.701754385965206 3
15.701754385965206 9
15.701754385965206 16
15.701754385965206 23
15.701754385965206 39
15.710526315789767 2
15.710526315789767 8
15.710526315789767 15
15.710526315789767 38
15.719298245614329 1
15.719298245614329 7
15.719298245614329 14
15.719298245614329 22
15.719298245614329 30
15.72807017543889 0
16.543859649123124 0
16.543859649123124 1
16.543859649123124 7
16.543859649123124 8
16.543859649123124 9
16.543859649123124 10
16.543859649123124 11
16.543859649123124 12
16.543859649123124 13
16.543859649123124 17
16.543859649123124 18
16.543859649123124 19
16.543859649123124 20
16.543859649123124 21
16.543859649123124 25
16.543859649123124 26
16.543859649123124 27
16.543859649123124 28
16.543859649123124 29
16.543859649123124 33
16.543859649123124 34
16.543859649123124 35
16.543859649123124 36
16.543859649123124 37
16.543859649123124 41
16.543859649123124 42
16.543859649123124 43
16.543859649123124 44
16.543859649123124 45
16.543859649123124 49
16.543859649123124 50
16.543859649123124 51
16.543859649123124 52
16.543859649123124 53
16.543859649123124 57
16.543859649123124 58
16.543859649123124 59
16.552631578947686 2
16.552631578947686 3
16.552631578947686 4
16.552631578947686 5
16.552631578947686 6
16.552631578947686 14
16.552631578947686 15
16.552631578947686 23
16.552631578947686 24
16.552631578947686 32
16.552631578947686 40
16.552631578947686 48
16.561403508772248 22
16.561403508772248 30
16.561403508772248 31
16.561403508772248 38
16.561403508772248 39
16.561403508772248 47
16.57017543859681 46
16.57894736842137 15
16.745614035088042 54
17.078947368421385 3
17.078947368421385 10
17.078947368421385 11
17.078947368421385 12
17.078947368421385 13
17.078947368421385 19
17.078947368421385 20
17.078947368421385 21
17.078947368421385 27
17.078947368421385 28
17.078947368421385 29
17.078947368421385 35
17.078947368421385 36
17.078947368421385 37
17.078947368421385 43
17.078947368421385 44
17.078947368421385 45
17.078947368421385 52
17.078947368421385 53
17.078947368421385 59
17.087719298245947 5
17.087719298245947 9
17.087719298245947 17
17.087719298245947 18
17.087719298245947 25
17.087719298245947 26
17.087719298245947 33
17.087719298245947 34
17.087719298245947 41
17.087719298245947 42
17.087719298245947 49
17.087719298245947 50
17.087719298245947 57
17.087719298245947 58
17.09649122807051 2
17.09649122807051 4
17.09649122807051 8
17.09649122807051 16
17.09649122807051 24
17.09649122807051 32
17.09649122807051 40
17.09649122807051 48
17.10526315789507 1
17.10526315789507 23
17.10526315789507 31
17.10526315789507 39
17.10526315789507 47
17.114035087719632 0
17.114035087719632 15
17.114035087719632 30
17.114035087719632 38
17.114035087719632 46
17.122807017544194 14
17.122807017544194 22
17.131578947368755 6
17.508771929824906 30
17.508771929824906 38
17.508771929824906 39
17.508771929824906 40
17.508771929824906 41
17.728070175438948 24
17.728070175438948 25
17.728070175438948 26
17.728070175438948 27
17.728070175438948 28
17.728070175438948 29
17.728070175438948 32
17.728070175438948 33
17.728070175438948 34
17.728070175438948 35
17.728070175438948 36
17.728070175438948 37
17.728070175438948 41
17.728070175438948 42
17.728070175438948 43
17.728070175438948 44
17.728070175438948 45
17.728070175438948 49
17.728070175438948 50
17.728070175438948 51
17.728070175438948 52
17.728070175438948 53
17.728070175438948 57
17.728070175438948 58
17.728070175438948 59
17.73684210526351 16
17.73684210526351 17
17.73684210526351 18
17.73684210526351 19
17.73684210526351 20
17.73684210526351 21
17.73684210526351 23
17.73684210526351 31
17.74561403508807 9
17.74561403508807 10
17.74561403508807 11
17.74561403508807 12
17.74561403508807 13
17.74561403508807 15
17.754385964912633 3
17.754385964912633 4
17.754385964912633 5
17.754385964912633 14
17.754385964912633 22
17.754385964912633 30
17.754385964912633 38
17.763157894737194 2
17.763157894737194 6
17.771929824561756 1
17.771929824561756 8
17.780701754386318 0
17.780701754386318 7
18.80701754386003 33
18.80701754386003 41
18.80701754386003 42
18.80701754386003 43
18.80701754386003 44
18.80701754386003 45
18.80701754386003 49
18.80701754386003 50
18.80701754386003 51
18.80701754386003 52
18.80701754386003 53
18.80701754386003 57
18.80701754386003 58
18.80701754386003 59
18.815789473684593 25
18.815789473684593 26
18.815789473684593 27
18.815789473684593 28
18.815789473684593 29
18.815789473684593 32
18.815789473684593 35
18.815789473684593 36
18.815789473684593 37
18.815789473684593 40
18.815789473684593 48
18.824561403509154 17
18.824561403509154 18
18.824561403509154 19
18.824561403509154 20
18.824561403509154 21
18.824561403509154 24
18.824561403509154 39
18.824561403509154 47
18.833333333333716 9
18.833333333333716 10
18.833333333333716 11
18.833333333333716 12
18.833333333333716 13
18.833333333333716 16
18.833333333333716 23
18.833333333333716 31
18.833333333333716 38
18.833333333333716 46
18.842105263158277 3
18.842105263158277 4
18.842105263158277 5
18.842105263158277 8
18.842105263158277 15
18.842105263158277 30
18.85087719298284 1
18.85087719298284 2
18.85087719298284 7
18.85087719298284 14
18.85087719298284 22
18.8596491228074 0
18.8596491228074 6
19.350877192982853 47
19.359649122807415 39
19.359649122807415 40
19.359649122807415 41
19.359649122807415 42
19.359649122807415 43
19.359649122807415 44
19.359649122807415 45
19.359649122807415 49
19.359649122807415 50
19.359649122807415 51
19.359649122807415 52
19.359649122807415 53
19.359649122807415 57
19.359649122807415 58
19.359649122807415 59
19.368421052631977 33
19.368421052631977 34
19.368421052631977 35
19.368421052631977 36
19.368421052631977 37
19.368421052631977 38
19.368421052631977 46
19.37719298245654 25
19.37719298245654 26
19.37719298245654 27
19.37719298245654 28
19.37719298245654 29
19.37719298245654 30
19.3859649122811 17
19.3859649122811 18
19.3859649122811 19
19.3859649122811 20
19.3859649122811 21
19.3859649122811 24
19.3859649122811 32
19.39473684210566 9
19.39473684210566 10
19.39473684210566 11
19.39473684210566 12
19.39473684210566 13
19.39473684210566 16
19.39473684210566 23
19.403508771930223 3
19.403508771930223 4
19.403508771930223 5
19.403508771930223 8
19.403508771930223 15
19.403508771930223 22
19.412280701754785 1
19.412280701754785 2
19.412280701754785 7
19.412280701754785 14
19.421052631579347 0
19.421052631579347 6
19.614035087719703 18
19.614035087719703 19
19.622807017544265 10
19.64912280701795 54
19.96491228070217 7
19.96491228070217 8
19.96491228070217 9
19.96491228070217 10
19.96491228070217 11
19.96491228070217 12
19.96491228070217 13
19.96491228070217 17
19.96491228070217 18
19.96491228070217 19
19.96491228070217 20
19.96491228070217 21
19.96491228070217 25
19.96491228070217 26
19.96491228070217 27
19.96491228070217 28
19.96491228070217 29
19.96491228070217 33
19.96491228070217 34
19.96491228070217 35
19.96491228070217 36
19.96491228070217 37
19.96491228070217 41
19.96491228070217 42
19.96491228070217 43
19.96491228070217 44
19.96491228070217 45
19.96491228070217 49
19.96491228070217 50
19.96491228070217 51
19.96491228070217 52
19.96491228070217 53
19.96491228070217 57
19.96491228070217 58
19.96491228070217 59
19.97368421052673 0
19.97368421052673 1
19.97368421052673 2
19.97368421052673 3
19.97368421052673 4
19.97368421052673 5
19.97368421052673 6
19.97368421052673 14
19.97368421052673 15
19.97368421052673 23
19.97368421052673 24
19.97368421052673 32
19.97368421052673 40
19.97368421052673 48
19.982456140351292 22
19.982456140351292 30
19.982456140351292 31
19.982456140351292 38
19.982456140351292 39
19.982456140351292 47
19.991228070175854 46
20.40350877193025 56
20.412280701754813 55
21.315789473684664 55
21.526315789474143 48
21.526315789474143 49
21.526315789474143 50
21.526315789474143 57
21.526315789474143 58
21.526315789474143 59
21.535087719298705 41
21.535087719298705 42
21.535087719298705 43
21.535087719298705 44
21.535087719298705 45
21.535087719298705 52
21.535087719298705 53
21.543859649123267 33
21.543859649123267 34
21.543859649123267 35
21.543859649123267 36
21.543859649123267 37
21.552631578947828 25
21.552631578947828 26
21.552631578947828 27
21.552631578947828 28
21.552631578947828 29
21.552631578947828 32
21.56140350877239 17
21.56140350877239 18
21.56140350877239 19
21.56140350877239 20
21.56140350877239 21
21.56140350877239 24
21.57017543859695 9
21.57017543859695 10
21.57017543859695 11
21.57017543859695 12
21.57017543859695 13
21.57017543859695 16
21.57017543859695 23
21.578947368421513 3
21.578947368421513 4
21.578947368421513 5
21.578947368421513 8
21.578947368421513 15
21.587719298246075 1
21.587719298246075 2
21.587719298246075 7
21.587719298246075 14
21.587719298246075 22
21.587719298246075 30
21.587719298246075 38
21.587719298246075 39
21.587719298246075 40
21.596491228070636 0
21.596491228070636 6
22.30701754386013 11
22.30701754386013 12
22.30701754386013 13
22.30701754386013 19
22.30701754386013 20
22.30701754386013 21
22.30701754386013 27
22.30701754386013 28
22.30701754386013 29
22.30701754386013 35
22.30701754386013 36
22.30701754386013 37
22.30701754386013 43
22.30701754386013 44
22.30701754386013 45
22.30701754386013 52
22.30701754386013 53
22.30701754386013 59
22.315789473684692 4
22.315789473684692 5
22.315789473684692 10
22.315789473684692 18
22.315789473684692 26
22.315789473684692 34
22.315789473684692 42
22.315789473684692 50
22.315789473684692 57
22.315789473684692 58
22.324561403509254 3
22.324561403509254 9
22.324561403509254 17
22.324561403509254 25
22.324561403509254 33
22.324561403509254 41
22.324561403509254 49
22.324561403509254 56
22.333333333333815 2
22.333333333333815 8
22.333333333333815 16
22.333333333333815 24
22.333333333333815 32
22.333333333333815 40
22.333333333333815 48
22.333333333333815 55
22.342105263158377 1
22.342105263158377 23
22.342105263158377 31
22.342105263158377 39
22.342105263158377 47
22.342105263158377 54
22.35087719298294 0
22.35087719298294 15
22.35087719298294 30
22.35087719298294 38
22.35087719298294 46
22.3596491228075 14
22.3596491228075 22
22.368421052632062 6
23.10526315789524 30
23.10526315789524 38
23.10526315789524 39
23.10526315789524 40
23.10526315789524 41
23.10526315789524 42
23.10526315789524 43
23.10526315789524 44
23.10526315789524 45
23.10526315789524 49
23.10526315789524 50
23.10526315789524 51
23.10526315789524 52
23.10526315789524 53
23.10526315789524 57
23.10526315789524 58
23.10526315789524 59
23.114035087719802 33
23.114035087719802 34
23.114035087719802 35
23.114035087719802 36
23.114035087719802 37
23.122807017544364 25
23.122807017544364 26
23.122807017544364 27
23.122807017544364 28
23.122807017544364 29
23.131578947368926 17
23.131578947368926 18
23.131578947368926 19
23.131578947368926 20
23.131578947368926 21
23.131578947368926 24
23.131578947368926 32
23.140350877193487 9
23.140350877193487 10
23.140350877193487 11
23.140350877193487 12
23.140350877193487 13
23.140350877193487 16
23.140350877193487 23
23.140350877193487 31
23.14912280701805 3
23.14912280701805 4
23.14912280701805 5
23.14912280701805 8
23.14912280701805 15
23.14912280701805 22
23.15789473684261 1
23.15789473684261 2
23.15789473684261 7
23.15789473684261 14
23.166666666667172 0
23.166666666667172 6
23.771929824561926 42
23.771929824561926 43
23.771929824561926 44
23.771929824561926 45
23.771929824561926 50
23.771929824561926 51
23.771929824561926 52
23.771929824561926 53
23.771929824561926 57
23.771929824561926 58
23.771929824561926 59
23.780701754386488 35
23.780701754386488 36
23.780701754386488 37
23.780701754386488 41
23.780701754386488 49
23.780701754386488 56
23.78947368421105 27
23.78947368421105 28
23.78947368421105 29
23.78947368421105 33
23.78947368421105 40
23.78947368421105 48
23.78947368421105 55
23.79824561403561 19
23.79824561403561 20
23.79824561403561 21
23.79824561403561 25
23.79824561403561 26
23.79824561403561 32
23.79824561403561 39
23.79824561403561 47
23.79824561403561 54
23.807017543860173 11
23.807017543860173 12
23.807017543860173 13
23.807017543860173 17
23.807017543860173 18
23.807017543860173 24
23.807017543860173 31
23.807017543860173 38
23.807017543860173 46
23.815789473684735 4
23.815789473684735 5
23.815789473684735 9
23.815789473684735 10
23.815789473684735 16
23.815789473684735 23
23.815789473684735 30
23.824561403509296 3
23.824561403509296 8
23.824561403509296 15
23.824561403509296 22
23.833333333333858 1
23.833333333333858 2
23.833333333333858 7
23.833333333333858 14
23.84210526315842 0
23.84210526315842 6
24.464912280702297 31
24.464912280702297 39
24.464912280702297 40
24.464912280702297 41
24.464912280702297 42
24.464912280702297 43
24.464912280702297 44
24.464912280702297 45
24.464912280702297 49
24.464912280702297 50
24.464912280702297 51
24.464912280702297 52
24.464912280702297 53
24.464912280702297 57
24.464912280702297 58
24.464912280702297 59
24.47368421052686 23
24.47368421052686 24
24.47368421052686 25
24.47368421052686 26
24.47368421052686 27
24.47368421052686 28
24.47368421052686 29
24.47368421052686 30
24.47368421052686 33
24.47368421052686 34
24.47368421052686 35
24.47368421052686 36
24.47368421052686 37
24.47368421052686 38
24.48245614035142 16
24.48245614035142 17
24.48245614035142 18
24.48245614035142 19
24.48245614035142 20
24.48245614035142 21
24.48245614035142 22
24.491228070175982 9
24.491228070175982 10
24.491228070175982 11
24.491228070175982 12
24.491228070175982 13
24.491228070175982 14
24.491228070175982 15
24.500000000000544 3
24.500000000000544 4
24.500000000000544 5
24.500000000000544 6
24.500000000000544 7
24.500000000000544 8
24.508771929825105 0
24.508771929825105 1
24.508771929825105 2
24.929824561404065 38
24.929824561404065 39
24.929824561404065 40
24.929824561404065 41
24.938596491228626 30
25.026315789474243 27
25.026315789474243 28
25.026315789474243 29
25.026315789474243 35
25.026315789474243 36
25.026315789474243 37
25.026315789474243 43
25.026315789474243 44
25.026315789474243 45
25.026315789474243 52
25.026315789474243 53
25.026315789474243 59
25.035087719298804 19
25.035087719298804 20
25.035087719298804 21
25.035087719298804 26
25.035087719298804 34
25.035087719298804 42
25.035087719298804 50
25.035087719298804 57
25.035087719298804 58
25.043859649123366 11
25.043859649123366 12
25.043859649123366 13
25.043859649123366 18
25.043859649123366 25
25.043859649123366 33
25.043859649123366 41
25.043859649123366 49
25.043859649123366 56
25.052631578947928 4
25.052631578947928 5
25.052631578947928 10
25.052631578947928 17
25.052631578947928 24
25.052631578947928 32
25.052631578947928 55
25.06140350877249 3
25.06140350877249 9
25.06140350877249 16
25.06140350877249 23
25.06140350877249 31
25.07017543859705 2
25.07017543859705 8
25.07017543859705 8
25.07017543859705 15
25.07017543859705 22
25.078947368421613 1
25.078947368421613 7
25.078947368421613 14
25.087719298246174 0
25.087719298246174 6
25.605263157895312 43
25.605263157895312 44
25.605263157895312 45
25.605263157895312 52
25.605263157895312 53
25.605263157895312 59
25.614035087719873 35
25.614035087719873 36
25.614035087719873 37
25.614035087719873 42
25.614035087719873 50
25.614035087719873 57
25.614035087719873 58
25.622807017544435 27
25.622807017544435 28
25.622807017544435 29
25.622807017544435 34
25.622807017544435 41
25.622807017544435 49
25.622807017544435 56
25.631578947368997 19
25.631578947368997 20
25.631578947368997 21
25.631578947368997 26
25.631578947368997 33
25.631578947368997 40
25.631578947368997 48
25.631578947368997 55
25.64035087719356 11
25.64035087719356 12
25.64035087719356 13
25.64035087719356 18
25.64035087719356 25
25.64035087719356 32
25.64035087719356 39
25.64035087719356 47
25.64035087719356 54
25.64912280701812 4
25.64912280701812 5
25.64912280701812 10
25.64912280701812 17
25.64912280701812 24
25.64912280701812 31
25.64912280701812 38
25.64912280701812 46
25.65789473684268 3
25.65789473684268 9
25.65789473684268 16
25.65789473684268 23
25.65789473684268 30
25.666666666667243 2
25.666666666667243 8
25.666666666667243 15
25.666666666667243 22
25.675438596491805 1
25.675438596491805 7
25.675438596491805 14
25.684210526316367 0
25.684210526316367 6
25.991228070176025 1
25.991228070176025 8
25.991228070176025 9
25.991228070176025 10
25.991228070176025 11
25.991228070176025 17
25.991228070176025 18
25.991228070176025 19
25.991228070176025 20
25.991228070176025 25
25.991228070176025 26
25.991228070176025 28
25.991228070176025 29
26.000000000000586 0
26.000000000000586 4
26.97368421052693 35
26.97368421052693 36
26.97368421052693 37
26.97368421052693 43
26.97368421052693 44
26.97368421052693 45
26.97368421052693 52
26.97368421052693 53
26.97368421052693 59
26.98245614035149 27
26.98245614035149 28
26.98245614035149 29
26.98245614035149 42
26.98245614035149 50
26.98245614035149 57
26.98245614035149 58
26.991228070176053 19
26.991228070176053 20
26.991228070176053 21
26.991228070176053 26
26.991228070176053 41
26.991228070176053 49
26.991228070176053 56
27.000000000000615 11
27.000000000000615 12
27.000000000000615 13
27.000000000000615 18
27.000000000000615 25
27.000000000000615 33
27.000000000000615 40
27.000000000000615 48
27.000000000000615 55
27.008771929825176 4
27.008771929825176 5
27.008771929825176 10
27.008771929825176 17
27.008771929825176 24
27.008771929825176 32
27.008771929825176 39
27.008771929825176 47
27.008771929825176 54
27.017543859649738 3
27.017543859649738 9
27.017543859649738 16
27.017543859649738 23
27.017543859649738 31
27.017543859649738 38
27.017543859649738 46
27.0263157894743 2
27.0263157894743 8
27.0263157894743 15
27.0263157894743 30
27.03508771929886 1
27.03508771929886 7
27.03508771929886 14
27.03508771929886 22
27.043859649123423 0
27.043859649123423 6
27.149122807018163 18
27.149122807018163 19
28.08771929824626 3
28.08771929824626 10
28.08771929824626 11
28.08771929824626 12
28.08771929824626 13
28.08771929824626 19
28.08771929824626 20
28.08771929824626 21
28.08771929824626 27
28.08771929824626 28
28.08771929824626 29
28.08771929824626 35
28.08771929824626 36
28.08771929824626 37
28.08771929824626 43
28.08771929824626 44
28.08771929824626 45
28.08771929824626 52
28.08771929824626 53
28.08771929824626 59
28.09649122807082 5
28.09649122807082 9
28.09649122807082 17
28.09649122807082 18
28.09649122807082 25
28.09649122807082 26
28.09649122807082 33
28.09649122807082 34
28.09649122807082 41
28.09649122807082 42
28.09649122807082 49
28.09649122807082 50
28.09649122807082 57
28.09649122807082 58
28.105263157895383 2
28.105263157895383 4
28.105263157895383 8
28.105263157895383 16
28.105263157895383 24
28.105263157895383 32
28.105263157895383 40
28.105263157895383 48
28.114035087719945 1
28.114035087719945 23
28.114035087719945 31
28.114035087719945 39
28.114035087719945 47
28.122807017544506 0
28.122807017544506 15
28.122807017544506 30
28.122807017544506 38
28.122807017544506 46
28.131578947369068 14
28.131578947369068 22
28.14035087719363 6
28.3070175438603 18
28.3070175438603 19
28.315789473684863 10
28.973684210526987 37
28.982456140351548 36
28.982456140351548 44
28.982456140351548 52
28.982456140351548 53
28.982456140351548 59
28.99122807017611 28
28.99122807017611 35
28.99122807017611 43
28.99122807017611 51
28.99122807017611 58
29.00000000000067 20
29.00000000000067 27
29.00000000000067 42
29.00000000000067 50
29.00000000000067 57
29.008771929825233 12
29.008771929825233 13
29.008771929825233 19
29.008771929825233 26
29.008771929825233 41
29.008771929825233 49
29.008771929825233 56
29.017543859649795 5
29.017543859649795 11
29.017543859649795 18
29.017543859649795 25
29.017543859649795 33
29.017543859649795 40
29.017543859649795 48
29.017543859649795 55
29.026315789474356 4
29.026315789474356 10
29.026315789474356 17
29.026315789474356 24
29.026315789474356 32
29.026315789474356 39
29.026315789474356 47
29.026315789474356 54
29.035087719298918 3
29.035087719298918 9
29.035087719298918 16
29.035087719298918 23
29.035087719298918 31
29.035087719298918 38
29.035087719298918 46
29.04385964912348 2
29.04385964912348 8
29.04385964912348 15
29.04385964912348 30
29.05263157894804 1
29.05263157894804 7
29.05263157894804 14
29.05263157894804 22
29.061403508772603 0
29.061403508772603 6
30.342105263158604 23
30.342105263158604 24
30.342105263158604 25
30.342105263158604 26
30.342105263158604 27
30.342105263158604 28
30.342105263158604 29
30.342105263158604 32
30.342105263158604 33
30.342105263158604 34
30.342105263158604 35
30.342105263158604 36
30.342105263158604 37
30.342105263158604 41
30.342105263158604 42
30.342105263158604 43
30.342105263158604 44
30.342105263158604 45
30.342105263158604 49
30.342105263158604 50
30.342105263158604 51
30.342105263158604 52
30.342105263158604 53
30.342105263158604 57
30.342105263158604 58
30.342105263158604 59
30.350877192983166 16
30.350877192983166 17
30.350877192983166 18
30.350877192983166 19
30.350877192983166 20
30.350877192983166 21
30.359649122807728 9
30.359649122807728 10
30.359649122807728 11
30.359649122807728 12
30.359649122807728 13
30.359649122807728 15
30.36842105263229 3
30.36842105263229 4
30.36842105263229 5
30.36842105263229 14
30.36842105263229 22
30.36842105263229 30
30.36842105263229 38
30.36842105263229 39
30.36842105263229 40
30.37719298245685 2
30.37719298245685 6
30.385964912281413 1
30.385964912281413 8
30.394736842105974 0
30.394736842105974 7
30.877192982456865 41
30.877192982456865 42
30.877192982456865 43
30.877192982456865 44
30.877192982456865 45
30.877192982456865 49
30.877192982456865 50
30.877192982456865 51
30.877192982456865 52
30.877192982456865 53
30.877192982456865 57
30.877192982456865 58
30.877192982456865 59
30.885964912281427 33
30.885964912281427 34
30.885964912281427 35
30.885964912281427 36
30.885964912281427 37
30.885964912281427 40
30.885964912281427 48
30.89473684210599 25
30.89473684210599 26
30.89473684210599 27
30.89473684210599 28
30.89473684210599 29
30.89473684210599 32
30.89473684210599 39
30.89473684210599 47
30.90350877193055 17
30.90350877193055 18
30.90350877193055 19
30.90350877193055 20
30.90350877193055 21
30.90350877193055 24
30.90350877193055 31
30.90350877193055 38
30.90350877193055 46
30.912280701755112 9
30.912280701755112 10
30.912280701755112 11
30.912280701755112 12
30.912280701755112 13
30.912280701755112 16
30.912280701755112 23
30.912280701755112 30
30.921052631579673 3
30.921052631579673 4
30.921052631579673 5
30.921052631579673 8
30.921052631579673 15
30.921052631579673 22
30.929824561404235 1
30.929824561404235 2
30.929824561404235 7
30.929824561404235 14
30.938596491228797 0
30.938596491228797 6
31.201754385965646 25
31.201754385965646 26
31.210526315790208 17
31.210526315790208 18
31.210526315790208 19
31.21929824561477 10
31.21929824561477 11
31.500000000000743 33
31.500000000000743 41
31.500000000000743 42
31.500000000000743 43
31.500000000000743 44
31.500000000000743 45
31.500000000000743 49
31.500000000000743 50
31.500000000000743 51
31.500000000000743 52
31.500000000000743 53
31.500000000000743 57
31.500000000000743 58
31.500000000000743 59
31.508771929825304 25
31.508771929825304 26
31.508771929825304 27
31.508771929825304 28
31.508771929825304 29
31.508771929825304 32
31.508771929825304 35
31.508771929825304 36
31.508771929825304 37
31.508771929825304 40
31.508771929825304 48
31.517543859649866 17
31.517543859649866 18
31.517543859649866 19
31.517543859649866 20
31.517543859649866 21
31.517543859649866 24
31.517543859649866 39
31.517543859649866 47
31.526315789474427 9
31.526315789474427 10
31.526315789474427 11
31.526315789474427 12
31.526315789474427 13
31.526315789474427 16
31.526315789474427 23
31.526315789474427 31
31.526315789474427 38
31.526315789474427 46
31.53508771929899 3
31.53508771929899 4
31.53508771929899 5
31.53508771929899 8
31.53508771929899 15
31.53508771929899 30
31.54385964912355 1
31.54385964912355 2
31.54385964912355 7
31.54385964912355 14
31.54385964912355 22
31.552631578948112 0
31.552631578948112 6
31.868421052632332 14
31.894736842106017 17
31.894736842106017 25
31.894736842106017 26
31.90350877193058 9
31.90350877193058 10
31.90350877193058 11
31.90350877193058 18
31.90350877193058 19
31.90350877193058 20
31.90350877193058 28
31.90350877193058 29
31.91228070175514 4
31.91228070175514 5
31.91228070175514 8
31.921052631579702 1
31.929824561404264 0
31.929824561404264 7
32.30701754386041 45
32.30701754386041 53
32.31578947368497 37
32.31578947368497 44
32.31578947368497 52
32.31578947368497 59
32.324561403509534 36
32.324561403509534 43
32.324561403509534 51
32.324561403509534 58
32.333333333334096 28
32.333333333334096 35
32.333333333334096 42
32.333333333334096 50
32.333333333334096 57
32.34210526315866 14
32.34210526315866 20
32.34210526315866 27
32.34210526315866 34
32.34210526315866 41
32.34210526315866 49
32.34210526315866 56
32.35087719298322 6
32.35087719298322 7
32.35087719298322 8
32.35087719298322 9
32.35087719298322 10
32.35087719298322 11
32.35087719298322 12
32.35087719298322 13
32.35087719298322 15
32.35087719298322 16
32.35087719298322 17
32.35087719298322 18
32.35087719298322 19
32.35087719298322 23
32.35087719298322 24
32.35087719298322 25
32.35087719298322 26
32.35087719298322 32
32.35087719298322 32
32.35087719298322 33
32.35087719298322 40
32.35087719298322 48
32.35087719298322 55
32.35964912280778 0
32.35964912280778 1
32.35964912280778 2
32.35964912280778 3
32.35964912280778 4
32.35964912280778 5
32.35964912280778 22
32.35964912280778 30
32.35964912280778 31
32.35964912280778 38
32.35964912280778 39
32.35964912280778 47
32.35964912280778 54
32.36842105263234 46
32.596491228070946 8
32.60526315789551 1
32.83333333333411 12
32.83333333333411 13
32.84210526315867 5
32.84210526315867 11
32.84210526315867 19
32.84210526315867 27
32.84210526315867 28
32.84210526315867 29
32.84210526315867 35
32.84210526315867 36
32.84210526315867 37
32.84210526315867 43
32.84210526315867 44
32.84210526315867 45
32.84210526315867 52
32.84210526315867 53
32.84210526315867 59
32.85087719298323 4
32.85087719298323 10
32.85087719298323 18
32.85087719298323 26
32.85087719298323 34
32.85087719298323 42
32.85087719298323 50
32.85087719298323 57
32.85087719298323 58
32.859649122807795 3
32.859649122807795 9
32.859649122807795 17
32.859649122807795 25
32.859649122807795 33
32.859649122807795 41
32.859649122807795 49
32.859649122807795 56
32.86842105263236 2
32.86842105263236 8
32.86842105263236 16
32.86842105263236 24
32.86842105263236 32
32.86842105263236 40
32.86842105263236 48
32.86842105263236 55
32.87719298245692 1
32.87719298245692 23
32.87719298245692 31
32.87719298245692 39
32.87719298245692 47
32.87719298245692 54
32.88596491228148 0
32.88596491228148 15
32.88596491228148 30
32.88596491228148 38
32.88596491228148 46
32.89473684210604 14
32.89473684210604 22
32.9035087719306 6
32.93859649122885 15
33.10526315789552 20
33.36842105263237 15
33.36842105263237 23
33.36842105263237 24
33.36842105263237 25
33.36842105263237 26
33.36842105263237 27
33.36842105263237 28
33.36842105263237 29
33.36842105263237 32
33.36842105263237 33
33.36842105263237 34
33.36842105263237 35
33.36842105263237 36
33.36842105263237 37
33.36842105263237 41
33.36842105263237 42
33.36842105263237 43
33.36842105263237 44
33.36842105263237 45
33.36842105263237 50
33.36842105263237 51
33.36842105263237 52
33.36842105263237 53
33.36842105263237 57
33.36842105263237 58
33.36842105263237 59
33.37719298245693 14
33.37719298245693 17
33.37719298245693 18
33.37719298245693 19
33.37719298245693 22
33.37719298245693 30
33.37719298245693 38
33.37719298245693 39
33.37719298245693 49
33.37719298245693 56
33.385964912281494 9
33.385964912281494 10
33.385964912281494 11
33.385964912281494 12
33.385964912281494 13
33.385964912281494 16
33.385964912281494 55
33.394736842106056 3
33.394736842106056 4
33.394736842106056 5
33.394736842106056 8
33.40350877193062 1
33.40350877193062 2
33.41228070175518 0
33.96491228070256 51
33.96491228070256 58
33.96491228070256 59
33.973684210527125 43
33.973684210527125 44
33.973684210527125 45
33.973684210527125 50
33.973684210527125 52
33.973684210527125 53
33.973684210527125 57
33.98245614035169 35
33.98245614035169 36
33.98245614035169 37
33.98245614035169 42
33.98245614035169 49
33.98245614035169 56
33.99122807017625 27
33.99122807017625 28
33.99122807017625 29
33.99122807017625 34
33.99122807017625 41
33.99122807017625 55
34.00000000000081 19
34.00000000000081 20
34.00000000000081 21
34.00000000000081 26
34.00000000000081 33
34.00000000000081 40
34.00877192982537 11
34.00877192982537 12
34.00877192982537 13
34.00877192982537 18
34.00877192982537 25
34.00877192982537 32
34.00877192982537 39
34.01754385964993 4
34.01754385964993 5
34.01754385964993 10
34.01754385964993 17
34.01754385964993 24
34.01754385964993 31
34.01754385964993 38
34.026315789474495 3
34.026315789474495 9
34.026315789474495 16
34.026315789474495 23
34.026315789474495 30
34.03508771929906 2
34.03508771929906 8
34.03508771929906 15
34.03508771929906 22
34.04385964912362 1
34.04385964912362 7
34.04385964912362 14
34.05263157894818 0
34.05263157894818 6
34.57894736842188 2
34.57894736842188 3
34.57894736842188 9
34.57894736842188 10
34.57894736842188 11
34.57894736842188 12
34.57894736842188 13
34.57894736842188 17
34.57894736842188 18
34.57894736842188 19
34.57894736842188 20
34.57894736842188 21
34.57894736842188 25
34.57894736842188 26
34.57894736842188 27
34.57894736842188 28
34.57894736842188 29
34.57894736842188 33
34.57894736842188 34
34.57894736842188 35
34.57894736842188 36
34.57894736842188 37
34.57894736842188 41
34.57894736842188 42
34.57894736842188 43
34.57894736842188 44
34.57894736842188 45
34.57894736842188 49
34.57894736842188 50
34.57894736842188 51
34.57894736842188 52
34.57894736842188 53
34.57894736842188 57
34.57894736842188 58
34.57894736842188 59
34.58771929824644 1
34.58771929824644 5
34.58771929824644 8
34.58771929824644 16
34.58771929824644 24
34.58771929824644 32
34.58771929824644 40
34.58771929824644 48
34.596491228071 0
34.596491228071 4
34.596491228071 7
34.596491228071 15
34.596491228071 23
34.596491228071 31
34.596491228071 39
34.596491228071 47
34.605263157895564 6
34.605263157895564 14
34.605263157895564 22
34.605263157895564 30
34.605263157895564 38
34.605263157895564 46
34.921052631579784 15
34.921052631579784 23
34.929824561404345 14
34.929824561404345 22
34.929824561404345 30
34.929824561404345 38
34.929824561404345 39
35.55263157894822 46
35.561403508772784 38
35.561403508772784 39
35.561403508772784 40
35.561403508772784 41
35.561403508772784 42
35.561403508772784 43
35.561403508772784 44
35.561403508772784 45
35.561403508772784 49
35.561403508772784 50
35.561403508772784 51
35.561403508772784 52
35.561403508772784 53
35.561403508772784 57
35.561403508772784 58
35.561403508772784 59
35.570175438597346 30
35.570175438597346 31
35.570175438597346 32
35.570175438597346 33
35.570175438597346 34
35.570175438597346 35
35.570175438597346 36
35.570175438597346 37
35.57894736842191 23
35.57894736842191 24
35.57894736842191 25
35.57894736842191 26
35.57894736842191 27
35.57894736842191 28
35.57894736842191 29
35.58771929824647 16
35.58771929824647 17
35.58771929824647 18
35.58771929824647 19
35.58771929824647 20
35.58771929824647 21
35.58771929824647 22
35.59649122807103 9
35.59649122807103 10
35.59649122807103 11
35.59649122807103 12
35.59649122807103 13
35.59649122807103 14
35.59649122807103 15
35.60526315789559 3
35.60526315789559 4
35.60526315789559 5
35.60526315789559 6
35.60526315789559 7
35.60526315789559 8
35.614035087720154 0
35.614035087720154 1
35.614035087720154 2
35.6491228070184 51
35.982456140351744 18
35.982456140351744 19
35.982456140351744 20
35.982456140351744 26
35.982456140351744 28
35.982456140351744 29
35.991228070176305 10
35.991228070176305 11
35.991228070176305 17
35.991228070176305 25
36.00000000000087 4
36.00000000000087 5
36.00000000000087 9
36.00877192982543 8
36.01754385964999 1
36.02631578947455 0
36.28070175438684 48
36.28070175438684 49
36.28070175438684 50
36.28070175438684 57
36.28070175438684 58
36.28070175438684 59
36.2894736842114 41
36.2894736842114 42
36.2894736842114 43
36.2894736842114 44
36.2894736842114 45
36.2894736842114 52
36.2894736842114 53
36.29824561403596 33
36.29824561403596 34
36.29824561403596 35
36.29824561403596 36
36.29824561403596 37
36.307017543860525 25
36.307017543860525 26
36.307017543860525 27
36.307017543860525 32
36.315789473685086 17
36.315789473685086 18
36.315789473685086 19
36.315789473685086 20
36.315789473685086 24
36.315789473685086 28
36.32456140350965 9
36.32456140350965 10
36.32456140350965 11
36.32456140350965 12
36.32456140350965 13
36.32456140350965 16
36.32456140350965 23
36.33333333333421 3
36.33333333333421 8
36.33333333333421 15
36.34210526315877 1
36.34210526315877 2
36.34210526315877 7
36.34210526315877 14
36.34210526315877 22
36.34210526315877 30
36.34210526315877 38
36.34210526315877 39
36.34210526315877 40
36.35087719298333 0
36.35087719298333 6
36.74561403508861 58
36.74561403508861 59
36.75438596491317 57
36.76315789473773 50
36.79824561403598 25
36.79824561403598 26
36.79824561403598 27
36.79824561403598 28
36.79824561403598 29
36.79824561403598 33
36.79824561403598 34
36.79824561403598 35
36.79824561403598 36
36.79824561403598 37
36.79824561403598 41
36.79824561403598 42
36.79824561403598 43
36.79824561403598 44
36.79824561403598 45
36.79824561403598 49
36.79824561403598 53
36.80701754386054 17
36.80701754386054 18
36.80701754386054 19
36.80701754386054 20
36.80701754386054 21
36.80701754386054 24
36.80701754386054 32
36.80701754386054 40
36.80701754386054 48
36.8157894736851 9
36.8157894736851 10
36.8157894736851 11
36.8157894736851 12
36.8157894736851 13
36.8157894736851 16
36.8157894736851 23
36.8157894736851 31
36.8157894736851 39
36.8157894736851 47
36.82456140350966 3
36.82456140350966 4
36.82456140350966 5
36.82456140350966 8
36.82456140350966 15
36.82456140350966 30
36.82456140350966 38
36.82456140350966 46
36.833333333334224 1
36.833333333334224 2
36.833333333334224 7
36.833333333334224 14
36.833333333334224 22
36.842105263158786 0
37.49122807017635 56
37.49122807017635 57
37.49122807017635 58
37.49122807017635 59
37.50000000000091 49
37.50000000000091 50
37.50000000000091 51
37.50000000000091 52
37.50000000000091 53
37.50000000000091 55
37.50877192982547 41
37.50877192982547 42
37.50877192982547 43
37.50877192982547 44
37.50877192982547 45
37.50877192982547 48
37.51754385965003 33
37.51754385965003 34
37.51754385965003 35
37.51754385965003 36
37.51754385965003 37
37.51754385965003 40
37.526315789474594 25
37.526315789474594 26
37.526315789474594 27
37.526315789474594 28
37.526315789474594 29
37.526315789474594 32
37.526315789474594 39
37.535087719299156 17
37.535087719299156 18
37.535087719299156 19
37.535087719299156 20
37.535087719299156 21
37.535087719299156 24
37.535087719299156 31
37.535087719299156 38
37.54385964912372 9
37.54385964912372 10
37.54385964912372 11
37.54385964912372 12
37.54385964912372 13
37.54385964912372 16
37.54385964912372 23
37.54385964912372 30
37.55263157894828 3
37.55263157894828 4
37.55263157894828 5
37.55263157894828 8
37.55263157894828 15
37.55263157894828 22
37.56140350877284 1
37.56140350877284 2
37.56140350877284 7
37.56140350877284 14
37.5701754385974 0
37.5701754385974 6
37.91228070175531 58
37.91228070175531 59
38.798245614036034 23
38.798245614036034 24
38.798245614036034 25
38.798245614036034 26
38.798245614036034 27
38.798245614036034 28
38.798245614036034 29
38.798245614036034 32
38.798245614036034 33
38.798245614036034 34
38.798245614036034 35
38.798245614036034 36
38.798245614036034 37
38.798245614036034 41
38.798245614036034 42
38.798245614036034 43
38.798245614036034 44
38.798245614036034 45
38.798245614036034 49
38.798245614036034 50
38.798245614036034 51
38.798245614036034 52
38.798245614036034 53
38.798245614036034 57
38.798245614036034 58
38.798245614036034 59
38.807017543860596 16
38.807017543860596 17
38.807017543860596 18
38.807017543860596 19
38.807017543860596 20
38.807017543860596 21
38.81578947368516 9
38.81578947368516 10
38.81578947368516 11
38.81578947368516 12
38.81578947368516 13
38.81578947368516 15
38.82456140350972 3
38.82456140350972 4
38.82456140350972 5
38.82456140350972 14
38.82456140350972 22
38.82456140350972 30
38.82456140350972 38
38.82456140350972 39
38.82456140350972 40
38.83333333333428 2
38.83333333333428 6
38.84210526315884 1
38.84210526315884 8
38.850877192983404 0
38.850877192983404 7
38.93859649122902 18
38.93859649122902 19
39.63157894736939 14
39.64035087719395 6
39.64035087719395 7
39.64035087719395 8
39.64035087719395 9
39.64035087719395 10
39.64035087719395 11
39.64035087719395 12
39.64035087719395 13
39.64035087719395 15
39.64035087719395 16
39.64035087719395 17
39.64035087719395 18
39.64035087719395 19
39.64035087719395 20
39.64035087719395 21
39.64035087719395 23
39.64035087719395 24
39.64035087719395 25
39.64035087719395 26
39.64035087719395 27
39.64035087719395 28
39.64035087719395 29
39.64035087719395 32
39.64035087719395 33
39.64035087719395 34
39.64035087719395 35
39.64035087719395 36
39.64035087719395 37
39.64035087719395 41
39.64035087719395 42
39.64035087719395 43
39.64035087719395 44
39.64035087719395 45
39.64035087719395 49
39.64035087719395 50
39.64035087719395 51
39.64035087719395 52
39.64035087719395 53
39.64035087719395 57
39.64035087719395 58
39.64035087719395 59
39.649122807018514 0
39.649122807018514 1
39.649122807018514 2
39.649122807018514 3
39.649122807018514 4
39.649122807018514 5
39.649122807018514 22
39.649122807018514 30
39.649122807018514 31
39.649122807018514 38
39.649122807018514 39
40.11403508772028 4
40.11403508772028 5
40.11403508772028 11
40.11403508772028 12
40.11403508772028 13
40.11403508772028 19
40.11403508772028 20
40.11403508772028 21
40.11403508772028 27
40.11403508772028 28
40.11403508772028 29
40.11403508772028 35
40.11403508772028 36
40.11403508772028 37
40.11403508772028 43
40.11403508772028 44
40.11403508772028 45
40.11403508772028 53
40.122807017544844 3
40.122807017544844 10
40.122807017544844 18
40.122807017544844 26
40.122807017544844 34
40.131578947369405 9
40.131578947369405 17
40.131578947369405 25
40.131578947369405 33
40.131578947369405 41
40.14035087719397 2
40.14035087719397 8
40.14035087719397 16
40.14035087719397 24
40.14035087719397 32
40.14035087719397 40
40.14035087719397 54
40.14912280701853 1
40.14912280701853 23
40.14912280701853 39
40.14912280701853 47
40.15789473684309 0
40.15789473684309 15
40.15789473684309 38
40.15789473684309 46
40.16666666666765 14
40.16666666666765 22
40.16666666666765 30
40.175438596492214 6
40.59649122807117 56
40.59649122807117 57
40.59649122807117 58
40.59649122807117 59
40.605263157895735 49
40.605263157895735 50
40.605263157895735 51
40.605263157895735 52
40.605263157895735 53
40.605263157895735 55
40.614035087720296 41
40.614035087720296 42
40.614035087720296 43
40.614035087720296 44
40.614035087720296 45
40.614035087720296 48
40.62280701754486 33
40.62280701754486 34
40.62280701754486 35
40.62280701754486 36
40.62280701754486 37
40.62280701754486 40
40.63157894736942 25
40.63157894736942 26
40.63157894736942 27
40.63157894736942 28
40.63157894736942 29
40.63157894736942 32
40.63157894736942 39
40.64035087719398 17
40.64035087719398 18
40.64035087719398 19
40.64035087719398 20
40.64035087719398 21
40.64035087719398 24
40.64035087719398 31
40.64035087719398 38
40.64912280701854 9
40.64912280701854 10
40.64912280701854 11
40.64912280701854 12
40.64912280701854 13
40.64912280701854 16
40.64912280701854 23
40.64912280701854 30
40.657894736843105 3
40.657894736843105 4
40.657894736843105 5
40.657894736843105 8
40.657894736843105 15
40.657894736843105 22
40.666666666667666 1
40.666666666667666 2
40.666666666667666 7
40.666666666667666 14
40.67543859649223 0
41.622807017544886 15
41.622807017544886 23
41.622807017544886 24
41.622807017544886 25
41.622807017544886 26
41.622807017544886 27
41.622807017544886 28
41.622807017544886 29
41.622807017544886 32
41.622807017544886 33
41.622807017544886 34
41.622807017544886 35
41.622807017544886 36
41.622807017544886 37
41.622807017544886 41
41.622807017544886 42
41.622807017544886 43
41.622807017544886 44
41.622807017544886 45
41.622807017544886 49
41.622807017544886 50
41.622807017544886 51
41.622807017544886 52
41.622807017544886 53
41.622807017544886 57
41.622807017544886 58
41.622807017544886 59
41.63157894736945 14
41.63157894736945 17
41.63157894736945 18
41.63157894736945 19
41.63157894736945 20
41.63157894736945 21
41.63157894736945 22
41.63157894736945 30
41.63157894736945 31
41.63157894736945 38
41.63157894736945 39
41.64035087719401 6
41.64035087719401 9
41.64035087719401 10
41.64035087719401 11
41.64035087719401 12
41.64035087719401 13
41.64035087719401 16
41.64912280701857 3
41.64912280701857 4
41.64912280701857 5
41.64912280701857 8
41.65789473684313 1
41.65789473684313 2
41.666666666667695 0
42.02631578947472 32
42.140350877194024 41
42.140350877194024 42
42.140350877194024 43
42.140350877194024 44
42.140350877194024 45
42.140350877194024 49
42.140350877194024 50
42.140350877194024 51
42.140350877194024 52
42.140350877194024 53
42.140350877194024 57
42.140350877194024 58
42.140350877194024 59
42.149122807018585 33
42.149122807018585 34
42.149122807018585 35
42.149122807018585 36
42.149122807018585 37
42.149122807018585 40
42.149122807018585 48
42.15789473684315 25
42.15789473684315 26
42.15789473684315 27
42.15789473684315 28
42.15789473684315 29
42.15789473684315 32
42.15789473684315 39
42.15789473684315 47
42.16666666666771 17
42.16666666666771 18
42.16666666666771 19
42.16666666666771 20
42.16666666666771 21
42.16666666666771 24
42.16666666666771 31
42.16666666666771 38
42.16666666666771 46
42.17543859649227 9
42.17543859649227 10
42.17543859649227 11
42.17543859649227 12
42.17543859649227 13
42.17543859649227 16
42.17543859649227 23
42.17543859649227 30
42.18421052631683 3
42.18421052631683 4
42.18421052631683 5
42.18421052631683 8
42.18421052631683 15
42.18421052631683 22
42.192982456141394 1
42.192982456141394 2
42.192982456141394 7
42.192982456141394 14
42.201754385965955 0
42.201754385965955 6
42.65789473684316 2
42.65789473684316 3
42.65789473684316 9
42.65789473684316 10
42.65789473684316 11
42.65789473684316 12
42.65789473684316 13
42.65789473684316 17
42.65789473684316 18
42.65789473684316 19
42.65789473684316 20
42.65789473684316 21
42.65789473684316 25
42.65789473684316 26
42.65789473684316 27
42.65789473684316 28
42.65789473684316 29
42.65789473684316 33
42.65789473684316 34
42.65789473684316 35
42.65789473684316 36
42.65789473684316 37
42.65789473684316 41
42.65789473684316 42
42.65789473684316 43
42.65789473684316 44
42.65789473684316 45
42.65789473684316 49
42.65789473684316 50
42.65789473684316 51
42.65789473684316 52
42.65789473684316 53
42.65789473684316 57
42.65789473684316 58
42.65789473684316 59
42.66666666666772 1
42.66666666666772 5
42.66666666666772 8
42.66666666666772 16
42.66666666666772 24
42.66666666666772 32
42.66666666666772 40
42.66666666666772 48
42.675438596492285 0
42.675438596492285 4
42.675438596492285 7
42.675438596492285 15
42.675438596492285 23
42.675438596492285 39
42.675438596492285 47
42.684210526316846 14
42.684210526316846 22
42.684210526316846 30
42.684210526316846 31
42.684210526316846 38
42.684210526316846 46
43.105263157895806 55
43.24561403508879 27
43.24561403508879 28
43.24561403508879 29
43.24561403508879 35
43.24561403508879 36
43.24561403508879 37
43.24561403508879 43
43.24561403508879 44
43.24561403508879 45
43.24561403508879 52
43.24561403508879 53
43.24561403508879 59
43.254385964913354 19
43.254385964913354 20
43.254385964913354 21
43.254385964913354 26
43.254385964913354 34
43.254385964913354 42
43.254385964913354 50
43.254385964913354 57
43.254385964913354 58
43.263157894737915 11
43.263157894737915 12
43.263157894737915 13
43.263157894737915 18
43.263157894737915 25
43.263157894737915 33
43.263157894737915 41
43.263157894737915 49
43.263157894737915 56
43.27192982456248 4
43.27192982456248 5
43.27192982456248 10
43.27192982456248 17
43.27192982456248 24
43.27192982456248 32
43.27192982456248 40
43.27192982456248 48
43.28070175438704 3
43.28070175438704 9
43.28070175438704 16
43.28070175438704 23
43.28070175438704 31
43.28070175438704 39
43.28070175438704 47
43.2894736842116 2
43.2894736842116 8
43.2894736842116 15
43.2894736842116 30
43.2894736842116 38
43.2894736842116 46
43.29824561403616 1
43.29824561403616 7
43.29824561403616 14
43.29824561403616 22
43.307017543860724 0
43.307017543860724 6
43.33333333333441 15
43.75438596491337 12
43.75438596491337 13
43.76315789473793 5
43.76315789473793 11
43.76315789473793 19
43.76315789473793 27
43.76315789473793 28
43.76315789473793 29
43.76315789473793 35
43.76315789473793 36
43.76315789473793 37
43.76315789473793 43
43.76315789473793 44
43.76315789473793 45
43.76315789473793 52
43.76315789473793 53
43.76315789473793 59
43.77192982456249 4
43.77192982456249 10
43.77192982456249 18
43.77192982456249 26
43.77192982456249 34
43.77192982456249 42
43.77192982456249 50
43.77192982456249 57
43.77192982456249 58
43.78070175438705 3
43.78070175438705 9
43.78070175438705 17
43.78070175438705 25
43.78070175438705 33
43.78070175438705 41
43.78070175438705 49
43.78070175438705 56
43.789473684211615 2
43.789473684211615 8
43.789473684211615 16
43.789473684211615 24
43.789473684211615 32
43.789473684211615 40
43.789473684211615 48
43.789473684211615 55
43.798245614036176 1
43.798245614036176 23
43.798245614036176 31
43.798245614036176 39
43.798245614036176 47
43.798245614036176 54
43.80701754386074 0
43.80701754386074 15
43.80701754386074 30
43.80701754386074 38
43.80701754386074 46
43.8157894736853 14
43.8157894736853 22
43.82456140350986 6
44.02631578947478 21
44.03508771929934 20
44.39473684210637 37
44.40350877193093 36
44.40350877193093 44
44.40350877193093 52
44.40350877193093 53
44.40350877193093 59
44.41228070175549 28
44.41228070175549 35
44.41228070175549 43
44.41228070175549 51
44.41228070175549 58
44.421052631580054 20
44.421052631580054 27
44.421052631580054 42
44.421052631580054 50
44.421052631580054 57
44.429824561404615 12
44.429824561404615 13
44.429824561404615 19
44.429824561404615 26
44.429824561404615 41
44.429824561404615 49
44.429824561404615 56
44.43859649122918 5
44.43859649122918 11
44.43859649122918 18
44.43859649122918 25
44.43859649122918 33
44.43859649122918 40
44.43859649122918 48
44.43859649122918 55
44.44736842105374 1
44.44736842105374 4
44.44736842105374 8
44.44736842105374 9
44.44736842105374 10
44.44736842105374 17
44.44736842105374 24
44.44736842105374 32
44.44736842105374 39
44.44736842105374 47
44.44736842105374 54
44.4561403508783 0
44.4561403508783 2
44.4561403508783 3
44.4561403508783 7
44.4561403508783 23
44.4561403508783 31
44.4561403508783 38
44.4561403508783 46
44.46491228070286 6
44.46491228070286 14
44.46491228070286 15
44.46491228070286 22
44.46491228070286 30
44.97368421052744 26
44.97368421052744 27
44.97368421052744 28
44.97368421052744 29
44.97368421052744 35
44.97368421052744 36
44.97368421052744 37
44.97368421052744 43
44.97368421052744 44
44.97368421052744 45
44.97368421052744 52
44.97368421052744 53
44.97368421052744 59
44.982456140352 19
44.982456140352 20
44.982456140352 21
44.982456140352 25
44.982456140352 33
44.982456140352 41
44.982456140352 42
44.982456140352 49
44.982456140352 50
44.982456140352 57
44.982456140352 58
44.99122807017656 11
44.99122807017656 12
44.99122807017656 13
44.99122807017656 17
44.99122807017656 18
44.99122807017656 24
44.99122807017656 32
44.99122807017656 40
44.99122807017656 48
45.00000000000112 4
45.00000000000112 5
45.00000000000112 9
45.00000000000112 10
45.00000000000112 16
45.00000000000112 23
45.00000000000112 31
45.00000000000112 39
45.00000000000112 47
45.008771929825684 3
45.008771929825684 8
45.008771929825684 15
45.008771929825684 30
45.008771929825684 38
45.008771929825684 46
45.017543859650246 1
45.017543859650246 2
45.017543859650246 7
45.017543859650246 14
45.017543859650246 22
45.02631578947481 0
45.02631578947481 6
45.45614035087833 46
45.46491228070289 38
45.46491228070289 39
45.46491228070289 40
45.46491228070289 41
45.47368421052745 30
45.47368421052745 33
45.482456140352014 25
45.482456140352014 26
45.482456140352014 27
45.482456140352014 28
45.482456140352014 29
45.482456140352014 35
45.482456140352014 36
45.482456140352014 37
45.482456140352014 43
45.482456140352014 44
45.482456140352014 45
45.482456140352014 53
45.491228070176575 17
45.491228070176575 18
45.491228070176575 19
45.491228070176575 20
45.491228070176575 21
45.491228070176575 24
45.491228070176575 32
45.491228070176575 42
45.491228070176575 50
45.491228070176575 57
45.491228070176575 58
45.491228070176575 59
45.50000000000114 9
45.50000000000114 10
45.50000000000114 11
45.50000000000114 12
45.50000000000114 13
45.50000000000114 16
45.50000000000114 23
45.50000000000114 49
45.50000000000114 56
45.5087719298257 3
45.5087719298257 4
45.5087719298257 5
45.5087719298257 8
45.5087719298257 15
45.5087719298257 22
45.5087719298257 55
45.51754385965026 1
45.51754385965026 2
45.51754385965026 7
45.51754385965026 14
45.52631578947482 0
45.55263157894851 15
45.99122807017659 28
45.99122807017659 29
45.99122807017659 36
45.99122807017659 37
45.99122807017659 44
45.99122807017659 45
45.99122807017659 52
45.99122807017659 53
45.99122807017659 59
46.00000000000115 20
46.00000000000115 21
46.00000000000115 27
46.00000000000115 35
46.00000000000115 43
46.00000000000115 51
46.00000000000115 58
46.00877192982571 12
46.00877192982571 13
46.00877192982571 19
46.00877192982571 26
46.00877192982571 34
46.00877192982571 42
46.00877192982571 50
46.00877192982571 57
46.017543859650274 5
46.017543859650274 11
46.017543859650274 18
46.017543859650274 25
46.017543859650274 33
46.017543859650274 41
46.017543859650274 49
46.017543859650274 56
46.026315789474836 4
46.026315789474836 10
46.026315789474836 17
46.026315789474836 24
46.026315789474836 32
46.026315789474836 40
46.026315789474836 48
46.026315789474836 55
46.0350877192994 3
46.0350877192994 9
46.0350877192994 16
46.0350877192994 23
46.0350877192994 31
46.0350877192994 39
46.0350877192994 47
46.0350877192994 54
46.04385964912396 2
46.04385964912396 8
46.04385964912396 15
46.04385964912396 30
46.04385964912396 38
46.04385964912396 46
46.05263157894852 1
46.05263157894852 7
46.05263157894852 14
46.05263157894852 22
46.06140350877308 0
46.06140350877308 6
46.438596491229234 15
46.438596491229234 23
46.447368421053795 14
46.447368421053795 22
46.447368421053795 30
46.447368421053795 38
46.447368421053795 39
46.447368421053795 40
46.447368421053795 41
47.15789473684329 47
47.16666666666785 39
47.16666666666785 40
47.16666666666785 41
47.16666666666785 42
47.16666666666785 43
47.16666666666785 44
47.16666666666785 45
47.16666666666785 49
47.16666666666785 50
47.16666666666785 51
47.16666666666785 52
47.16666666666785 53
47.16666666666785 57
47.16666666666785 58
47.16666666666785 59
47.17543859649241 33
47.17543859649241 34
47.17543859649241 35
47.17543859649241 36
47.17543859649241 37
47.17543859649241 38
47.17543859649241 46
47.184210526316974 25
47.184210526316974 26
47.184210526316974 27
47.184210526316974 28
47.184210526316974 29
47.184210526316974 30
47.192982456141536 17
47.192982456141536 18
47.192982456141536 19
47.192982456141536 20
47.192982456141536 21
47.192982456141536 24
47.192982456141536 32
47.2017543859661 9
47.2017543859661 10
47.2017543859661 11
47.2017543859661 12
47.2017543859661 13
47.2017543859661 16
47.2017543859661 23
47.21052631579066 3
47.21052631579066 4
47.21052631579066 5
47.21052631579066 8
47.21052631579066 15
47.21052631579066 22
47.21929824561522 1
47.21929824561522 2
47.21929824561522 7
47.21929824561522 14
47.22807017543978 0
47.22807017543978 6
47.36842105263277 25
47.64035087719418 1
47.64035087719418 8
47.64035087719418 9
47.64035087719418 10
47.64035087719418 11
47.64035087719418 17
47.64035087719418 18
47.64035087719418 19
47.64035087719418 20
47.64035087719418 25
47.64035087719418 26
47.64035087719418 28
47.64035087719418 29
47.64035087719418 37
47.64912280701874 0
47.64912280701874 3
47.64912280701874 4
47.64912280701874 5
47.64912280701874 7
47.64912280701874 27
47.64912280701874 35
47.64912280701874 36
47.64912280701874 43
47.64912280701874 44
48.28070175438718 3
48.28070175438718 10
48.28070175438718 11
48.28070175438718 12
48.28070175438718 13
48.28070175438718 19
48.28070175438718 20
48.28070175438718 21
48.28070175438718 27
48.28070175438718 28
48.28070175438718 29
48.28070175438718 35
48.28070175438718 36
48.28070175438718 37
48.28070175438718 43
48.28070175438718 44
48.28070175438718 45
48.28070175438718 52
48.28070175438718 53
48.28070175438718 59
48.28947368421174 5
48.28947368421174 9
48.28947368421174 17
48.28947368421174 18
48.28947368421174 25
48.28947368421174 26
48.28947368421174 33
48.28947368421174 34
48.28947368421174 41
48.28947368421174 42
48.28947368421174 49
48.28947368421174 50
48.28947368421174 57
48.28947368421174 58
48.298245614036304 2
48.298245614036304 4
48.298245614036304 8
48.298245614036304 16
48.298245614036304 24
48.298245614036304 32
48.298245614036304 40
48.298245614036304 48
48.307017543860866 1
48.307017543860866 23
48.307017543860866 31
48.307017543860866 39
48.307017543860866 47
48.31578947368543 0
48.31578947368543 15
48.31578947368543 30
48.31578947368543 38
48.31578947368543 46
48.32456140350999 14
48.32456140350999 22
48.33333333333455 6
48.60526315789596 26
48.614035087720524 25
48.622807017545085 17
48.622807017545085 18
48.622807017545085 19
48.622807017545085 20
48.622807017545085 28
48.63157894736965 9
48.63157894736965 10
48.63157894736965 11
48.64035087719421 4
48.64035087719421 8
48.64912280701877 1
48.65789473684333 0
48.98245614035211 36
48.98245614035211 37
48.98245614035211 44
48.98245614035211 45
48.98245614035211 52
48.98245614035211 53
48.98245614035211 59
48.991228070176675 28
48.991228070176675 29
48.991228070176675 35
48.991228070176675 43
48.991228070176675 51
48.991228070176675 58
49.000000000001236 20
49.000000000001236 21
49.000000000001236 27
49.000000000001236 42
49.000000000001236 50
49.000000000001236 57
49.0087719298258 12
49.0087719298258 13
49.0087719298258 19
49.0087719298258 26
49.0087719298258 41
49.0087719298258 49
49.0087719298258 56
49.01754385965036 5
49.01754385965036 11
49.01754385965036 18
49.01754385965036 25
49.01754385965036 33
49.01754385965036 40
49.01754385965036 48
49.01754385965036 55
49.02631578947492 4
49.02631578947492 10
49.02631578947492 17
49.02631578947492 24
49.02631578947492 32
49.02631578947492 39
49.02631578947492 47
49.02631578947492 54
49.03508771929948 3
49.03508771929948 9
49.03508771929948 16
49.03508771929948 23
49.03508771929948 31
49.03508771929948 38
49.03508771929948 46
49.043859649124045 2
49.043859649124045 8
49.043859649124045 15
49.043859649124045 30
49.052631578948606 1
49.052631578948606 7
49.052631578948606 14
49.052631578948606 22
49.06140350877317 0
49.06140350877317 6
49.368421052632826 1
49.368421052632826 8
49.368421052632826 9
49.368421052632826 10
49.368421052632826 11
49.368421052632826 17
49.368421052632826 18
49.368421052632826 19
49.368421052632826 20
49.368421052632826 25
49.368421052632826 26
49.368421052632826 28
49.368421052632826 29
49.37719298245739 0
49.37719298245739 4
49.39473684210651 55
49.54385964912406 54
50.9298245614048 57
50.9298245614048 58
50.9298245614048 59
50.93859649122936 50
50.93859649122936 51
50.93859649122936 52
50.93859649122936 53
50.94736842105392 42
50.94736842105392 43
50.94736842105392 44
50.94736842105392 45
50.94736842105392 49
50.956140350878485 35
50.956140350878485 36
50.956140350878485 37
50.956140350878485 41
50.96491228070305 27
50.96491228070305 28
50.96491228070305 29
50.96491228070305 33
50.96491228070305 40
50.97368421052761 19
50.97368421052761 20
50.97368421052761 21
50.97368421052761 25
50.97368421052761 26
50.97368421052761 32
50.97368421052761 39
50.98245614035217 11
50.98245614035217 12
50.98245614035217 13
50.98245614035217 17
50.98245614035217 18
50.98245614035217 24
50.98245614035217 31
50.98245614035217 38
50.99122807017673 4
50.99122807017673 5
50.99122807017673 9
50.99122807017673 10
50.99122807017673 16
50.99122807017673 23
50.99122807017673 30
51.00000000000129 3
51.00000000000129 8
51.00000000000129 15
51.00000000000129 22
51.008771929825855 1
51.008771929825855 2
51.008771929825855 7
51.008771929825855 14
51.01754385965042 0
51.01754385965042 6
51.55263157894868 14
51.56140350877324 6
51.56140350877324 7
51.56140350877324 8
51.56140350877324 9
51.56140350877324 10
51.56140350877324 11
51.56140350877324 12
51.56140350877324 13
51.56140350877324 15
51.56140350877324 16
51.56140350877324 17
51.56140350877324 18
51.56140350877324 19
51.56140350877324 20
51.56140350877324 21
51.56140350877324 23
51.56140350877324 24
51.56140350877324 25
51.56140350877324 26
51.56140350877324 27
51.56140350877324 28
51.56140350877324 29
51.56140350877324 32
51.56140350877324 33
51.56140350877324 34
51.56140350877324 35
51.56140350877324 36
51.56140350877324 37
51.56140350877324 41
51.56140350877324 42
51.56140350877324 43
51.56140350877324 44
51.56140350877324 45
51.56140350877324 49
51.56140350877324 50
51.56140350877324 51
51.56140350877324 52
51.56140350877324 53
51.56140350877324 57
51.56140350877324 58
51.56140350877324 59
51.5701754385978 0
51.5701754385978 1
51.5701754385978 2
51.5701754385978 3
51.5701754385978 4
51.5701754385978 5
51.5701754385978 22
51.5701754385978 30
51.5701754385978 31
51.5701754385978 38
51.5701754385978 39
52.017543859650445 47
52.02631578947501 39
52.02631578947501 40
52.02631578947501 41
52.03508771929957 38
52.03508771929957 46
52.04385964912413 30
52.131578947369746 1
52.131578947369746 8
52.131578947369746 9
52.131578947369746 10
52.131578947369746 11
52.131578947369746 12
52.131578947369746 13
52.131578947369746 17
52.131578947369746 18
52.131578947369746 19
52.131578947369746 20
52.131578947369746 21
52.131578947369746 25
52.131578947369746 26
52.131578947369746 27
52.131578947369746 28
52.131578947369746 29
52.131578947369746 33
52.131578947369746 34
52.131578947369746 35
52.131578947369746 36
52.131578947369746 37
52.131578947369746 41
52.131578947369746 42
52.131578947369746 43
52.131578947369746 44
52.131578947369746 45
52.131578947369746 49
52.131578947369746 50
52.131578947369746 51
52.131578947369746 52
52.131578947369746 53
52.131578947369746 57
52.131578947369746 58
52.131578947369746 59
52.14035087719431 0
52.14035087719431 2
52.14035087719431 3
52.14035087719431 4
52.14035087719431 5
52.14035087719431 7
52.14035087719431 24
52.14035087719431 32
52.14912280701887 6
52.14912280701887 14
52.14912280701887 15
52.14912280701887 16
52.14912280701887 22
52.14912280701887 23
52.14912280701887 31
53.04385964912416 25
53.04385964912416 26
53.04385964912416 27
53.04385964912416 28
53.04385964912416 29
53.04385964912416 33
53.04385964912416 34
53.04385964912416 35
53.04385964912416 36
53.04385964912416 36
53.04385964912416 37
53.04385964912416 41
53.04385964912416 42
53.04385964912416 43
53.04385964912416 44
53.04385964912416 45
53.04385964912416 49
53.04385964912416 50
53.04385964912416 51
53.04385964912416 52
53.04385964912416 53
53.04385964912416 57
53.04385964912416 58
53.04385964912416 59
53.05263157894872 17
53.05263157894872 18
53.05263157894872 19
53.05263157894872 20
53.05263157894872 21
53.05263157894872 24
53.05263157894872 32
53.05263157894872 40
53.05263157894872 48
53.06140350877328 9
53.06140350877328 10
53.06140350877328 11
53.06140350877328 12
53.06140350877328 13
53.06140350877328 16
53.06140350877328 23
53.06140350877328 31
53.06140350877328 39
53.06140350877328 47
53.07017543859784 3
53.07017543859784 4
53.07017543859784 5
53.07017543859784 8
53.07017543859784 15
53.07017543859784 30
53.07017543859784 38
53.07017543859784 46
53.078947368422405 1
53.078947368422405 1
53.078947368422405 2
53.078947368422405 7
53.078947368422405 14
53.078947368422405 22
53.08771929824697 0
53.08771929824697 6
53.53508771929961 4
53.53508771929961 5
53.53508771929961 11
53.53508771929961 12
53.53508771929961 13
53.53508771929961 19
53.53508771929961 20
53.53508771929961 21
53.53508771929961 27
53.53508771929961 28
53.53508771929961 29
53.53508771929961 35
53.53508771929961 36
53.53508771929961 37
53.53508771929961 43
53.53508771929961 44
53.53508771929961 45
53.53508771929961 53
53.54385964912417 3
53.54385964912417 10
53.54385964912417 18
53.54385964912417 26
53.54385964912417 34
53.552631578948734 9
53.552631578948734 17
53.552631578948734 25
53.552631578948734 33
53.552631578948734 41
53.552631578948734 42
53.552631578948734 50
53.552631578948734 57
53.552631578948734 58
53.552631578948734 59
53.561403508773296 2
53.561403508773296 8
53.561403508773296 16
53.561403508773296 24
53.561403508773296 32
53.561403508773296 40
53.561403508773296 49
53.561403508773296 52
53.561403508773296 56
53.57017543859786 1
53.57017543859786 23
53.57017543859786 39
53.57017543859786 55
53.57894736842242 0
53.57894736842242 15
53.57894736842242 38
53.58771929824698 14
53.58771929824698 22
53.58771929824698 30
53.89473684210664 44
53.9035087719312 43
54.561403508773324 0
54.561403508773324 1
54.561403508773324 7
54.561403508773324 8
54.561403508773324 9
54.561403508773324 10
54.561403508773324 11
54.561403508773324 12
54.561403508773324 13
54.561403508773324 17
54.561403508773324 18
54.561403508773324 19
54.561403508773324 20
54.561403508773324 21
54.561403508773324 25
54.561403508773324 26
54.561403508773324 27
54.561403508773324 28
54.561403508773324 29
54.561403508773324 33
54.561403508773324 34
54.561403508773324 35
54.561403508773324 36
54.561403508773324 37
54.561403508773324 41
54.561403508773324 42
54.561403508773324 43
54.561403508773324 44
54.561403508773324 45
54.561403508773324 49
54.561403508773324 50
54.561403508773324 51
54.561403508773324 52
54.561403508773324 53
54.561403508773324 54
54.561403508773324 57
54.561403508773324 58
54.561403508773324 59
54.570175438597886 2
54.570175438597886 3
54.570175438597886 4
54.570175438597886 5
54.570175438597886 6
54.570175438597886 14
54.570175438597886 15
54.570175438597886 23
54.570175438597886 24
54.570175438597886 32
54.570175438597886 40
54.570175438597886 48
54.57894736842245 22
54.57894736842245 30
54.57894736842245 31
54.57894736842245 38
54.57894736842245 39
54.57894736842245 47
54.58771929824701 46
55.096491228071585 37
55.10526315789615 36
55.10526315789615 44
55.10526315789615 52
55.10526315789615 53
55.10526315789615 59
55.11403508772071 28
55.11403508772071 35
55.11403508772071 43
55.11403508772071 51
55.11403508772071 58
55.12280701754527 20
55.12280701754527 27
55.12280701754527 42
55.12280701754527 50
55.12280701754527 57
55.13157894736983 12
55.13157894736983 13
55.13157894736983 19
55.13157894736983 26
55.13157894736983 41
55.13157894736983 49
55.13157894736983 56
55.14035087719439 5
55.14035087719439 11
55.14035087719439 18
55.14035087719439 25
55.14035087719439 33
55.14035087719439 40
55.14035087719439 48
55.14035087719439 55
55.149122807018955 4
55.149122807018955 10
55.149122807018955 17
55.149122807018955 24
55.149122807018955 32
55.149122807018955 39
55.149122807018955 47
55.149122807018955 54
55.15789473684352 3
55.15789473684352 9
55.15789473684352 16
55.15789473684352 23
55.15789473684352 31
55.15789473684352 38
55.15789473684352 46
55.16666666666808 2
55.16666666666808 8
55.16666666666808 15
55.16666666666808 30
55.17543859649264 1
55.17543859649264 7
55.17543859649264 14
55.17543859649264 22
55.1842105263172 0
55.1842105263172 6
55.81578947368564 41
55.81578947368564 42
55.81578947368564 43
55.81578947368564 44
55.81578947368564 45
55.81578947368564 49
55.81578947368564 50
55.81578947368564 51
55.81578947368564 52
55.81578947368564 53
55.81578947368564 57
55.81578947368564 58
55.81578947368564 59
55.8245614035102 33
55.8245614035102 34
55.8245614035102 35
55.8245614035102 36
55.8245614035102 37
55.8245614035102 40
55.8245614035102 48
55.833333333334764 25
55.833333333334764 26
55.833333333334764 27
55.833333333334764 28
55.833333333334764 29
55.833333333334764 32
55.833333333334764 39
55.833333333334764 47
55.842105263159326 17
55.842105263159326 18
55.842105263159326 19
55.842105263159326 20
55.842105263159326 21
55.842105263159326 24
55.842105263159326 31
55.842105263159326 38
55.842105263159326 46
55.85087719298389 9
55.85087719298389 10
55.85087719298389 11
55.85087719298389 12
55.85087719298389 13
55.85087719298389 16
55.85087719298389 23
55.85087719298389 30
55.85964912280845 3
55.85964912280845 4
55.85964912280845 5
55.85964912280845 8
55.85964912280845 15
55.85964912280845 22
55.86842105263301 1
55.86842105263301 2
55.86842105263301 7
55.86842105263301 14
55.87719298245757 0
55.87719298245757 6
56.34210526315934 33
56.34210526315934 41
56.34210526315934 42
56.34210526315934 43
56.34210526315934 44
56.34210526315934 45
56.34210526315934 49
56.34210526315934 50
56.34210526315934 51
56.34210526315934 52
56.34210526315934 53
56.34210526315934 57
56.34210526315934 58
56.34210526315934 59
56.3508771929839 25
56.3508771929839 26
56.3508771929839 27
56.3508771929839 28
56.3508771929839 29
56.3508771929839 32
56.3508771929839 35
56.3508771929839 36
56.3508771929839 37
56.3508771929839 40
56.3508771929839 48
56.35964912280846 17
56.35964912280846 18
56.35964912280846 19
56.35964912280846 20
56.35964912280846 21
56.35964912280846 24
56.35964912280846 39
56.35964912280846 47
56.368421052633025 9
56.368421052633025 10
56.368421052633025 11
56.368421052633025 12
56.368421052633025 13
56.368421052633025 16
56.368421052633025 23
56.368421052633025 31
56.368421052633025 38
56.368421052633025 46
56.377192982457586 3
56.377192982457586 4
56.377192982457586 5
56.377192982457586 8
56.377192982457586 15
56.377192982457586 30
56.38596491228215 1
56.38596491228215 2
56.38596491228215 7
56.38596491228215 14
56.38596491228215 22
56.39473684210671 0
56.39473684210671 6
56.429824561404956 19
56.43859649122952 18
57.271929824562875 10
57.271929824562875 11
57.271929824562875 12
57.271929824562875 13
57.271929824562875 19
57.271929824562875 20
57.271929824562875 21
57.271929824562875 27
57.271929824562875 28
57.271929824562875 29
57.271929824562875 35
57.271929824562875 36
57.271929824562875 37
57.271929824562875 43
57.271929824562875 44
57.271929824562875 45
57.271929824562875 52
57.271929824562875 53
57.271929824562875 59
57.28070175438744 3
57.28070175438744 4
57.28070175438744 5
57.28070175438744 9
57.28070175438744 17
57.28070175438744 18
57.28070175438744 25
57.28070175438744 26
57.28070175438744 33
57.28070175438744 34
57.28070175438744 41
57.28070175438744 42
57.28070175438744 49
57.28070175438744 50
57.28070175438744 57
57.28070175438744 58
57.289473684212 2
57.289473684212 8
57.289473684212 16
57.289473684212 24
57.289473684212 32
57.289473684212 40
57.289473684212 48
57.29824561403656 1
57.29824561403656 23
57.29824561403656 31
57.29824561403656 39
57.29824561403656 47
57.30701754386112 0
57.30701754386112 15
57.30701754386112 30
57.30701754386112 38
57.30701754386112 46
57.31578947368568 14
57.31578947368568 22
57.324561403510245 6
58.63157894736993 32
58.63157894736993 33
58.63157894736993 41
58.63157894736993 42
58.63157894736993 43
58.63157894736993 44
58.63157894736993 45
58.63157894736993 49
58.63157894736993 50
58.63157894736993 51
58.63157894736993 52
58.63157894736993 53
58.63157894736993 57
58.63157894736993 58
58.63157894736993 59
58.64035087719449 24
58.64035087719449 25
58.64035087719449 26
58.64035087719449 27
58.64035087719449 28
58.64035087719449 29
58.64035087719449 35
58.64035087719449 36
58.64035087719449 37
58.649122807019054 16
58.649122807019054 17
58.649122807019054 18
58.649122807019054 19
58.649122807019054 20
58.649122807019054 21
58.649122807019054 23
58.657894736843616 9
58.657894736843616 10
58.657894736843616 11
58.657894736843616 12
58.657894736843616 13
58.657894736843616 15
58.66666666666818 3
58.66666666666818 4
58.66666666666818 5
58.66666666666818 14
58.66666666666818 22
58.66666666666818 30
58.66666666666818 38
58.66666666666818 39
58.66666666666818 40
58.67543859649274 2
58.67543859649274 6
58.6842105263173 1
58.6842105263173 8
58.69298245614186 0
58.69298245614186 7
58.9824561403524 55
59.763157894738384 23
59.763157894738384 24
59.763157894738384 25
59.763157894738384 26
59.763157894738384 27
59.763157894738384 28
59.763157894738384 29
59.763157894738384 32
59.763157894738384 33
59.763157894738384 34
59.763157894738384 35
59.763157894738384 36
59.763157894738384 37
59.763157894738384 41
59.763157894738384 42
59.763157894738384 43
59.763157894738384 44
59.763157894738384 45
59.763157894738384 49
59.763157894738384 50
59.763157894738384 51
59.763157894738384 52
59.763157894738384 53
59.763157894738384 57
59.763157894738384 58
59.763157894738384 59
59.771929824562946 16
59.771929824562946 17
59.771929824562946 18
59.771929824562946 19
59.771929824562946 20
59.771929824562946 21
59.78070175438751 9
59.78070175438751 10
59.78070175438751 11
59.78070175438751 12
59.78070175438751 13
59.78070175438751 15
59.78947368421207 3
59.78947368421207 4
59.78947368421207 5
59.78947368421207 14
59.78947368421207 22
59.78947368421207 30
59.78947368421207 38
59.78947368421207 39
59.78947368421207 40
59.79824561403663 2
59.79824561403663 6
59.80701754386119 1
59.80701754386119 8
59.815789473685754 0
59.815789473685754 7
