1 0
1 2
1 4
1 12
1 14
1 15
1 16
1 20
1 21
1 23
1 24
1 25
1 26
1 28
1 29
1 30
1 34
1 35
1 36
1 37
1 38
1 43
1 44
1 46
1 48
1 49
1 50
1 51
1 52
1 53
1 56
1 60
1 62
2 3
2 4
2 6
2 10
2 11
2 13
2 16
2 21
2 23
2 26
2 29
2 32
2 33
2 40
2 41
2 44
2 46
2 47
2 51
2 54
2 58
2 62
2 63
3 2
3 5
3 6
3 14
3 17
3 19
3 20
3 21
3 27
3 28
3 31
3 32
3 33
3 37
3 41
3 42
3 43
3 45
3 52
3 53
3 56
3 57
3 58
3 62
4 0
4 1
4 4
4 5
4 10
4 12
4 14
4 18
4 20
4 25
4 27
4 32
4 33
4 36
4 39
4 40
4 42
4 43
4 47
4 48
4 51
4 53
4 55
4 57
4 58
4 60
5 1
5 4
5 6
5 8
5 11
5 14
5 19
5 22
5 25
5 28
5 31
5 32
5 33
5 35
5 36
5 37
5 40
5 42
5 44
5 48
5 51
5 55
5 63
6 2
6 3
6 5
6 6
6 7
6 9
6 11
6 13
6 14
6 16
6 18
6 19
6 21
6 22
6 23
6 25
6 26
6 27
6 28
6 31
6 33
6 35
6 43
6 47
6 48
6 50
6 52
6 55
6 58
6 61
6 63
7 0
7 4
7 7
7 9
7 10
7 14
7 15
7 16
7 21
7 22
7 26
7 29
7 30
7 33
7 34
7 41
7 42
7 49
7 50
7 52
7 53
7 55
7 57
7 60
7 61
8 0
8 3
8 4
8 7
8 9
8 14
8 15
8 21
8 26
8 28
8 29
8 30
8 33
8 34
8 36
8 37
8 44
8 46
8 47
8 48
8 50
8 51
8 53
8 57
8 59
8 61
8 63
9 1
9 9
9 11
9 19
9 20
9 23
9 25
9 26
9 28
9 29
9 31
9 40
9 46
9 47
9 49
9 52
9 57
9 59
9 62
9 63
10 0
10 1
10 5
10 6
10 8
10 10
10 15
10 16
10 17
10 20
10 22
10 27
10 29
10 36
10 40
10 41
10 44
10 48
10 51
10 53
10 56
10 57
10 60
11 1
11 3
11 4
11 5
11 6
11 10
11 11
11 15
11 21
11 23
11 24
11 27
11 28
11 29
11 30
11 32
11 34
11 42
11 51
11 52
11 53
11 54
11 57
11 59
12 0
12 1
12 6
12 7
12 9
12 12
12 13
12 14
12 17
12 18
12 21
12 26
12 33
12 34
12 36
12 37
12 40
12 42
12 47
12 50
12 55
12 58
13 0
13 4
13 6
13 8
13 9
13 10
13 14
13 15
13 16
13 17
13 20
13 28
13 29
13 31
13 33
13 38
13 39
13 44
13 49
13 50
13 52
13 53
13 54
13 55
13 60
13 62
14 0
14 3
14 9
14 11
14 23
14 27
14 31
14 34
14 37
14 41
14 43
14 48
14 51
14 52
14 54
14 56
14 59
15 0
15 3
15 5
15 6
15 7
15 9
15 13
15 17
15 18
15 21
15 26
15 28
15 29
15 30
15 33
15 34
15 35
15 39
15 40
15 43
15 45
15 47
15 48
15 50
15 51
15 53
15 55
15 56
15 62
15 63
16 0
16 4
16 5
16 6
16 9
16 12
16 14
16 15
16 16
16 17
16 20
16 21
16 22
16 27
16 31
16 34
16 35
16 37
16 38
16 39
16 46
16 53
16 58
16 61
17 1
17 4
17 5
17 6
17 16
17 18
17 22
17 27
17 33
17 39
17 41
17 42
17 44
17 48
17 50
17 53
17 56
17 59
17 60
17 61
17 62
17 63
18 1
18 3
18 7
18 9
18 11
18 12
18 13
18 17
18 19
18 21
18 23
18 24
18 25
18 27
18 28
18 29
18 31
18 32
18 35
18 38
18 40
18 45
18 46
18 48
18 53
18 56
18 57
18 59
18 62
1 0
1 2
1 4
1 6
1 10
1 12
1 13
1 14
1 15
1 16
1 20
1 21
1 23
1 24
1 25
1 26
1 28
1 29
1 30
1 34
1 35
1 36
1 37
1 38
1 43
1 44
1 46
1 49
1 51
1 52
1 53
1 56
1 58
1 59
1 60
1 62
2 4
2 6
2 7
2 9
2 14
2 16
2 20
2 21
2 23
2 24
2 26
2 29
2 32
2 33
2 44
2 46
2 48
2 53
2 54
2 56
2 57
2 59
2 60
2 62
3 2
3 3
3 4
3 6
3 10
3 12
3 14
3 17
3 23
3 24
3 25
3 28
3 29
3 31
3 33
3 37
3 39
3 43
3 47
3 48
3 50
3 53
3 57
3 58
3 62
3 63
4 1
4 4
4 5
4 8
4 10
4 11
4 12
4 14
4 19
4 20
4 22
4 23
4 24
4 27
4 29
4 30
4 31
4 33
4 34
4 37
4 40
4 41
4 46
4 47
4 59
4 61
4 62
5 0
5 5
5 10
5 14
5 17
5 18
5 20
5 22
5 27
5 28
5 31
5 38
5 39
5 41
5 44
5 45
5 46
5 48
5 51
5 52
5 57
5 62
5 63
6 4
6 5
6 6
6 13
6 14
6 15
6 18
6 21
6 22
6 24
6 25
6 30
6 32
6 33
6 34
6 35
6 39
6 43
6 46
6 47
6 48
6 49
6 50
6 52
6 56
6 59
6 60
6 63
7 2
7 3
7 5
7 8
7 10
7 11
7 12
7 19
7 20
7 22
7 24
7 28
7 29
7 33
7 35
7 38
7 40
7 41
7 43
7 47
7 49
7 50
7 53
7 54
7 56
7 57
7 61
8 1
8 2
8 8
8 13
8 17
8 18
8 21
8 28
8 30
8 31
8 35
8 38
8 40
8 42
8 44
8 57
9 2
9 3
9 5
9 8
9 9
9 11
9 15
9 17
9 25
9 26
9 30
9 31
9 33
9 34
9 35
9 36
9 37
9 39
9 40
9 41
9 44
9 46
9 49
9 52
9 54
9 55
9 57
9 60
9 61
9 62
9 63
10 0
10 8
10 11
10 13
10 15
10 17
10 18
10 24
10 26
10 31
10 34
10 36
10 37
10 38
10 39
10 40
10 43
10 54
10 57
10 61
10 63
11 3
11 7
11 8
11 12
11 13
11 14
11 21
11 22
11 28
11 33
11 34
11 39
11 40
11 42
11 44
11 45
11 48
11 50
11 51
11 53
11 55
11 58
11 59
11 60
11 63
12 1
12 2
12 8
12 9
12 10
12 11
12 12
12 13
12 14
12 16
12 18
12 21
12 22
12 24
12 25
12 29
12 30
12 34
12 35
12 36
12 42
12 43
12 45
12 46
12 47
12 48
12 53
12 54
12 55
12 62
13 0
13 1
13 5
13 8
13 9
13 12
13 13
13 16
13 18
13 19
13 20
13 29
13 30
13 33
13 34
13 36
13 37
13 41
13 44
13 45
13 48
13 50
13 54
13 55
13 56
13 60
13 61
13 63
14 0
14 7
14 9
14 13
14 18
14 20
14 23
14 30
14 34
14 41
14 43
14 45
14 48
14 50
14 55
14 57
15 0
15 1
15 2
15 3
15 5
15 7
15 9
15 11
15 12
15 17
15 18
15 19
15 27
15 28
15 33
15 36
15 41
15 42
15 44
15 45
15 47
15 48
15 49
15 53
15 55
15 60
15 61
16 0
16 1
16 5
16 7
16 8
16 15
16 16
16 21
16 22
16 23
16 30
16 31
16 32
16 33
16 36
16 37
16 38
16 39
16 44
16 47
16 48
16 49
16 51
16 56
16 60
17 0
17 2
17 3
17 4
17 5
17 8
17 11
17 13
17 14
17 16
17 18
17 19
17 20
17 24
17 31
17 34
17 38
17 40
17 44
17 45
17 46
17 48
17 49
17 50
17 51
17 52
17 53
17 54
17 58
17 59
17 60
17 62
18 1
18 3
18 4
18 8
18 13
18 14
18 20
18 21
18 22
18 30
18 33
18 34
18 36
18 40
18 44
18 46
18 50
18 59
18 60
18 62
