0.06140350877192982 32
0.06140350877192982 38
0.10526315789473684 27
0.14035087719298245 11
0.20175438596491227 42
0.22807017543859648 28
0.2543859649122807 26
0.2543859649122807 52
0.3070175438596493 12
0.35087719298245645 47
0.3859649122807022 14
0.40350877192982504 21
0.4561403508771936 20
0.5087719298245622 44
0.5175438596491236 36
0.5438596491228079 15
0.5614035087719308 48
0.6315789473684222 23
0.666666666666668 24
0.6754385964912294 53
0.6929824561403523 3
0.6929824561403523 7
0.7105263157894751 22
0.7192982456140365 6
0.8157894736842123 18
1.0000000000000022 9
1.017543859649125 10
1.0263157894736865 2
1.1491228070175465 50
1.2105263157894766 41
1.2456140350877223 18
1.2631578947368451 0
1.2719298245614066 33
1.2982456140350909 17
1.3157894736842137 16
1.3333333333333366 25
1.3333333333333366 34
1.4298245614035123 43
1.4473684210526352 6
1.464912280701758 24
1.482456140350881 7
1.4912280701754423 5
1.7017543859649167 12
1.7631578947368467 15
1.7631578947368467 21
1.8157894736842153 11
1.8157894736842153 51
1.8684210526315839 37
1.8771929824561453 36
2.070175438596495 1
2.1754385964912295 6
2.2631578947368416 24
2.271929824561403 7
2.280701754385964 47
2.289473684210525 35
2.3070175438596476 44
2.3421052631578925 39
2.3859649122806985 55
2.403508771929821 4
2.4298245614035046 3
2.6403508771929736 25
2.824561403508759 20
2.824561403508759 48
2.90350877192981 6
2.956140350877177 36
2.9824561403508607 15
3.0087719298245443 57
3.035087719298228 40
3.0614035087719116 7
3.0614035087719116 24
3.078947368421034 29
3.2192982456140133 54
3.464912280701727 12
3.464912280701727 42
3.5526315789473393 50
3.5614035087719005 56
3.63157894736839 6
3.666666666666635 41
3.7192982456140022 49
3.754385964912247 3
3.7719298245613695 1
3.842105263157859 21
3.8508771929824204 7
3.8596491228069816 24
3.877192982456104 18
3.92105263157891 14
3.9473684210525937 25
4.0350877192982075 36
4.078947368421016 11
4.140350877192947 43
4.157894736842071 47
4.192982456140317 11
4.201754385964879 15
4.210526315789441 0
4.2368421052631255 44
4.298245614035057 11
4.342105263157865 32
4.359649122806989 6
4.403508771929797 11
4.499999999999975 11
4.517543859649098 2
4.535087719298222 4
4.596491228070153 11
4.6315789473684 7
4.657894736842085 24
4.710526315789455 11
4.815789473684195 11
4.850877192982441 48
4.877192982456126 27
4.9210526315789345 11
4.991228070175428 17
5.008771929824551 16
5.043859649122798 18
5.078947368421044 3
5.087719298245606 6
5.114035087719291 36
5.157894736842099 28
5.210526315789469 26
5.254385964912277 25
5.342105263157894 22
5.421052631578949 7
5.421052631578949 15
5.456140350877195 24
5.464912280701757 38
5.5000000000000036 18
5.543859649122812 9
5.5526315789473735 42
5.605263157894743 34
5.675438596491237 12
5.69298245614036 11
5.736842105263168 46
5.789473684210538 44
5.7982456140351 11
5.815789473684223 6
5.894736842105278 11
5.90350877192984 20
5.964912280701771 41
5.991228070175456 11
6.035087719298264 8
6.035087719298264 47
6.078947368421073 53
6.087719298245634 11
6.114035087719319 21
6.114035087719319 43
6.1842105263158125 11
6.192982456140374 36
6.201754385964936 7
6.201754385964936 52
6.254385964912306 24
6.280701754385991 11
6.368421052631607 33
6.377192982456169 11
6.403508771929854 3
6.403508771929854 39
6.473684210526347 11
6.54385964912284 6
6.5614035087719635 25
6.5614035087719635 25
6.570175438596525 11
6.578947368421087 44
6.631578947368457 15
6.666666666666703 4
6.666666666666703 11
6.763157894736882 11
6.85964912280706 51
6.868421052631621 37
6.903508771929868 57
6.982456140350923 7
7.0438596491228544 10
7.0438596491228544 12
7.0438596491228544 45
7.052631578947416 11
7.052631578947416 24
7.087719298245663 44
7.114035087719348 18
7.149122807017594 11
7.184210526315841 17
7.210526315789526 55
7.236842105263211 0
7.2456140350877725 11
7.271929824561457 6
7.271929824561457 36
7.298245614035142 9
7.315789473684266 46
7.342105263157951 11
7.403508771929882 31
7.429824561403567 14
7.438596491228129 11
7.4473684210526905 23
7.473684210526375 30
7.473684210526375 44
7.482456140350937 50
7.535087719298307 11
7.578947368421115 21
7.6228070175439235 43
7.631578947368485 11
7.728070175438663 3
7.728070175438663 11
7.76315789473691 7
7.780701754386033 18
7.807017543859718 16
7.8245614035088416 11
7.842105263157965 15
7.8508771929825265 24
7.859649122807088 27
7.86842105263165 25
7.92105263157902 11
7.92105263157902 47
7.964912280701828 48
8.000000000000075 6
8.008771929824636 2
8.008771929824636 17
8.017543859649198 11
8.114035087719376 11
8.18421052631587 54
8.210526315789554 11
8.2456140350878 5
8.2456140350878 12
8.263157894736924 20
8.307017543859732 11
8.35087719298254 36
8.40350877192991 11
8.500000000000089 11
8.543859649122897 7
8.56140350877202 56
8.596491228070267 11
8.649122807017637 24
8.657894736842199 32
8.692982456140445 11
8.728070175438692 6
8.789473684210623 11
8.798245614035185 4
8.850877192982555 17
8.885964912280802 11
8.894736842105363 39
8.98245614035098 11
9.052631578947473 3
9.052631578947473 15
9.078947368421158 11
9.08771929824572 9
9.114035087719405 44
9.175438596491336 11
9.175438596491336 25
9.24561403508783 42
9.271929824561514 11
9.324561403508884 7
9.368421052631692 11
9.377192982456254 12
9.385964912280816 8
9.429824561403624 36
9.447368421052747 24
9.456140350877309 6
9.46491228070187 11
9.482456140350994 40
9.526315789473802 46
9.561403508772049 11
9.657894736842227 11
9.657894736842227 57
9.666666666666789 22
9.684210526315912 17
9.754385964912405 11
9.771929824561528 30
9.789473684210652 47
9.850877192982583 11
9.88596491228083 50
9.947368421052762 11
9.982456140351008 26
10.026315789473816 44
10.04385964912294 11
10.078947368421186 28
10.105263157894871 7
10.122807017543995 43
10.131578947368556 48
10.140350877193118 11
10.175438596491365 52
10.184210526315926 6
10.236842105263296 11
10.245614035087858 24
10.263157894736981 15
10.263157894736981 35
10.289473684210666 34
10.333333333333474 11
10.377192982456283 3
10.429824561403652 11
10.482456140351022 25
10.508771929824707 12
10.508771929824707 17
10.508771929824707 21
10.508771929824707 36
10.52631578947383 11
10.605263157894885 16
10.605263157894885 18
10.622807017544009 11
10.622807017544009 20
10.675438596491379 27
10.719298245614187 11
10.763157894736995 1
10.807017543859804 9
10.815789473684365 11
10.850877192982612 38
10.885964912280858 7
10.912280701754543 6
10.912280701754543 11
10.929824561403667 4
10.938596491228228 14
11.008771929824722 11
11.043859649122968 24
11.1052631578949 11
11.149122807017708 0
11.166666666666831 44
11.201754385965078 11
11.254385964912448 42
11.298245614035256 11
11.324561403508941 55
11.333333333333503 17
11.385964912280873 18
11.394736842105434 11
11.47368421052649 15
11.491228070175612 11
11.500000000000174 2
11.543859649122982 58
11.552631578947544 10
11.58771929824579 11
11.58771929824579 36
11.64035087719316 6
11.64035087719316 12
11.657894736842284 43
11.666666666666845 7
11.666666666666845 47
11.684210526315969 11
11.701754385965092 3
11.780701754386147 11
11.789473684210709 25
11.842105263158079 24
11.868421052631764 37
11.877192982456325 11
11.973684210526503 11
12.00877192982475 23
12.070175438596682 11
12.087719298245805 18
12.087719298245805 46
12.149122807017736 17
12.16666666666686 11
12.175438596491421 48
12.236842105263353 30
12.245614035087915 57
12.263157894737038 11
12.289473684210723 21
12.289473684210723 50
12.359649122807216 11
12.368421052631778 6
12.447368421052833 7
12.456140350877394 11
12.526315789473887 9
12.552631578947572 11
12.640350877193189 24
12.64912280701775 11
12.666666666666874 36
12.684210526315997 15
12.728070175438805 1
12.745614035087929 11
12.771929824561614 12
12.771929824561614 18
12.798245614035299 41
12.842105263158107 11
12.938596491228285 11
12.96491228070197 17
12.982456140351093 20
13.026315789473902 3
13.035087719298463 11
13.061403508772148 4
13.096491228070395 6
13.096491228070395 25
13.131578947368642 11
13.17543859649145 42
13.22807017543882 7
13.22807017543882 11
13.22807017543882 18
13.324561403508998 11
13.342105263158121 33
13.403508771930053 16
13.421052631579176 11
13.4385964912283 24
13.517543859649354 11
13.526315789473916 32
13.561403508772162 47
13.614035087719532 11
13.71052631578971 11
13.71052631578971 54
13.745614035087957 36
13.789473684210765 17
13.807017543859889 11
13.824561403509012 6
13.877192982456382 29
13.877192982456382 43
13.894736842105505 15
13.903508771930067 11
13.903508771930067 12
13.991228070175683 22
14.000000000000245 11
14.017543859649368 7
14.02631578947393 46
14.096491228070423 11
14.166666666666917 53
14.192982456140601 8
14.192982456140601 11
14.23684210526341 9
14.23684210526341 24
14.263157894737095 0
14.263157894737095 48
14.28947368421078 11
14.324561403509026 40
14.350877192982711 3
14.385964912280958 11
14.403508771930081 25
14.44736842105289 14
14.482456140351136 11
14.55263157894763 6
14.578947368421314 11
14.578947368421314 30
14.61403508771956 17
14.675438596491492 11
14.684210526316054 21
14.728070175438862 44
14.77192982456167 11
14.798245614035356 7
14.82456140350904 36
14.868421052631849 11
14.87719298245641 18
14.921052631579219 52
14.964912280702027 11
14.991228070175712 2
15.000000000000274 56
15.008771929824835 28
15.03508771929852 12
15.03508771929852 24
15.061403508772205 11
15.070175438596767 55
15.096491228070452 44
15.105263157895013 15
15.157894736842383 11
15.19298245614063 4
15.19298245614063 34
15.201754385965192 31
15.219298245614315 57
15.254385964912561 11
15.280701754386246 6
15.333333333333616 43
15.342105263158178 20
15.35087719298274 11
15.438596491228356 17
15.438596491228356 47
15.447368421052918 11
15.517543859649411 41
15.543859649123096 11
15.578947368421343 7
15.596491228070466 46
15.61403508771959 42
15.61403508771959 50
15.640350877193274 11
15.640350877193274 49
15.67543859649152 3
15.710526315789767 25
15.736842105263452 11
15.736842105263452 23
15.83333333333363 11
15.83333333333363 24
15.903508771930124 36
15.929824561403809 11
15.956140350877494 9
16.008771929824864 6
16.017543859649425 18
16.026315789473987 11
16.04385964912311 26
16.061403508772234 27
16.070175438596795 10
16.122807017544165 11
16.166666666666973 12
16.20175438596522 16
16.219298245614343 11
16.24561403508803 48
16.25438596491259 17
16.31578947368452 11
16.31578947368452 15
16.35964912280733 7
16.35964912280733 7
16.4122807017547 11
16.508771929824878 11
16.51754385964944 5
16.535087719298563 44
16.605263157895056 11
16.63157894736874 24
16.640350877193303 45
16.67543859649155 5
16.701754385965234 11
16.73684210526348 6
16.798245614035412 11
16.868421052631906 37
16.89473684210559 11
16.921052631579276 30
16.94736842105296 46
16.982456140351207 36
16.99122807017577 11
17.00000000000033 3
17.008771929824892 42
17.017543859649454 25
17.078947368421385 17
17.087719298245947 11
17.14912280701788 7
17.184210526316125 11
17.280701754386303 11
17.298245614035427 12
17.298245614035427 18
17.30701754385999 47
17.32456140350911 4
17.37719298245648 11
17.42982456140385 24
17.438596491228413 38
17.464912280702098 6
17.47368421052666 11
17.52631578947403 15
17.570175438596838 11
17.58771929824596 32
17.596491228070523 18
17.614035087719646 41
17.666666666667016 9
17.666666666667016 11
17.701754385965263 20
17.728070175438948 29
17.763157894737194 11
17.859649122807372 11
17.90350877193018 17
17.938596491228427 7
17.95614035087755 11
17.95614035087755 14
18.017543859649482 50
18.05263157894773 11
18.06140350877229 36
18.06140350877229 53
18.149122807017907 11
18.192982456140715 6
18.228070175438962 24
18.228070175438962 48
18.245614035088085 11
18.31578947368458 22
18.32456140350914 3
18.32456140350914 25
18.342105263158263 11
18.359649122807387 46
18.421052631579318 43
18.42982456140388 12
18.43859649122844 11
18.43859649122844 42
18.48245614035125 2
18.53508771929862 11
18.561403508772305 0
18.631578947368798 11
18.719298245614414 7
18.728070175438976 11
18.728070175438976 17
18.736842105263538 15
18.736842105263538 49
18.780701754386346 40
18.824561403509154 11
18.877192982456524 57
18.894736842105647 55
18.921052631579332 6
18.921052631579332 11
19.000000000000387 16
19.01754385964951 11
19.026315789474072 24
19.11403508771969 11
19.140350877193374 36
19.149122807017935 52
19.184210526316182 47
19.210526315789867 11
19.22807017543899 30
19.307017543860045 11
19.37719298245654 9
19.403508771930223 11
19.412280701754785 27
19.456140350877593 4
19.5000000000004 7
19.5000000000004 11
19.508771929824963 8
19.55263157894777 17
19.561403508772333 12
19.59649122807058 11
19.631578947368826 25
19.64912280701795 3
19.64912280701795 6
19.692982456140758 11
19.692982456140758 56
19.76315789473725 21
19.789473684210936 11
19.798245614035498 54
19.824561403509183 24
19.877192982456553 1
19.877192982456553 18
19.885964912281114 11
19.929824561403922 28
19.947368421053046 15
19.97368421052673 42
19.97368421052673 44
19.982456140351292 11
19.982456140351292 23
20.01754385964954 10
20.061403508772347 20
20.07894736842147 11
20.17543859649165 11
20.201754385965334 48
20.219298245614457 36
20.271929824561827 11
20.28070175438639 7
20.350877192982882 33
20.368421052632005 11
20.377192982456567 6
20.377192982456567 17
20.421052631579375 50
20.464912280702183 11
20.50000000000043 44
20.526315789474115 43
20.56140350877236 11
20.622807017544293 24
20.65789473684254 11
20.692982456140786 12
20.754385964912718 5
20.754385964912718 11
20.850877192982896 11
20.850877192982896 39
20.938596491228513 25
20.947368421053074 11
20.97368421052676 3
21.043859649123252 11
21.052631578947814 41
21.052631578947814 47
21.061403508772376 7
21.0789473684215 9
21.096491228070622 21
21.105263157895184 6
21.122807017544307 44
21.13157894736887 42
21.14035087719343 11
21.157894736842554 15
21.201754385965362 17
21.23684210526361 11
21.29824561403554 36
21.333333333333787 11
21.39473684210572 26
21.41228070175484 51
21.421052631579403 24
21.429824561403965 11
21.45614035087765 14
21.45614035087765 34
21.526315789474143 11
21.526315789474143 30
21.587719298246075 0
21.587719298246075 4
21.62280701754432 11
21.649122807018006 32
21.7192982456145 11
21.745614035088185 44
21.798245614035554 16
21.798245614035554 49
21.815789473684678 11
21.82456140350924 12
21.8333333333338 6
21.842105263158363 7
21.868421052632048 37
21.903508771930294 57
21.912280701754856 11
21.973684210526788 2
22.008771929825034 11
22.017543859649596 46
22.026315789474157 17
22.105263157895212 11
22.105263157895212 43
22.184210526316267 48
22.20175438596539 11
22.219298245614514 24
22.2456140350882 25
22.2456140350882 42
22.29824561403557 3
22.29824561403557 11
22.333333333333815 8
22.368421052632062 15
22.368421052632062 31
22.377192982456624 36
22.394736842105747 11
22.421052631579432 20
22.482456140351363 18
22.491228070175925 11
22.56140350877242 6
22.587719298246103 11
22.596491228070665 1
22.62280701754435 7
22.63157894736891 22
22.68421052631628 11
22.78070175438646 9
22.78070175438646 11
22.824561403509268 50
22.850877192982953 17
22.877192982456638 11
22.921052631579446 47
22.956140350877693 12
22.973684210526816 11
23.017543859649624 24
23.070175438596994 11
23.14912280701805 44
23.166666666667172 11
23.26315789473735 11
23.289473684211035 6
23.298245614035597 18
23.35964912280753 11
23.385964912281214 52
23.403508771930337 7
23.456140350877707 11
23.456140350877707 36
23.552631578947885 11
23.552631578947885 25
23.552631578947885 38
23.57894736842157 15
23.62280701754438 3
23.649122807018063 11
23.675438596491748 17
23.675438596491748 23
23.675438596491748 41
23.719298245614556 4
23.74561403508824 11
23.763157894737365 42
23.79824561403561 29
23.79824561403561 30
23.815789473684735 24
23.84210526315842 11
23.938596491228598 11
23.964912280702283 10
24.00877192982509 21
24.00877192982509 39
24.017543859649653 6
24.035087719298776 11
24.087719298246146 12
24.131578947368954 11
24.15789473684264 43
24.15789473684264 46
24.175438596491762 55
24.184210526316324 7
24.192982456140886 48
24.228070175439132 11
24.32456140350931 11
24.412280701754927 40
24.42105263157949 11
24.48245614035142 9
24.500000000000544 17
24.517543859649667 11
24.517543859649667 44
24.53508771929879 36
24.59649122807072 16
24.614035087719845 11
24.614035087719845 24
24.64035087719353 27
24.710526315790023 11
24.74561403508827 6
24.780701754386516 20
24.789473684211078 15
24.789473684211078 47
24.8070175438602 11
24.815789473684763 33
24.85087719298301 0
24.85087719298301 28
24.85964912280757 25
24.85964912280757 49
24.877192982456695 42
24.90350877193038 11
24.929824561404065 57
24.947368421053188 3
24.95614035087775 14
24.96491228070231 7
25.000000000000558 11
25.096491228070736 11
25.096491228070736 54
25.192982456140914 11
25.210526315790037 8
25.2192982456146 12
25.22807017543916 50
25.289473684211092 11
25.32456140350934 17
25.38596491228127 11
25.412280701754955 24
25.421052631579517 18
25.464912280702325 2
25.473684210526887 6
25.473684210526887 21
25.48245614035145 11
25.578947368421627 1
25.578947368421627 11
25.58771929824619 41
25.614035087719873 36
25.65789473684268 34
25.675438596491805 11
25.71052631579005 32
25.7456140350883 7
25.771929824561983 11
25.850877192983038 4
25.86842105263216 11
25.96491228070234 11
25.991228070176025 42
26.000000000000586 15
26.061403508772518 11
26.087719298246203 30
26.149122807018134 17
26.157894736842696 11
26.157894736842696 43
26.166666666667258 25
26.166666666667258 48
26.18421052631638 9
26.18421052631638 53
26.201754385965504 6
26.210526315790066 24
26.254385964912874 11
26.271929824561997 3
26.350877192983052 11
26.350877192983052 12
26.44736842105323 11
26.526315789474285 7
26.54385964912341 11
26.640350877193587 11
26.65789473684271 47
26.692982456140957 36
26.736842105263765 11
26.833333333333943 11
26.842105263158505 35
26.86842105263219 37
26.92105263157956 46
26.92982456140412 6
26.92982456140412 11
26.947368421053245 22
26.97368421052693 17
26.991228070176053 21
27.008771929825176 24
27.0263157894743 11
27.043859649123423 26
27.096491228070793 44
27.105263157895354 42
27.114035087719916 29
27.122807017544478 11
27.1403508771936 20
27.210526315790094 15
27.219298245614656 11
27.254385964912903 27
27.307017543860272 7
27.315789473684834 11
27.39473684210589 16
27.412280701755012 11
27.44736842105326 23
27.473684210526944 25
27.482456140351506 12
27.50000000000063 31
27.50877192982519 11
27.535087719298875 41
27.596491228070807 3
27.60526315789537 11
27.631578947369054 50
27.65789473684274 6
27.701754385965547 11
27.754385964912917 55
27.77192982456204 36
27.798245614035725 11
27.798245614035725 17
27.807017543860287 24
27.894736842105903 9
27.894736842105903 11
27.912280701755027 10
27.921052631579588 49
27.98245614035152 4
27.99122807017608 11
28.08771929824626 11
28.09649122807082 7
28.122807017544506 39
28.14035087719363 48
28.184210526316438 11
28.210526315790123 1
28.219298245614684 42
28.280701754386616 11
28.35964912280767 30
28.377192982456794 11
28.385964912281356 6
28.421052631579602 15
28.45614035087785 14
28.473684210526972 11
28.526315789474342 47
28.543859649123466 46
28.57017543859715 11
28.605263157895397 24
28.61403508771996 12
28.61403508771996 57
28.62280701754452 17
28.62280701754452 38
28.631578947369082 51
28.66666666666733 11
28.66666666666733 44
28.736842105263822 40
28.763157894737507 11
28.78070175438663 25
28.850877192983123 36
28.859649122807685 11
28.88596491228137 7
28.921052631579617 3
28.956140350877863 2
28.956140350877863 11
29.008771929825233 21
29.04385964912348 0
29.05263157894804 11
29.114035087719973 6
29.14912280701822 11
29.245614035088398 11
29.245614035088398 33
29.333333333334014 42
29.342105263158576 11
29.403508771930507 24
29.438596491228754 11
29.447368421053316 17
29.491228070176124 5
29.500000000000686 20
29.535087719298932 11
29.605263157895426 9
29.63157894736911 11
29.63157894736911 15
29.666666666667357 7
29.710526315790165 43
29.72807017543929 11
29.72807017543929 44
29.745614035088412 12
29.771929824562097 32
29.78070175438666 18
29.78070175438666 28
29.815789473684905 54
29.824561403509467 11
29.84210526315859 6
29.850877192983152 34
29.921052631579645 11
29.929824561404207 36
29.964912280702453 52
30.017543859649823 11
30.035087719298946 50
30.087719298246316 25
30.11403508772 4
30.11403508772 11
30.11403508772 48
30.192982456141056 16
30.201754385965618 24
30.21052631579018 11
30.245614035088426 3
30.27192982456211 17
30.307017543860358 11
30.394736842105974 47
30.403508771930536 11
30.438596491228783 44
30.447368421053344 7
30.447368421053344 42
30.500000000000714 11
30.53508771929896 46
30.570175438597207 6
30.596491228070892 11
30.614035087720016 27
30.63157894736914 30
30.69298245614107 11
30.780701754386687 18
30.78947368421125 11
30.84210526315862 15
30.85087719298318 21
30.877192982456865 12
30.885964912281427 11
30.90350877193055 39
30.982456140351605 11
31.00000000000073 24
31.00000000000073 49
31.00877192982529 36
31.078947368421783 11
31.096491228070906 17
31.131578947369153 55
31.140350877193715 23
31.17543859649196 11
31.22807017543933 7
31.263157894737578 22
31.27192982456214 11
31.298245614035825 6
31.315789473684948 9
31.368421052632318 11
31.394736842106003 25
31.464912280702496 11
31.552631578948112 41
31.561403508772674 11
31.561403508772674 42
31.570175438597236 3
31.657894736842852 11
31.74561403508847 57
31.75438596491303 11
31.79824561403584 24
31.85087719298321 11
31.85964912280777 10
31.85964912280777 20
31.868421052632332 37
31.921052631579702 17
31.947368421053387 11
31.95614035087795 14
32.008771929825315 12
32.01754385964988 7
32.02631578947444 6
32.035087719299 44
32.04385964912356 5
32.04385964912356 11
32.05263157894812 15
32.061403508772685 43
32.08771929824637 36
32.08771929824637 48
32.10526315789549 1
32.14035087719374 11
32.23684210526392 0
32.23684210526392 11
32.24561403508848 4
32.2631578947376 47
32.333333333334096 11
32.377192982456904 26
32.42105263157971 56
32.429824561404274 11
32.438596491228836 50
32.4473684210534 2
32.52631578947445 11
32.596491228070946 24
32.62280701754463 11
32.63157894736919 5
32.675438596492 42
32.701754385965685 25
32.71929824561481 11
32.745614035088494 17
32.754385964913055 6
32.798245614035864 7
32.81578947368499 11
32.88596491228148 53
32.89473684210604 3
32.912280701755165 11
32.912280701755165 30
32.99122807017622 16
33.00877192982534 11
33.02631578947447 9
33.10526315789552 11
33.14035087719377 12
33.16666666666745 36
33.16666666666745 46
33.2017543859657 11
33.21052631579026 40
33.26315789473763 15
33.29824561403588 11
33.394736842106056 11
33.394736842106056 24
33.48245614035167 6
33.491228070176234 11
33.491228070176234 44
33.57017543859729 17
33.57894736842185 7
33.58771929824641 11
33.67543859649203 27
33.68421052631659 11
33.710526315790275 21
33.73684210526396 35
33.78070175438677 11
33.87719298245695 11
33.88596491228151 1
33.956140350878 38
33.973684210527125 11
34.00000000000081 5
34.00877192982537 25
34.026315789474495 32
34.06140350877274 48
34.06140350877274 49
34.0701754385973 11
34.131578947369235 47
34.15789473684292 18
34.16666666666748 11
34.192982456141166 24
34.20175438596573 43
34.21052631579029 6
34.21929824561485 3
34.21929824561485 20
34.22807017543941 42
34.236842105263975 57
34.245614035088536 5
34.245614035088536 36
34.2543859649131 34
34.26315789473766 11
34.27192982456222 12
34.35964912280784 7
34.35964912280784 11
34.37719298245696 4
34.38596491228152 17
34.456140350878016 11
34.47368421052714 15
34.552631578948194 11
34.614035087720126 18
34.64912280701837 11
34.70175438596574 28
34.73684210526399 9
34.74561403508855 11
34.7807017543868 55
34.84210526315873 11
34.84210526315873 50
34.868421052632414 23
34.91228070175522 0
34.93859649122891 6
34.93859649122891 11
34.97368421052715 5
34.99122807017628 24
35.035087719299085 11
35.13157894736926 11
35.140350877193825 7
35.18421052631663 54
35.192982456141195 30
35.21052631579032 17
35.22807017543944 11
35.245614035088565 33
35.31578947368506 25
35.31578947368506 52
35.32456140350962 11
35.32456140350962 36
35.33333333333418 21
35.34210526315874 42
35.403508771930674 12
35.4210526315798 11
35.43859649122892 46
35.456140350878044 14
35.464912280702606 18
35.47368421052717 44
35.517543859649976 11
35.54385964912366 3
35.57894736842191 22
35.614035087720154 11
35.666666666667524 6
35.68421052631665 15
35.71052631579033 11
35.75438596491314 39
35.78947368421139 16
35.78947368421139 24
35.80701754386051 10
35.80701754386051 11
35.90350877193069 1
35.90350877193069 11
35.92105263157981 7
35.92105263157981 43
35.929824561404374 41
35.938596491228935 2
35.991228070176305 47
36.00000000000087 11
36.03508771929911 17
36.03508771929911 48
36.096491228071045 11
36.19298245614122 11
36.2894736842114 11
36.38596491228158 11
36.38596491228158 18
36.39473684210614 6
36.4035087719307 36
36.44736842105351 9
36.45614035087807 42
36.48245614035176 11
36.50877192982544 4
36.53508771929913 12
36.578947368421936 11
36.578947368421936 20
36.5877192982465 24
36.622807017544744 25
36.631578947369306 44
36.675438596492114 11
36.7017543859658 7
36.77192982456229 11
36.85964912280791 17
36.86842105263247 3
36.86842105263247 11
36.86842105263247 18
36.86842105263247 37
36.885964912281594 29
36.894736842106155 15
36.96491228070265 11
37.052631578948265 44
37.06140350877283 11
37.06140350877283 26
37.12280701754476 6
37.12280701754476 49
37.157894736843005 11
37.24561403508862 50
37.25438596491318 11
37.324561403509676 40
37.35087719298336 11
37.38596491228161 24
37.421052631579855 43
37.44736842105354 11
37.473684210527225 30
37.482456140351786 36
37.49122807017635 7
37.50877192982547 18
37.54385964912372 11
37.5701754385974 42
37.640350877193896 11
37.64912280701846 44
37.66666666666758 12
37.67543859649214 17
37.736842105264074 11
37.736842105264074 53
37.83333333333425 11
37.850877192983376 6
37.85964912280794 47
37.903508771930746 18
37.92982456140443 11
37.92982456140443 25
38.008771929825485 48
38.02631578947461 11
38.07894736842198 21
38.08771929824654 32
38.10526315789566 15
38.12280701754479 11
38.15789473684303 9
38.166666666667595 55
38.18421052631672 24
38.18421052631672 57
38.19298245614128 3
38.219298245614965 11
38.2807017543869 7
38.2807017543869 41
38.31578947368514 11
38.385964912281636 27
38.41228070175532 11
38.44736842105357 29
38.44736842105357 34
38.491228070176376 39
38.50000000000094 17
38.5087719298255 11
38.56140350877287 36
38.57894736842199 6
38.587719298246554 16
38.587719298246554 23
38.587719298246554 23
38.60526315789568 11
38.640350877193924 4
38.68421052631673 42
38.701754385965856 11
38.77192982456235 56
38.798245614036034 11
38.798245614036034 12
38.89473684210621 11
38.93859649122902 20
38.956140350878144 14
38.98245614035183 24
38.99122807017639 11
39.04385964912376 46
39.070175438597445 7
39.08771929824657 11
39.10526315789569 51
39.18421052631675 11
39.228070175439555 44
39.23684210526412 0
39.23684210526412 25
39.280701754386925 11
39.28947368421149 52
39.30701754386061 6
39.30701754386061 15
39.32456140350973 17
39.3771929824571 11
39.42982456140447 2
39.47368421052728 11
39.51754385965009 3
39.51754385965009 8
39.57017543859746 11
39.62280701754483 28
39.64035087719395 36
39.649122807018514 50
39.66666666666764 11
39.6754385964922 33
39.72807017543957 47
39.74561403508869 18
39.754385964913254 10
39.763157894737816 11
39.78070175438694 24
39.79824561403606 42
39.83333333333431 43
39.85087719298343 7
39.859649122807994 9
39.859649122807994 11
39.9035087719308 22
39.912280701755364 21
39.92982456140449 12
39.95614035087817 11
39.98245614035186 44
39.98245614035186 48
40.03508771929923 6
40.05263157894835 11
40.14912280701853 11
40.14912280701853 17
40.184210526316775 49
40.24561403508871 11
40.342105263158885 11
40.43859649122906 11
40.508771929825556 5
40.51754385965012 15
40.53508771929924 11
40.5438596491238 25
40.5438596491238 35
40.57894736842205 24
40.59649122807117 18
40.63157894736942 7
40.63157894736942 11
40.719298245615036 36
40.7280701754396 11
40.763157894737844 6
40.771929824562406 4
40.824561403509776 11
40.8421052631589 3
40.91228070175539 42
40.921052631579954 11
40.973684210527324 17
41.01754385965013 11
41.04385964912382 44
41.06140350877294 12
41.11403508772031 11
41.21052631579049 11
41.28947368421154 43
41.298245614036105 20
41.30701754386067 11
41.37719298245716 24
41.38596491228172 16
41.403508771930845 11
41.403508771930845 46
41.41228070175541 7
41.49122807017646 6
41.50000000000102 11
41.51754385965015 39
41.55263157894839 21
41.561403508772955 9
41.5964912280712 11
41.5964912280712 47
41.65789473684313 0
41.69298245614138 11
41.719298245615065 41
41.728070175439626 15
41.78947368421156 11
41.79824561403612 17
41.79824561403612 36
41.85087719298349 1
41.85087719298349 25
41.86842105263261 37
41.885964912281736 11
41.885964912281736 54
41.982456140351914 11
42.0087719298256 48
42.02631578947472 42
42.05263157894841 50
42.07894736842209 11
42.087719298246654 26
42.16666666666771 3
42.17543859649227 11
42.17543859649227 24
42.192982456141394 7
42.192982456141394 12
42.21929824561508 6
42.2368421052642 27
42.27192982456245 11
42.28070175438701 5
42.307017543860695 23
42.32456140350982 32
42.36842105263263 11
42.42982456140456 38
42.45614035087824 14
42.45614035087824 30
42.464912280702805 11
42.52631578947474 18
42.56140350877298 11
42.61403508772035 17
42.64035087719404 34
42.65789473684316 11
42.684210526316846 5
42.75438596491334 11
42.85087719298352 11
42.8771929824572 36
42.885964912281764 56
42.90350877193089 4
42.92105263158001 2
42.938596491229134 8
42.938596491229134 15
42.947368421053696 6
42.947368421053696 11
42.97368421052738 7
42.97368421052738 24
43.043859649123874 11
43.105263157895806 53
43.14035087719405 11
43.14035087719405 42
43.157894736843176 25
43.23684210526423 11
43.24561403508879 46
43.24561403508879 49
43.263157894737915 9
43.32456140350985 12
43.33333333333441 11
43.42982456140459 11
43.43859649122915 17
43.44736842105371 18
43.45614035087827 47
43.49122807017652 3
43.526315789474765 11
43.62280701754494 11
43.64912280701863 55
43.65789473684319 20
43.67543859649231 6
43.701754385966 10
43.701754385966 43
43.71929824561512 11
43.72807017543968 1
43.745614035088806 21
43.75438596491337 7
43.77192982456249 24
43.789473684211615 51
43.8157894736853 11
43.91228070175548 11
43.9298245614046 41
43.956140350878286 36
43.99122807017653 48
44.008771929825656 11
44.09649122807127 33
44.105263157895834 11
44.12280701754496 0
44.14912280701864 15
44.18421052631689 16
44.19298245614145 40
44.20175438596601 11
44.219298245615136 22
44.2280701754397 57
44.25438596491338 42
44.263157894737944 17
44.29824561403619 11
44.39473684210637 11
44.40350877193093 6
44.4561403508783 12
44.4561403508783 50
44.46491228070286 25
44.49122807017655 11
44.535087719299355 7
44.54385964912392 28
44.5701754385976 24
44.587719298246725 11
44.640350877194095 44
44.6842105263169 11
44.6842105263169 29
44.692982456141465 27
44.73684210526427 30
44.73684210526427 45
44.78070175438708 11
44.81578947368533 3
44.87719298245726 11
44.87719298245726 52
44.964912280702876 9
44.97368421052744 11
45.03508771929937 4
45.03508771929937 36
45.070175438597616 11
45.08771929824674 17
45.13157894736955 6
45.166666666667794 11
45.24561403508885 21
45.24561403508885 46
45.26315789473797 11
45.31578947368534 7
45.324561403509904 47
45.35964912280815 11
45.35964912280815 15
45.36842105263271 24
45.36842105263271 42
45.45614035087833 11
45.55263157894851 11
45.56140350877307 43
45.58771929824675 12
45.60526315789588 39
45.649122807018685 11
45.74561403508886 11
45.77192982456255 25
45.84210526315904 11
45.859649122808165 6
45.912280701755535 17
45.93859649122922 11
45.95614035087834 14
45.964912280702904 48
46.017543859650274 20
46.026315789474836 23
46.0350877192994 11
46.09649122807133 7
46.11403508772045 36
46.131578947369576 11
46.14035087719414 3
46.15789473684326 18
46.16666666666782 24
46.228070175439754 11
46.30701754386081 49
46.32456140350993 11
46.385964912281864 32
46.41228070175555 2
46.42105263158011 11
46.47368421052748 26
46.48245614035204 42
46.51754385965029 11
46.57017543859766 15
46.58771929824678 6
46.61403508772047 11
46.64035087719415 57
46.6754385964924 9
46.68421052631696 54
46.710526315790645 11
46.71929824561521 12
46.73684210526433 17
46.80701754386082 11
46.83333333333451 34
46.84210526315907 53
46.85964912280819 50
46.868421052632755 37
46.88596491228188 7
46.903508771931 11
46.96491228070293 24
46.982456140352056 16
47.00000000000118 11
47.0175438596503 30
47.078947368422234 25
47.09649122807136 11
47.16666666666785 4
47.192982456141536 11
47.192982456141536 36
47.192982456141536 47
47.245614035088906 51
47.289473684211714 11
47.298245614036276 21
47.3157894736854 6
47.342105263159084 43
47.38596491228189 11
47.46491228070295 3
47.48245614035207 11
47.561403508773125 17
47.57894736842225 11
47.59649122807137 42
47.62280701754506 0
47.64912280701874 10
47.666666666667865 7
47.67543859649243 11
47.76315789473804 24
47.771929824562605 11
47.78070175438717 15
47.85087719298366 12
47.86842105263278 11
47.94736842105384 48
47.96491228070296 11
48.00000000000121 55
48.01754385965033 44
48.043859649124016 6
48.06140350877314 11
48.12280701754507 38
48.15789473684332 11
48.184210526317 18
48.184210526317 35
48.192982456141564 27
48.254385964913496 11
48.27192982456262 36
48.307017543860866 39
48.350877192983674 11
48.359649122808236 40
48.37719298245736 20
48.38596491228192 9
48.38596491228192 17
48.38596491228192 25
48.44736842105385 7
48.44736842105385 11
48.53508771929947 22
48.54385964912403 11
48.55263157894859 33
48.55263157894859 33
48.561403508773154 24
48.57894736842228 46
48.64035087719421 5
48.64035087719421 11
48.64035087719421 52
48.7105263157907 42
48.728070175439825 18
48.73684210526439 11
48.77192982456263 6
48.78947368421176 3
48.80701754386088 43
48.833333333334565 11
48.91228070175562 1
48.92982456140474 11
48.98245614035211 12
48.991228070176675 15
49.0087719298258 57
49.02631578947492 11
49.02631578947492 56
49.052631578948606 47
49.07017543859773 41
49.1228070175451 11
49.201754385966154 18
49.210526315790716 17
49.210526315790716 44
49.21929824561528 11
49.22807017543984 7
49.263157894738086 50
49.29824561403633 4
49.29824561403633 30
49.315789473685456 11
49.3508771929837 36
49.359649122808264 24
49.368421052632826 49
49.412280701755634 11
49.45614035087844 14
49.464912280703004 28
49.50000000000125 6
49.50877192982581 11
49.60526315789599 11
49.69298245614161 25
49.70175438596617 11
49.74561403508898 23
49.78070175438722 16
49.79824561403635 11
49.82456140351003 42
49.894736842106525 11
49.90350877193109 2
49.92105263158021 48
49.9912280701767 11
50.01754385965039 7
50.03508771929951 17
50.08771929824688 11
50.09649122807144 9
50.114035087720566 3
50.114035087720566 12
50.157894736843375 24
50.157894736843375 24
50.1754385964925 21
50.18421052631706 11
50.20175438596618 15
50.22807017543987 6
50.28070175438724 11
50.377192982457416 11
50.38596491228198 46
50.429824561404786 36
50.44736842105391 32
50.473684210527594 11
50.57017543859777 11
50.640350877194265 27
50.66666666666795 11
50.71052631579076 0
50.736842105264444 20
50.736842105264444 44
50.76315789473813 11
50.798245614036375 7
50.798245614036375 53
50.85964912280831 11
50.85964912280831 17
50.86842105263287 18
50.92105263158024 26
50.92105263158024 39
50.92105263158024 47
50.93859649122936 42
50.956140350878485 6
50.956140350878485 11
50.956140350878485 24
51.00000000000129 25
51.02631578947498 34
51.05263157894866 11
51.061403508773225 31
51.114035087720595 29
51.14912280701884 11
51.23684210526446 43
51.24561403508902 11
51.24561403508902 12
51.26315789473814 45
51.30701754386095 18
51.3421052631592 11
51.36842105263288 52
51.41228070175569 15
51.429824561404814 4
51.438596491229376 3
51.438596491229376 11
51.50877192982587 8
51.50877192982587 36
51.535087719299554 11
51.5701754385978 30
51.57894736842236 7
51.596491228071486 10
51.63157894736973 11
51.66666666666798 50
51.6842105263171 6
51.6842105263171 17
51.72807017543991 11
51.754385964913595 24
51.798245614036404 9
51.798245614036404 41
51.82456140351009 11
51.8684210526329 37
51.90350877193114 48
51.92105263158027 11
51.9824561403522 21
52.00000000000132 54
52.017543859650445 11
52.05263157894869 42
52.10526315789606 46
52.11403508772062 11
52.2105263157908 11
52.30701754386098 11
52.30701754386098 25
52.35964912280835 7
52.36842105263291 1
52.37719298245747 12
52.40350877193116 11
52.41228070175572 6
52.42982456140484 49
52.500000000001336 11
52.5087719298259 17
52.552631578948706 24
52.57894736842239 16
52.58771929824695 36
52.596491228071514 11
52.605263157896076 56
52.6228070175452 15
52.69298245614169 11
52.7368421052645 57
52.763157894738185 3
52.78070175438731 47
52.78947368421187 11
52.78947368421187 40
52.8508771929838 22
52.859649122808364 51
52.88596491228205 11
52.93859649122942 43
52.95614035087854 14
52.95614035087854 33
52.9649122807031 55
52.98245614035223 11
53.078947368422405 11
53.09649122807153 20
53.14035087719434 6
53.14035087719434 7
53.16666666666802 42
53.17543859649258 11
53.22807017543995 5
53.27192982456276 11
53.289473684211885 18
53.32456140351013 17
53.350877192983816 24
53.36842105263294 11
53.3771929824575 0
53.394736842106624 2
53.42982456140487 23
53.46491228070312 11
53.48245614035224 21
53.500000000001364 9
53.508771929825926 12
53.561403508773296 4
53.561403508773296 11
53.614035087720666 25
53.657894736843474 11
53.666666666668036 36
53.68421052631716 41
53.75438596491365 11
53.824561403510145 44
53.83333333333471 15
53.84210526315927 38
53.85087719298383 11
53.85087719298383 30
53.868421052632954 6
53.877192982457515 48
53.921052631580324 7
53.94736842105401 11
54.04385964912419 11
54.07017543859787 50
54.087719298246995 3
54.12280701754524 46
54.140350877194365 11
54.14912280701893 17
54.14912280701893 24
54.15789473684349 39
54.23684210526454 11
54.28070175438735 42
54.33333333333472 11
54.39473684210665 28
54.4298245614049 11
54.49122807017683 52
54.508771929825954 32
54.52631578947508 11
54.59649122807157 6
54.622807017545256 11
54.64035087719438 12
54.64035087719438 47
54.64912280701894 18
54.70175438596631 7
54.719298245615434 11
54.74561403508912 36
54.76315789473824 43
54.81578947368561 11
54.91228070175579 11
54.92105263158035 18
54.92105263158035 25
54.94736842105404 24
54.96491228070316 17
55.00877192982597 11
55.043859649124215 15
55.096491228071585 1
55.10526315789615 11
55.14035087719439 29
55.201754385966325 11
55.201754385966325 21
55.21052631579089 9
55.21929824561545 34
55.2982456140365 11
55.32456140351019 6
55.35087719298387 5
55.37719298245756 16
55.39473684210668 11
55.39473684210668 42
55.412280701755805 3
55.45614035087861 20
55.4824561403523 7
55.49122807017686 11
55.49122807017686 49
55.54385964912423 10
55.570175438597914 41
55.58771929824704 11
55.684210526317216 11
55.69298245614178 4
55.74561403508915 24
55.77192982456283 12
55.780701754387394 11
55.789473684211956 17
55.8245614035102 36
55.85087719298389 48
55.87719298245757 11
55.90350877193126 57
55.97368421052775 0
55.97368421052775 11
56.008771929826 26
56.052631578948805 6
56.07017543859793 11
56.13157894736986 30
56.16666666666811 11
56.22807017544004 25
56.25438596491372 15
56.25438596491372 15
56.263157894738285 7
56.263157894738285 11
56.35964912280846 11
56.40350877193127 8
56.43859649122952 27
56.45614035087864 11
56.45614035087864 14
56.4649122807032 5
56.473684210527765 50
56.50877192982601 42
56.50877192982601 47
56.51754385965057 21
56.526315789475134 51
56.54385964912426 24
56.55263157894882 11
56.61403508772075 17
56.631578947369874 29
56.649122807019 11
56.70175438596637 53
56.71052631579093 39
56.736842105264614 3
56.745614035089176 11
56.7631578947383 1
56.78070175438742 6
56.842105263159354 11
56.86842105263304 37
56.88596491228216 2
56.903508771931286 12
56.903508771931286 36
56.91228070175585 9
56.93859649122953 11
57.03508771929971 11
57.04385964912427 7
57.061403508773395 55
57.13157894736989 11
57.14912280701901 23
57.166666666668135 22
57.20175438596638 56
57.22807017544007 11
57.29824561403656 46
57.324561403510245 11
57.34210526315937 24
57.35964912280849 33
57.42105263158042 11
57.438596491229546 17
57.46491228070323 15
57.50877192982604 6
57.5175438596506 11
57.5175438596506 43
57.535087719299725 25
57.61403508772078 11
57.62280701754534 42
57.71052631579096 11
57.73684210526464 35
57.807017543861136 11
57.8157894736857 20
57.82456140351026 4
57.82456140351026 7
57.83333333333482 48
57.903508771931314 11
57.98245614035237 36
58.00000000000149 11
58.03508771929974 12
58.061403508773424 3
58.09649122807167 11
58.14035087719448 24
58.175438596492725 16
58.19298245614185 11
58.23684210526466 6
58.26315789473834 17
58.28947368421203 11
58.333333333334835 57
58.37719298245764 47
58.385964912282205 11
58.40350877193133 40
58.41228070175589 30
58.48245614035238 11
58.491228070176945 41
58.500000000001506 44
58.552631578948876 49
58.570175438598 32
58.57894736842256 11
58.57894736842256 54
58.605263157896246 7
58.61403508772081 9
58.67543859649274 11
58.67543859649274 15
58.73684210526467 42
58.74561403508923 18
58.77192982456292 11
58.84210526315941 25
58.868421052633096 11
58.87719298245766 50
58.88596491228222 27
58.88596491228222 29
58.93859649122959 24
58.964912280703274 6
58.964912280703274 11
59.017543859650644 0
59.04385964912433 46
59.06140350877345 11
59.06140350877345 36
59.08771929824714 17
59.15789473684363 11
59.16666666666819 12
59.25438596491381 11
59.27192982456293 43
59.31578947368574 28
59.35087719298399 11
59.35087719298399 39
59.38596491228223 3
59.38596491228223 7
59.41228070175592 34
59.447368421054165 11
59.49122807017697 10
59.54385964912434 11
59.59649122807171 21
59.64035087719452 11
59.67543859649277 44
59.69298245614189 6
59.7368421052647 11
59.7368421052647 24
59.80701754386119 48
59.83333333333488 11
59.850877192984 38
59.850877192984 42
59.85964912280856 51
59.88596491228225 15
59.91228070175593 17
59.929824561405056 11
59.95614035087874 4
59.95614035087874 14
