0.02631578947368421 27
0.043859649122807015 1
0.10526315789473684 19
0.13157894736842105 3
0.13157894736842105 55
0.14912280701754385 2
0.17543859649122806 28
0.21052631578947367 42
0.22807017543859648 14
0.24561403508771928 39
0.2719298245614036 34
0.28947368421052644 52
0.3070175438596493 16
0.3070175438596493 20
0.3333333333333336 15
0.3333333333333336 47
0.43859649122807076 9
0.4561403508771936 36
0.46491228070175505 32
0.4824561403508779 19
0.5263157894736851 23
0.5263157894736851 24
0.5263157894736851 25
0.5350877192982465 26
0.6315789473684222 22
0.7368421052631594 7
0.7456140350877208 6
0.7631578947368437 10
0.850877192982458 48
0.8859649122807037 40
0.9649122807017566 57
1.0263157894736865 38
1.078947368421055 1
1.096491228070178 12
1.1315789473684237 19
1.1491228070175465 5
1.157894736842108 4
1.1929824561403537 11
1.2105263157894766 44
1.2982456140350909 11
1.3245614035087752 24
1.421052631578951 19
1.4298245614035123 11
1.464912280701758 3
1.4736842105263195 6
1.5000000000000038 36
1.526315789473688 11
1.5350877192982495 33
1.5789473684210567 7
1.6228070175438638 11
1.6578947368421095 46
1.666666666666671 15
1.6929824561403553 31
1.7192982456140395 11
1.7456140350877238 43
1.7631578947368467 44
1.8157894736842153 11
1.8157894736842153 42
1.8333333333333381 30
1.912280701754391 11
1.9210526315789525 58
2.0087719298245665 8
2.0087719298245665 11
2.10526315789474 1
2.10526315789474 11
2.1228070175438623 24
2.149122807017546 9
2.192982456140352 17
2.201754385964913 6
2.2105263157894743 11
2.271929824561403 47
2.3070175438596476 25
2.315789473684209 11
2.315789473684209 12
2.412280701754382 7
2.412280701754382 11
2.447368421052627 19
2.5087719298245554 11
2.6052631578947287 11
2.701754385964902 11
2.7982456140350753 3
2.7982456140350753 11
2.7982456140350753 19
2.868421052631565 20
2.8947368421052486 11
2.9210526315789322 24
2.9298245614034935 6
2.991228070175422 11
2.999999999999983 15
3.087719298245595 11
3.1052631578947176 16
3.1403508771929625 48
3.1842105263157685 11
3.245614035087697 7
3.245614035087697 17
3.245614035087697 43
3.254385964912258 19
3.2631578947368194 42
3.280701754385942 11
3.280701754385942 56
3.289473684210503 4
3.3508771929824315 39
3.377192982456115 11
3.4298245614034824 1
3.4736842105262884 11
3.491228070175411 12
3.5701754385964617 11
3.6140350877192677 25
3.6403508771929514 2
3.657894736842074 6
3.666666666666635 11
3.7192982456140022 24
3.745614035087686 55
3.7631578947368083 11
3.798245614035053 44
3.8070175438596143 36
3.8596491228069816 11
3.877192982456104 14
3.9385964912280325 45
3.9473684210525937 37
3.956140350877155 11
4.026315789473646 9
4.052631578947331 11
4.078947368421016 7
4.122807017543824 27
4.131578947368386 3
4.149122807017509 11
4.157894736842071 30
4.228070175438564 47
4.245614035087687 11
4.324561403508742 15
4.342105263157865 11
4.350877192982427 57
4.36842105263155 52
4.385964912280674 6
4.394736842105235 41
4.438596491228044 11
4.508771929824537 17
4.517543859649098 24
4.535087719298222 11
4.657894736842085 23
4.657894736842085 46
4.6929824561403315 29
4.7192982456140165 32
4.7192982456140165 42
4.798245614035071 19
4.807017543859633 11
4.850877192982441 36
4.903508771929811 11
4.912280701754373 7
4.9210526315789345 25
4.938596491228058 1
4.964912280701743 22
4.964912280701743 26
4.999999999999989 11
5.105263157894729 28
5.114035087719291 6
5.219298245614031 19
5.245614035087716 11
5.315789473684209 24
5.342105263157894 11
5.421052631578949 4
5.421052631578949 44
5.438596491228072 11
5.464912280701757 3
5.517543859649127 17
5.605263157894743 20
5.649122807017552 15
5.74561403508773 7
5.842105263157908 6
5.894736842105278 36
5.90350877192984 12
5.90350877192984 16
5.9298245614035245 11
5.991228070175456 46
6.026315789473703 11
6.052631578947388 38
6.114035087719319 24
6.122807017543881 11
6.219298245614059 11
6.228070175438621 25
6.228070175438621 47
6.307017543859676 9
6.315789473684237 11
6.3859649122807305 34
6.4122807017544154 11
6.508771929824594 11
6.570175438596525 6
6.570175438596525 8
6.578947368421087 7
6.578947368421087 42
6.605263157894772 11
6.666666666666703 17
6.70175438596495 11
6.763157894736882 10
6.763157894736882 19
6.780701754386005 1
6.780701754386005 27
6.798245614035128 3
6.798245614035128 11
6.894736842105306 11
6.91228070175443 24
6.938596491228115 36
6.938596491228115 57
6.973684210526361 15
6.973684210526361 43
6.982456140350923 44
6.9912280701754845 11
7.087719298245663 11
7.131578947368471 2
7.157894736842156 12
7.184210526315841 11
7.184210526315841 40
7.236842105263211 19
7.280701754386019 11
7.298245614035142 6
7.377192982456197 11
7.403508771929882 7
7.4210526315790055 48
7.429824561403567 55
7.438596491228129 14
7.473684210526375 11
7.535087719298307 25
7.55263157894743 4
7.570175438596554 11
7.596491228070239 44
7.666666666666732 11
7.71052631578954 19
7.71052631578954 24
7.719298245614102 39
7.76315789473691 11
7.859649122807088 11
7.92105263157902 1
7.938596491228143 42
7.956140350877266 11
7.964912280701828 41
7.982456140350951 36
8.017543859649198 19
8.02631578947376 6
8.052631578947445 11
8.052631578947445 20
8.1315789473685 3
8.149122807017623 11
8.175438596491308 47
8.18421052631587 58
8.219298245614116 44
8.228070175438678 7
8.2456140350878 11
8.29824561403517 15
8.342105263157979 11
8.438596491228157 11
8.491228070175527 56
8.50877192982465 24
8.535087719298335 11
8.578947368421144 23
8.631578947368514 11
8.701754385965007 12
8.701754385965007 16
8.71929824561413 49
8.71929824561413 50
8.728070175438692 11
8.754385964912377 6
8.82456140350887 11
8.833333333333432 17
8.842105263157993 25
8.850877192982555 32
8.921052631579048 11
8.991228070175541 8
9.017543859649226 11
9.052631578947473 7
9.052631578947473 44
9.061403508772035 36
9.08771929824572 9
9.114035087719405 11
9.210526315789583 11
9.236842105263268 33
9.271929824561514 19
9.2982456140352 29
9.30701754385976 11
9.30701754385976 22
9.30701754385976 24
9.30701754385976 37
9.368421052631692 27
9.385964912280816 46
9.403508771929939 11
9.46491228070187 3
9.482456140350994 6
9.500000000000117 1
9.500000000000117 11
9.526315789473802 19
9.552631578947487 48
9.561403508772049 43
9.596491228070295 11
9.605263157894857 52
9.62280701754398 15
9.666666666666789 42
9.684210526315912 4
9.692982456140474 11
9.789473684210652 11
9.789473684210652 26
9.877192982456268 7
9.88596491228083 11
9.982456140351008 11
10.026315789473816 28
10.078947368421186 11
10.105263157894871 24
10.105263157894871 36
10.114035087719433 12
10.114035087719433 47
10.14912280701768 25
10.175438596491365 11
10.210526315789611 6
10.271929824561543 11
10.289473684210666 19
10.36842105263172 11
10.464912280701899 11
10.491228070175584 20
10.561403508772077 11
10.622807017544009 2
10.657894736842255 11
10.701754385965064 7
10.754385964912434 11
10.798245614035242 3
10.807017543859804 39
10.850877192982612 11
10.877192982456297 46
10.903508771929982 24
10.938596491228228 6
10.94736842105279 11
10.94736842105279 11
10.94736842105279 15
10.991228070175598 14
11.043859649122968 11
11.070175438596653 9
11.122807017544023 55
11.140350877193146 11
11.149122807017708 36
11.184210526315955 34
11.201754385965078 57
11.21052631578964 1
11.21052631578964 12
11.236842105263324 11
11.271929824561571 17
11.31578947368438 19
11.333333333333503 11
11.42982456140368 11
11.447368421052804 38
11.456140350877366 25
11.500000000000174 16
11.526315789473859 11
11.53508771929842 7
11.622807017544037 11
11.666666666666845 6
11.666666666666845 48
11.684210526315969 8
11.701754385965092 24
11.719298245614215 11
11.719298245614215 44
11.7456140350879 42
11.7456140350879 50
11.815789473684394 4
11.815789473684394 11
11.912280701754572 11
12.00877192982475 11
12.00877192982475 40
12.052631578947558 47
12.087719298245805 58
12.105263157894928 11
12.122807017544051 49
12.131578947368613 3
12.131578947368613 43
12.192982456140545 36
12.201754385965106 11
12.245614035087915 17
12.2719298245616 15
12.298245614035284 11
12.307017543859846 12
12.359649122807216 7
12.385964912280901 29
12.385964912280901 31
12.394736842105463 6
12.394736842105463 11
12.412280701754586 1
12.42982456140371 30
12.49122807017564 11
12.500000000000203 24
12.587719298245819 11
12.587719298245819 44
12.64912280701775 19
12.64912280701775 23
12.684210526315997 11
12.763157894737052 25
12.780701754386175 11
12.877192982456354 11
12.885964912280915 32
12.885964912280915 42
12.947368421052847 20
12.956140350877408 41
12.96491228070197 9
12.96491228070197 19
12.973684210526532 11
13.07017543859671 11
13.12280701754408 6
13.12280701754408 52
13.149122807017765 27
13.166666666666888 11
13.166666666666888 17
13.184210526316011 7
13.210526315789696 44
13.236842105263381 36
13.263157894737066 11
13.298245614035313 24
13.298245614035313 39
13.359649122807244 11
13.403508771930053 12
13.456140350877423 11
13.456140350877423 46
13.464912280701984 3
13.5526315789476 11
13.596491228070409 15
13.631578947368656 22
13.649122807017779 11
13.736842105263396 48
13.745614035087957 11
13.824561403509012 19
13.842105263158135 11
13.850877192982697 6
13.938596491228314 11
13.947368421052875 4
13.982456140351122 47
14.017543859649368 7
14.017543859649368 17
14.035087719298492 11
14.070175438596738 25
14.087719298245862 56
14.096491228070423 24
14.114035087719547 2
14.13157894736867 11
14.166666666666917 42
14.18421052631604 19
14.210526315789725 57
14.228070175438848 11
14.23684210526341 50
14.254385964912533 33
14.280701754386218 36
14.280701754386218 37
14.298245614035341 16
14.324561403509026 11
14.421052631579204 11
14.50000000000026 12
14.517543859649383 11
14.517543859649383 26
14.543859649123068 14
14.578947368421314 6
14.596491228070438 1
14.605263157895 55
14.61403508771956 11
14.640350877193246 29
14.710526315789739 11
14.7192982456143 30
14.798245614035356 3
14.798245614035356 3
14.807017543859917 11
14.850877192982725 7
14.894736842105534 24
14.903508771930095 11
14.903508771930095 43
14.921052631579219 15
14.947368421052904 28
15.000000000000274 11
15.096491228070452 11
15.19298245614063 11
15.201754385965192 5
15.289473684210808 11
15.307017543859931 6
15.315789473684493 42
15.324561403509055 36
15.377192982456425 25
15.385964912280986 11
15.385964912280986 20
15.447368421052918 44
15.45614035087748 41
15.482456140351164 11
15.482456140351164 45
15.578947368421343 11
15.596491228070466 12
15.67543859649152 11
15.684210526316082 7
15.692982456140644 24
15.771929824561699 11
15.859649122807316 48
15.868421052631877 11
15.912280701754685 9
15.93859649122837 17
15.947368421052932 47
15.964912280702055 11
16.03508771929855 6
16.061403508772234 11
16.078947368421357 4
16.131578947368727 3
16.15789473684241 11
16.24561403508803 15
16.25438596491259 11
16.324561403509083 27
16.350877192982768 11
16.36842105263189 36
16.403508771930138 38
16.447368421052946 11
16.447368421052946 39
16.491228070175755 24
16.51754385964944 7
16.543859649123124 11
16.543859649123124 19
16.57894736842137 5
16.640350877193303 11
16.68421052631611 5
16.68421052631611 25
16.692982456140673 12
16.73684210526348 11
16.73684210526348 31
16.754385964912604 17
16.763157894737166 6
16.83333333333366 11
16.84210526315822 23
16.929824561403837 11
16.964912280702084 42
16.982456140351207 29
16.99122807017577 5
17.00000000000033 30
17.026315789474015 11
17.035087719298577 19
17.09649122807051 16
17.114035087719632 1
17.122807017544194 11
17.21929824561437 11
17.289473684210865 24
17.31578947368455 11
17.350877192982797 7
17.359649122807358 19
17.412280701754728 11
17.412280701754728 36
17.42105263157929 44
17.456140350877536 46
17.464912280702098 3
17.491228070175783 6
17.508771929824906 11
17.570175438596838 15
17.570175438596838 17
17.605263157895084 2
17.605263157895084 11
17.622807017544208 19
17.63157894736877 41
17.701754385965263 11
17.763157894737194 43
17.780701754386318 57
17.78947368421088 12
17.78947368421088 50
17.79824561403544 11
17.807017543860002 34
17.815789473684564 20
17.84210526315825 55
17.885964912281057 47
17.89473684210562 11
17.94736842105299 9
17.95614035087755 22
17.991228070175797 11
17.991228070175797 25
18.043859649123167 44
18.087719298245975 11
18.087719298245975 24
18.096491228070537 14
18.122807017544222 56
18.16666666666703 19
18.184210526316154 7
18.184210526316154 11
18.21052631578984 4
18.2192982456144 6
18.28070175438633 11
18.289473684210893 1
18.342105263158263 5
18.37719298245651 11
18.38596491228107 17
18.412280701754757 29
18.456140350877565 36
18.473684210526688 11
18.526315789474058 40
18.561403508772305 32
18.561403508772305 42
18.570175438596866 11
18.666666666667044 11
18.69298245614073 44
18.736842105263538 58
18.763157894737223 11
18.780701754386346 27
18.789473684210908 19
18.79824561403547 3
18.8596491228074 11
18.885964912281086 12
18.885964912281086 24
18.894736842105647 15
18.894736842105647 48
18.947368421053017 6
18.95614035087758 11
19.01754385964951 7
19.052631578947757 11
19.149122807017935 11
19.201754385965305 17
19.245614035088114 11
19.254385964912675 37
19.263157894737237 8
19.28070175438636 30
19.298245614035483 25
19.34210526315829 11
19.359649122807415 43
19.43859649122847 11
19.5000000000004 36
19.535087719298648 11
19.631578947368826 11
19.666666666667073 9
19.675438596491635 6
19.684210526316196 24
19.728070175439004 11
19.75438596491269 26
19.824561403509183 11
19.842105263158306 7
19.842105263158306 47
19.86842105263199 28
19.86842105263199 44
19.894736842105676 16
19.92105263157936 11
19.982456140351292 12
20.01754385964954 11
20.01754385964954 17
20.052631578947786 41
20.114035087719717 11
20.114035087719717 33
20.13157894736884 3
20.13157894736884 46
20.210526315789895 11
20.219298245614457 15
20.245614035088142 20
20.245614035088142 39
20.307017543860074 11
20.34210526315832 4
20.40350877193025 6
20.40350877193025 11
20.4385964912285 57
20.482456140351307 24
20.50000000000043 11
20.543859649123238 36
20.596491228070608 11
20.60526315789517 25
20.6666666666671 7
20.692982456140786 11
20.736842105263595 19
20.789473684210964 11
20.833333333333773 17
20.885964912281143 11
20.947368421053074 48
20.98245614035132 5
20.98245614035132 11
21.052631578947814 10
21.0789473684215 11
21.0789473684215 12
21.096491228070622 2
21.13157894736887 6
21.157894736842554 44
21.175438596491677 11
21.271929824561855 11
21.280701754386417 24
21.34210526315835 27
21.368421052632034 11
21.377192982456595 9
21.41228070175484 38
21.46491228070221 3
21.46491228070221 11
21.50000000000046 7
21.543859649123267 15
21.56140350877239 11
21.56140350877239 42
21.578947368421513 30
21.578947368421513 50
21.587719298246075 36
21.649122807018006 14
21.649122807018006 17
21.657894736842568 11
21.754385964912746 11
21.78070175438643 1
21.78070175438643 29
21.78070175438643 47
21.850877192982924 11
21.859649122807486 6
21.859649122807486 23
21.87719298245661 19
21.912280701754856 25
21.947368421053103 11
22.008771929825034 52
22.04385964912328 11
22.070175438596966 8
22.078947368421527 24
22.114035087719774 55
22.14035087719346 11
22.175438596491706 12
22.236842105263637 11
22.271929824561884 22
22.324561403509254 7
22.333333333333815 11
22.394736842105747 5
22.429824561403993 11
22.46491228070224 17
22.46491228070224 41
22.46491228070224 46
22.4736842105268 4
22.52631578947417 11
22.587719298246103 6
22.62280701754435 11
22.62280701754435 58
22.63157894736891 36
22.67543859649172 20
22.692982456140843 16
22.719298245614528 11
22.798245614035583 3
22.815789473684706 11
22.868421052632076 15
22.877192982456638 24
22.912280701754884 11
23.008771929825063 11
23.078947368421556 9
23.10526315789524 11
23.14912280701805 7
23.15789473684261 57
23.20175438596542 11
23.219298245614542 25
23.271929824561912 12
23.280701754386474 17
23.298245614035597 11
23.31578947368472 6
23.31578947368472 19
23.394736842105775 11
23.394736842105775 42
23.491228070175953 11
23.491228070175953 43
23.58771929824613 11
23.657894736842625 19
23.675438596491748 24
23.675438596491748 36
23.68421052631631 11
23.780701754386488 11
23.868421052632105 30
23.868421052632105 34
23.877192982456666 11
23.964912280702283 29
23.973684210526844 7
23.973684210526844 11
23.991228070175968 50
24.043859649123338 6
24.070175438597023 11
24.096491228070708 5
24.096491228070708 17
24.131578947368954 3
24.140350877193516 47
24.1666666666672 11
24.192982456140886 15
24.228070175439132 37
24.26315789473738 11
24.26315789473738 44
24.342105263158434 19
24.359649122807557 11
24.36842105263212 12
24.456140350877735 11
24.47368421052686 24
24.47368421052686 48
24.52631578947423 25
24.552631578947913 11
24.58771929824616 2
24.59649122807072 19
24.605263157895283 4
24.64912280701809 11
24.719298245614585 36
24.74561403508827 11
24.771929824561955 6
24.771929824561955 45
24.789473684211078 28
24.79824561403564 9
24.8070175438602 7
24.842105263158448 11
24.885964912281256 39
24.91228070175494 17
24.938596491228626 11
24.947368421053188 26
25.035087719298804 11
25.105263157895298 20
25.105263157895298 32
25.12280701754442 43
25.131578947368983 1
25.131578947368983 11
25.140350877193544 19
25.184210526316352 44
25.192982456140914 14
25.22807017543916 11
25.263157894737407 27
25.27192982456197 24
25.32456140350934 11
25.421052631579517 11
25.464912280702325 3
25.464912280702325 12
25.49122807017601 16
25.49122807017601 55
25.500000000000572 6
25.500000000000572 29
25.517543859649695 11
25.517543859649695 15
25.614035087719873 11
25.64035087719356 7
25.64912280701812 42
25.71052631579005 11
25.728070175439175 17
25.76315789473742 36
25.76315789473742 41
25.780701754386545 19
25.80701754386023 11
25.81578947368479 56
25.824561403509353 23
25.833333333333915 25
25.903508771930408 11
26.000000000000586 11
26.07017543859708 24
26.07894736842164 19
26.07894736842164 47
26.096491228070764 11
26.157894736842696 30
26.192982456140943 11
26.22807017543919 6
26.28947368421112 11
26.368421052632176 44
26.3859649122813 11
26.39473684210586 10
26.44736842105323 40
26.473684210526915 7
26.482456140351477 11
26.5000000000006 48
26.508771929825162 9
26.54385964912341 1
26.54385964912341 17
26.561403508772532 12
26.578947368421655 11
26.578947368421655 19
26.587719298246217 22
26.587719298246217 52
26.59649122807078 33
26.675438596491833 11
26.728070175439203 57
26.736842105263765 4
26.736842105263765 50
26.77192982456201 11
26.780701754386573 38
26.798245614035697 3
26.80701754386026 36
26.842105263158505 15
26.86842105263219 11
26.86842105263219 24
26.947368421053245 43
26.956140350877806 6
26.964912280702368 11
27.008771929825176 58
27.043859649123423 42
27.061403508772546 11
27.1403508771936 25
27.157894736842724 11
27.254385964912903 11
27.254385964912903 46
27.307017543860272 7
27.35087719298308 11
27.359649122807642 17
27.44736842105326 11
27.535087719298875 20
27.543859649123437 11
27.640350877193615 11
27.65789473684274 12
27.6666666666673 24
27.684210526316424 6
27.736842105263793 11
27.83333333333397 11
27.850877192983095 36
27.92982456140415 11
27.99122807017608 27
28.017543859649766 47
28.026315789474328 11
28.078947368421698 2
28.105263157895383 39
28.122807017544506 11
28.131578947369068 3
28.14035087719363 7
28.166666666667314 15
28.175438596491876 17
28.219298245614684 9
28.219298245614684 11
28.219298245614684 19
28.24561403508837 41
28.263157894737493 1
28.289473684211178 16
28.315789473684863 11
28.41228070175504 6
28.41228070175504 11
28.438596491228726 30
28.447368421053287 25
28.46491228070241 24
28.50877192982522 11
28.50877192982522 48
28.56140350877259 5
28.605263157895397 11
28.66666666666733 44
28.701754385965575 11
28.72807017543926 46
28.736842105263822 14
28.754385964912945 12
28.798245614035753 11
28.868421052632247 4
28.88596491228137 55
28.89473684210593 11
28.89473684210593 36
28.89473684210593 42
28.912280701755055 34
28.964912280702425 5
28.973684210526987 7
28.99122807017611 11
28.99122807017611 17
29.035087719298918 44
29.087719298246288 11
29.140350877193658 6
29.184210526316466 11
29.20175438596559 37
29.20175438596559 57
29.245614035088398 50
29.26315789473752 24
29.280701754386644 1
29.280701754386644 11
29.377192982456823 11
29.377192982456823 26
29.46491228070244 3
29.473684210527 11
29.491228070176124 15
29.57017543859718 11
29.666666666667357 11
29.710526315790165 28
29.754385964912974 25
29.763157894737535 11
29.807017543860344 7
29.807017543860344 17
29.815789473684905 23
29.850877192983152 12
29.859649122807713 11
29.868421052632275 6
29.929824561404207 9
29.93859649122877 36
29.94736842105333 47
29.95614035087789 11
29.964912280702453 20
30.05263157894807 11
30.06140350877263 24
30.070175438597193 43
30.10526315789544 46
30.149122807018248 11
30.245614035088426 10
30.245614035088426 11
30.342105263158604 11
30.412280701755098 58
30.438596491228783 11
30.508771929825276 48
30.517543859649837 56
30.53508771929896 11
30.596491228070892 6
30.622807017544577 17
30.63157894736914 11
30.6403508771937 7
30.649122807018262 1
30.719298245614755 30
30.728070175439317 11
30.79824561403581 3
30.815789473684934 15
30.824561403509495 11
30.84210526315862 39
30.859649122807742 24
30.90350877193055 22
30.921052631579673 11
30.94736842105336 12
30.982456140351605 36
31.00000000000073 4
31.01754385964985 11
31.026315789474413 32
31.06140350877266 19
31.06140350877266 25
31.087719298246345 16
31.11403508772003 11
31.210526315790208 11
31.2807017543867 27
31.307017543860386 11
31.315789473684948 33
31.32456140350951 6
31.403508771930564 11
31.43859649122881 17
31.447368421053373 19
31.473684210527058 7
31.49122807017618 41
31.500000000000743 11
31.526315789474427 43
31.570175438597236 2
31.59649122807092 11
31.64035087719373 9
31.64035087719373 38
31.657894736842852 24
31.6929824561411 11
31.789473684211277 11
31.877192982456894 47
31.885964912281455 11
31.982456140351633 11
32.01754385964988 19
32.02631578947444 36
32.04385964912356 12
32.05263157894812 6
32.07894736842181 11
32.13157894736918 3
32.14035087719374 15
32.175438596491986 11
32.20175438596567 46
32.25438596491304 17
32.25438596491304 57
32.271929824562164 11
32.280701754386726 14
32.30701754386041 7
32.36842105263234 11
32.36842105263234 25
32.39473684210603 20
32.39473684210603 29
32.45614035087796 24
32.46491228070252 11
32.482456140351644 44
32.5614035087727 11
32.65789473684288 11
32.754385964913055 11
32.78070175438674 6
32.84210526315867 52
32.85087719298323 11
32.87719298245692 48
32.94736842105341 11
32.99122807017622 1
33.00000000000078 30
33.04385964912359 11
33.070175438597275 17
33.070175438597275 36
33.131578947369206 4
33.14035087719377 7
33.14035087719377 11
33.14035087719377 12
33.2017543859657 42
33.21052631579026 34
33.236842105263946 11
33.25438596491307 24
33.27192982456219 44
33.27192982456219 50
33.333333333334124 11
33.342105263158686 19
33.35087719298325 9
33.4298245614043 11
33.46491228070255 3
33.46491228070255 15
33.50877192982536 6
33.52631578947448 11
33.62280701754466 11
33.63157894736922 55
33.67543859649203 25
33.71929824561484 11
33.73684210526396 23
33.754385964913084 46
33.763157894737645 45
33.815789473685015 11
33.815789473685015 47
33.82456140350958 58
33.88596491228151 16
33.88596491228151 17
33.91228070175519 11
33.93859649122888 26
33.96491228070256 40
33.973684210527125 7
34.00877192982537 11
34.05263157894818 24
34.09649122807099 10
34.10526315789555 11
34.11403508772011 36
34.17543859649204 37
34.20175438596573 11
34.236842105263975 6
34.236842105263975 12
34.236842105263975 29
34.2543859649131 43
34.298245614035906 11
34.394736842106084 11
34.42982456140433 44
34.46491228070258 56
34.49122807017626 11
34.52631578947451 27
34.552631578948194 19
34.58771929824644 11
34.63157894736925 28
34.68421052631662 11
34.70175438596574 17
34.74561403508855 39
34.7807017543868 11
34.78947368421136 15
34.79824561403592 3
34.80701754386048 7
34.824561403509605 20
34.85087719298329 24
34.868421052632414 48
34.877192982456975 11
34.877192982456975 19
34.8947368421061 1
34.96491228070259 6
34.97368421052715 11
34.982456140351715 25
34.982456140351715 42
35.06140350877277 2
35.06140350877277 9
35.07017543859733 11
35.09649122807102 32
35.15789473684295 36
35.16666666666751 11
35.20175438596576 46
35.21929824561488 22
35.26315789473769 4
35.26315789473769 11
35.28070175438681 30
35.33333333333418 12
35.359649122807866 11
35.456140350878044 11
35.517543859649976 17
35.55263157894822 11
35.64035087719384 7
35.6491228070184 11
35.6491228070184 24
35.69298245614121 6
35.74561403508858 11
35.74561403508858 47
35.824561403509634 14
35.84210526315876 11
35.85087719298332 57
35.85964912280788 50
35.929824561404374 41
35.938596491228935 11
36.03508771929911 11
36.11403508772017 15
36.13157894736929 3
36.13157894736929 11
36.13157894736929 44
36.201754385965785 36
36.22807017543947 11
36.263157894737716 19
36.28070175438684 1
36.2894736842114 25
36.32456140350965 11
36.33333333333421 17
36.421052631579826 6
36.421052631579826 11
36.42982456140439 12
36.44736842105351 24
36.473684210527196 7
36.517543859650004 11
36.61403508772018 11
36.684210526316676 16
36.71052631579036 11
36.74561403508861 46
36.77192982456229 9
36.80701754386054 11
36.90350877193072 11
36.991228070176334 38
37.000000000000895 11
37.052631578948265 48
37.07894736842195 27
37.08771929824651 58
37.09649122807107 11
37.14912280701844 6
37.14912280701844 17
37.19298245614125 11
37.20175438596581 43
37.24561403508862 24
37.24561403508862 36
37.25438596491318 20
37.28947368421143 11
37.30701754386055 7
37.315789473685115 39
37.324561403509676 19
37.38596491228161 11
37.38596491228161 29
37.39473684210617 4
37.43859649122898 15
37.46491228070266 3
37.482456140351786 11
37.526315789474594 12
37.56140350877284 30
37.578947368421964 11
37.59649122807109 25
37.62280701754477 52
37.640350877193896 23
37.67543859649214 11
37.67543859649214 47
37.77192982456232 11
37.81578947368513 55
37.842105263158814 44
37.8684210526325 11
37.87719298245706 6
37.947368421053554 10
37.96491228070268 11
37.96491228070268 17
38.04385964912373 24
38.061403508772855 11
38.0964912280711 33
38.10526315789566 46
38.14035087719391 7
38.15789473684303 11
38.219298245614965 5
38.25438596491321 11
38.28947368421146 36
38.35087719298339 11
38.36842105263251 44
38.44736842105357 11
38.482456140351815 9
38.543859649123746 11
38.55263157894831 2
38.60526315789568 6
38.60526315789568 31
38.6228070175448 12
38.6228070175448 56
38.640350877193924 11
38.66666666666761 19
38.68421052631673 34
38.7368421052641 11
38.76315789473779 15
38.78070175438691 17
38.798245614036034 3
38.83333333333428 11
38.84210526315884 24
38.903508771930774 25
38.92982456140446 11
38.956140350878144 42
38.964912280702706 1
38.964912280702706 43
38.97368421052727 7
39.02631578947464 11
39.122807017544815 11
39.1491228070185 37
39.175438596492185 29
39.21929824561499 11
39.23684210526412 48
39.31578947368517 11
39.333333333334295 6
39.333333333334295 36
39.36842105263254 14
39.3771929824571 41
39.41228070175535 11
39.42105263157991 45
39.48245614035184 16
39.50877192982553 11
39.50877192982553 19
39.52631578947465 4
39.53508771929921 22
39.552631578948336 28
39.596491228071145 17
39.605263157895706 11
39.605263157895706 47
39.64035087719395 24
39.68421052631676 20
39.68421052631676 57
39.69298245614132 50
39.701754385965884 11
39.71929824561501 12
39.79824561403606 8
39.79824561403606 11
39.807017543860624 7
39.83333333333431 30
39.89473684210624 11
39.99122807017642 11
40.00000000000098 32
40.06140350877291 6
40.0877192982466 11
40.0877192982466 15
40.11403508772028 40
40.131578947369405 3
40.15789473684309 39
40.184210526316775 9
40.184210526316775 11
40.21052631579046 25
40.28070175438695 11
40.289473684211515 26
40.29824561403608 44
40.35087719298345 46
40.37719298245713 11
40.37719298245713 36
40.41228070175538 17
40.43859649122906 24
40.47368421052731 11
40.57017543859749 11
40.63157894736942 7
40.666666666667666 11
40.763157894737844 11
40.78070175438697 58
40.78947368421153 6
40.815789473685214 12
40.85964912280802 11
40.9561403508782 11
41.026315789474694 19
41.05263157894838 11
41.09649122807119 55
41.12280701754487 27
41.14912280701856 11
41.21052631579049 44
41.22807017543961 17
41.22807017543961 48
41.236842105264174 24
41.245614035088735 11
41.34210526315891 11
41.41228070175541 15
41.42105263157997 36
41.43859649122909 11
41.456140350878215 7
41.46491228070278 3
41.508771929825585 23
41.51754385965015 6
41.51754385965015 25
41.53508771929927 11
41.53508771929927 47
41.54385964912383 29
41.58771929824664 5
41.63157894736945 11
41.64912280701857 52
41.65789473684313 4
41.728070175439626 11
41.79824561403612 10
41.79824561403612 46
41.824561403509804 11
41.885964912281736 9
41.91228070175542 12
41.92105263157998 11
42.00000000000104 42
42.01754385965016 11
42.035087719299284 24
42.043859649123846 2
42.043859649123846 17
42.043859649123846 43
42.11403508772034 11
42.11403508772034 20
42.21052631579052 11
42.245614035088764 6
42.28070175438701 16
42.28947368421157 7
42.307017543860695 11
42.40350877193087 11
42.464912280702805 36
42.50000000000105 11
42.517543859650175 29
42.52631578947474 41
42.5350877192993 57
42.57894736842211 50
42.59649122807123 11
42.6491228070186 38
42.684210526316846 30
42.684210526316846 33
42.69298245614141 11
42.736842105264216 15
42.789473684211586 11
42.79824561403615 3
42.82456140350983 25
42.833333333334394 24
42.85964912280808 17
42.885964912281764 11
42.91228070175545 14
42.938596491229134 5
42.97368421052738 6
42.98245614035194 11
43.00877192982563 12
43.043859649123874 1
43.07894736842212 11
43.12280701754493 7
43.1754385964923 11
43.210526315790545 48
43.27192982456248 11
43.35087719298353 44
43.368421052632655 11
43.46491228070283 11
43.48245614035196 47
43.50877192982564 36
43.56140350877301 11
43.59649122807126 9
43.631578947369505 24
43.65789473684319 11
43.67543859649231 17
43.701754385966 6
43.701754385966 39
43.75438596491337 11
43.75438596491337 27
43.789473684211615 4
43.842105263158984 44
43.850877192983546 11
43.850877192983546 22
43.947368421053724 11
43.956140350878286 7
44.0438596491239 11
44.061403508773026 15
44.061403508773026 34
44.061403508773026 42
44.105263157895834 12
44.12280701754496 37
44.13157894736952 3
44.13157894736952 25
44.14035087719408 11
44.23684210526426 11
44.315789473685314 19
44.324561403509875 46
44.33333333333444 11
44.429824561404615 6
44.429824561404615 11
44.429824561404615 24
44.47368421052742 28
44.49122807017655 17
44.52631578947479 11
44.54385964912392 20
44.55263157894848 36
44.62280701754497 11
44.640350877194095 1
44.71929824561515 11
44.754385964913396 58
44.78947368421164 7
44.81578947368533 11
44.912280701755506 11
44.964912280702876 30
45.008771929825684 11
45.07894736842218 16
45.10526315789586 11
45.114035087720424 44
45.15789473684323 6
45.18421052631692 41
45.19298245614148 57
45.20175438596604 11
45.20175438596604 12
45.228070175439726 24
45.26315789473797 19
45.29824561403622 11
45.30701754386078 9
45.30701754386078 17
45.30701754386078 55
45.385964912281835 15
45.3947368421064 11
45.41228070175552 47
45.438596491229205 25
45.44736842105377 23
45.46491228070289 3
45.46491228070289 48
45.491228070176575 11
45.53508771929938 2
45.58771929824675 11
45.596491228071315 36
45.622807017545 7
45.649122807018685 10
45.67543859649237 46
45.68421052631693 11
45.754385964913425 19
45.78070175438711 11
45.87719298245729 11
45.88596491228185 6
45.912280701755535 32
45.921052631580096 4
45.973684210527466 11
46.00000000000115 44
46.026315789474836 24
46.070175438597644 11
46.078947368422206 26
46.122807017545014 17
46.122807017545014 17
46.16666666666782 11
46.263157894738 11
46.29824561403625 12
46.29824561403625 27
46.35964912280818 11
46.385964912281864 1
46.45614035087836 7
46.45614035087836 11
46.45614035087836 14
46.48245614035204 44
46.50877192982573 42
46.52631578947485 50
46.552631578948535 11
46.552631578948535 56
46.61403508772047 6
46.64035087719415 36
46.64912280701871 11
46.710526315790645 15
46.74561403508889 11
46.74561403508889 25
46.79824561403626 3
46.824561403509946 19
46.824561403509946 24
46.84210526315907 11
46.93859649122925 11
46.93859649122925 17
46.973684210527495 20
47.0175438596503 9
47.035087719299426 11
47.078947368422234 52
47.131578947369604 11
47.21052631579066 46
47.22807017543978 11
47.245614035088906 30
47.289473684211714 7
47.32456140350996 11
47.342105263159084 6
47.342105263159084 47
47.37719298245733 33
47.394736842106454 12
47.42105263158014 11
47.447368421053824 44
47.47368421052751 41
47.508771929825755 48
47.51754385965032 11
47.614035087720495 11
47.614035087720495 11
47.62280701754506 24
47.68421052631699 36
47.71052631579067 11
47.719298245615235 42
47.75438596491348 17
47.80701754386085 11
47.877192982457345 16
47.90350877193103 11
48.00000000000121 11
48.035087719299455 15
48.05263157894858 4
48.05263157894858 25
48.0701754385977 6
48.096491228071386 11
48.12280701754507 7
48.13157894736963 3
48.16666666666788 22
48.192982456141564 11
48.21052631579069 39
48.28947368421174 11
48.350877192983674 1
48.37719298245736 19
48.38596491228192 11
48.38596491228192 58
48.42105263158017 24
48.42982456140473 34
48.4824561403521 11
48.4824561403521 57
48.49122807017666 12
48.54385964912403 38
48.570175438597715 17
48.57894736842228 11
48.675438596492455 11
48.728070175439825 9
48.728070175439825 36
48.77192982456263 11
48.79824561403632 6
48.86842105263281 11
48.87719298245737 19
48.95614035087843 7
48.96491228070299 11
48.991228070176675 42
48.991228070176675 43
48.991228070176675 50
49.02631578947492 2
49.06140350877317 11
49.096491228071415 37
49.157894736843346 11
49.21929824561528 24
49.254385964913524 11
49.263157894738086 44
49.27192982456265 5
49.27192982456265 47
49.27192982456265 47
49.32456140351002 23
49.3508771929837 11
49.359649122808264 15
49.359649122808264 25
49.38596491228195 17
49.40350877193107 28
49.412280701755634 20
49.44736842105388 11
49.464912280703004 3
49.50000000000125 10
49.526315789474936 6
49.526315789474936 30
49.54385964912406 11
49.58771929824687 12
49.59649122807143 8
49.64035087719424 11
49.736842105264415 11
49.77192982456266 36
49.78070175438722 7
49.82456140351003 1
49.83333333333459 11
49.92982456140477 11
50.000000000001265 14
50.008771929825826 27
50.008771929825826 46
50.01754385965039 24
50.02631578947495 11
50.07017543859776 19
50.08771929824688 44
50.12280701754513 11
50.18421052631706 4
50.20175438596618 17
50.219298245615306 11
50.25438596491355 6
50.25438596491355 48
50.2894736842118 55
50.315789473685484 11
50.315789473685484 19
50.41228070175566 11
50.429824561404786 9
50.50877192982584 11
50.60526315789602 7
50.60526315789602 11
50.66666666666795 25
50.67543859649251 16
50.684210526317074 12
50.684210526317074 15
50.7017543859662 11
50.798245614036375 3
50.798245614036375 11
50.8157894736855 24
50.8157894736855 36
50.89473684210655 11
50.9298245614048 57
50.97368421052761 41
50.98245614035217 6
50.99122807017673 1
50.99122807017673 11
51.01754385965042 17
51.0438596491241 19
51.08771929824691 11
51.18421052631709 11
51.20175438596621 47
51.26315789473814 43
51.280701754387266 11
51.28947368421183 42
51.333333333334636 44
51.377192982457444 11
51.40350877193113 50
51.429824561404814 7
51.47368421052762 11
51.47368421052762 19
51.491228070176746 26
51.51754385965043 40
51.56140350877324 46
51.5701754385978 11
51.61403508772061 24
51.66666666666798 11
51.71052631579079 6
51.754385964913595 32
51.76315789473816 11
51.78070175438728 12
51.807017543860965 30
51.83333333333465 17
51.84210526315921 20
51.859649122808335 11
51.859649122808335 36
51.95614035087851 11
51.95614035087851 11
51.97368421052764 25
52.00877192982588 15
52.05263157894869 11
52.11403508772062 19
52.122807017545185 9
52.131578947369746 3
52.14035087719431 33
52.14912280701887 11
52.236842105264486 48
52.24561403508905 11
52.26315789473817 7
52.31578947368554 4
52.342105263159226 11
52.40350877193116 42
52.41228070175572 24
52.438596491229404 6
52.438596491229404 11
52.47368421052765 5
52.48245614035221 22
52.51754385965046 2
52.53508771929958 11
52.56140350877327 1
52.57017543859783 58
52.63157894736976 11
52.649122807018884 17
52.72807017543994 11
52.78947368421187 44
52.82456140351012 11
52.87719298245749 12
52.90350877193117 36
52.921052631580295 11
53.01754385965047 11
53.09649122807153 7
53.11403508772065 11
53.14035087719434 19
53.1491228070189 47
53.16666666666802 6
53.21052631579083 11
53.21052631579083 24
53.22807017543995 23
53.245614035089076 27
53.28070175438732 25
53.30701754386101 11
53.33333333333469 15
53.342105263159254 43
53.350877192983816 10
53.403508771931186 11
53.46491228070312 3
53.46491228070312 17
53.47368421052768 16
53.4912280701768 39
53.500000000001364 11
53.53508771929961 14
53.59649122807154 11
53.666666666668036 8
53.69298245614172 11
53.7894736842119 11
53.824561403510145 9
53.88596491228208 11
53.89473684210664 6
53.921052631580324 7
53.94736842105401 36
53.97368421052769 12
53.982456140352255 11
53.99122807017682 57
54.00877192982594 24
54.07017543859787 37
54.07894736842243 11
54.10526315789612 38
54.1315789473698 30
54.15789473684349 1
54.17543859649261 11
54.27192982456279 11
54.27192982456279 20
54.28070175438735 17
54.28070175438735 48
54.32456140351016 28
54.36842105263297 11
54.39473684210665 34
54.44736842105402 4
54.464912280703146 11
54.561403508773324 11
54.561403508773324 19
54.58771929824701 25
54.622807017545256 6
54.6578947368435 11
54.6578947368435 15
54.74561403508912 7
54.75438596491368 11
54.79824561403649 3
54.80701754386105 24
54.85087719298386 11
54.94736842105404 11
54.991228070176845 36
55.00877192982597 44
55.043859649124215 11
55.0701754385979 12
55.07894736842246 42
55.07894736842246 47
55.07894736842246 50
55.096491228071585 17
55.14035087719439 11
55.23684210526457 11
55.254385964913695 49
55.33333333333475 11
55.35087719298387 6
55.42982456140493 11
55.50000000000142 1
55.526315789475106 9
55.526315789475106 11
55.570175438597914 7
55.570175438597914 7
55.60526315789616 24
55.622807017545284 11
55.64912280701897 55
55.71929824561546 11
55.728070175440024 46
55.81578947368564 11
55.894736842106695 25
55.91228070175582 11
55.91228070175582 17
55.97368421052775 8
55.98245614035231 15
55.991228070176874 58
56.008771929826 2
56.008771929826 11
56.03508771929968 36
56.07894736842249 6
56.105263157896175 11
56.13157894736986 3
56.16666666666811 12
56.20175438596635 11
56.27192982456285 16
56.27192982456285 48
56.29824561403653 11
56.3508771929839 41
56.39473684210671 7
56.39473684210671 11
56.40350877193127 24
56.41228070175583 30
56.429824561404956 31
56.45614035087864 45
56.49122807017689 11
56.535087719299696 1
56.56140350877338 19
56.578947368422504 4
56.587719298247066 11
56.631578947369874 39
56.640350877194436 27
56.684210526317244 11
56.70175438596637 20
56.72807017544005 17
56.77192982456286 43
56.78070175438742 11
56.798245614036546 22
56.80701754386111 6
56.80701754386111 42
56.8771929824576 11
56.956140350878655 19
56.97368421052778 11
57.000000000001464 44
57.008771929826025 47
57.07017543859796 11
57.07894736842252 14
57.07894736842252 36
57.09649122807164 23
57.166666666668135 11
57.20175438596638 10
57.20175438596638 24
57.20175438596638 25
57.219298245615505 7
57.22807017544007 9
57.23684210526463 32
57.26315789473831 11
57.26315789473831 12
57.30701754386112 15
57.35964912280849 11
57.45614035087867 11
57.46491228070323 3
57.47368421052779 46
57.491228070176916 50
57.535087719299725 6
57.543859649124286 17
57.55263157894885 11
57.649122807019026 11
57.66666666666815 5
57.73684210526464 44
57.745614035089204 11
57.84210526315938 11
57.86842105263307 40
57.92105263158044 26
57.92105263158044 42
57.93859649122956 11
58.00000000000149 24
58.008771929826054 57
58.03508771929974 11
58.0438596491243 7
58.122807017545355 36
58.13157894736992 11
58.14912280701904 44
58.14912280701904 52
58.228070175440095 11
58.24561403508922 48
58.26315789473834 6
58.32456140351027 1
58.32456140351027 11
58.35964912280852 12
58.35964912280852 17
58.41228070175589 43
58.42105263158045 11
58.50877192982607 25
58.51754385965063 11
58.51754385965063 33
58.57894736842256 41
58.61403508772081 11
58.63157894736993 15
58.6842105263173 30
58.710526315790986 4
58.710526315790986 11
58.7982456140366 3
58.7982456140366 24
58.807017543861164 11
58.815789473685726 34
58.83333333333485 55
58.87719298245766 7
58.90350877193134 11
58.93859649122959 9
58.93859649122959 47
58.99122807017696 6
59.00000000000152 11
59.03508771929977 42
59.04385964912433 37
59.070175438598014 16
59.0964912280717 11
59.131578947369945 20
59.16666666666819 36
59.175438596492754 17
59.184210526317315 38
59.19298245614188 11
59.25438596491381 28
59.289473684212055 11
59.38596491228223 11
59.45614035087873 12
59.48245614035241 11
59.500000000001535 1
59.500000000001535 2
59.57894736842259 11
59.59649122807171 24
59.666666666668206 46
59.67543859649277 11
59.710526315791014 7
59.719298245615576 6
59.763157894738384 19
59.771929824562946 11
59.815789473685754 25
59.868421052633124 11
59.90350877193137 50
59.95614035087874 15
59.9649122807033 11
59.9649122807033 43
59.973684210527864 44
59.99122807017699 17
