0.017543859649122806 40
0.10526315789473684 57
0.11403508771929824 20
0.18421052631578946 42
0.21929824561403508 52
0.22807017543859648 28
0.24561403508771928 35
0.2543859649122807 33
0.2719298245614036 36
0.29824561403508787 58
0.342105263157895 47
0.35087719298245645 15
0.35087719298245645 46
0.35087719298245645 53
0.5000000000000008 7
0.5087719298245622 12
0.5263157894736851 43
0.5614035087719308 14
0.5789473684210537 6
0.6491228070175451 17
0.666666666666668 9
0.7017543859649137 32
0.7105263157894751 30
0.7543859649122823 26
0.789473684210528 22
0.7982456140350894 34
0.9210526315789495 1
0.9210526315789495 2
0.973684210526318 16
0.9912280701754409 24
0.9912280701754409 25
1.035087719298248 27
1.078947368421055 29
1.078947368421055 37
1.0877192982456165 56
1.1929824561403537 48
1.3070175438596523 6
1.3157894736842137 36
1.3245614035087752 7
1.3333333333333366 3
1.3684210526315823 41
1.5789473684210567 39
1.5789473684210567 55
1.5964912280701795 23
1.6228070175438638 15
1.6315789473684252 38
1.7105263157894781 54
1.789473684210531 24
1.9561403508771982 11
1.973684210526321 4
2.03508771929825 6
2.1403508771929847 7
2.2192982456140355 47
2.2982456140350864 25
2.359649122807015 36
2.5877192982456063 24
2.5964912280701675 43
2.6052631578947287 12
2.6052631578947287 46
2.6754385964912184 1
2.736842105263147 11
2.7631578947368305 6
2.7719298245613917 5
2.8947368421052486 15
2.956140350877177 7
2.9736842105262995 31
3.035087719298228 30
3.043859649122789 3
3.1403508771929625 44
3.3859649122806763 24
3.4035087719297987 36
3.41228070175436 10
3.41228070175436 45
3.491228070175411 6
3.5263157894736556 57
3.5964912280701453 27
3.6052631578947065 25
3.622807017543829 11
3.6403508771929514 52
3.7719298245613695 7
3.8596491228069816 48
4.105263157894701 47
4.114035087719262 14
4.166666666666632 15
4.184210526315756 24
4.219298245614002 6
4.228070175438564 1
4.2894736842104955 39
4.394736842105235 16
4.447368421052605 36
4.447368421052605 36
4.517543859649098 20
4.535087719298222 12
4.543859649122783 5
4.587719298245592 7
4.622807017543838 3
4.649122807017523 2
4.728070175438578 58
4.84210526315788 42
4.877192982456126 9
4.947368421052619 6
4.982456140350866 24
5.078947368421044 34
5.114035087719291 22
5.157894736842099 28
5.192982456140346 17
5.228070175438592 25
5.228070175438592 41
5.271929824561401 33
5.333333333333332 30
5.394736842105264 11
5.403508771929825 7
5.421052631578949 4
5.42982456140351 15
5.491228070175442 36
5.508771929824565 11
5.561403508771935 43
5.561403508771935 46
5.666666666666675 12
5.666666666666675 26
5.675438596491237 6
5.710526315789483 11
5.719298245614045 44
5.763157894736853 23
5.780701754385976 24
5.807017543859661 11
5.90350877192984 11
5.947368421052648 57
5.9561403508772095 3
5.964912280701771 1
5.964912280701771 48
5.9824561403508945 47
5.9824561403508945 54
6.000000000000018 11
6.043859649122826 55
6.052631578947388 37
6.096491228070196 11
6.105263157894758 42
6.1578947368421275 32
6.192982456140374 11
6.219298245614059 7
6.228070175438621 56
6.289473684210552 11
6.289473684210552 52
6.3859649122807305 11
6.403508771929854 6
6.482456140350909 11
6.535087719298279 25
6.535087719298279 36
6.578947368421087 11
6.578947368421087 24
6.605263157894772 17
6.605263157894772 53
6.675438596491265 11
6.692982456140388 15
6.771929824561443 11
6.824561403508813 27
6.868421052631621 11
6.894736842105306 9
6.947368421052676 35
6.9649122807018 11
7.035087719298293 7
7.061403508771978 11
7.114035087719348 46
7.131578947368471 6
7.157894736842156 11
7.1929824561404025 16
7.228070175438649 29
7.254385964912334 11
7.289473684210581 3
7.377192982456197 24
7.55263157894743 42
7.578947368421115 12
7.578947368421115 36
7.631578947368485 14
7.640350877193047 43
7.842105263157965 25
7.8508771929825265 7
7.859649122807088 6
7.859649122807088 47
7.8771929824562115 1
7.956140350877266 15
7.991228070175513 10
8.008771929824636 11
8.02631578947376 4
8.105263157894814 11
8.140350877193061 2
8.175438596491308 24
8.18421052631587 38
8.18421052631587 44
8.201754385964993 11
8.254385964912363 40
8.29824561403517 11
8.324561403508856 58
8.377192982456226 30
8.394736842105349 11
8.491228070175527 11
8.587719298245705 6
8.587719298245705 11
8.622807017543952 3
8.622807017543952 36
8.66666666666676 7
8.675438596491322 17
8.684210526315884 11
8.780701754386062 11
8.859649122807117 12
8.87719298245624 11
8.903508771929925 48
8.921052631579048 20
8.964912280701856 19
8.973684210526418 11
8.973684210526418 24
9.070175438596596 11
9.105263157894843 43
9.149122807017651 25
9.166666666666774 11
9.219298245614144 15
9.263157894736953 11
9.263157894736953 29
9.315789473684323 6
9.35964912280713 11
9.385964912280816 52
9.438596491228186 22
9.456140350877309 11
9.482456140350994 7
9.51754385964924 34
9.552631578947487 11
9.62280701754398 49
9.649122807017665 11
9.666666666666789 36
9.72807017543872 17
9.736842105263282 47
9.745614035087844 11
9.771929824561528 24
9.842105263158022 11
9.921052631579077 9
9.9385964912282 11
9.956140350877323 3
9.982456140351008 12
9.99122807017557 16
10.035087719298378 11
10.04385964912294 6
10.052631578947501 55
10.087719298245748 28
10.131578947368556 11
10.157894736842241 4
10.157894736842241 27
10.20175438596505 32
10.228070175438734 11
10.236842105263296 23
10.245614035087858 8
10.271929824561543 42
10.289473684210666 7
10.324561403508913 11
10.42105263157909 11
10.456140350877337 25
10.482456140351022 15
10.517543859649269 11
10.570175438596639 24
10.614035087719447 11
10.622807017544009 56
10.622807017544009 57
10.640350877193132 50
10.701754385965064 30
10.710526315789625 11
10.710526315789625 29
10.710526315789625 36
10.771929824561557 6
10.78947368421068 43
10.807017543859804 11
10.868421052631735 53
10.903508771929982 11
10.912280701754543 41
10.921052631579105 48
10.982456140351037 44
11.00000000000016 11
11.026315789473845 37
11.035087719298406 5
11.035087719298406 12
11.096491228070338 7
11.096491228070338 11
11.140350877193146 14
11.192982456140516 11
11.289473684210694 3
11.289473684210694 11
11.36842105263175 24
11.385964912280873 11
11.42982456140368 1
11.42982456140368 26
11.464912280701927 42
11.48245614035105 11
11.48245614035105 17
11.500000000000174 6
11.570175438596667 20
11.578947368421229 11
11.578947368421229 54
11.614035087719476 47
11.631578947368599 2
11.675438596491407 9
11.675438596491407 11
11.7456140350879 15
11.754385964912462 36
11.763157894737024 25
11.771929824561585 11
11.868421052631764 11
11.90350877193001 7
11.964912280701942 11
12.052631578947558 52
12.06140350877212 11
12.078947368421243 12
12.157894736842298 11
12.16666666666686 24
12.210526315789668 35
12.228070175438791 6
12.254385964912476 11
12.289473684210723 4
12.350877192982654 11
12.412280701754586 17
12.447368421052833 11
12.508771929824764 8
12.526315789473887 10
12.54385964912301 11
12.59649122807038 43
12.622807017544066 3
12.640350877193189 11
12.666666666666874 46
12.710526315789682 7
12.719298245614244 49
12.736842105263367 11
12.771929824561614 42
12.789473684210737 16
12.798245614035299 1
12.798245614035299 36
12.833333333333545 11
12.929824561403723 11
12.956140350877408 5
12.956140350877408 6
12.96491228070197 24
12.973684210526532 48
13.008771929824778 15
13.026315789473902 11
13.052631578947587 50
13.07017543859671 25
13.12280701754408 11
13.12280701754408 12
13.12280701754408 58
13.219298245614258 11
13.263157894737066 17
13.315789473684436 11
13.342105263158121 44
13.403508771930053 9
13.412280701754614 11
13.456140350877423 41
13.482456140351108 47
13.508771929824793 11
13.517543859649354 7
13.60526315789497 11
13.631578947368656 38
13.684210526316026 6
13.684210526316026 30
13.701754385965149 11
13.71052631578971 44
13.76315789473708 22
13.76315789473708 24
13.798245614035327 11
13.842105263158135 36
13.894736842105505 11
13.956140350877437 3
13.991228070175683 11
14.02631578947393 20
14.070175438596738 40
14.087719298245862 11
14.096491228070423 17
14.096491228070423 43
14.105263157894985 39
14.122807017544108 46
14.166666666666917 12
14.18421052631604 11
14.245614035087971 55
14.271929824561656 15
14.280701754386218 11
14.307017543859903 27
14.324561403509026 7
14.377192982456396 11
14.377192982456396 25
14.412280701754643 6
14.421052631579204 4
14.421052631579204 45
14.438596491228328 42
14.464912280702013 29
14.473684210526574 11
14.561403508772191 24
14.570175438596753 11
14.649122807017807 14
14.66666666666693 11
14.763157894737109 11
14.82456140350904 32
14.859649122807287 11
14.885964912280972 36
14.921052631579219 17
14.956140350877465 11
14.964912280702027 48
14.991228070175712 1
15.008771929824835 28
15.052631578947643 11
15.122807017544137 2
15.14035087719326 6
15.14035087719326 7
15.149122807017822 9
15.149122807017822 11
15.166666666666945 23
15.210526315789753 12
15.228070175438877 33
15.245614035088 11
15.245614035088 34
15.289473684210808 3
15.342105263158178 11
15.35087719298274 47
15.359649122807301 24
15.438596491228356 11
15.464912280702041 50
15.535087719298534 11
15.535087719298534 15
15.587719298245904 16
15.631578947368713 11
15.66666666666696 57
15.684210526316082 25
15.72807017543889 11
15.745614035088014 17
15.824561403509069 11
15.868421052631877 6
15.921052631579247 11
15.929824561403809 36
15.947368421052932 53
15.956140350877494 7
15.982456140351179 30
15.99122807017574 5
16.000000000000302 37
16.017543859649425 11
16.114035087719603 11
16.122807017544165 1
16.15789473684241 24
16.19298245614066 41
16.20175438596522 43
16.21052631578978 11
16.25438596491259 12
16.30701754385996 11
16.350877192982768 42
16.403508771930138 11
16.46491228070207 20
16.500000000000316 11
16.526315789474 58
16.552631578947686 4
16.57017543859681 17
16.596491228070494 6
16.596491228070494 11
16.62280701754418 3
16.692982456140673 11
16.771929824561727 7
16.78947368421085 11
16.798245614035412 15
16.807017543859974 10
16.859649122807344 27
16.877192982456467 9
16.88596491228103 11
16.903508771930152 26
16.956140350877522 24
16.973684210526645 36
16.973684210526645 48
16.982456140351207 11
16.99122807017577 25
17.017543859649454 39
17.078947368421385 11
17.131578947368755 44
17.175438596491563 11
17.228070175438933 47
17.236842105263495 56
17.25438596491262 8
17.26315789473718 49
17.27192982456174 11
17.298245614035427 12
17.32456140350911 6
17.36842105263192 11
17.394736842105605 17
17.447368421052975 46
17.464912280702098 11
17.561403508772276 11
17.5789473684214 7
17.614035087719646 44
17.657894736842454 11
17.754385964912633 11
17.754385964912633 24
17.85087719298281 11
17.877192982456496 50
17.94736842105299 11
17.95614035087755 3
18.017543859649482 36
18.043859649123167 11
18.05263157894773 6
18.06140350877229 15
18.078947368421414 22
18.140350877193345 11
18.15789473684247 14
18.2192982456144 17
18.236842105263523 11
18.27192982456177 30
18.28070175438633 55
18.298245614035455 25
18.31578947368458 1
18.3333333333337 11
18.342105263158263 12
18.342105263158263 35
18.37719298245651 44
18.38596491228107 7
18.38596491228107 16
18.42982456140388 11
18.526315789474058 11
18.552631578947743 24
18.58771929824599 9
18.614035087719675 2
18.622807017544236 11
18.684210526316168 4
18.710526315789853 43
18.719298245614414 11
18.736842105263538 29
18.780701754386346 6
18.815789473684593 11
18.90350877193021 20
18.91228070175477 11
18.96491228070214 48
18.991228070175826 54
19.00877192982495 11
19.035087719298634 38
19.043859649123196 17
19.06140350877232 36
19.096491228070565 47
19.105263157895127 11
19.140350877193374 57
19.192982456140744 7
19.201754385965305 11
19.263157894737237 32
19.2719298245618 23
19.289473684210922 3
19.298245614035483 11
19.32456140350917 15
19.350877192982853 24
19.3859649122811 12
19.39473684210566 11
19.482456140351278 52
19.49122807017584 11
19.49122807017584 27
19.508771929824963 6
19.54385964912321 34
19.587719298246018 11
19.60526315789514 25
19.684210526316196 11
19.71052631578988 41
19.780701754386374 11
19.81578947368462 42
19.86842105263199 17
19.877192982456553 11
19.903508771930237 40
19.929824561403922 28
19.97368421052673 11
20.000000000000416 1
20.008771929824977 7
20.01754385964954 58
20.07017543859691 11
20.105263157895156 36
20.149122807017964 24
20.166666666667087 11
20.23684210526358 6
20.263157894737265 11
20.28947368421095 50
20.307017543860074 9
20.324561403509197 46
20.324561403509197 49
20.359649122807443 11
20.377192982456567 44
20.429824561403937 12
20.45614035087762 11
20.5526315789478 11
20.56140350877236 30
20.587719298246046 15
20.622807017544293 3
20.649122807017978 11
20.6666666666671 10
20.692982456140786 17
20.745614035088156 11
20.81578947368465 4
20.82456140350921 7
20.842105263158334 11
20.912280701754828 25
20.938596491228513 11
20.938596491228513 48
20.947368421053074 24
20.964912280702197 6
20.964912280702197 47
20.97368421052676 37
21.03508771929869 11
21.122807017544307 5
21.13157894736887 11
21.149122807017992 33
21.149122807017992 36
21.149122807017992 42
21.18421052631624 16
21.1929824561408 29
21.228070175439047 11
21.324561403509225 11
21.333333333333787 20
21.359649122807472 56
21.421052631579403 11
21.45614035087765 1
21.473684210526773 12
21.51754385964958 11
21.51754385964958 17
21.535087719298705 26
21.596491228070636 55
21.61403508771976 11
21.640350877193445 7
21.657894736842568 14
21.692982456140815 6
21.710526315789938 11
21.745614035088185 24
21.807017543860116 11
21.850877192982924 15
21.903508771930294 11
21.956140350877664 3
22.000000000000473 11
22.017543859649596 9
22.09649122807065 11
22.105263157895212 2
22.131578947368897 27
22.19298245614083 11
22.19298245614083 36
22.219298245614514 25
22.289473684211007 11
22.289473684211007 42
22.342105263158377 17
22.368421052632062 31
22.385964912281185 11
22.394736842105747 22
22.421052631579432 6
22.45614035087768 7
22.482456140351363 11
22.51754385964961 12
22.543859649123295 24
22.57894736842154 11
22.605263157895227 29
22.67543859649172 11
22.692982456140843 44
22.701754385965405 50
22.771929824561898 11
22.78070175438646 1
22.83333333333383 30
22.83333333333383 47
22.859649122807514 43
22.868421052632076 11
22.868421052632076 41
22.912280701754884 48
22.93859649122857 5
22.94736842105313 4
22.964912280702254 11
22.964912280702254 39
23.061403508772433 11
23.114035087719802 15
23.14912280701805 6
23.14912280701805 23
23.15789473684261 11
23.166666666667172 17
23.236842105263666 36
23.25438596491279 11
23.25438596491279 11
23.271929824561912 7
23.289473684211035 3
23.289473684211035 54
23.298245614035597 32
23.342105263158405 24
23.350877192982967 11
23.350877192982967 11
23.385964912281214 49
23.403508771930337 42
23.447368421053145 11
23.5263157894742 25
23.543859649123323 11
23.561403508772447 12
23.6403508771935 11
23.728070175439118 9
23.728070175439118 44
23.73684210526368 11
23.73684210526368 52
23.763157894737365 20
23.824561403509296 34
23.833333333333858 11
23.877192982456666 6
23.929824561404036 11
23.982456140351406 16
23.991228070175968 17
24.026315789474214 11
24.087719298246146 7
24.122807017544392 11
24.140350877193516 24
24.140350877193516 44
24.149122807018077 58
24.21929824561457 11
24.280701754386502 36
24.31578947368475 11
24.37719298245668 15
24.412280701754927 11
24.438596491228612 46
24.508771929825105 11
24.517543859649667 10
24.605263157895283 6
24.605263157895283 11
24.605263157895283 12
24.622807017544407 3
24.657894736842653 38
24.6929824561409 43
24.70175438596546 11
24.70175438596546 42
24.70175438596546 47
24.79824561403564 11
24.815789473684763 17
24.833333333333886 25
24.85964912280757 28
24.868421052632133 27
24.894736842105818 11
24.90350877193038 7
24.938596491228626 24
24.947368421053188 48
24.982456140351434 44
24.991228070175996 11
25.078947368421613 4
25.078947368421613 57
25.087719298246174 11
25.105263157895298 30
25.11403508771986 50
25.157894736842668 14
25.17543859649179 40
25.184210526316352 11
25.192982456140914 55
25.28070175438653 11
25.32456140350934 36
25.3333333333339 6
25.37719298245671 11
25.412280701754955 1
25.43859649122864 9
25.473684210526887 11
25.570175438597065 11
25.59649122807075 2
25.64035087719356 15
25.64035087719356 17
25.64912280701812 12
25.666666666667243 11
25.719298245614613 7
25.728070175439175 39
25.736842105263737 24
25.76315789473742 11
25.8596491228076 11
25.947368421053216 37
25.956140350877778 3
25.956140350877778 11
26.043859649123394 8
26.052631578947956 11
26.061403508772518 6
26.087719298246203 42
26.140350877193573 25
26.149122807018134 11
26.192982456140943 20
26.245614035088312 11
26.28070175438656 53
26.34210526315849 11
26.350877192983052 46
26.368421052632176 36
26.43859649122867 11
26.464912280702354 17
26.464912280702354 35
26.464912280702354 49
26.473684210526915 41
26.517543859649724 44
26.526315789474285 7
26.535087719298847 11
26.535087719298847 24
26.570175438597094 47
26.631578947369025 11
26.692982456140957 12
26.71052631579008 22
26.728070175439203 11
26.780701754386573 16
26.780701754386573 33
26.789473684211135 6
26.82456140350938 11
26.903508771930436 15
26.92105263157956 11
26.92105263157956 48
27.008771929825176 1
27.017543859649738 11
27.017543859649738 43
27.03508771929886 44
27.114035087719916 11
27.1403508771936 9
27.1403508771936 23
27.201754385965533 42
27.210526315790094 4
27.210526315790094 11
27.28947368421115 3
27.28947368421115 17
27.307017543860272 11
27.333333333333957 7
27.333333333333957 24
27.333333333333957 32
27.385964912281327 30
27.40350877193045 11
27.412280701755012 36
27.44736842105326 25
27.44736842105326 25
27.50000000000063 11
27.50000000000063 29
27.517543859649752 6
27.526315789474314 50
27.543859649123437 26
27.543859649123437 58
27.596491228070807 11
27.692982456140985 11
27.736842105263793 12
27.736842105263793 46
27.789473684211163 11
27.859649122807657 56
27.88596491228134 11
27.98245614035152 11
28.078947368421698 11
28.09649122807082 34
28.105263157895383 27
28.114035087719945 17
28.131578947369068 24
28.14035087719363 7
28.157894736842753 1
28.166666666667314 15
28.175438596491876 11
28.175438596491876 19
28.24561403508837 6
28.271929824562054 11
28.271929824562054 52
28.315789473684863 42
28.368421052632232 10
28.368421052632232 11
28.385964912281356 31
28.41228070175504 57
28.447368421053287 47
28.45614035087785 36
28.46491228070241 11
28.543859649123466 43
28.56140350877259 11
28.62280701754452 3
28.62280701754452 20
28.657894736842767 11
28.657894736842767 14
28.684210526316452 39
28.754385964912945 11
28.754385964912945 25
28.78070175438663 12
28.850877192983123 9
28.850877192983123 11
28.88596491228137 48
28.88596491228137 54
28.92982456140418 24
28.93859649122874 17
28.9473684210533 11
28.956140350877863 7
28.973684210526987 6
29.04385964912348 11
29.05263157894804 8
29.087719298246288 2
29.140350877193658 11
29.236842105263836 11
29.333333333334014 11
29.342105263158576 4
29.429824561404192 11
29.429824561404192 15
29.429824561404192 42
29.500000000000686 36
29.52631578947437 11
29.52631578947437 49
29.57894736842174 16
29.62280701754455 11
29.62280701754455 46
29.67543859649192 30
29.701754385965604 6
29.719298245614727 11
29.72807017543929 24
29.763157894737535 7
29.763157894737535 17
29.78070175438666 28
29.815789473684905 11
29.824561403509467 12
29.912280701755083 11
29.93859649122877 50
29.95614035087789 3
30.00877192982526 11
30.026315789474385 55
30.05263157894807 29
30.06140350877263 25
30.10526315789544 11
30.10526315789544 38
30.10526315789544 40
30.201754385965618 11
30.298245614035796 11
30.307017543860358 47
30.394736842105974 11
30.42982456140422 6
30.491228070176152 11
30.5263157894744 24
30.543859649123522 36
30.552631578948084 9
30.570175438597207 7
30.58771929824633 11
30.58771929824633 17
30.68421052631651 11
30.69298245614107 15
30.780701754386687 11
30.859649122807742 48
30.868421052632304 12
30.868421052632304 12
30.877192982456865 11
30.921052631579673 37
30.973684210527043 11
31.00877192982529 23
31.026315789474413 22
31.052631578948098 20
31.07017543859722 11
31.157894736842838 6
31.1666666666674 11
31.263157894737578 11
31.289473684211263 3
31.315789473684948 46
31.32456140350951 24
31.359649122807756 11
31.368421052632318 25
31.368421052632318 32
31.38596491228144 7
31.412280701755126 17
31.456140350877934 11
31.473684210527058 1
31.473684210527058 4
31.526315789474427 43
31.54385964912355 42
31.552631578948112 11
31.561403508772674 27
31.561403508772674 35
31.578947368421797 44
31.58771929824636 36
31.631578947369167 57
31.631578947369167 58
31.64912280701829 11
31.657894736842852 39
31.74561403508847 11
31.763157894737592 41
31.842105263158647 11
31.885964912281455 6
31.885964912281455 33
31.91228070175514 12
31.938596491228825 11
31.947368421053387 30
31.95614035087795 15
32.035087719299 11
32.122807017544616 24
32.13157894736918 11
32.15789473684286 14
32.166666666667425 47
32.20175438596567 7
32.219298245614794 10
32.228070175439356 11
32.23684210526392 17
32.2631578947376 9
32.324561403509534 11
32.35087719298322 50
32.36842105263234 34
32.377192982456904 16
32.42105263157971 11
32.46491228070252 44
32.51754385964989 11
32.57894736842182 2
32.587719298246384 49
32.61403508772007 6
32.61403508772007 11
32.62280701754463 3
32.63157894736919 36
32.65789473684288 42
32.66666666666744 52
32.675438596492 25
32.71052631579025 11
32.77192982456218 46
32.807017543860425 11
32.83333333333411 48
32.9035087719306 11
32.92105263157973 1
32.92105263157973 24
32.95614035087797 12
33.00000000000078 11
33.017543859649905 7
33.06140350877271 17
33.09649122807096 11
33.19298245614114 11
33.21929824561482 15
33.289473684211316 11
33.342105263158686 6
33.385964912281494 11
33.385964912281494 53
33.42105263157974 54
33.48245614035167 11
33.48245614035167 20
33.57894736842185 11
33.605263157895536 4
33.67543859649203 11
33.67543859649203 36
33.71929824561484 24
33.77192982456221 11
33.83333333333414 7
33.868421052632385 11
33.88596491228151 17
33.956140350878 3
33.96491228070256 11
33.973684210527125 9
33.98245614035169 25
34.00000000000081 12
34.026315789474495 29
34.026315789474495 47
34.06140350877274 11
34.0701754385973 6
34.15789473684292 11
34.22807017543941 30
34.2543859649131 11
34.350877192983276 11
34.38596491228152 1
34.447368421053454 11
34.4824561403517 15
34.51754385964995 24
34.52631578947451 42
34.54385964912363 11
34.57894736842188 41
34.605263157895564 57
34.64035087719381 11
34.64912280701837 7
34.70175438596574 28
34.710526315790304 17
34.719298245614866 36
34.73684210526399 11
34.763157894737674 50
34.79824561403592 6
34.80701754386048 44
34.824561403509605 48
34.83333333333417 11
34.91228070175522 23
34.91228070175522 43
34.929824561404345 11
35.02631578947452 11
35.04385964912365 12
35.1228070175447 11
35.14912280701839 26
35.17543859649207 16
35.17543859649207 27
35.192982456141195 56
35.21929824561488 11
35.28947368421137 3
35.28947368421137 25
35.31578947368506 11
35.31578947368506 24
35.34210526315874 22
35.412280701755236 11
35.464912280702606 7
35.47368421052717 8
35.508771929825414 11
35.508771929825414 32
35.52631578947454 6
35.5350877192991 17
35.60526315789559 11
35.64035087719384 42
35.6491228070184 49
35.65789473684296 14
35.675438596492086 9
35.68421052631665 58
35.70175438596577 11
35.71052631579033 40
35.73684210526402 4
35.74561403508858 15
35.7631578947377 36
35.79824561403595 11
35.89473684210613 11
35.89473684210613 37
35.89473684210613 47
35.91228070175525 20
35.991228070176305 11
36.07017543859736 2
36.07017543859736 10
36.08771929824648 11
36.08771929824648 12
36.11403508772017 24
36.18421052631666 11
36.22807017543947 45
36.254385964913155 6
36.27192982456228 7
36.28070175438684 11
36.35087719298333 33
36.359649122807895 17
36.37719298245702 11
36.473684210527196 1
36.473684210527196 11
36.53508771929913 41
36.570175438597374 11
36.59649122807106 25
36.61403508772018 30
36.622807017544744 3
36.64035087719387 34
36.66666666666755 11
36.675438596492114 55
36.75438596491317 42
36.76315789473773 11
36.79824561403598 48
36.80701754386054 36
36.85964912280791 11
36.91228070175528 24
36.9298245614044 39
36.95614035087809 11
36.97368421052721 44
36.98245614035177 6
37.00877192982546 15
37.052631578948265 11
37.07894736842195 7
37.105263157895635 53
37.12280701754476 38
37.13157894736932 12
37.14912280701844 11
37.16666666666757 46
37.17543859649213 50
37.18421052631669 17
37.20175438596581 52
37.24561403508862 11
37.29824561403599 35
37.3421052631588 11
37.377192982457046 9
37.43859649122898 11
37.44736842105354 44
37.49122807017635 43
37.535087719299156 11
37.5701754385974 57
37.631578947369334 11
37.71052631579039 6
37.71052631579039 24
37.71929824561495 8
37.72807017543951 11
37.76315789473776 47
37.82456140350969 11
37.850877192983376 36
37.8684210526325 4
37.8684210526325 42
37.8684210526325 42
37.88596491228162 7
37.903508771930746 25
37.92105263157987 11
37.93859649122899 44
37.956140350878115 3
37.97368421052724 16
38.008771929825485 17
38.01754385965005 11
38.114035087720225 11
38.17543859649216 12
38.20175438596584 27
38.2105263157904 11
38.271929824562335 15
38.29824561403602 44
38.30701754386058 11
38.34210526315883 20
38.377192982457075 54
38.40350877193076 11
38.438596491229006 6
38.50000000000094 11
38.5087719298255 24
38.596491228071116 11
38.692982456141294 7
38.692982456141294 11
38.71052631579042 49
38.745614035088664 5
38.77192982456235 48
38.78947368421147 11
38.807017543860596 23
38.83333333333428 17
38.88596491228165 11
38.89473684210621 30
38.89473684210621 36
38.98245614035183 11
39.070175438597445 58
39.07894736842201 9
39.07894736842201 11
39.114035087720254 46
39.15789473684306 14
39.16666666666762 6
39.175438596492185 11
39.21052631579043 25
39.21929824561499 12
39.27192982456236 11
39.28947368421149 3
39.30701754386061 24
39.36842105263254 11
39.385964912281665 1
39.46491228070272 11
39.500000000000966 7
39.53508771929921 15
39.543859649123775 32
39.5614035087729 2
39.5614035087729 11
39.58771929824658 50
39.62280701754483 28
39.63157894736939 47
39.657894736843076 11
39.657894736843076 17
39.657894736843076 22
39.701754385965884 43
39.72807017543957 42
39.754385964913254 11
39.763157894737816 56
39.85087719298343 11
39.89473684210624 6
39.921052631579926 10
39.93859649122905 36
39.94736842105361 11
40.00000000000098 4
40.04385964912379 11
40.0877192982466 57
40.10526315789572 24
40.14035087719397 11
40.236842105264145 11
40.26315789473783 12
40.3157894736852 7
40.32456140350976 52
40.33333333333432 11
40.37719298245713 39
40.4298245614045 11
40.48245614035187 17
40.51754385965012 25
40.52631578947468 11
40.58771929824661 55
40.62280701754486 3
40.62280701754486 6
40.62280701754486 11
40.719298245615036 11
40.75438596491328 48
40.771929824562406 16
40.771929824562406 20
40.78947368421153 9
40.79824561403609 15
40.80701754386065 29
40.815789473685214 11
40.8421052631589 42
40.868421052632584 37
40.90350877193083 24
40.91228070175539 11
40.929824561404516 34
40.982456140351886 36
41.00877192982557 11
41.10526315789575 11
41.12280701754487 26
41.131578947369434 7
41.17543859649224 30
41.20175438596593 11
41.26315789473786 43
41.28947368421154 33
41.298245614036105 11
41.30701754386067 12
41.30701754386067 17
41.350877192983475 6
41.39473684210628 11
41.456140350878215 41
41.46491228070278 27
41.49122807017646 11
41.50000000000102 47
41.58771929824664 11
41.68421052631682 11
41.70175438596594 24
41.771929824562434 49
41.780701754386996 11
41.824561403509804 25
41.85087719298349 5
41.877192982457174 11
41.94736842105367 7
41.95614035087823 3
41.95614035087823 42
41.97368421052735 11
42.00000000000104 50
42.02631578947472 36
42.06140350877297 15
42.07017543859753 11
42.07894736842209 6
42.13157894736946 4
42.13157894736946 17
42.16666666666771 11
42.21052631579052 1
42.245614035088764 35
42.245614035088764 38
42.26315789473789 11
42.3508771929835 12
42.359649122808065 11
42.40350877193087 58
42.45614035087824 11
42.45614035087824 11
42.50000000000105 9
42.50000000000105 24
42.55263157894842 11
42.58771929824667 40
42.59649122807123 57
42.6491228070186 11
42.65789473684316 14
42.70175438596597 23
42.728070175439655 48
42.74561403508878 11
42.7631578947379 7
42.80701754386071 6
42.842105263158956 11
42.91228070175545 44
42.938596491229134 11
42.947368421053696 39
42.95614035087826 17
43.03508771929931 11
43.052631578948436 2
43.07017543859756 36
43.07017543859756 42
43.13157894736949 11
43.13157894736949 25
43.14035087719405 54
43.201754385965984 20
43.22807017543967 11
43.23684210526423 52
43.27192982456248 46
43.2894736842116 3
43.29824561403616 24
43.32456140350985 11
43.32456140350985 15
43.359649122808094 47
43.39473684210634 12
43.421052631580025 11
43.45614035087827 30
43.5175438596502 11
43.53508771929933 6
43.57017543859757 16
43.578947368422135 7
43.578947368422135 32
43.59649122807126 1
43.61403508772038 11
43.64912280701863 53
43.71052631579056 11
43.77192982456249 10
43.78070175438705 17
43.80701754386074 11
43.83333333333442 44
43.903508771930916 11
43.97368421052741 22
44.000000000001094 11
44.09649122807127 11
44.09649122807127 24
44.114035087720396 36
44.166666666667766 27
44.19298245614145 11
44.210526315790574 9
44.263157894737944 4
44.263157894737944 6
44.28947368421163 11
44.38596491228181 11
44.39473684210637 7
44.41228070175549 50
44.429824561404615 42
44.43859649122918 12
44.43859649122918 25
44.482456140351985 11
44.54385964912392 28
44.57894736842216 11
44.587719298246725 15
44.60526315789585 17
44.62280701754497 3
44.62280701754497 46
44.67543859649234 11
44.71052631579059 48
44.77192982456252 11
44.850877192983575 49
44.8684210526327 11
44.89473684210638 24
44.912280701755506 1
44.92105263158007 19
44.964912280702876 11
44.99122807017656 6
45.061403508773054 11
45.15789473684323 11
45.15789473684323 36
45.175438596492356 56
45.20175438596604 34
45.2105263157906 7
45.219298245615164 47
45.25438596491341 11
45.25438596491341 55
45.28947368421166 57
45.35087719298359 11
45.41228070175552 44
45.429824561404644 17
45.44736842105377 11
45.482456140352014 12
45.5087719298257 41
45.543859649123945 11
45.543859649123945 42
45.63157894736956 20
45.64035087719412 11
45.69298245614149 24
45.71052631579062 43
45.71929824561518 6
45.7368421052643 11
45.7368421052643 30
45.7368421052643 33
45.74561403508886 25
45.83333333333448 11
45.84210526315904 37
45.8508771929836 15
45.921052631580096 9
45.92982456140466 11
45.95614035087834 3
46.026315789474836 7
46.026315789474836 7
46.026315789474836 11
46.08771929824677 46
46.122807017545014 11
46.15789473684326 14
46.20175438596607 36
46.21929824561519 11
46.24561403508888 1
46.25438596491344 17
46.31578947368537 11
46.36842105263274 16
46.394736842106425 4
46.41228070175555 11
46.447368421053795 6
46.491228070176604 24
46.50877192982573 11
46.52631578947485 12
46.543859649123974 2
46.59649122807134 23
46.605263157895905 11
46.657894736843275 42
46.68421052631696 48
46.70175438596608 11
46.79824561403626 11
46.824561403509946 50
46.84210526315907 7
46.89473684210644 11
46.99122807017662 11
47.05263157894855 25
47.05263157894855 39
47.06140350877311 26
47.078947368422234 17
47.078947368422234 47
47.087719298246796 11
47.11403508772048 15
47.16666666666785 43
47.17543859649241 6
47.184210526316974 11
47.245614035088906 36
47.26315789473803 38
47.28070175438715 11
47.289473684211714 3
47.289473684211714 24
47.350877192983646 1
47.37719298245733 11
47.46491228070295 27
47.47368421052751 11
47.508771929825755 54
47.51754385965032 29
47.57017543859769 11
47.57017543859769 12
47.63157894736962 9
47.64912280701874 10
47.64912280701874 35
47.6578947368433 7
47.666666666667865 11
47.69298245614155 8
47.73684210526436 57
47.76315789473804 11
47.771929824562605 42
47.85964912280822 11
47.90350877193103 6
47.90350877193103 17
47.91228070175559 49
47.9561403508784 11
47.97368421052752 46
48.01754385965033 30
48.043859649124016 44
48.05263157894858 11
48.06140350877314 20
48.087719298246824 24
48.13157894736963 58
48.149122807018756 11
48.245614035088934 11
48.28947368421174 22
48.28947368421174 36
48.34210526315911 11
48.359649122808236 25
48.37719298245736 15
48.43859649122929 11
48.464912280702976 7
48.52631578947491 4
48.53508771929947 11
48.614035087720524 12
48.622807017545085 3
48.63157894736965 6
48.63157894736965 11
48.675438596492455 48
48.70175438596614 1
48.728070175439825 11
48.728070175439825 17
48.82456140351 11
48.885964912281935 24
48.92105263158018 11
48.938596491229305 47
48.95614035087843 42
48.98245614035211 32
49.01754385965036 11
49.11403508772054 11
49.16666666666791 16
49.210526315790716 11
49.2368421052644 50
49.27192982456265 7
49.27192982456265 55
49.307017543860894 11
49.33333333333458 9
49.33333333333458 36
49.3508771929837 43
49.359649122808264 6
49.40350877193107 11
49.421052631580196 41
49.464912280703004 28
49.473684210527566 34
49.50000000000125 11
49.55263157894862 17
49.55263157894862 17
49.59649122807143 11
49.631578947369675 53
49.64035087719424 15
49.65789473684336 12
49.65789473684336 14
49.66666666666792 25
49.684210526317045 24
49.69298245614161 11
49.789473684211785 11
49.88596491228196 11
49.93859649122933 52
49.95614035087846 3
49.98245614035214 11
50.03508771929951 2
50.052631578948635 39
50.07017543859776 42
50.07894736842232 1
50.07894736842232 11
50.08771929824688 6
50.08771929824688 7
50.1754385964925 11
50.18421052631706 33
50.25438596491355 27
50.271929824562676 11
50.29824561403636 30
50.368421052632854 11
50.368421052632854 44
50.377192982457416 17
50.377192982457416 36
50.46491228070303 11
50.46491228070303 40
50.482456140352156 24
50.49122807017672 20
50.49122807017672 23
50.56140350877321 11
50.64912280701883 48
50.65789473684339 4
50.65789473684339 11
50.7017543859662 12
50.75438596491357 11
50.80701754386094 47
50.8157894736855 6
50.8157894736855 37
50.850877192983745 11
50.903508771931115 7
50.903508771931115 15
50.94736842105392 11
50.97368421052761 25
50.97368421052761 49
51.0438596491241 9
51.0438596491241 11
51.14035087719428 11
51.18421052631709 42
51.19298245614165 17
51.23684210526446 11
51.25438596491358 44
51.280701754387266 24
51.28947368421183 3
51.333333333334636 11
51.377192982457444 41
51.42105263158025 36
51.429824561404814 11
51.50000000000131 10
51.50877192982587 19
51.52631578947499 11
51.543859649124116 6
51.543859649124116 26
51.62280701754517 11
51.649122807018855 50
51.71929824561535 7
51.71929824561535 11
51.72807017543991 1
51.745614035089034 12
51.745614035089034 46
51.77192982456272 58
51.81578947368553 11
51.83333333333465 43
51.912280701755705 11
51.964912280703075 16
52.00877192982588 11
52.017543859650445 17
52.07894736842238 24
52.10526315789606 11
52.16666666666799 15
52.20175438596624 11
52.27192982456273 6
52.280701754387294 25
52.29824561403642 11
52.29824561403642 42
52.394736842106596 11
52.394736842106596 54
52.46491228070309 36
52.491228070176774 11
52.53508771929958 7
52.58771929824695 11
52.61403508772064 22
52.6228070175452 3
52.63157894736976 48
52.67543859649257 47
52.68421052631713 11
52.754385964913624 9
52.78070175438731 11
52.78947368421187 4
52.78947368421187 12
52.84210526315924 17
52.87719298245749 11
52.87719298245749 24
52.90350877193117 44
52.921052631580295 20
52.973684210527665 11
52.98245614035223 30
53.00000000000135 6
53.01754385965047 32
53.0350877192996 56
53.07017543859784 11
53.15789473684346 14
53.16666666666802 11
53.17543859649258 35
53.17543859649258 45
53.2631578947382 1
53.2631578947382 11
53.33333333333469 41
53.350877192983816 7
53.35964912280838 11
53.35964912280838 55
53.41228070175575 42
53.42105263158031 27
53.42982456140487 15
53.456140350878556 11
53.508771929825926 36
53.52631578947505 2
53.54385964912417 43
53.552631578948734 11
53.58771929824698 25
53.64912280701891 11
53.666666666668036 17
53.6754385964926 24
53.72807017543997 6
53.74561403508909 11
53.74561403508909 34
53.83333333333471 12
53.84210526315927 11
53.85087719298383 38
53.85964912280839 44
53.877192982457515 46
53.93859649122945 11
53.95614035087857 3
54.035087719299625 11
54.035087719299625 49
54.06140350877331 50
54.1315789473698 11
54.16666666666805 7
54.22807017543998 11
54.32456140351016 11
54.38596491228209 23
54.38596491228209 28
54.42105263158034 11
54.456140350878584 6
54.464912280703146 9
54.47368421052771 24
54.49122807017683 17
54.517543859650516 11
54.52631578947508 42
54.5438596491242 47
54.55263157894876 36
54.60526315789613 48
54.614035087720694 11
54.622807017545256 33
54.69298245614175 15
54.71052631579087 11
54.76315789473824 16
54.80701754386105 11
54.877192982457544 12
54.89473684210667 25
54.89473684210667 44
54.90350877193123 11
54.91228070175579 52
54.92105263158035 4
54.97368421052772 53
54.982456140352284 7
55.00000000000141 11
55.096491228071585 11
55.1842105263172 6
55.19298245614176 11
55.26315789473826 30
55.27192982456282 24
55.28947368421194 3
55.28947368421194 11
55.2982456140365 39
55.315789473685626 17
55.34210526315931 57
55.35087719298387 10
55.35087719298387 20
55.38596491228212 11
55.4824561403523 11
55.578947368422476 11
55.5964912280716 36
55.64035087719441 42
55.675438596492654 11
55.77192982456283 11
55.789473684211956 37
55.79824561403652 7
55.86842105263301 11
55.885964912282134 27
55.91228070175582 6
55.92105263158038 12
55.947368421054065 40
55.95614035087863 15
55.96491228070319 11
56.000000000001435 41
56.01754385965056 5
56.06140350877337 11
56.07017543859793 24
56.11403508772074 58
56.14035087719442 17
56.157894736843545 11
56.17543859649267 9
56.20175438596635 25
56.25438596491372 11
56.32456140351022 46
56.3508771929839 11
56.3508771929839 11
56.40350877193127 47
56.44736842105408 11
56.473684210527765 50
56.50877192982601 44
56.54385964912426 11
56.587719298247066 48
56.61403508772075 7
56.62280701754531 3
56.640350877194436 6
56.640350877194436 11
56.640350877194436 36
56.65789473684356 14
56.67543859649268 54
56.736842105264614 11
56.75438596491374 42
56.83333333333479 11
56.86842105263304 24
56.92982456140497 11
56.92982456140497 22
56.96491228070322 12
56.96491228070322 17
57.01754385965059 2
57.02631578947515 11
57.052631578948834 4
57.052631578948834 32
57.09649122807164 49
57.12280701754533 11
57.219298245615505 11
57.219298245615505 15
57.31578947368568 11
57.36842105263305 6
57.377192982457615 43
57.41228070175586 11
57.429824561404985 7
57.50877192982604 11
57.50877192982604 25
57.543859649124286 30
57.56140350877341 16
57.60526315789622 11
57.66666666666815 24
57.67543859649271 46
57.68421052631727 36
57.701754385966396 11
57.78070175438745 20
57.78947368421201 17
57.798245614036574 11
57.807017543861136 39
57.86842105263307 42
57.88596491228219 9
57.89473684210675 11
57.956140350878684 3
57.956140350878684 41
57.964912280703246 55
57.99122807017693 11
57.99122807017693 26
58.008771929826054 12
58.017543859650615 34
58.08771929824711 11
58.09649122807167 6
58.13157894736992 52
58.18421052631729 11
58.24561403508922 7
58.26315789473834 47
58.280701754387465 11
58.280701754387465 23
58.37719298245764 11
58.46491228070326 24
58.47368421052782 11
58.48245614035238 15
58.500000000001506 27
58.56140350877344 48
58.570175438598 11
58.605263157896246 5
58.61403508772081 17
58.66666666666818 11
58.72807017544011 36
58.74561403508923 29
58.763157894738356 11
58.815789473685726 25
58.82456140351029 1
58.82456140351029 6
58.859649122808534 11
58.88596491228222 50
58.95614035087871 11
58.9824561403524 42
59.05263157894889 11
59.05263157894889 12
59.06140350877345 7
59.06140350877345 33
59.070175438598014 53
59.078947368422575 57
59.14912280701907 5
59.14912280701907 11
59.15789473684363 43
59.184210526317315 4
59.20175438596644 10
59.24561403508925 11
59.26315789473837 24
59.289473684212055 3
59.30701754386118 28
59.342105263159425 11
59.4385964912296 11
59.4385964912296 17
59.53508771929978 11
59.552631578948905 6
59.59649122807171 9
59.63157894736996 11
59.72807017544014 11
59.74561403508926 15
59.771929824562946 36
59.771929824562946 44
59.78947368421207 46
59.824561403510316 11
59.877192982457686 7
59.91228070175593 41
59.921052631580494 11
59.921052631580494 35
59.93859649122962 58
