0.008771929824561403 17
0.03508771929824561 15
0.043859649122807015 23
0.043859649122807015 32
0.05263157894736842 26
0.06140350877192982 11
0.06140350877192982 14
0.07017543859649122 52
0.07894736842105263 24
0.07894736842105263 39
0.07894736842105263 56
0.08771929824561403 16
0.10526315789473684 22
0.14912280701754385 47
0.18421052631578946 7
0.19298245614035087 6
0.19298245614035087 57
0.21052631578947367 19
0.280701754385965 33
0.29824561403508787 25
0.3333333333333336 3
0.42982456140350933 31
0.43859649122807076 46
0.43859649122807076 58
0.4824561403508779 8
0.49122807017543935 42
0.5087719298245622 4
0.5087719298245622 44
0.5526315789473694 1
0.5526315789473694 2
0.6929824561403523 38
0.7631578947368437 30
0.8771929824561423 24
0.8859649122807037 10
0.8947368421052652 9
0.9210526315789495 6
1.0000000000000022 11
1.017543859649125 7
1.035087719298248 48
1.0614035087719322 17
1.1403508771929851 43
1.2105263157894766 27
1.2631578947368451 41
1.3245614035087752 28
1.3684210526315823 15
1.605263157894741 25
1.649122807017548 6
1.6578947368421095 36
1.666666666666671 3
1.6754385964912324 24
1.7543859649122853 12
1.789473684210531 20
1.850877192982461 7
1.8947368421052682 19
1.9035087719298296 11
1.973684210526321 44
1.973684210526321 55
2.0000000000000053 11
2.026315789473689 34
2.0964912280701786 11
2.0964912280701786 47
2.201754385964913 11
2.201754385964913 46
2.2982456140350864 11
2.3771929824561373 6
2.3947368421052597 11
2.4736842105263106 24
2.491228070175433 11
2.5877192982456063 4
2.5877192982456063 11
2.6842105263157796 7
2.6842105263157796 11
2.701754385964902 15
2.7280701754385857 57
2.736842105263147 39
2.780701754385953 11
2.868421052631565 44
2.877192982456126 11
2.90350877192981 8
2.90350877192981 16
2.90350877192981 36
2.912280701754371 25
2.9736842105262995 11
2.9824561403508607 9
2.999999999999983 3
3.0614035087719116 30
3.0614035087719116 43
3.0614035087719116 52
3.070175438596473 11
3.1052631578947176 6
3.166666666666646 11
3.2631578947368194 11
3.2719298245613806 24
3.3596491228069927 11
3.3947368421052375 19
3.456140350877166 11
3.5087719298245332 1
3.5087719298245332 7
3.5263157894736556 48
3.5526315789473393 11
3.6491228070175126 11
3.666666666666635 14
3.675438596491196 46
3.745614035087686 11
3.833333333333298 6
3.842105263157859 11
3.9385964912280325 11
3.9736842105262773 40
4.0350877192982075 11
4.0350877192982075 15
4.0350877192982075 47
4.0350877192982075 58
4.043859649122769 2
4.0614035087718925 19
4.070175438596454 24
4.131578947368386 11
4.219298245614002 25
4.228070175438564 11
4.298245614035057 20
4.324561403508742 11
4.333333333333304 3
4.333333333333304 7
4.350877192982427 12
4.385964912280674 19
4.403508771929797 17
4.42105263157892 11
4.447368421052605 22
4.517543859649098 11
4.561403508771907 6
4.614035087719277 11
4.649122807017523 44
4.6666666666666465 4
4.6666666666666465 36
4.710526315789455 11
4.807017543859633 11
4.8684210526315645 24
4.877192982456126 27
4.903508771929811 11
4.999999999999989 11
5.0964912280701675 11
5.166666666666661 7
5.166666666666661 32
5.192982456140346 11
5.201754385964907 23
5.280701754385962 46
5.289473684210524 6
5.289473684210524 11
5.359649122807017 10
5.359649122807017 15
5.385964912280702 11
5.42982456140351 33
5.473684210526319 30
5.48245614035088 11
5.5263157894736885 25
5.578947368421058 11
5.614035087719305 1
5.64035087719299 41
5.666666666666675 3
5.666666666666675 24
5.666666666666675 42
5.666666666666675 56
5.675438596491237 11
5.701754385964922 16
5.701754385964922 43
5.771929824561415 11
5.868421052631593 11
5.9298245614035245 36
5.964912280701771 11
5.991228070175456 44
6.000000000000018 7
6.017543859649141 6
6.017543859649141 47
6.061403508771949 11
6.149122807017566 48
6.1578947368421275 11
6.175438596491251 38
6.254385964912306 11
6.254385964912306 28
6.254385964912306 39
6.342105263157922 55
6.350877192982484 11
6.447368421052662 11
6.464912280701785 24
6.535087719298279 44
6.54385964912284 11
6.570175438596525 45
6.578947368421087 37
6.5877192982456485 9
6.640350877193018 11
6.684210526315827 15
6.728070175438635 34
6.736842105263197 11
6.745614035087758 4
6.745614035087758 6
6.824561403508813 1
6.833333333333375 7
6.833333333333375 11
6.833333333333375 25
6.885964912280745 57
6.894736842105306 52
6.91228070175443 12
6.929824561403553 11
6.973684210526361 36
7.000000000000046 3
7.026315789473731 11
7.052631578947416 44
7.096491228070224 26
7.122807017543909 11
7.131578947368471 42
7.157894736842156 46
7.2192982456140875 11
7.228070175438649 14
7.263157894736896 24
7.315789473684266 11
7.385964912280759 17
7.412280701754444 11
7.438596491228129 20
7.473684210526375 6
7.50000000000006 43
7.508771929824622 11
7.535087719298307 2
7.6052631578948 11
7.666666666666732 7
7.684210526315855 41
7.701754385964978 11
7.798245614035157 11
7.81578947368428 30
7.894736842105335 11
7.956140350877266 47
7.991228070175513 11
8.008771929824636 15
8.017543859649198 36
8.061403508772006 24
8.087719298245691 11
8.087719298245691 27
8.087719298245691 44
8.140350877193061 25
8.18421052631587 11
8.201754385964993 6
8.280701754386047 11
8.307017543859732 5
8.307017543859732 12
8.333333333333417 3
8.377192982456226 11
8.473684210526404 11
8.500000000000089 7
8.500000000000089 16
8.570175438596582 11
8.61403508771939 44
8.622807017543952 19
8.640350877193075 17
8.657894736842199 9
8.66666666666676 11
8.763157894736938 11
8.7719298245615 22
8.807017543859747 58
8.82456140350887 4
8.850877192982555 39
8.859649122807117 11
8.859649122807117 24
8.92982456140361 6
8.947368421052733 42
8.956140350877295 11
9.03508771929835 46
9.03508771929835 48
9.052631578947473 11
9.061403508772035 36
9.149122807017651 11
9.236842105263268 29
9.24561403508783 11
9.271929824561514 57
9.333333333333446 7
9.342105263158007 11
9.342105263158007 15
9.447368421052747 25
9.552631578947487 40
9.587719298245734 43
9.657894736842227 6
9.657894736842227 24
9.666666666666789 3
9.815789473684337 56
9.88596491228083 47
10.105263157894871 36
10.131578947368556 30
10.140350877193118 17
10.166666666666803 7
10.315789473684351 41
10.35964912280716 42
10.385964912280844 6
10.456140350877337 1
10.456140350877337 24
10.456140350877337 55
10.63157894736857 27
10.63157894736857 52
10.666666666666817 15
10.719298245614187 23
10.754385964912434 25
10.780701754386119 14
10.798245614035242 12
10.807017543859804 11
10.850877192982612 9
10.903508771929982 4
10.903508771929982 11
10.991228070175598 29
11.00000000000016 3
11.00000000000016 7
11.00000000000016 11
11.008771929824722 48
11.026315789473845 2
11.096491228070338 11
11.114035087719461 6
11.149122807017708 36
11.184210526315955 28
11.192982456140516 11
11.219298245614201 32
11.254385964912448 24
11.289473684210694 11
11.298245614035256 16
11.31578947368438 34
11.385964912280873 11
11.456140350877366 31
11.48245614035105 11
11.500000000000174 42
11.552631578947544 37
11.578947368421229 11
11.614035087719476 20
11.649122807017722 19
11.675438596491407 11
11.728070175438777 57
11.771929824561585 11
11.833333333333517 7
11.842105263158079 6
11.85087719298264 47
11.859649122807202 1
11.868421052631764 11
11.885964912280887 43
11.938596491228257 26
11.991228070175627 15
12.017543859649312 38
12.052631578947558 24
12.06140350877212 25
12.087719298245805 12
12.11403508771949 11
12.122807017544051 46
12.149122807017736 19
12.184210526315983 10
12.192982456140545 36
12.210526315789668 11
12.307017543859846 11
12.333333333333531 3
12.403508771930024 11
12.412280701754586 30
12.464912280701956 33
12.500000000000203 11
12.552631578947572 44
12.570175438596696 6
12.59649122807038 11
12.666666666666874 7
12.692982456140559 11
12.719298245614244 5
12.763157894737052 17
12.789473684210737 11
12.850877192982669 24
12.885964912280915 11
12.982456140351093 4
12.982456140351093 11
13.008771929824778 58
13.026315789473902 42
13.07017543859671 1
13.078947368421272 11
13.096491228070395 22
13.17543859649145 11
13.210526315789696 9
13.236842105263381 36
13.245614035087943 52
13.271929824561628 11
13.298245614035313 6
13.315789473684436 15
13.368421052631806 11
13.368421052631806 25
13.429824561403738 27
13.464912280701984 11
13.500000000000231 7
13.561403508772162 11
13.649122807017779 24
13.65789473684234 11
13.666666666666902 3
13.754385964912519 11
13.771929824561642 17
13.850877192982697 11
13.947368421052875 11
14.02631578947393 6
14.043859649123053 11
14.096491228070423 16
14.140350877193232 11
14.23684210526341 11
14.280701754386218 36
14.280701754386218 36
14.333333333333588 7
14.333333333333588 11
14.333333333333588 14
14.429824561403766 11
14.44736842105289 24
14.456140350877451 20
14.482456140351136 48
14.517543859649383 2
14.526315789473944 11
14.535087719298506 47
14.622807017544122 11
14.640350877193246 15
14.640350877193246 43
14.675438596491492 25
14.675438596491492 25
14.684210526316054 30
14.692982456140616 23
14.710526315789739 17
14.7192982456143 11
14.754385964912547 6
14.789473684210794 1
14.815789473684479 11
14.885964912280972 44
14.912280701754657 11
15.000000000000274 3
15.008771929824835 11
15.03508771929852 9
15.061403508772205 4
15.061403508772205 40
15.105263157895013 11
15.166666666666945 7
15.201754385965192 11
15.245614035088 19
15.245614035088 24
15.271929824561685 41
15.29824561403537 11
15.324561403509055 36
15.35087719298274 31
15.368421052631863 32
15.394736842105548 11
15.394736842105548 42
15.482456140351164 6
15.491228070175726 11
15.587719298245904 11
15.596491228070466 34
15.596491228070466 57
15.684210526316082 11
15.763157894737137 17
15.78070175438626 11
15.815789473684507 1
15.877192982456439 11
15.956140350877494 27
15.964912280702055 15
15.973684210526617 11
15.982456140351179 25
16.000000000000302 7
16.008771929824864 19
16.008771929824864 44
16.04385964912311 24
16.070175438596795 11
16.114035087719603 28
16.166666666666973 11
16.20175438596522 43
16.21052631578978 6
16.26315789473715 55
16.289473684210837 49
16.289473684210837 50
16.333333333333645 3
16.36842105263189 36
16.4122807017547 46
16.447368421052946 48
16.47368421052663 47
16.508771929824878 39
16.526315789474 37
16.543859649123124 12
16.561403508772248 11
16.614035087719618 17
16.62280701754418 26
16.657894736842426 11
16.701754385965234 58
16.710526315789796 42
16.754385964912604 11
16.83333333333366 7
16.84210526315822 24
16.850877192982782 11
16.89473684210559 16
16.9385964912284 6
16.94736842105296 11
16.973684210526645 30
17.04385964912314 11
17.10526315789507 20
17.131578947368755 1
17.140350877193317 4
17.140350877193317 11
17.236842105263495 11
17.289473684210865 15
17.289473684210865 25
17.30701754385999 9
17.31578947368455 38
17.333333333333673 11
17.412280701754728 22
17.412280701754728 22
17.412280701754728 36
17.42982456140385 11
17.438596491228413 17
17.438596491228413 56
17.47368421052666 44
17.52631578947403 11
17.622807017544208 11
17.64035087719333 12
17.64035087719333 24
17.666666666667016 3
17.666666666667016 6
17.666666666667016 7
17.719298245614386 11
17.815789473684564 11
17.885964912281057 14
17.912280701754742 11
18.00877192982492 2
18.00877192982492 11
18.1052631578951 11
18.201754385965277 11
18.228070175438962 57
18.236842105263523 1
18.26315789473721 17
18.298245614035455 11
18.298245614035455 11
18.394736842105633 6
18.394736842105633 11
18.43859649122844 24
18.43859649122844 47
18.456140350877565 36
18.473684210526688 48
18.49122807017581 11
18.500000000000373 7
18.552631578947743 23
18.58771929824599 11
18.59649122807055 25
18.605263157895113 43
18.614035087719675 15
18.657894736842483 5
18.657894736842483 46
18.684210526316168 11
18.70175438596529 33
18.736842105263538 12
18.780701754386346 11
18.842105263158277 44
18.877192982456524 11
18.95614035087758 41
18.973684210526702 11
19.000000000000387 3
19.07017543859688 11
19.12280701754425 6
19.16666666666706 11
19.16666666666706 17
19.21929824561443 4
19.236842105263552 24
19.245614035088114 52
19.254385964912675 30
19.263157894737237 11
19.33333333333373 7
19.359649122807415 11
19.3859649122811 39
19.456140350877593 11
19.5000000000004 36
19.55263157894777 11
19.561403508772333 20
19.570175438596895 42
19.587719298246018 5
19.64912280701795 11
19.675438596491635 55
19.692982456140758 16
19.745614035088128 11
19.745614035088128 27
19.833333333333744 12
19.842105263158306 11
19.850877192982868 6
19.903508771930237 25
19.938596491228484 11
19.938596491228484 15
20.0263157894741 17
20.035087719298662 11
20.035087719298662 24
20.13157894736884 11
20.149122807017964 43
20.166666666667087 7
20.18421052631621 40
20.192982456140772 32
20.22807017543902 11
20.324561403509197 11
20.33333333333376 3
20.377192982456567 47
20.421052631579375 11
20.45614035087762 44
20.482456140351307 48
20.517543859649553 11
20.543859649123238 36
20.578947368421485 6
20.61403508771973 11
20.684210526316225 29
20.71052631578991 11
20.728070175439033 45
20.807017543860088 11
20.833333333333773 24
20.87719298245658 17
20.903508771930266 11
20.92982456140395 12
20.97368421052676 58
21.000000000000444 7
21.000000000000444 11
21.03508771929869 28
21.096491228070622 11
21.18421052631624 26
21.1929824561408 11
21.210526315789924 25
21.254385964912732 57
21.263157894737294 15
21.28947368421098 11
21.29824561403554 4
21.307017543860102 6
21.34210526315835 34
21.385964912281157 11
21.429824561403965 14
21.46491228070221 41
21.482456140351335 11
21.50000000000046 2
21.50000000000046 37
21.535087719298705 30
21.578947368421513 11
21.587719298246075 36
21.631578947368883 24
21.66666666666713 3
21.67543859649169 11
21.7192982456145 17
21.7192982456145 56
21.72807017543906 22
21.77192982456187 11
21.8333333333338 7
21.868421052632048 11
21.894736842105733 43
21.964912280702226 11
22.000000000000473 20
22.026315789474157 12
22.03508771929872 6
22.061403508772404 11
22.157894736842582 11
22.25438596491276 11
22.324561403509254 47
22.35087719298294 11
22.429824561403993 9
22.429824561403993 24
22.447368421053117 11
22.45614035087768 48
22.482456140351363 38
22.482456140351363 52
22.491228070175925 16
22.51754385964961 25
22.535087719298733 17
22.543859649123295 11
22.587719298246103 15
22.63157894736891 36
22.640350877193473 11
22.666666666667158 7
22.710526315789966 23
22.710526315789966 42
22.72807017543909 1
22.73684210526365 11
22.763157894737336 6
22.763157894737336 46
22.83333333333383 11
22.929824561404008 11
22.982456140351378 39
23.0000000000005 3
23.026315789474186 11
23.122807017544364 11
23.122807017544364 12
23.219298245614542 11
23.228070175439104 24
23.31578947368472 11
23.350877192982967 17
23.377192982456652 4
23.4122807017549 11
23.491228070175953 6
23.500000000000515 7
23.508771929825077 11
23.53508771929876 29
23.58771929824613 27
23.605263157895255 11
23.666666666667187 43
23.675438596491748 36
23.701754385965433 11
23.79824561403561 11
23.815789473684735 30
23.824561403509296 25
23.868421052632105 10
23.89473684210579 11
23.912280701754913 15
23.95614035087772 41
23.991228070175968 11
24.026315789474214 24
24.087719298246146 11
24.15789473684264 5
24.184210526316324 11
24.184210526316324 46
24.192982456140886 17
24.192982456140886 33
24.201754385965447 42
24.21929824561457 6
24.21929824561457 12
24.228070175439132 32
24.245614035088256 9
24.254385964912817 8
24.254385964912817 47
24.280701754386502 11
24.32456140350931 7
24.333333333333872 3
24.37719298245668 11
24.438596491228612 20
24.447368421053174 58
24.47368421052686 11
24.552631578947913 44
24.570175438597037 11
24.622807017544407 48
24.666666666667215 11
24.719298245614585 36
24.763157894737393 11
24.824561403509325 24
24.85964912280757 11
24.868421052632133 1
24.947368421053188 6
24.95614035087775 11
24.973684210526873 14
24.991228070175996 2
25.00877192982512 17
25.043859649123366 19
25.052631578947928 11
25.12280701754442 57
25.131578947368983 25
25.149122807018106 7
25.149122807018106 7
25.149122807018106 11
25.236842105263722 15
25.245614035088284 11
25.289473684211092 16
25.315789473684777 12
25.342105263158462 11
25.43859649122864 11
25.456140350877764 4
25.464912280702325 19
25.53508771929882 11
25.58771929824619 55
25.622807017544435 24
25.631578947368997 11
25.631578947368997 26
25.666666666667243 3
25.675438596491805 6
25.684210526316367 56
25.728070175439175 11
25.7456140350883 44
25.76315789473742 36
25.824561403509353 11
25.824561403509353 17
25.8596491228076 39
25.903508771930408 29
25.92105263157953 11
25.956140350877778 9
25.956140350877778 28
25.956140350877778 42
25.9736842105269 7
26.01754385964971 11
26.043859649123394 22
26.07894736842164 19
26.096491228070764 30
26.114035087719888 11
26.12280701754445 1
26.149122807018134 46
26.18421052631638 47
26.210526315790066 11
26.307017543860244 11
26.350877192983052 34
26.403508771930422 6
26.403508771930422 11
26.412280701754984 12
26.421052631579546 24
26.43859649122867 25
26.473684210526915 37
26.5000000000006 11
26.508771929825162 5
26.561403508772532 15
26.561403508772532 44
26.59649122807078 11
26.631578947369025 48
26.640350877193587 17
26.684210526316395 43
26.692982456140957 11
26.70175438596552 23
26.789473684211135 11
26.80701754386026 7
26.80701754386026 36
26.86842105263219 20
26.885964912281313 11
26.98245614035149 11
27.000000000000615 3
27.070175438597108 42
27.07894736842167 11
27.13157894736904 6
27.175438596491848 11
27.18421052631641 1
27.18421052631641 44
27.219298245614656 24
27.271929824562026 11
27.34210526315852 38
27.368421052632204 11
27.45614035087782 17
27.464912280702382 11
27.50877192982519 12
27.535087719298875 4
27.56140350877256 11
27.60526315789537 57
27.622807017544492 44
27.640350877193615 7
27.65789473684274 11
27.675438596491862 9
27.745614035088355 25
27.745614035088355 25
27.754385964912917 11
27.789473684211163 46
27.850877192983095 11
27.850877192983095 36
27.859649122807657 6
27.88596491228134 15
27.947368421053273 11
27.947368421053273 41
28.017543859649766 24
28.04385964912345 11
28.08771929824626 16
28.114035087719945 47
28.14035087719363 11
28.14912280701819 43
28.236842105263808 11
28.271929824562054 1
28.271929824562054 17
28.280701754386616 27
28.333333333333986 3
28.333333333333986 11
28.377192982456794 30
28.429824561404164 8
28.429824561404164 11
28.46491228070241 7
28.482456140351534 2
28.51754385964978 14
28.526315789474342 11
28.587719298246274 6
28.605263157895397 12
28.62280701754452 11
28.7192982456147 11
28.815789473684877 11
28.815789473684877 24
28.868421052632247 33
28.89473684210593 36
28.912280701755055 11
28.92982456140418 48
28.99122807017611 42
29.008771929825233 11
29.05263157894804 25
29.087719298246288 17
29.10526315789541 11
29.20175438596559 11
29.21052631579015 15
29.289473684211206 7
29.289473684211206 19
29.298245614035768 11
29.298245614035768 20
29.31578947368489 6
29.324561403509453 10
29.385964912281384 9
29.394736842105946 11
29.394736842105946 55
29.438596491228754 44
29.482456140351562 32
29.482456140351562 46
29.491228070176124 11
29.52631578947437 29
29.587719298246302 11
29.614035087719987 4
29.614035087719987 24
29.666666666667357 3
29.68421052631648 11
29.701754385965604 12
29.719298245614727 52
29.78070175438666 11
29.877192982456837 11
29.90350877193052 17
29.93859649122877 36
29.94736842105333 44
29.973684210527015 11
30.043859649123508 6
30.043859649123508 47
30.070175438597193 11
30.11403508772 7
30.16666666666737 11
30.254385964912988 42
30.26315789473755 11
30.289473684211234 39
30.32456140350948 1
30.359649122807728 11
30.359649122807728 22
30.359649122807728 25
30.412280701755098 24
30.456140350877906 11
30.48245614035159 43
30.53508771929896 15
30.552631578948084 11
30.570175438597207 58
30.622807017544577 23
30.622807017544577 23
30.649122807018262 11
30.649122807018262 30
30.719298245614755 17
30.74561403508844 11
30.771929824562125 6
30.78947368421125 26
30.79824561403581 12
30.815789473684934 57
30.84210526315862 11
30.885964912281427 16
30.885964912281427 28
30.90350877193055 46
30.938596491228797 11
30.94736842105336 7
30.982456140351605 36
31.00000000000073 3
31.035087719298975 11
31.06140350877266 48
31.096491228070906 9
31.096491228070906 45
31.131578947369153 11
31.131578947369153 40
31.210526315790208 24
31.22807017543933 11
31.32456140350951 11
31.421052631579688 11
31.447368421053373 37
31.500000000000743 6
31.517543859649866 11
31.53508771929899 17
31.614035087720044 11
31.666666666667414 25
31.6929824561411 4
31.710526315790222 11
31.728070175439345 20
31.780701754386715 7
31.8070175438604 11
31.85964912280777 15
31.894736842106017 12
31.90350877193058 11
31.97368421052707 2
31.97368421052707 47
32.00000000000075 11
32.008771929825315 24
32.02631578947444 36
32.061403508772685 14
32.070175438597246 27
32.09649122807093 11
32.19298245614111 11
32.228070175439356 6
32.23684210526392 41
32.28947368421129 11
32.333333333334096 3
32.35087719298322 17
32.385964912281466 11
32.42105263157971 44
32.429824561404274 43
32.482456140351644 11
32.52631578947445 42
32.57894736842182 11
32.61403508772007 7
32.61403508772007 19
32.675438596492 11
32.77192982456218 11
32.807017543860425 9
32.807017543860425 24
32.807017543860425 44
32.86842105263236 11
32.92105263157973 1
32.95614035087797 6
32.964912280702535 11
32.964912280702535 30
32.9736842105271 25
32.99122807017622 12
33.06140350877271 11
33.070175438597275 36
33.15789473684289 11
33.16666666666745 17
33.175438596492015 10
33.184210526316576 15
33.25438596491307 11
33.25438596491307 48
33.280701754386754 55
33.35087719298325 11
33.447368421053426 7
33.447368421053426 11
33.45614035087799 52
33.543859649123604 11
33.605263157895536 24
33.63157894736922 19
33.64035087719378 11
33.66666666666747 3
33.68421052631659 6
33.68421052631659 16
33.701754385965714 46
33.73684210526396 11
33.77192982456221 4
33.807017543860454 32
33.83333333333414 11
33.88596491228151 42
33.90350877193063 47
33.92982456140432 11
33.98245614035169 17
34.01754385964993 34
34.026315789474495 11
34.05263157894818 49
34.08771929824643 12
34.11403508772011 36
34.12280701754467 11
34.15789473684292 20
34.21929824561485 11
34.236842105263975 8
34.27192982456222 7
34.28070175438678 25
34.28070175438678 41
34.31578947368503 11
34.403508771930646 24
34.41228070175521 6
34.41228070175521 11
34.508771929825386 9
34.508771929825386 11
34.508771929825386 15
34.54385964912363 23
34.605263157895564 11
34.67543859649206 22
34.70175438596574 11
34.73684210526399 39
34.79824561403592 11
34.79824561403592 17
34.8947368421061 11
34.90350877193066 57
34.921052631579784 38
34.97368421052715 50
34.99122807017628 11
35.00000000000084 3
35.02631578947452 58
35.087719298246455 11
35.09649122807102 7
35.1228070175447 56
35.140350877193825 6
35.15789473684295 36
35.18421052631663 11
35.18421052631663 12
35.192982456141195 44
35.20175438596576 24
35.20175438596576 48
35.245614035088565 30
35.28070175438681 11
35.350877192983305 19
35.37719298245699 11
35.464912280702606 2
35.47368421052717 11
35.55263157894822 46
35.570175438597346 11
35.58771929824647 25
35.60526315789559 14
35.614035087720154 17
35.666666666667524 11
35.7631578947377 11
35.78947368421139 33
35.81578947368507 28
35.833333333334195 15
35.833333333334195 47
35.85087719298332 4
35.85964912280788 11
35.86842105263244 6
35.92105263157981 7
35.95614035087806 11
35.96491228070262 26
36.00000000000087 19
36.00000000000087 24
36.05263157894824 11
36.11403508772017 42
36.149122807018415 11
36.201754385965785 36
36.21052631579035 9
36.24561403508859 11
36.28070175438684 12
36.33333333333421 3
36.34210526315877 11
36.421052631579826 37
36.42982456140439 17
36.43859649122895 11
36.48245614035176 16
36.48245614035176 41
36.517543859650004 43
36.526315789474566 27
36.53508771929913 11
36.570175438597374 19
36.5877192982465 20
36.59649122807106 6
36.631578947369306 11
36.684210526316676 52
36.728070175439484 11
36.75438596491317 7
36.79824561403598 24
36.82456140350966 11
36.85087719298335 19
36.894736842106155 25
36.92105263157984 11
37.01754385965002 11
37.02631578947458 10
37.07017543859739 44
37.1140350877202 11
37.157894736843005 15
37.210526315790375 11
37.23684210526406 55
37.24561403508862 17
37.24561403508862 36
37.25438596491318 46
37.30701754386055 11
37.324561403509676 6
37.377192982457046 12
37.40350877193073 11
37.50000000000091 11
37.526315789474594 30
37.587719298246526 7
37.59649122807109 11
37.59649122807109 24
37.59649122807109 42
37.66666666666758 3
37.67543859649214 31
37.692982456141266 11
37.71929824561495 39
37.76315789473776 47
37.789473684211444 11
37.842105263158814 32
37.88596491228162 11
37.92105263157987 9
37.92982456140443 4
37.9824561403518 11
38.04385964912373 48
38.052631578948294 6
38.061403508772855 17
38.07894736842198 11
38.17543859649216 11
38.20175438596584 25
38.271929824562335 11
38.28947368421146 36
38.36842105263251 11
38.377192982457075 34
38.3947368421062 24
38.41228070175532 23
38.42105263157988 7
38.46491228070269 11
38.47368421052725 12
38.482456140351815 15
38.51754385965006 43
38.56140350877287 11
38.61403508772024 57
38.61403508772024 58
38.63157894736936 50
38.65789473684305 11
38.701754385965856 41
38.754385964913226 11
38.78070175438691 6
38.850877192983404 11
38.87719298245709 17
38.94736842105358 11
38.956140350878144 2
38.99122807017639 22
39.00000000000095 3
39.017543859650075 20
39.04385964912376 11
39.114035087720254 44
39.14035087719394 11
39.1491228070185 14
39.19298245614131 24
39.23684210526412 11
39.25438596491324 7
39.280701754386925 16
39.333333333334295 11
39.333333333334295 36
39.35964912280798 1
39.42982456140447 11
39.45614035087816 19
39.50877192982553 6
39.50877192982553 25
39.52631578947465 11
39.57017543859746 12
39.62280701754483 11
39.63157894736939 9
39.6754385964922 42
39.69298245614132 17
39.69298245614132 47
39.71929824561501 11
39.73684210526413 5
39.754385964913254 19
39.807017543860624 15
39.815789473685186 11
39.815789473685186 30
39.912280701755364 11
39.99122807017642 24
40.00877192982554 4
40.00877192982554 11
40.078947368422035 56
40.0877192982466 7
40.0877192982466 38
40.10526315789572 11
40.2017543859659 11
40.236842105264145 6
40.236842105264145 48
40.29824561403608 11
40.30701754386064 52
40.32456140350976 49
40.33333333333432 3
40.37719298245713 36
40.394736842106255 11
40.49122807017643 11
40.49122807017643 26
40.508771929825556 17
40.58771929824661 11
40.666666666667666 12
40.68421052631679 11
40.74561403508872 28
40.74561403508872 39
40.78070175438697 11
40.78947368421153 24
40.78947368421153 24
40.815789473685214 25
40.877192982457146 10
40.877192982457146 11
40.91228070175539 43
40.921052631579954 7
40.96491228070276 6
40.973684210527324 11
40.982456140351886 42
41.00877192982557 55
41.04385964912382 50
41.05263157894838 19
41.0701754385975 11
41.131578947369434 15
41.16666666666768 11
41.184210526316804 41
41.2543859649133 33
41.26315789473786 11
41.28070175438698 57
41.298245614036105 1
41.32456140350979 17
41.34210526315891 9
41.35964912280804 11
41.39473684210628 37
41.41228070175541 27
41.42105263157997 36
41.44736842105365 20
41.456140350878215 11
41.508771929825585 8
41.55263157894839 11
41.58771929824664 24
41.622807017544886 47
41.64912280701857 11
41.666666666667695 3
41.666666666667695 46
41.69298245614138 6
41.74561403508875 7
41.74561403508875 11
41.76315789473787 12
41.824561403509804 40
41.84210526315893 11
41.85087719298349 5
41.877192982457174 32
41.938596491229106 11
42.035087719299284 11
42.07894736842209 16
42.087719298246654 4
42.096491228071216 30
42.1228070175449 25
42.13157894736946 11
42.140350877194024 17
42.18421052631683 48
42.201754385965955 45
42.22807017543964 11
42.22807017543964 19
42.245614035088764 42
42.26315789473789 23
42.32456140350982 11
42.38596491228175 24
42.42105263158 6
42.42105263158 11
42.44736842105368 2
42.45614035087824 15
42.464912280702805 36
42.517543859650175 11
42.570175438597545 7
42.57894736842211 44
42.61403508772035 11
42.684210526316846 58
42.69298245614141 14
42.70175438596597 19
42.71052631579053 11
42.80701754386071 11
42.80701754386071 34
42.85964912280808 12
42.90350877193089 11
42.95614035087826 17
43.000000000001066 3
43.000000000001066 11
43.043859649123874 9
43.061403508773 19
43.096491228071244 11
43.149122807018614 6
43.18421052631686 24
43.19298245614142 11
43.28070175438704 46
43.2894736842116 11
43.307017543860724 22
43.38596491228178 11
43.39473684210634 7
43.42982456140459 25
43.48245614035196 11
43.49122807017652 52
43.50877192982564 36
43.55263157894845 47
43.578947368422135 11
43.64912280701863 19
43.64912280701863 44
43.67543859649231 11
43.71052631579056 39
43.77192982456249 11
43.77192982456249 17
43.78070175438705 15
43.78070175438705 42
43.86842105263267 11
43.87719298245723 6
43.87719298245723 20
43.9298245614046 27
43.956140350878286 12
43.96491228070285 11
43.98245614035197 24
44.008771929825656 44
44.061403508773026 11
44.13157894736952 48
44.157894736843204 11
44.166666666667766 4
44.2280701754397 7
44.25438596491338 11
44.33333333333444 3
44.342105263159 57
44.35087719298356 11
44.368421052632684 50
44.377192982457245 30
44.44736842105374 11
44.4561403508783 44
44.54385964912392 11
44.55263157894848 36
44.587719298246725 17
44.60526315789585 6
44.640350877194095 11
44.72807017543971 10
44.73684210526427 11
44.73684210526427 25
44.754385964913396 9
44.78070175438708 24
44.83333333333445 11
44.87719298245726 16
44.92105263158007 26
44.92982456140463 11
44.956140350878314 38
45.02631578947481 11
45.05263157894849 12
45.061403508773054 7
45.0964912280713 55
45.10526315789586 15
45.122807017544986 11
45.219298245615164 11
45.31578947368534 11
45.333333333334465 6
45.36842105263271 42
45.385964912281835 1
45.40350877193096 17
45.41228070175552 11
45.438596491229205 46
45.482456140352014 47
45.5087719298257 11
45.57894736842219 24
45.596491228071315 36
45.60526315789588 11
45.66666666666781 3
45.66666666666781 28
45.701754385966055 11
45.79824561403623 11
45.89473684210641 7
45.89473684210641 11
45.93859649122922 2
45.94736842105378 58
45.99122807017659 11
46.04385964912396 25
46.06140350877308 6
46.08771929824677 11
46.1491228070187 12
46.15789473684326 23
46.184210526316946 11
46.19298245614151 48
46.21929824561519 17
46.21929824561519 45
46.236842105264316 14
46.24561403508888 4
46.27192982456256 39
46.280701754387124 11
46.30701754386081 20
46.35087719298362 41
46.36842105263274 37
46.3771929824573 11
46.3771929824573 24
46.3771929824573 32
46.42982456140467 15
46.46491228070292 9
46.47368421052748 11
46.500000000001165 56
46.52631578947485 49
46.5614035087731 27
46.57017543859766 11
46.64035087719415 36
46.64035087719415 36
46.657894736843275 30
46.66666666666784 11
46.72807017543977 7
46.74561403508889 33
46.763157894738015 11
46.7894736842117 6
46.80701754386082 5
46.85964912280819 11
46.88596491228188 43
46.95614035087837 11
47.00000000000118 3
47.035087719299426 17
47.05263157894855 11
47.11403508772048 42
47.11403508772048 50
47.14912280701873 11
47.17543859649241 24
47.192982456141536 46
47.245614035088906 11
47.245614035088906 12
47.342105263159084 11
47.350877192983646 25
47.41228070175558 47
47.43859649122926 11
47.47368421052751 19
47.51754385965032 6
47.53508771929944 11
47.561403508773125 7
47.62280701754506 22
47.63157894736962 11
47.67543859649243 16
47.68421052631699 36
47.7280701754398 11
47.75438596491348 15
47.78070175438717 57
47.824561403509975 11
47.85087719298366 17
47.92105263158015 11
47.97368421052752 24
48.01754385965033 11
48.11403508772051 11
48.149122807018756 48
48.17543859649244 9
48.21052631579069 11
48.245614035088934 6
48.254385964913496 42
48.307017543860866 11
48.32456140350999 4
48.33333333333455 3
48.34210526315911 1
48.34210526315911 12
48.39473684210648 7
48.403508771931044 11
48.50000000000122 11
48.53508771929947 5
48.53508771929947 41
48.57894736842228 10
48.5964912280714 11
48.65789473684333 25
48.66666666666789 17
48.69298245614158 11
48.728070175439825 36
48.728070175439825 39
48.73684210526439 20
48.75438596491351 43
48.77192982456263 24
48.78947368421176 11
48.84210526315913 34
48.885964912281935 11
48.938596491229305 30
48.97368421052755 6
48.98245614035211 11
49.07894736842229 11
49.07894736842229 15
49.17543859649247 11
49.22807017543984 7
49.27192982456265 11
49.33333333333458 8
49.34210526315914 46
49.34210526315914 47
49.368421052632826 11
49.42982456140476 2
49.43859649122932 12
49.464912280703004 1
49.464912280703004 11
49.48245614035213 17
49.48245614035213 55
49.50000000000125 27
49.50000000000125 42
49.526315789474936 50
49.56140350877318 11
49.570175438597744 24
49.58771929824687 49
49.61403508772055 44
49.65789473684336 11
49.66666666666792 3
49.70175438596617 6
49.75438596491354 11
49.77192982456266 36
49.78070175438722 14
49.79824561403635 52
49.85087719298372 11
49.8771929824574 9
49.894736842106525 5
49.92982456140477 38
49.947368421053895 11
49.96491228070302 25
50.04385964912407 11
50.052631578948635 7
50.052631578948635 23
50.052631578948635 26
50.09649122807144 48
50.14035087719425 11
50.23684210526443 11
50.29824561403636 17
50.33333333333461 11
50.368421052632854 24
50.4035087719311 4
50.4035087719311 15
50.429824561404786 6
50.429824561404786 11
50.473684210527594 16
50.526315789474964 11
50.535087719299526 12
50.54385964912409 57
50.587719298246896 28
50.62280701754514 11
50.71929824561532 11
50.78070175438725 19
50.8157894736855 11
50.8157894736855 36
50.82456140351006 46
50.87719298245743 7
50.91228070175568 11
51.00000000000129 3
51.008771929825855 11
51.070175438597786 58
51.10526315789603 11
51.114035087720595 17
51.1578947368434 6
51.166666666667965 20
51.166666666667965 24
51.20175438596621 11
51.219298245615335 30
51.271929824562704 25
51.271929824562704 47
51.280701754387266 44
51.29824561403639 11
51.3421052631592 33
51.3421052631592 37
51.39473684210657 11
51.40350877193113 32
51.491228070176746 11
51.491228070176746 41
51.587719298246924 9
51.587719298246924 11
51.60526315789605 1
51.63157894736973 12
51.6842105263171 11
51.71052631579079 7
51.72807017543991 15
51.78070175438728 11
51.859649122808335 36
51.87719298245746 11
51.88596491228202 6
51.92982456140483 17
51.93859649122939 22
51.93859649122939 50
51.964912280703075 24
51.97368421052764 11
52.04385964912413 48
52.070175438597815 11
52.070175438597815 31
52.16666666666799 11
52.24561403508905 42
52.26315789473817 11
52.333333333334664 3
52.35964912280835 11
52.42982456140484 10
52.45614035087853 11
52.48245614035221 4
52.5087719298259 39
52.543859649124144 7
52.552631578948706 11
52.57894736842239 25
52.61403508772064 6
52.649122807018884 11
52.649122807018884 49
52.72807017543994 12
52.74561403508906 11
52.74561403508906 17
52.763157894738185 24
52.815789473685555 27
52.84210526315924 11
52.89473684210661 46
52.90350877193117 36
52.921052631580295 2
52.93859649122942 11
52.973684210527665 43
53.0350877192996 11
53.04385964912416 52
53.05263157894872 15
53.05263157894872 44
53.131578947369775 11
53.20175438596627 47
53.22807017543995 11
53.22807017543995 34
53.27192982456276 8
53.27192982456276 16
53.289473684211885 9
53.32456140351013 11
53.32456140351013 14
53.32456140351013 55
53.342105263159254 6
53.35964912280838 42
53.36842105263294 7
53.42105263158031 11
53.4912280701768 30
53.51754385965049 11
53.561403508773296 17
53.561403508773296 24
53.59649122807154 20
53.614035087720666 11
53.614035087720666 41
53.666666666668036 3
53.710526315790844 11
53.80701754386102 11
53.824561403510145 12
53.85964912280839 1
53.877192982457515 57
53.88596491228208 25
53.9035087719312 11
53.9035087719312 19
53.91228070175576 23
53.94736842105401 36
53.99122807017682 48
54.00000000000138 11
54.02631578947506 40
54.07017543859787 6
54.09649122807156 11
54.192982456141735 7
54.192982456141735 11
54.27192982456279 19
54.28947368421191 11
54.350877192983845 50
54.359649122808406 24
54.37719298245753 15
54.37719298245753 17
54.38596491228209 11
54.48245614035227 11
54.561403508773324 4
54.57894736842245 11
54.675438596492626 11
54.74561403508912 26
54.76315789473824 42
54.771929824562804 11
54.79824561403649 6
54.8421052631593 46
54.8421052631593 58
54.86842105263298 11
54.91228070175579 43
54.92105263158035 12
54.929824561404914 5
54.96491228070316 11
54.991228070176845 9
54.991228070176845 36
55.00000000000141 3
55.01754385965053 7
55.06140350877334 11
55.13157894736983 47
55.15789473684352 11
55.15789473684352 24
55.19298245614176 17
55.19298245614176 25
55.254385964913695 11
55.26315789473826 1
55.35087719298387 11
55.38596491228212 27
55.43859649122949 32
55.44736842105405 11
55.50877192982598 28
55.526315789475106 6
55.526315789475106 44
55.54385964912423 11
55.64035087719441 11
55.69298245614178 38
55.70175438596634 15
55.728070175440024 49
55.736842105264586 11
55.77192982456283 30
55.80701754386108 52
55.833333333334764 11
55.85087719298389 7
55.92982456140494 11
55.92982456140494 48
55.95614035087863 24
56.008771929826 17
56.01754385965056 12
56.02631578947512 11
56.02631578947512 20
56.03508771929968 36
56.07017543859793 16
56.08771929824705 44
56.1228070175453 11
56.21929824561548 11
56.25438596491372 6
56.25438596491372 22
56.28070175438741 10
56.315789473685655 11
56.315789473685655 37
56.33333333333478 3
56.41228070175583 2
56.41228070175583 11
56.473684210527765 43
56.49122807017689 19
56.50000000000145 25
56.50877192982601 11
56.50877192982601 46
56.578947368422504 57
56.60526315789619 11
56.640350877194436 4
56.684210526317244 7
56.70175438596637 9
56.70175438596637 11
56.72807017544005 55
56.75438596491374 24
56.7631578947383 50
56.798245614036546 11
56.82456140351023 17
56.86842105263304 14
56.894736842106724 11
56.903508771931286 33
56.98245614035234 6
56.9912280701769 11
57.02631578947515 15
57.061403508773395 47
57.07894736842252 36
57.08771929824708 11
57.114035087720765 12
57.12280701754533 1
57.13157894736989 42
57.18421052631726 11
57.25438596491375 56
57.28070175438744 11
57.35087719298393 31
57.377192982457615 11
57.44736842105411 19
57.47368421052779 11
57.5175438596506 7
57.535087719299725 34
57.55263157894885 24
57.57017543859797 11
57.640350877194464 17
57.66666666666815 3
57.66666666666815 11
57.71052631579096 6
57.71929824561552 45
57.76315789473833 11
57.77192982456289 23
57.807017543861136 25
57.859649122808506 11
57.86842105263307 48
57.912280701755876 41
57.956140350878684 11
58.03508771929974 29
58.0438596491243 30
58.05263157894886 11
58.07894736842255 19
58.122807017545355 36
58.14035087719448 58
58.14912280701904 11
58.18421052631729 27
58.21052631579097 12
58.24561403508922 11
58.3421052631594 11
58.35087719298396 7
58.35087719298396 15
58.35087719298396 24
58.39473684210677 39
58.41228070175589 9
58.438596491229575 6
58.438596491229575 11
58.4561403508787 17
58.4561403508787 20
58.491228070176945 42
58.53508771929975 11
58.63157894736993 11
58.69298245614186 46
58.71929824561555 4
58.72807017544011 11
58.78947368421204 49
58.82456140351029 11
58.868421052633096 16
58.921052631580466 11
58.99122807017696 47
59.00000000000152 3
59.017543859650644 11
59.11403508772082 11
59.11403508772082 25
59.14912280701907 24
59.14912280701907 52
59.16666666666819 6
59.16666666666819 36
59.175438596492754 50
59.184210526317315 7
59.210526315791 11
59.27192982456293 17
59.289473684212055 57
59.30701754386118 11
59.30701754386118 12
59.40350877193136 11
59.40350877193136 43
59.41228070175592 1
59.47368421052785 32
59.500000000001535 11
59.59649122807171 11
59.605263157896275 42
59.67543859649277 15
59.69298245614189 11
59.75438596491382 5
59.78947368421207 11
59.815789473685754 48
59.88596491228225 11
59.89473684210681 6
59.90350877193137 2
59.94736842105418 24
59.94736842105418 24
59.973684210527864 8
59.982456140352426 11
