0.02631578947368421 50
0.03508771929824561 17
0.03508771929824561 29
0.11403508771929824 16
0.14035087719298245 7
0.15789473684210525 47
0.16666666666666666 14
0.16666666666666666 53
0.17543859649122806 15
0.17543859649122806 28
0.18421052631578946 6
0.19298245614035087 31
0.21052631578947367 42
0.21929824561403508 23
0.21929824561403508 34
0.22807017543859648 24
0.26315789473684215 26
0.2719298245614036 25
0.280701754385965 22
0.29824561403508787 11
0.342105263157895 0
0.3596491228070179 45
0.3684210526315793 37
0.41228070175438647 36
0.4210526315789479 39
0.46491228070175505 35
0.46491228070175505 43
0.4824561403508779 58
0.5087719298245622 57
0.5877192982456151 2
0.7631578947368437 59
0.8771929824561423 7
0.8859649122807037 10
0.9035087719298266 40
0.9385964912280723 6
0.9385964912280723 18
0.9385964912280723 20
0.9473684210526337 5
0.973684210526318 11
0.9824561403508795 4
0.9912280701754409 3
1.096491228070178 24
1.2017543859649151 29
1.2368421052631609 44
1.2719298245614066 48
1.2982456140350909 18
1.3070175438596523 36
1.464912280701758 17
1.4912280701754423 15
1.587719298245618 41
1.6140350877193024 7
1.6929824561403553 6
1.728070175438601 18
1.8421052631578996 18
1.8421052631578996 44
1.9649122807017596 47
1.973684210526321 24
2.0438596491228114 43
2.10526315789474 42
2.201754385964913 36
2.245614035087719 11
2.289473684210525 17
2.3508771929824537 7
2.3859649122806985 38
2.447368421052627 6
2.456140350877188 30
2.491228070175433 3
2.7280701754385857 54
2.780701754385953 50
2.8070175438596365 5
2.8070175438596365 15
2.8508771929824426 24
2.912280701754371 27
2.9824561403508607 29
2.991228070175422 44
3.0614035087719116 25
3.087719298245595 7
3.0964912280701564 36
3.1052631578947176 11
3.1052631578947176 39
3.12280701754384 1
3.1315789473684013 4
3.201754385964891 6
3.254385964912258 8
3.2631578947368194 16
3.3070175438596254 0
3.5701754385964617 59
3.7192982456140022 24
3.7368421052631247 57
3.7631578947368083 47
3.8157894736841755 7
3.833333333333298 14
3.9298245614034713 20
3.956140350877155 6
3.9912280701753997 3
3.9912280701753997 36
4.052631578947331 17
4.0614035087718925 43
4.070175438596454 41
4.122807017543824 2
4.122807017543824 15
4.140350877192947 42
4.149122807017509 31
4.157894736842071 1
4.166666666666632 9
4.307017543859619 29
4.324561403508742 18
4.359649122806989 44
4.36842105263155 53
4.412280701754359 23
4.482456140350852 22
4.517543859649098 5
4.543859649122783 7
4.587719298245592 24
4.710526315789455 6
4.754385964912263 30
4.885964912280688 36
5.035087719298236 18
5.105263157894729 59
5.210526315789469 40
5.219298245614031 28
5.254385964912277 58
5.271929824561401 7
5.307017543859647 25
5.315789473684209 34
5.3245614035087705 17
5.342105263157894 37
5.342105263157894 45
5.3508771929824555 48
5.42982456140351 15
5.438596491228072 5
5.456140350877195 24
5.464912280701757 4
5.464912280701757 6
5.48245614035088 10
5.48245614035088 29
5.491228070175442 3
5.5000000000000036 18
5.561403508771935 47
5.69298245614036 5
5.780701754385976 36
5.807017543859661 27
5.859649122807031 1
5.885964912280716 43
6.008771929824579 7
6.078947368421073 44
6.114035087719319 50
6.1842105263158125 59
6.219298245614059 6
6.254385964912306 16
6.263157894736867 18
6.263157894736867 42
6.315789473684237 20
6.324561403508799 24
6.350877192982484 8
6.3596491228070455 35
6.447368421052662 0
6.508771929824594 26
6.675438596491265 36
6.70175438596495 39
6.736842105263197 7
6.736842105263197 15
6.736842105263197 25
6.771929824561443 29
6.780701754386005 17
6.8157894736842515 9
6.973684210526361 6
6.9912280701754845 3
7.0438596491228544 30
7.166666666666718 54
7.1929824561404025 24
7.359649122807074 38
7.359649122807074 47
7.438596491228129 48
7.464912280701814 7
7.464912280701814 14
7.464912280701814 44
7.570175438596554 36
7.6052631578948 4
7.6491228070176085 42
7.65789473684217 2
7.728070175438663 6
7.728070175438663 43
7.745614035087787 17
7.92105263157902 31
8.008771929824636 44
8.043859649122883 15
8.052631578947445 11
8.061403508772006 24
8.070175438596568 25
8.192982456140431 7
8.263157894736924 41
8.394736842105349 53
8.464912280701842 36
8.482456140350966 6
8.491228070175527 3
8.552631578947459 23
8.684210526315884 22
8.763157894736938 5
8.7719298245615 11
8.833333333333432 29
8.903508771929925 50
8.912280701754487 0
8.921052631579048 7
8.92982456140361 24
9.008771929824665 5
9.157894736842213 47
9.210526315789583 27
9.236842105263268 6
9.24561403508783 16
9.280701754386076 5
9.324561403508884 30
9.35087719298257 15
9.35964912280713 36
9.377192982456254 43
9.385964912280816 57
9.429824561403624 25
9.561403508772049 18
9.631578947368542 44
9.649122807017665 7
9.649122807017665 59
9.67543859649135 20
9.692982456140474 4
9.798245614035213 24
9.877192982456268 10
9.912280701754515 48
9.921052631579077 5
9.964912280701885 8
9.973684210526446 58
9.99122807017557 3
9.99122807017557 6
9.99122807017557 45
10.105263157894871 5
10.105263157894871 9
10.131578947368556 11
10.140350877193118 39
10.157894736842241 44
10.25438596491242 36
10.263157894736981 28
10.315789473684351 37
10.324561403508913 5
10.333333333333474 40
10.377192982456283 7
10.377192982456283 34
10.482456140351022 18
10.543859649122954 17
10.596491228070324 18
10.596491228070324 42
10.657894736842255 15
10.666666666666817 24
10.745614035087872 6
10.745614035087872 41
10.763157894736995 25
10.885964912280858 18
10.938596491228228 47
10.94736842105279 44
11.043859649122968 43
11.096491228070338 14
11.1052631578949 7
11.122807017544023 26
11.149122807017708 36
11.192982456140516 2
11.192982456140516 59
11.26315789473701 1
11.26315789473701 5
11.298245614035256 35
11.36842105263175 0
11.394736842105434 11
11.491228070175612 3
11.500000000000174 6
11.53508771929842 17
11.53508771929842 24
11.614035087719476 11
11.631578947368599 30
11.710526315789654 31
11.771929824561585 4
11.79824561403527 5
11.833333333333517 7
11.90350877193001 42
11.90350877193001 48
11.964912280701942 15
11.973684210526503 50
11.973684210526503 54
12.00877192982475 9
12.043859649122997 36
12.096491228070366 25
12.16666666666686 44
12.236842105263353 16
12.254385964912476 6
12.289473684210723 8
12.359649122807216 17
12.394736842105463 20
12.403508771930024 24
12.464912280701956 23
12.508771929824764 39
12.561403508772134 7
12.719298245614244 47
12.728070175438805 5
12.771929824561614 43
12.798245614035299 53
12.80701754385986 29
12.868421052631792 18
12.885964912280915 22
12.938596491228285 36
12.991228070175655 3
13.008771929824778 6
13.140350877193203 5
13.166666666666888 17
13.201754385965135 44
13.254385964912505 5
13.271929824561628 15
13.271929824561628 24
13.289473684210751 7
13.342105263158121 59
13.429824561403738 18
13.429824561403738 25
13.447368421052861 1
13.76315789473708 6
13.833333333333574 36
13.850877192982697 4
13.86842105263182 0
13.929824561403752 9
13.929824561403752 30
13.947368421052875 10
13.964912280701999 17
14.017543859649368 7
14.052631578947615 11
14.0789473684213 45
14.105263157894985 58
14.140350877193232 24
14.192982456140601 38
14.201754385965163 41
14.254385964912533 42
14.429824561403766 44
14.464912280702013 50
14.482456140351136 18
14.482456140351136 27
14.491228070175698 3
14.508771929824821 47
14.517543859649383 6
14.578947368421314 15
14.587719298245876 8
14.684210526316054 34
14.692982456140616 18
14.728070175438862 2
14.728070175438862 14
14.728070175438862 36
14.736842105263424 48
14.745614035087986 7
14.745614035087986 7
14.763157894737109 17
14.763157894737109 25
14.850877192982725 44
14.894736842105534 1
15.000000000000274 5
15.008771929824835 24
15.114035087719575 59
15.210526315789753 43
15.228070175438877 16
15.271929824561685 6
15.289473684210808 37
15.315789473684493 28
15.359649122807301 5
15.40350877193011 42
15.473684210526603 7
15.500000000000288 11
15.517543859649411 18
15.552631578947658 17
15.622807017544151 36
15.684210526316082 40
15.692982456140644 11
15.736842105263452 29
15.824561403509069 9
15.877192982456439 24
15.885964912281 15
15.929824561403809 4
15.99122807017574 3
16.026315789473987 6
16.061403508772234 1
16.078947368421357 59
16.09649122807048 25
16.20175438596522 7
16.219298245614343 30
16.219298245614343 31
16.236842105263467 54
16.298245614035398 47
16.342105263158206 39
16.350877192982768 17
16.350877192982768 23
16.377192982456453 11
16.456140350877508 5
16.51754385964944 36
16.526315789474 41
16.745614035088042 24
16.745614035088042 44
16.78070175438629 6
16.78070175438629 18
16.859649122807344 35
16.903508771930152 29
16.9385964912284 7
16.973684210526645 26
17.061403508772262 44
17.061403508772262 57
17.078947368421385 22
17.14912280701788 17
17.166666666667002 8
17.192982456140687 15
17.236842105263495 50
17.289473684210865 18
17.350877192982797 59
17.37719298245648 48
17.412280701754728 36
17.42982456140385 25
17.447368421052975 18
17.48245614035122 43
17.491228070175783 3
17.53508771929859 6
17.605263157895084 42
17.614035087719646 24
17.614035087719646 27
17.666666666667016 7
17.710526315789824 20
17.719298245614386 9
17.771929824561756 1
17.824561403509126 45
17.84210526315825 11
17.85087719298281 18
17.938596491228427 17
17.95614035087755 10
17.95614035087755 44
18.00877192982492 4
18.078947368421414 47
18.192982456140715 53
18.2192982456144 16
18.228070175438962 11
18.26315789473721 2
18.289473684210893 6
18.307017543860017 36
18.350877192982825 14
18.37719298245651 44
18.394736842105633 7
18.48245614035125 24
18.49122807017581 30
18.500000000000373 15
18.736842105263538 17
18.763157894737223 25
18.771929824561784 39
18.938596491228456 44
18.991228070175826 3
19.043859649123196 6
19.12280701754425 7
19.17543859649162 41
19.201754385965305 36
19.21929824561443 29
19.289473684210922 18
19.34210526315829 59
19.350877192982853 24
19.456140350877593 48
19.535087719298648 17
19.55263157894777 11
19.587719298246018 34
19.622807017544265 9
19.75438596491269 11
19.798245614035498 6
19.80701754386006 15
19.842105263158306 5
19.85964912280743 7
19.85964912280743 47
19.96491228070217 43
19.982456140351292 58
20.000000000000416 8
20.087719298246032 4
20.096491228070594 25
20.096491228070594 36
20.140350877193402 44
20.140350877193402 50
20.149122807017964 40
20.18421052631621 57
20.210526315789895 29
20.219298245614457 24
20.219298245614457 42
20.23684210526358 1
20.263157894737265 37
20.307017543860074 59
20.315789473684635 23
20.33333333333376 17
20.368421052632005 28
20.49122807017587 3
20.5526315789478 6
20.570175438596923 0
20.587719298246046 7
20.60526315789517 54
20.649122807017978 38
20.77192982456184 30
20.991228070175882 36
21.052631578947814 5
21.0789473684215 18
21.08771929824606 24
21.114035087719746 15
21.122807017544307 17
21.210526315789924 16
21.23684210526361 31
21.271929824561855 22
21.307017543860102 6
21.307017543860102 18
21.315789473684664 7
21.40350877193028 5
21.421052631579403 43
21.429824561403965 25
21.51754385964958 9
21.526315789474143 41
21.631578947368883 18
21.649122807018006 42
21.657894736842568 47
21.7192982456145 11
21.789473684210993 26
21.798245614035554 2
21.868421052632048 45
21.88596491228117 36
21.921052631579418 17
21.956140350877664 24
21.964912280702226 48
21.973684210526788 14
21.99122807017591 3
22.03508771929872 44
22.04385964912328 7
22.061403508772404 6
22.166666666667144 4
22.342105263158377 35
22.3596491228075 1
22.377192982456624 44
22.421052631579432 15
22.56140350877242 18
22.68421052631628 27
22.710526315789966 50
22.719298245614528 17
22.745614035088213 29
22.763157894737336 11
22.763157894737336 25
22.771929824561898 7
22.78070175438646 36
22.815789473684706 6
22.824561403509268 24
22.824561403509268 42
23.008771929825063 5
23.008771929825063 18
23.04385964912331 30
23.09649122807068 53
23.166666666667172 11
23.30701754386016 44
23.31578947368472 18
23.324561403509282 58
23.4122807017549 11
23.438596491228584 47
23.456140350877707 9
23.491228070175953 3
23.508771929825077 7
23.51754385964964 17
23.57017543859701 6
23.58771929824613 5
23.675438596491748 36
23.69298245614087 24
23.728070175439118 15
23.74561403508824 5
23.94736842105316 18
24.00877192982509 57
24.026315789474214 48
24.0526315789479 1
24.0526315789479 5
24.078947368421584 29
24.096491228070708 25
24.10526315789527 18
24.140350877193516 34
24.15789473684264 20
24.15789473684264 59
24.1666666666672 44
24.192982456140886 23
24.201754385965447 16
24.245614035088256 4
24.245614035088256 7
24.31578947368475 17
24.31578947368475 43
24.32456140350931 6
24.359649122807557 0
24.543859649123352 40
24.561403508772475 24
24.570175438597037 36
24.5789473684216 39
24.666666666667215 31
24.79824561403564 11
24.973684210526873 7
24.991228070175996 3
25.026315789474243 5
25.035087719298804 15
25.078947368421613 6
25.11403508771986 17
25.201754385965476 18
25.210526315790037 8
25.22807017543916 47
25.236842105263722 37
25.27192982456197 27
25.28070175438653 54
25.315789473684777 5
25.315789473684777 30
25.3333333333339 2
25.359649122807586 9
25.412280701754955 11
25.412280701754955 28
25.42982456140408 24
25.42982456140408 25
25.42982456140408 50
25.464912280702325 22
25.464912280702325 36
25.500000000000572 41
25.517543859649695 45
25.526315789474257 1
25.59649122807075 14
25.70175438596549 7
25.833333333333915 6
25.91228070175497 17
25.991228070176025 59
26.201754385965504 44
26.254385964912874 48
26.298245614035682 24
26.324561403509367 4
26.34210526315849 15
26.359649122807614 36
26.3859649122813 5
26.403508771930422 29
26.429824561404107 7
26.49122807017604 3
26.561403508772532 1
26.587719298246217 6
26.65789473684271 10
26.70175438596552 43
26.71052631579008 17
26.76315789473745 25
26.903508771930436 11
27.008771929825176 47
27.157894736842724 7
27.166666666667286 24
27.19298245614097 16
27.254385964912903 9
27.254385964912903 36
27.280701754386588 5
27.28947368421115 39
27.34210526315852 6
27.385964912281327 38
27.39473684210589 35
27.50877192982519 17
27.587719298246245 30
27.649122807018177 15
27.6666666666673 18
27.675438596491862 26
27.842105263158533 59
27.894736842105903 7
27.99122807017608 3
28.008771929825205 41
28.03508771929889 24
28.03508771929889 58
28.09649122807082 6
28.09649122807082 23
28.09649122807082 25
28.14912280701819 36
28.157894736842753 18
28.184210526316438 43
28.29824561403574 50
28.3070175438603 17
28.368421052632232 5
28.385964912281356 53
28.40350877193048 4
28.40350877193048 18
28.46491228070241 27
28.631578947369082 7
28.710526315790137 57
28.763157894737507 8
28.789473684211192 47
28.850877192983123 6
28.868421052632247 2
28.868421052632247 31
28.903508771930493 24
28.956140350877863 15
29.04385964912348 36
29.061403508772603 40
29.078947368421726 20
29.10526315789541 17
29.14912280701822 9
29.20175438596559 1
29.219298245614713 14
29.30701754386033 48
29.3596491228077 7
29.403508771930507 44
29.429824561404192 25
29.456140350877877 11
29.491228070176124 3
29.51754385964981 45
29.605263157895426 6
29.657894736842795 22
29.72807017543929 43
29.771929824562097 5
29.771929824562097 24
29.859649122807713 30
29.89473684210596 29
29.90350877193052 17
29.93859649122877 36
30.043859649123508 44
30.087719298246316 7
30.175438596491933 39
30.184210526316495 16
30.21052631579018 37
30.254385964912988 11
30.254385964912988 15
30.27192982456211 1
30.342105263158604 5
30.359649122807728 6
30.447368421053344 28
30.48245614035159 4
30.491228070176152 59
30.53508771929896 34
30.570175438597207 47
30.6403508771937 24
30.657894736842824 5
30.701754385965632 17
30.763157894737564 25
30.815789473684934 7
30.833333333334057 36
30.84210526315862 44
30.90350877193055 11
30.96491228070248 18
30.991228070176167 3
31.087719298246345 9
31.087719298246345 29
31.11403508772003 6
31.17543859649196 5
31.263157894737578 10
31.263157894737578 11
31.43859649122881 41
31.464912280702496 54
31.500000000000743 17
31.508771929825304 24
31.53508771929899 5
31.552631578948112 7
31.561403508772674 15
31.64035087719373 1
31.64912280701829 59
31.728070175439345 36
31.842105263158647 43
31.868421052632332 6
31.877192982456894 50
31.877192982456894 57
31.96491228070251 23
31.97368421052707 27
32.00000000000075 20
32.09649122807093 25
32.13157894736918 30
32.28947368421129 7
32.28947368421129 26
32.29824561403585 17
32.324561403509534 11
32.333333333334096 35
32.35087719298322 47
32.377192982456904 24
32.40350877193059 2
32.491228070176206 3
32.535087719299014 5
32.535087719299014 31
32.5614035087727 4
32.596491228070946 42
32.60526315789551 0
32.62280701754463 6
32.62280701754463 36
32.649122807018315 39
32.65789473684288 29
32.675438596492 11
32.84210526315867 14
32.86842105263236 15
32.88596491228148 53
32.95614035087797 38
32.99122807017622 9
33.017543859649905 7
33.017543859649905 11
33.017543859649905 59
33.02631578947447 18
33.0877192982464 17
33.09649122807096 1
33.15789473684289 58
33.175438596492015 16
33.24561403508851 24
33.37719298245693 6
33.4298245614043 25
33.51754385964992 36
33.51754385964992 43
33.57894736842185 18
33.649122807018344 40
33.701754385965714 44
33.74561403508852 7
33.85087719298326 22
33.859649122807824 18
33.87719298245695 17
33.90350877193063 41
33.91228070175519 11
33.99122807017625 3
34.11403508772011 24
34.131578947369235 6
34.131578947369235 47
34.17543859649204 15
34.21929824561485 8
34.30701754386047 1
34.403508771930646 30
34.41228070175521 36
34.43859649122889 48
34.47368421052714 7
34.53508771929907 20
34.64035087719381 4
34.67543859649206 17
34.69298245614118 5
34.763157894737674 25
34.84210526315873 44
34.84210526315873 50
34.85087719298329 11
34.88596491228154 6
34.88596491228154 9
34.8947368421061 29
34.8947368421061 45
34.90350877193066 57
34.97368421052715 5
34.982456140351715 24
35.14912280701839 10
35.18421052631663 37
35.20175438596576 7
35.21929824561488 27
35.27192982456225 5
35.28070175438681 18
35.307017543860496 36
35.4210526315798 0
35.456140350878044 59
35.47368421052717 17
35.48245614035173 15
35.48245614035173 28
35.49122807017629 3
35.55263157894822 5
35.64035087719384 6
35.79824561403595 5
35.833333333334195 23
35.85087719298332 24
35.885964912281565 29
35.929824561404374 7
35.929824561404374 47
35.938596491228935 2
35.982456140351744 42
36.096491228071045 25
36.16666666666754 16
36.201754385965785 36
36.27192982456228 17
36.307017543860525 39
36.39473684210614 6
36.39473684210614 31
36.464912280702634 14
36.578947368421936 44
36.65789473684299 7
36.675438596492114 30
36.69298245614124 53
36.71929824561492 4
36.71929824561492 24
36.75438596491317 34
36.76315789473773 43
36.789473684211416 9
36.789473684211416 15
36.991228070176334 3
37.0438596491237 29
37.07017543859739 17
37.08771929824651 1
37.09649122807107 36
37.105263157895635 11
37.14912280701844 6
37.18421052631669 41
37.28947368421143 50
37.38596491228161 7
37.38596491228161 59
37.41228070175529 5
37.429824561404416 25
37.587719298246526 24
37.60526315789565 57
37.62280701754477 26
37.72807017543951 47
37.76315789473776 18
37.85964912280794 17
37.903508771930746 6
37.92105263157987 42
37.92105263157987 48
37.99122807017636 36
38.02631578947461 27
38.04385964912373 20
38.04385964912373 22
38.08771929824654 11
38.0964912280711 15
38.12280701754479 7
38.17543859649216 29
38.24561403508865 45
38.26315789473777 18
38.33333333333427 1
38.45614035087813 24
38.47368421052725 40
38.491228070176376 3
38.5087719298255 54
38.5087719298255 58
38.51754385965006 11
38.65789473684305 6
38.65789473684305 17
38.66666666666761 38
38.692982456141294 9
38.754385964913226 0
38.76315789473779 25
38.76315789473779 43
38.798245614036034 4
38.850877192983404 7
38.850877192983404 18
38.88596491228165 36
38.94736842105358 30
38.99122807017639 44
39.061403508772884 18
39.08771929824657 42
39.114035087720254 8
39.15789473684306 16
39.175438596492185 5
39.18421052631675 59
39.24561403508868 35
39.32456140350973 24
39.40350877193079 15
39.41228070175535 6
39.42105263157991 44
39.45614035087816 17
39.47368421052728 2
39.50877192982553 47
39.57894736842202 7
39.649122807018514 41
39.66666666666764 50
39.701754385965884 23
39.78070175438694 5
39.78070175438694 36
39.807017543860624 29
39.92982456140449 48
39.99122807017642 3
40.05263157894835 31
40.0877192982466 14
40.09649122807116 25
40.15789473684309 37
40.16666666666765 6
40.19298245614134 24
40.2017543859659 43
40.25438596491327 17
40.28070175438695 39
40.30701754386064 7
40.38596491228169 42
40.508771929825556 27
40.51754385965012 28
40.59649122807117 9
40.59649122807117 59
40.67543859649223 36
40.70175438596591 53
40.710526315790474 15
40.824561403509776 11
40.824561403509776 29
40.877192982457146 4
40.91228070175539 1
40.921052631579954 6
41.00877192982557 18
41.035087719299256 7
41.035087719299256 44
41.04385964912382 17
41.06140350877294 5
41.06140350877294 24
41.21929824561505 30
41.28947368421154 47
41.403508771930845 8
41.42982456140453 25
41.49122807017646 3
41.561403508772955 11
41.570175438597516 36
41.5964912280712 44
41.675438596492256 6
41.68421052631682 18
41.70175438596594 10
41.76315789473787 7
41.84210526315893 17
41.885964912281736 43
41.90350877193086 45
41.929824561404544 24
42.01754385965016 15
42.10526315789578 0
42.149122807018585 16
42.17543859649227 50
42.21052631579052 29
42.2368421052642 22
42.2368421052642 44
42.40350877193087 34
42.42982456140456 6
42.464912280702805 36
42.47368421052737 1
42.49122807017649 7
42.49122807017649 9
42.517543859650175 42
42.54385964912386 41
42.56140350877298 18
42.570175438597545 11
42.631578947369476 17
42.74561403508878 5
42.7631578947379 25
42.79824561403615 24
42.81578947368527 57
42.90350877193089 40
42.95614035087826 4
42.991228070176504 3
43.00877192982563 2
43.01754385965019 44
43.13157894736949 58
43.18421052631686 6
43.21929824561511 7
43.22807017543967 5
43.28070175438704 48
43.315789473685285 47
43.32456140350985 15
43.34210526315897 20
43.359649122808094 36
43.42982456140459 17
43.48245614035196 31
43.48245614035196 49
43.49122807017652 30
43.57017543859757 23
43.66666666666775 24
43.701754385966 54
43.71052631579056 14
43.71929824561512 43
43.736842105264245 1
43.736842105264245 39
43.82456140350986 26
43.88596491228179 27
43.91228070175548 11
43.92105263158004 8
43.93859649122916 6
43.93859649122916 18
43.947368421053724 7
44.09649122807127 25
44.13157894736952 59
44.2280701754397 17
44.25438596491338 36
44.38596491228181 9
44.429824561404615 5
44.49122807017655 3
44.535087719299355 24
44.63157894736953 15
44.65789473684322 5
44.67543859649234 7
44.692982456141465 6
44.692982456141465 11
44.84210526315901 35
45.02631578947481 17
45.03508771929937 4
45.05263157894849 18
45.08771929824674 41
45.0964912280713 47
45.13157894736955 11
45.13157894736955 37
45.13157894736955 42
45.14035087719411 16
45.14035087719411 50
45.14912280701867 36
45.219298245615164 0
45.29824561403622 43
45.30701754386078 45
45.35087719298359 48
45.40350877193096 7
45.40350877193096 24
45.429824561404644 25
45.44736842105377 6
45.53508771929938 44
45.55263157894851 28
45.74561403508886 57
45.77192982456255 30
45.815789473685356 20
45.82456140350992 17
45.90350877193097 5
45.93859649122922 15
45.99122807017659 3
46.04385964912396 36
46.11403508772045 38
46.131578947369576 7
46.20175438596607 6
46.21929824561519 39
46.236842105264316 1
46.27192982456256 24
46.29824561403625 27
46.32456140350993 9
46.42105263158011 29
46.42982456140467 22
46.491228070176604 53
46.543859649123974 2
46.58771929824678 58
46.62280701754503 17
46.72807017543977 5
46.763157894738015 25
46.80701754386082 59
46.83333333333451 31
46.85964912280819 7
46.877192982457316 47
46.93859649122925 36
46.95614035087837 6
46.95614035087837 44
47.11403508772048 4
47.140350877194166 24
47.140350877194166 34
47.16666666666785 41
47.192982456141536 5
47.245614035088906 15
47.289473684211714 44
47.33333333333452 14
47.42105263158014 17
47.43859649122926 23
47.46491228070295 29
47.48245614035207 5
47.49122807017663 3
47.51754385965032 8
47.543859649124 11
47.58771929824681 7
47.614035087720495 0
47.71052631579067 6
47.71052631579067 43
47.79824561403629 1
47.79824561403629 44
47.83333333333454 36
47.83333333333454 42
47.91228070175559 50
47.982456140352085 48
48.00877192982577 24
48.043859649124016 30
48.07894736842226 54
48.096491228071386 25
48.10526315789595 40
48.13157894736963 16
48.245614035088934 9
48.245614035088934 17
48.28070175438718 18
48.31578947368543 7
48.44736842105385 57
48.464912280702976 6
48.4824561403521 44
48.55263157894859 15
48.65789473684333 47
48.728070175439825 36
48.76315789473807 59
48.82456140351 11
48.87719298245737 24
48.91228070175562 20
48.947368421053866 39
48.991228070176675 3
48.991228070176675 18
48.991228070176675 27
49.01754385965036 10
49.03508771929948 17
49.043859649124045 7
49.19298245614159 4
49.21929824561528 6
49.263157894738086 5
49.307017543860894 29
49.39473684210651 43
49.42982456140476 25
49.58771929824687 41
49.622807017545114 36
49.74561403508898 24
49.77192982456266 7
49.77192982456266 42
49.83333333333459 17
49.85964912280828 15
49.92982456140477 26
49.97368421052758 6
50.07894736842232 0
50.07894736842232 2
50.105263157896005 37
50.14912280701881 9
50.14912280701881 45
50.324561403510046 30
50.33333333333461 35
50.35087719298373 53
50.39473684210654 5
50.43859649122935 47
50.482456140352156 8
50.49122807017672 3
50.50000000000128 7
50.5175438596504 36
50.5175438596504 48
50.587719298246896 28
50.61403508772058 24
50.62280701754514 22
50.631578947369704 17
50.66666666666795 18
50.67543859649251 58
50.684210526317074 11
50.72807017543988 6
50.72807017543988 50
50.76315789473813 25
50.91228070175568 31
50.956140350878485 14
50.97368421052761 18
51.008771929825855 57
51.03508771929954 43
51.07894736842235 1
51.10526315789603 59
51.114035087720595 5
51.122807017545156 16
51.166666666667965 15
51.228070175439896 7
51.271929824562704 4
51.280701754387266 11
51.30701754386095 23
51.324561403510074 18
51.333333333334636 39
51.40350877193113 27
51.41228070175569 36
51.42105263158025 17
51.42105263158025 18
51.438596491229376 34
51.482456140352184 6
51.482456140352184 24
51.67543859649254 18
51.78070175438728 5
51.84210526315921 41
51.88596491228202 20
51.95614035087851 7
51.99122807017676 3
52.04385964912413 9
52.0964912280715 25
52.14035087719431 38
52.14912280701887 59
52.16666666666799 44
52.21929824561536 17
52.21929824561536 47
52.236842105264486 6
52.30701754386098 36
52.35087719298379 24
52.37719298245747 42
52.47368421052765 15
52.57894736842239 18
52.596491228071514 30
52.657894736843446 48
52.69298245614169 7
52.77192982456275 1
52.92982456140486 18
52.92982456140486 40
52.95614035087854 11
52.973684210527665 10
52.99122807017679 6
53.00877192982591 17
53.06140350877328 8
53.08771929824697 0
53.12280701754521 5
53.20175438596627 36
53.21929824561539 24
53.245614035089076 59
53.350877192983816 4
53.35964912280838 44
53.3771929824575 11
53.42105263158031 7
53.42982456140487 25
53.4912280701768 3
53.614035087720666 2
53.69298245614172 11
53.74561403508909 6
53.75438596491365 39
53.75438596491365 45
53.78070175438734 15
53.79824561403646 42
53.80701754386102 17
53.815789473685584 27
53.93859649122945 9
54.00000000000138 47
54.087719298246995 24
54.09649122807156 36
54.09649122807156 41
54.11403508772068 16
54.140350877194365 43
54.14912280701893 7
54.17543859649261 5
54.23684210526454 29
54.245614035089105 50
54.26315789473823 59
54.27192982456279 1
54.298245614036475 44
54.42105263158034 57
54.456140350878584 26
54.50000000000139 6
54.508771929825954 54
54.57894736842245 14
54.60526315789613 17
54.614035087720694 31
54.76315789473824 25
54.81578947368561 22
54.86842105263298 30
54.877192982457544 7
54.938596491229475 11
54.9561403508786 24
54.991228070176845 3
54.991228070176845 36
55.07894736842246 37
55.08771929824702 15
55.11403508772071 5
55.17543859649264 23
55.254385964913695 6
55.359649122808435 58
55.40350877193124 17
55.42982456140493 4
55.44736842105405 59
55.526315789475106 8
55.55263157894879 48
55.60526315789616 7
55.631578947369846 28
55.65789473684353 5
55.736842105264586 11
55.76315789473827 29
55.780701754387394 47
55.79824561403652 35
55.8245614035102 24
55.833333333334764 9
55.86842105263301 5
55.885964912282134 36
55.92982456140494 18
56.008771929826 0
56.008771929826 6
56.06140350877337 44
56.08771929824705 42
56.09649122807161 25
56.20175438596635 17
56.22807017544004 27
56.32456140351022 43
56.33333333333478 7
56.39473684210671 15
56.49122807017689 3
56.692982456141806 24
56.70175438596637 20
56.70175438596637 41
56.7631578947383 6
56.7631578947383 39
56.78070175438742 36
56.947368421054094 57
57.000000000001464 17
57.02631578947515 50
57.061403508773395 7
57.1052631578962 16
57.14912280701901 2
57.14912280701901 30
57.18421052631726 11
57.289473684212 5
57.377192982457615 34
57.429824561404985 25
57.46491228070323 38
57.50877192982604 4
57.5175438596506 6
57.56140350877341 24
57.56140350877341 47
57.57017543859797 40
57.61403508772078 29
57.67543859649271 36
57.701754385966396 15
57.73684210526464 45
57.77192982456289 5
57.77192982456289 9
57.78947368421201 7
57.798245614036574 17
57.87719298245763 59
57.912280701755876 42
57.93859649122956 18
57.99122807017693 3
57.99122807017693 31
58.20175438596641 14
58.2719298245629 6
58.385964912282205 44
58.42982456140501 24
58.50877192982607 1
58.52631578947519 7
58.570175438598 36
58.596491228071685 17
58.64035087719449 27
58.72807017544011 10
58.74561403508923 8
58.763157894738356 25
58.868421052633096 44
59.00000000000152 26
59.00877192982608 15
59.00877192982608 22
59.026315789475206 6
59.03508771929977 59
59.04385964912433 23
59.078947368422575 20
59.10526315789626 54
59.14035087719451 48
59.25438596491381 7
59.27192982456293 53
59.28070175438749 0
59.29824561403662 24
59.342105263159425 47
59.394736842106795 17
59.42105263158048 30
59.46491228070329 36
59.49122807017697 3
59.54385964912434 58
59.58771929824715 4
59.666666666668206 9
59.78070175438751 6
59.85964912280856 5
59.877192982457686 42
59.877192982457686 44
59.982456140352426 7
