0.008771929824561403 48
0.02631578947368421 22
0.07894736842105263 57
0.08771929824561403 25
0.08771929824561403 47
0.10526315789473684 7
0.21929824561403508 15
0.2543859649122807 17
0.26315789473684215 23
0.2719298245614036 27
0.28947368421052644 24
0.3070175438596493 9
0.3070175438596493 16
0.342105263157895 44
0.3596491228070179 26
0.3596491228070179 42
0.3859649122807022 28
0.40350877192982504 36
0.4473684210526322 43
0.5175438596491236 33
0.6228070175438608 1
0.6403508771929837 2
0.6754385964912294 12
0.7105263157894751 8
0.728070175438598 10
0.728070175438598 39
0.7368421052631594 32
0.8596491228070194 45
0.8771929824561423 37
0.912280701754388 3
0.9210526315789495 20
0.9473684210526337 7
0.9824561403508795 11
1.0000000000000022 4
1.0877192982456165 24
1.1491228070175465 17
1.157894736842108 11
1.1666666666666694 35
1.1929824561403537 34
1.2456140350877223 41
1.2719298245614066 11
1.2894736842105294 58
1.3771929824561437 11
1.3947368421052666 25
1.4473684210526352 36
1.464912280701758 19
1.4736842105263195 11
1.5000000000000038 15
1.5701754385964952 11
1.605263157894741 38
1.6578947368421095 56
1.666666666666671 11
1.7631578947368467 11
1.789473684210531 7
1.8684210526315839 11
1.8859649122807067 24
1.973684210526321 11
2.078947368421056 11
2.078947368421056 47
2.1228070175438623 44
2.1754385964912295 11
2.2192982456140355 12
2.245614035087719 3
2.271929824561403 11
2.368421052631576 11
2.3859649122806985 17
2.412280701754382 46
2.4649122807017494 11
2.4649122807017494 52
2.482456140350872 9
2.491228070175433 36
2.4999999999999942 42
2.5614035087719227 11
2.622807017543851 7
2.657894736842096 11
2.6842105263157796 24
2.701754385964902 25
2.7543859649122693 11
2.7543859649122693 40
2.7719298245613917 15
2.8508771929824426 11
2.8859649122806874 27
2.9298245614034935 57
2.9385964912280547 14
2.947368421052616 6
2.947368421052616 11
3.035087719298228 48
3.043859649122789 11
3.1052631578947176 16
3.1315789473684013 4
3.1403508771929625 11
3.2368421052631358 11
3.333333333333309 11
3.3421052631578703 49
3.377192982456115 50
3.4298245614034824 11
3.456140350877166 7
3.4824561403508496 24
3.4824561403508496 43
3.5263157894736556 11
3.535087719298217 36
3.578947368421023 3
3.587719298245584 17
3.5964912280701453 55
3.622807017543829 11
3.675438596491196 6
3.7192982456140022 11
3.745614035087686 8
3.8157894736841755 11
3.8157894736841755 39
3.833333333333298 1
3.833333333333298 12
3.912280701754349 11
3.92105263157891 41
4.008771929824523 11
4.008771929824523 25
4.026315789473646 47
4.0350877192982075 15
4.105263157894701 11
4.131578947368386 2
4.201754385964879 11
4.219298245614002 9
4.280701754385934 7
4.280701754385934 24
4.298245614035057 11
4.394736842105235 11
4.403508771929797 6
4.4912280701754135 11
4.57894736842103 36
4.587719298245592 10
4.587719298245592 11
4.640350877192962 17
4.640350877192962 22
4.68421052631577 11
4.745614035087701 42
4.771929824561386 19
4.780701754385948 11
4.78947368421051 20
4.877192982456126 11
4.912280701754373 3
4.929824561403496 12
4.956140350877181 43
4.973684210526304 11
4.991228070175428 1
5.070175438596483 11
5.070175438596483 48
5.078947368421044 24
5.105263157894729 7
5.131578947368414 6
5.140350877192976 32
5.166666666666661 11
5.263157894736839 4
5.263157894736839 11
5.280701754385962 26
5.307017543859647 15
5.315789473684209 25
5.315789473684209 28
5.359649122807017 11
5.456140350877195 11
5.456140350877195 46
5.491228070175442 17
5.491228070175442 27
5.5526315789473735 11
5.622807017543867 36
5.649122807017552 11
5.74561403508773 11
5.824561403508785 19
5.842105263157908 11
5.85087719298247 37
5.859649122807031 6
5.859649122807031 23
5.877192982456155 24
5.90350877192984 16
5.921052631578963 31
5.938596491228086 7
5.938596491228086 11
5.964912280701771 47
5.973684210526333 9
5.991228070175456 30
6.026315789473703 12
6.035087719298264 11
6.1315789473684426 11
6.1578947368421275 57
6.228070175438621 11
6.245614035087744 3
6.245614035087744 19
6.315789473684237 17
6.324561403508799 11
6.3596491228070455 33
6.421052631578977 11
6.49122807017547 14
6.517543859649155 11
6.535087719298279 42
6.570175438596525 15
6.578947368421087 58
6.5877192982456485 6
6.6140350877193335 11
6.622807017543895 25
6.631578947368457 35
6.64912280701758 34
6.64912280701758 34
6.666666666666703 1
6.666666666666703 36
6.666666666666703 43
6.675438596491265 8
6.675438596491265 24
6.710526315789512 11
6.710526315789512 38
6.763157894736882 7
6.80701754385969 11
6.842105263157936 19
6.903508771929868 11
7.000000000000046 11
7.096491228070224 11
7.096491228070224 44
7.122807017543909 12
7.131578947368471 17
7.149122807017594 46
7.1929824561404025 11
7.254385964912334 20
7.280701754386019 29
7.289473684210581 11
7.315789473684266 6
7.377192982456197 41
7.385964912280759 11
7.394736842105321 4
7.473684210526375 24
7.482456140350937 11
7.578947368421115 3
7.578947368421115 11
7.587719298245677 7
7.6228070175439235 2
7.666666666666732 9
7.6754385964912935 11
7.71052631578954 36
7.736842105263225 48
7.771929824561472 11
7.81578947368428 44
7.833333333333403 15
7.8508771929825265 1
7.86842105263165 11
7.912280701754458 47
7.92105263157902 42
7.929824561403581 25
7.947368421052705 17
7.964912280701828 11
7.97368421052639 19
8.008771929824636 27
8.043859649122883 6
8.061403508772006 11
8.157894736842184 11
8.219298245614116 12
8.254385964912363 11
8.271929824561486 24
8.28947368421061 19
8.28947368421061 30
8.35087719298254 11
8.412280701754472 7
8.447368421052719 11
8.50877192982465 57
8.543859649122897 11
8.543859649122897 43
8.570175438596582 44
8.640350877193075 11
8.701754385965007 16
8.736842105263253 11
8.754385964912377 36
8.763157894736938 17
8.7719298245615 6
8.833333333333432 11
8.912280701754487 3
8.92982456140361 11
8.964912280701856 22
9.026315789473788 11
9.03508771929835 42
9.070175438596596 24
9.096491228070281 15
9.122807017543966 11
9.175438596491336 55
9.219298245614144 11
9.236842105263268 25
9.24561403508783 7
9.315789473684323 1
9.315789473684323 11
9.315789473684323 12
9.4122807017545 11
9.500000000000117 6
9.508771929824679 11
9.51754385964924 52
9.526315789473802 4
9.535087719298364 9
9.552631578947487 32
9.578947368421172 17
9.605263157894857 11
9.701754385965035 11
9.701754385965035 20
9.798245614035213 11
9.798245614035213 36
9.850877192982583 19
9.868421052631707 24
9.894736842105392 11
9.99122807017557 11
10.052631578947501 14
10.078947368421186 7
10.087719298245748 11
10.184210526315926 11
10.228070175438734 6
10.236842105263296 28
10.245614035087858 3
10.280701754386104 11
10.289473684210666 44
10.333333333333474 47
10.35964912280716 15
10.36842105263172 58
10.377192982456283 11
10.394736842105406 17
10.41228070175453 12
10.47368421052646 11
10.543859649122954 25
10.552631578947516 42
10.570175438596639 11
10.596491228070324 27
10.666666666666817 11
10.666666666666817 24
10.701754385965064 30
10.763157894736995 11
10.824561403508927 37
10.84210526315805 36
10.859649122807173 11
10.885964912280858 44
10.89473684210542 48
10.912280701754543 7
10.921052631579105 26
10.94736842105279 23
10.94736842105279 34
10.956140350877352 6
10.956140350877352 11
11.008771929824722 57
11.05263157894753 11
11.114035087719461 2
11.149122807017708 1
11.149122807017708 11
11.21052631578964 17
11.245614035087886 11
11.26315789473701 9
11.26315789473701 19
11.342105263158064 11
11.438596491228243 11
11.464912280701927 24
11.500000000000174 16
11.508771929824736 12
11.53508771929842 11
11.53508771929842 33
11.578947368421229 3
11.622807017544037 15
11.631578947368599 11
11.64035087719316 41
11.657894736842284 4
11.657894736842284 46
11.675438596491407 42
11.684210526315969 6
11.69298245614053 35
11.719298245614215 19
11.728070175438777 11
11.7456140350879 7
11.789473684210709 39
11.79824561403527 31
11.824561403508955 11
11.842105263158079 5
11.85087719298264 25
11.885964912280887 36
11.90350877193001 43
11.921052631579133 11
11.921052631579133 38
12.017543859649312 11
12.026315789473873 17
12.11403508771949 11
12.140350877193175 20
12.149122807017736 19
12.210526315789668 11
12.263157894737038 24
12.263157894737038 47
12.289473684210723 52
12.307017543859846 11
12.403508771930024 11
12.412280701754586 6
12.500000000000203 11
12.578947368421257 7
12.59649122807038 11
12.605263157894942 12
12.622807017544066 1
12.692982456140559 11
12.789473684210737 11
12.815789473684422 40
12.842105263158107 17
12.885964912280915 11
12.885964912280915 15
12.9122807017546 3
12.9122807017546 42
12.929824561403723 36
12.982456140351093 11
12.982456140351093 30
12.991228070175655 10
13.008771929824778 9
13.061403508772148 24
13.078947368421272 11
13.12280701754408 46
13.140350877193203 6
13.157894736842326 25
13.17543859649145 11
13.219298245614258 19
13.236842105263381 27
13.271929824561628 11
13.289473684210751 22
13.368421052631806 11
13.412280701754614 7
13.464912280701984 11
13.561403508772162 11
13.587719298245847 32
13.60526315789497 14
13.65789473684234 11
13.65789473684234 17
13.675438596491464 55
13.692982456140587 57
13.701754385965149 12
13.719298245614272 19
13.754385964912519 11
13.789473684210765 4
13.798245614035327 48
13.850877192982697 11
13.859649122807259 24
13.86842105263182 6
13.92105263157919 41
13.947368421052875 11
13.97368421052656 36
14.043859649123053 11
14.070175438596738 1
14.140350877193232 11
14.149122807017793 15
14.192982456140601 47
14.23684210526341 11
14.245614035087971 3
14.245614035087971 7
14.298245614035341 16
14.333333333333588 11
14.421052631579204 46
14.429824561403766 11
14.464912280702013 25
14.473684210526574 17
14.526315789473944 11
14.543859649123068 39
14.578947368421314 20
14.596491228070438 6
14.605263157895 2
14.622807017544122 11
14.657894736842369 24
14.66666666666693 44
14.7192982456143 9
14.7192982456143 11
14.745614035087986 58
14.798245614035356 12
14.815789473684479 11
14.850877192982725 29
14.859649122807287 23
14.912280701754657 11
14.991228070175712 5
15.008771929824835 11
15.017543859649397 36
15.078947368421328 7
15.105263157895013 11
15.157894736842383 28
15.201754385965192 11
15.228070175438877 34
15.254385964912561 42
15.289473684210808 17
15.29824561403537 11
15.29824561403537 30
15.324561403509055 6
15.394736842105548 11
15.394736842105548 26
15.412280701754671 1
15.412280701754671 15
15.45614035087748 24
15.491228070175726 11
15.578947368421343 3
15.587719298245904 11
15.684210526316082 11
15.684210526316082 27
15.771929824561699 25
15.78070175438626 11
15.789473684210822 48
15.798245614035384 37
15.877192982456439 11
15.894736842105562 12
15.912280701754685 7
15.921052631579247 4
15.921052631579247 44
15.973684210526617 11
16.052631578947672 6
16.061403508772234 36
16.070175438596795 11
16.08771929824592 56
16.105263157895042 17
16.131578947368727 47
16.166666666666973 11
16.25438596491259 24
16.26315789473715 11
16.342105263158206 41
16.35964912280733 11
16.4122807017547 8
16.42105263157926 9
16.456140350877508 11
16.47368421052663 43
16.552631578947686 11
16.649122807017864 11
16.67543859649155 15
16.73684210526348 7
16.745614035088042 11
16.763157894737166 35
16.78070175438629 6
16.84210526315822 11
16.912280701754714 3
16.921052631579276 17
16.9385964912284 11
16.964912280702084 5
16.99122807017577 12
17.008771929824892 20
17.035087719298577 11
17.0526315789477 24
17.0526315789477 44
17.078947368421385 25
17.078947368421385 42
17.09649122807051 16
17.10526315789507 36
17.131578947368755 11
17.131578947368755 39
17.15789473684244 14
17.21929824561437 46
17.228070175438933 11
17.31578947368455 57
17.32456140350911 11
17.342105263158235 31
17.42105263157929 11
17.42105263157929 19
17.508771929824906 6
17.517543859649468 11
17.561403508772276 7
17.58771929824596 5
17.596491228070523 33
17.614035087719646 11
17.622807017544208 22
17.622807017544208 32
17.649122807017893 30
17.710526315789824 11
17.728070175438948 1
17.73684210526351 17
17.807017543860002 11
17.85087719298281 24
17.868421052631934 19
17.885964912281057 48
17.90350877193018 11
17.90350877193018 49
17.90350877193018 50
17.938596491228427 15
17.94736842105299 38
17.982456140351236 52
17.982456140351236 55
18.00000000000036 11
18.05263157894773 4
18.05263157894773 4
18.06140350877229 47
18.087719298245975 12
18.096491228070537 2
18.096491228070537 11
18.122807017544222 9
18.131578947368784 27
18.149122807017907 36
18.192982456140715 11
18.201754385965277 44
18.236842105263523 6
18.245614035088085 3
18.289473684210893 11
18.38596491228107 7
18.38596491228107 11
18.38596491228107 25
18.473684210526688 5
18.48245614035125 11
18.552631578947743 17
18.578947368421428 11
18.64912280701792 24
18.675438596491606 11
18.736842105263538 23
18.7456140350881 46
18.771929824561784 11
18.868421052631962 11
18.868421052631962 41
18.868421052631962 58
18.96491228070214 6
18.96491228070214 11
19.026315789474072 1
19.06140350877232 11
19.157894736842497 11
19.184210526316182 12
19.192982456140744 36
19.201754385965305 15
19.21929824561443 7
19.254385964912675 11
19.350877192982853 11
19.368421052631977 17
19.43859649122847 20
19.44736842105303 11
19.44736842105303 24
19.508771929824963 34
19.54385964912321 11
19.578947368421456 3
19.640350877193388 11
19.692982456140758 6
19.692982456140758 25
19.728070175439004 19
19.736842105263566 11
19.833333333333744 11
19.86842105263199 9
19.894736842105676 16
19.92105263157936 30
19.929824561403922 11
19.929824561403922 48
19.938596491228484 26
20.000000000000416 47
20.0263157894741 11
20.052631578947786 7
20.07894736842147 28
20.114035087719717 29
20.12280701754428 11
20.17543859649165 42
20.18421052631621 4
20.18421052631621 17
20.210526315789895 56
20.219298245614457 11
20.23684210526358 36
20.245614035088142 24
20.28070175438639 12
20.315789473684635 11
20.315789473684635 50
20.412280701754813 11
20.421052631579375 6
20.464912280702183 15
20.50877192982499 11
20.50877192982499 46
20.526315789474115 43
20.543859649123238 1
20.578947368421485 27
20.60526315789517 11
20.701754385965348 11
20.71052631578991 14
20.77192982456184 37
20.798245614035526 11
20.885964912281143 7
20.894736842105704 11
20.912280701754828 3
20.991228070175882 11
21.000000000000444 17
21.000000000000444 25
21.043859649123252 24
21.08771929824606 11
21.122807017544307 31
21.149122807017992 6
21.157894736842554 55
21.18421052631624 11
21.280701754386417 11
21.280701754386417 36
21.377192982456595 11
21.377192982456595 12
21.39473684210572 44
21.473684210526773 11
21.526315789474143 19
21.57017543859695 11
21.587719298246075 2
21.61403508771976 9
21.631578947368883 29
21.657894736842568 32
21.66666666666713 11
21.67543859649169 42
21.7192982456145 7
21.72807017543906 15
21.763157894737308 11
21.815789473684678 17
21.842105263158363 24
21.859649122807486 11
21.868421052632048 20
21.87719298245661 6
21.87719298245661 40
21.912280701754856 10
21.912280701754856 39
21.93859649122854 22
21.956140350877664 11
21.956140350877664 47
22.017543859649596 48
22.052631578947842 11
22.14912280701802 11
22.14912280701802 41
22.157894736842582 35
22.166666666667144 49
22.19298245614083 30
22.2456140350882 3
22.2456140350882 11
22.30701754386013 25
22.315789473684692 4
22.324561403509254 36
22.342105263158377 11
22.368421052632062 33
22.41228070175487 43
22.429824561403993 57
22.438596491228555 11
22.46491228070224 19
22.4736842105268 12
22.535087719298733 11
22.552631578947857 7
22.587719298246103 1
22.605263157895227 6
22.605263157895227 23
22.63157894736891 11
22.63157894736891 17
22.640350877193473 24
22.692982456140843 16
22.72807017543909 11
22.72807017543909 50
22.78947368421102 42
22.824561403509268 11
22.921052631579446 11
22.99122807017594 15
23.008771929825063 46
23.017543859649624 11
23.026315789474186 27
23.114035087719802 11
23.122807017544364 19
23.21052631578998 11
23.30701754386016 11
23.324561403509282 9
23.333333333333844 6
23.36842105263209 36
23.385964912281214 7
23.403508771930337 11
23.438596491228584 24
23.447368421053145 17
23.491228070175953 29
23.500000000000515 11
23.561403508772447 38
23.57017543859701 12
23.57894736842157 3
23.596491228070693 11
23.614035087719817 25
23.675438596491748 5
23.69298245614087 11
23.780701754386488 34
23.78947368421105 11
23.79824561403561 58
23.85087719298298 45
23.885964912281228 11
23.885964912281228 47
23.982456140351406 11
24.00000000000053 48
24.06140350877246 6
24.078947368421584 11
24.087719298246146 42
24.140350877193516 1
24.175438596491762 11
24.21929824561457 7
24.236842105263694 24
24.254385964912817 15
24.26315789473738 14
24.26315789473738 17
24.27192982456194 11
24.298245614035626 20
24.36842105263212 11
24.412280701754927 36
24.447368421053174 4
24.464912280702297 11
24.464912280702297 30
24.53508771929879 46
24.561403508772475 11
24.657894736842653 11
24.666666666667215 12
24.728070175439147 39
24.75438596491283 11
24.789473684211078 6
24.85087719298301 11
24.90350877193038 52
24.91228070175494 3
24.921052631579503 25
24.921052631579503 44
24.947368421053188 11
25.000000000000558 28
25.035087719298804 9
25.035087719298804 24
25.043859649123366 11
25.052631578947928 7
25.078947368421613 2
25.078947368421613 17
25.140350877193544 11
25.140350877193544 50
25.236842105263722 11
25.236842105263722 57
25.3333333333339 11
25.42982456140408 11
25.456140350877764 36
25.49122807017601 16
25.49122807017601 27
25.517543859649695 1
25.517543859649695 6
25.517543859649695 15
25.526315789474257 11
25.570175438597065 43
25.622807017544435 11
25.69298245614093 32
25.719298245614613 11
25.7456140350883 37
25.76315789473742 10
25.76315789473742 12
25.81578947368479 11
25.81578947368479 47
25.833333333333915 24
25.86842105263216 55
25.885964912281285 7
25.894736842105846 17
25.91228070175497 11
25.91228070175497 42
26.000000000000586 48
26.008771929825148 11
26.052631578947956 19
26.105263157895326 11
26.201754385965504 11
26.22807017543919 25
26.245614035088312 3
26.245614035088312 6
26.254385964912874 22
26.254385964912874 31
26.298245614035682 11
26.39473684210586 11
26.473684210526915 23
26.49122807017604 11
26.5000000000006 36
26.578947368421655 4
26.587719298246217 11
26.587719298246217 29
26.631578947369025 24
26.675438596491833 26
26.684210526316395 11
26.71052631579008 17
26.71929824561464 7
26.728070175439203 20
26.736842105263765 30
26.745614035088327 9
26.780701754386573 11
26.780701754386573 15
26.859649122807628 12
26.87719298245675 11
26.97368421052693 6
26.97368421052693 11
27.000000000000615 1
27.070175438597108 11
27.114035087719916 33
27.166666666667286 11
27.263157894737464 11
27.271929824562026 19
27.359649122807642 11
27.359649122807642 39
27.39473684210589 46
27.429824561404136 24
27.44736842105326 43
27.45614035087782 11
27.464912280702382 44
27.526315789474314 17
27.535087719298875 25
27.543859649123437 36
27.552631578948 7
27.552631578948 11
27.578947368421684 3
27.631578947369054 35
27.649122807018177 11
27.701754385965547 6
27.745614035088355 11
27.745614035088355 47
27.807017543860287 14
27.842105263158533 11
27.93859649122871 11
27.93859649122871 27
27.956140350877835 12
28.03508771929889 11
28.04385964912345 15
28.052631578948013 34
28.131578947369068 11
28.228070175439246 11
28.228070175439246 24
28.228070175439246 40
28.228070175439246 48
28.24561403508837 58
28.289473684211178 16
28.289473684211178 19
28.29824561403574 57
28.324561403509424 11
28.342105263158548 17
28.385964912281356 7
28.421052631579602 11
28.429824561404164 6
28.45614035087785 9
28.51754385964978 11
28.57017543859715 2
28.578947368421712 1
28.587719298246274 36
28.61403508771996 11
28.710526315790137 4
28.710526315790137 11
28.77192982456207 38
28.807017543860315 11
28.84210526315856 25
28.89473684210593 41
28.903508771930493 11
28.912280701755055 3
28.93859649122874 43
29.00000000000067 11
29.008771929825233 30
29.026315789474356 24
29.04385964912348 42
29.04385964912348 50
29.05263157894804 12
29.061403508772603 55
29.09649122807085 11
29.09649122807085 49
29.14912280701822 17
29.15789473684278 6
29.15789473684278 20
29.192982456141028 11
29.219298245614713 7
29.289473684211206 11
29.30701754386033 15
29.350877192983138 8
29.385964912281384 11
29.46491228070244 46
29.482456140351562 11
29.57894736842174 11
29.614035087719987 10
29.63157894736911 36
29.67543859649192 11
29.67543859649192 47
29.72807017543929 32
29.771929824562097 11
29.824561403509467 24
29.868421052632275 11
29.8859649122814 6
29.912280701755083 39
29.921052631579645 28
29.964912280702453 11
29.964912280702453 17
29.99122807017614 56
30.043859649123508 7
30.06140350877263 11
30.078947368421755 44
30.149122807018248 12
30.149122807018248 25
30.15789473684281 9
30.15789473684281 11
30.15789473684281 42
30.201754385965618 48
30.245614035088426 3
30.254385964912988 11
30.350877192983166 11
30.385964912281413 27
30.394736842105974 23
30.447368421053344 11
30.447368421053344 11
30.543859649123522 11
30.570175438597207 15
30.570175438597207 19
30.570175438597207 22
30.614035087720016 6
30.622807017544577 24
30.6403508771937 11
30.675438596491947 36
30.719298245614755 37
30.73684210526388 11
30.780701754386687 17
30.780701754386687 46
30.833333333334057 11
30.84210526315862 4
30.868421052632304 7
30.929824561404235 11
30.991228070176167 1
31.026315789474413 11
31.087719298246345 16
31.12280701754459 11
31.21929824561477 11
31.245614035088455 12
31.289473684211263 30
31.315789473684948 11
31.342105263158633 6
31.350877192983194 14
31.38596491228144 43
31.394736842106003 52
31.412280701755126 11
31.421052631579688 24
31.456140350877934 25
31.49122807017618 57
31.508771929825304 11
31.508771929825304 41
31.53508771929899 50
31.578947368421797 3
31.578947368421797 42
31.58771929824636 20
31.59649122807092 17
31.605263157895482 11
31.605263157895482 47
31.64912280701829 33
31.70175438596566 7
31.70175438596566 11
31.719298245614784 36
31.79824561403584 11
31.833333333334085 15
31.868421052632332 9
31.894736842106017 11
31.991228070176195 11
32.01754385964988 44
32.02631578947444 19
32.061403508772685 2
32.070175438597246 6
32.08771929824637 11
32.15789473684286 49
32.166666666667425 26
32.175438596491986 48
32.18421052631655 11
32.219298245614794 24
32.280701754386726 11
32.324561403509534 34
32.324561403509534 46
32.34210526315866 12
32.377192982456904 11
32.41228070175515 17
32.47368421052708 11
32.535087719299014 7
32.57017543859726 11
32.66666666666744 11
32.692982456141124 42
32.71052631579025 1
32.76315789473762 11
32.76315789473762 25
32.76315789473762 36
32.798245614035864 6
32.83333333333411 27
32.84210526315867 40
32.859649122807795 11
32.9035087719306 35
32.912280701755165 3
32.95614035087797 11
32.9736842105271 4
33.017543859649905 24
33.05263157894815 11
33.09649122807096 15
33.14912280701833 11
33.228070175439385 17
33.24561403508851 11
33.342105263158686 11
33.36842105263237 7
33.438596491228864 11
33.438596491228864 12
33.46491228070255 10
33.51754385964992 43
33.52631578947448 6
33.53508771929904 11
33.53508771929904 47
33.53508771929904 55
33.57017543859729 30
33.57894736842185 9
33.63157894736922 11
33.657894736842906 46
33.7280701754394 11
33.763157894737645 32
33.807017543860454 29
33.807017543860454 36
33.807017543860454 42
33.815789473685015 24
33.815789473685015 41
33.82456140350958 11
33.85087719298326 58
33.88596491228151 16
33.921052631579755 11
33.94736842105344 50
34.01754385964993 11
34.01754385964993 20
34.04385964912362 17
34.0701754385973 25
34.0701754385973 25
34.08771929824643 39
34.11403508772011 11
34.14912280701836 48
34.192982456141166 19
34.20175438596573 7
34.21052631579029 11
34.245614035088536 3
34.2543859649131 6
34.289473684211345 23
34.30701754386047 11
34.35964912280784 15
34.403508771930646 11
34.500000000000824 11
34.53508771929907 12
34.596491228071 11
34.614035087720126 24
34.69298245614118 11
34.73684210526399 1
34.78947368421136 11
34.84210526315873 28
34.85087719298329 36
34.85964912280785 17
34.88596491228154 11
34.8947368421061 22
34.90350877193066 14
34.921052631579784 42
34.982456140351715 6
34.982456140351715 11
34.982456140351715 46
35.035087719299085 7
35.05263157894821 57
35.07894736842189 11
35.10526315789558 4
35.17543859649207 11
35.21929824561488 49
35.27192982456225 11
35.28070175438681 27
35.28947368421137 9
35.36842105263243 11
35.37719298245699 25
35.412280701755236 24
35.464912280702606 11
35.464912280702606 47
35.55263157894822 2
35.561403508772784 11
35.57894736842191 3
35.622807017544716 15
35.63157894736928 12
35.64035087719384 19
35.65789473684296 11
35.675438596492086 17
35.69298245614121 37
35.71052631579033 6
35.75438596491314 11
35.85087719298332 11
35.86842105263244 7
35.89473684210613 36
35.9473684210535 11
36.03508771929911 1
36.043859649123675 11
36.12280701754473 48
36.14035087719385 11
36.15789473684298 8
36.21052631579035 24
36.23684210526403 11
36.23684210526403 33
36.33333333333421 11
36.359649122807895 38
36.359649122807895 42
36.359649122807895 50
36.38596491228158 30
36.42982456140439 11
36.43859649122895 6
36.44736842105351 20
36.45614035087807 52
36.49122807017632 17
36.526315789474566 11
36.59649122807106 34
36.622807017544744 11
36.64912280701843 19
36.684210526316676 16
36.684210526316676 25
36.69298245614124 7
36.69298245614124 26
36.71929824561492 11
36.728070175439484 12
36.80701754386054 39
36.8157894736851 11
36.885964912281594 15
36.91228070175528 3
36.91228070175528 11
36.938596491228964 36
36.991228070176334 9
37.00877192982546 11
37.00877192982546 24
37.105263157895635 11
37.1140350877202 44
37.16666666666757 6
37.20175438596581 11
37.23684210526406 4
37.29824561403599 11
37.30701754386055 1
37.30701754386055 17
37.315789473685115 10
37.38596491228161 46
37.39473684210617 11
37.39473684210617 47
37.49122807017635 11
37.51754385965003 7
37.51754385965003 40
37.587719298246526 11
37.684210526316704 11
37.72807017543951 27
37.78070175438688 11
37.798245614036006 32
37.80701754386057 24
37.81578947368513 42
37.82456140350969 12
37.87719298245706 11
37.894736842106184 6
37.97368421052724 11
37.9824561403518 36
37.99122807017636 25
38.07017543859742 11
38.07894736842198 55
38.0964912280711 48
38.12280701754479 17
38.14912280701847 15
38.166666666667595 11
38.2105263157904 23
38.219298245614965 35
38.24561403508865 3
38.26315789473777 11
38.29824561403602 49
38.31578947368514 57
38.35087719298339 7
38.35964912280795 11
38.44736842105357 14
38.45614035087813 11
38.55263157894831 11
38.596491228071116 45
38.60526315789568 24
38.6228070175448 6
38.649122807018486 11
38.66666666666761 30
38.701754385965856 9
38.745614035088664 11
38.754385964913226 1
38.77192982456235 50
38.83333333333428 56
38.84210526315884 11
38.87719298245709 20
38.87719298245709 41
38.9210526315799 12
38.92982456140446 42
38.93859649122902 11
38.93859649122902 17
39.00000000000095 58
39.02631578947464 36
39.0350877192992 11
39.04385964912376 2
39.13157894736938 11
39.16666666666762 43
39.18421052631675 7
39.21052631579043 22
39.21052631579043 22
39.228070175439555 11
39.29824561403605 25
39.32456140350973 11
39.34210526315886 47
39.35087719298342 6
39.36842105263254 4
39.40350877193079 24
39.41228070175535 15
39.42105263157991 11
39.48245614035184 16
39.51754385965009 11
39.57894736842202 3
39.61403508772027 11
39.710526315790446 11
39.754385964913254 17
39.763157894737816 28
39.807017543860624 11
39.87719298245712 5
39.9035087719308 11
40.00000000000098 11
40.017543859650104 7
40.017543859650104 12
40.04385964912379 42
40.070175438597474 36
40.070175438597474 48
40.078947368422035 6
40.09649122807116 11
40.175438596492214 27
40.19298245614134 11
40.2017543859659 24
40.289473684211515 11
40.35087719298345 46
40.38596491228169 11
40.41228070175538 9
40.41228070175538 31
40.48245614035187 11
40.49122807017643 8
40.57017543859749 17
40.57894736842205 11
40.605263157895735 25
40.666666666667666 37
40.67543859649223 11
40.67543859649223 15
40.7280701754396 57
40.75438596491328 33
40.771929824562406 11
40.78070175438697 1
40.80701754386065 6
40.8421052631589 7
40.868421052632584 11
40.868421052632584 34
40.91228070175539 3
40.93859649122908 30
40.96491228070276 11
41.00000000000101 24
41.06140350877294 11
41.11403508772031 5
41.11403508772031 12
41.11403508772031 36
41.131578947369434 26
41.15789473684312 11
41.16666666666768 10
41.184210526316804 50
41.22807017543961 44
41.2543859649133 11
41.27192982456242 47
41.30701754386067 20
41.350877192983475 11
41.35964912280804 49
41.38596491228172 17
41.44736842105365 11
41.50000000000102 4
41.53508771929927 6
41.54385964912383 11
41.55263157894839 39
41.57894736842208 19
41.64035087719401 11
41.666666666667695 7
41.73684210526419 11
41.79824561403612 24
41.833333333334366 11
41.833333333334366 32
41.8947368421063 19
41.8947368421063 42
41.90350877193086 1
41.91228070175542 25
41.929824561404544 11
41.938596491229106 15
41.96491228070279 43
41.991228070176476 14
42.02631578947472 11
42.07017543859753 23
42.096491228071216 48
42.11403508772034 9
42.1228070175449 11
42.149122807018585 19
42.15789473684315 36
42.201754385965955 17
42.21052631579052 12
42.21929824561508 11
42.245614035088764 3
42.26315789473789 6
42.28070175438701 16
42.31578947368526 11
42.412280701755435 11
42.49122807017649 7
42.50877192982561 11
42.5350877192993 2
42.59649122807123 24
42.59649122807123 46
42.60526315789579 11
42.622807017544915 27
42.66666666666772 38
42.684210526316846 56
42.70175438596597 11
42.728070175439655 19
42.79824561403615 11
42.894736842106326 11
42.991228070176504 6
42.991228070176504 11
42.991228070176504 58
43.00877192982563 42
43.01754385965019 17
43.08771929824668 11
43.18421052631686 11
43.201754385965984 15
43.201754385965984 36
43.201754385965984 47
43.210526315790545 30
43.21929824561511 25
43.28070175438704 11
43.307017543860724 12
43.32456140350985 7
43.37719298245722 11
43.39473684210634 24
43.473684210527395 11
43.526315789474765 22
43.57017543859757 11
43.57017543859757 57
43.578947368422135 3
43.59649122807126 50
43.631578947369505 4
43.66666666666775 11
43.684210526316875 52
43.71929824561512 6
43.736842105264245 20
43.76315789473793 11
43.82456140350986 9
43.83333333333442 17
43.85964912280811 11
43.9298245614046 41
43.947368421053724 5
43.956140350878286 11
44.052631578948464 11
44.12280701754496 42
44.12280701754496 48
44.14912280701864 11
44.157894736843204 7
44.19298245614145 24
44.24561403508882 11
44.24561403508882 36
44.315789473685314 46
44.342105263159 11
44.40350877193093 12
44.421052631580054 49
44.43859649122918 11
44.44736842105374 6
44.46491228070286 15
44.51754385965023 55
44.52631578947479 25
44.535087719299355 11
44.63157894736953 11
44.63157894736953 29
44.64912280701866 17
44.6842105263169 28
44.72807017543971 11
44.82456140350989 11
44.912280701755506 3
44.92105263158007 11
44.99122807017656 7
44.99122807017656 24
45.017543859650246 10
45.017543859650246 11
45.070175438597616 27
45.07894736842218 16
45.114035087720424 11
45.122807017544986 35
45.13157894736955 47
45.14035087719411 34
45.175438596492356 6
45.2105263157906 11
45.219298245615164 39
45.23684210526429 42
45.271929824562534 33
45.28947368421166 36
45.30701754386078 11
45.40350877193096 11
45.44736842105377 43
45.46491228070289 17
45.491228070176575 30
45.50000000000114 11
45.50000000000114 12
45.52631578947482 14
45.53508771929938 9
45.56140350877307 26
45.596491228071315 11
45.64035087719412 37
45.64035087719412 46
45.69298245614149 11
45.72807017543974 15
45.74561403508886 5
45.754385964913425 1
45.76315789473799 4
45.78947368421167 11
45.78947368421167 24
45.82456140350992 7
45.83333333333448 25
45.88596491228185 11
45.90350877193097 6
45.964912280702904 23
45.98245614035203 11
46.00000000000115 40
46.00877192982571 32
46.00877192982571 50
46.026315789474836 2
46.070175438597644 41
46.078947368422206 11
46.09649122807133 48
46.16666666666782 20
46.175438596492384 11
46.24561403508888 3
46.27192982456256 11
46.280701754387124 17
46.333333333334494 36
46.35087719298362 42
46.36842105263274 11
46.46491228070292 11
46.52631578947485 44
46.5614035087731 11
46.58771929824678 24
46.59649122807134 12
46.63157894736959 6
46.657894736843275 7
46.657894736843275 11
46.75438596491345 11
46.85087719298363 11
46.903508771931 58
46.94736842105381 11
46.99122807017662 15
46.99122807017662 15
47.04385964912399 11
47.06140350877311 47
47.09649122807136 17
47.140350877194166 11
47.140350877194166 25
47.236842105264344 11
47.245614035088906 9
47.33333333333452 11
47.35964912280821 6
47.37719298245733 36
47.38596491228189 24
47.4298245614047 11
47.46491228070295 42
47.48245614035207 49
47.49122807017663 7
47.51754385965032 27
47.52631578947488 11
47.57894736842225 3
47.62280701754506 11
47.69298245614155 12
47.719298245615235 11
47.79824561403629 38
47.81578947368541 11
47.824561403509975 30
47.83333333333454 1
47.8421052631591 22
47.877192982457345 16
47.89473684210647 4
47.91228070175559 11
47.91228070175559 17
48.00877192982577 11
48.07894736842226 48
48.087719298246824 6
48.087719298246824 55
48.10526315789595 11
48.184210526317 24
48.201754385966126 11
48.254385964913496 15
48.27192982456262 57
48.28070175438718 19
48.28070175438718 44
48.298245614036304 11
48.32456140350999 7
48.38596491228192 29
48.39473684210648 11
48.42105263158017 36
48.42105263158017 50
48.44736842105385 25
48.49122807017666 11
48.58771929824684 11
48.5964912280714 20
48.68421052631702 11
48.70175438596614 42
48.728070175439825 17
48.780701754387195 11
48.78947368421176 12
48.80701754386088 19
48.81578947368544 6
48.86842105263281 10
48.87719298245737 11
48.91228070175562 3
48.947368421053866 41
48.95614035087843 9
48.97368421052755 11
48.98245614035211 24
49.0087719298258 47
49.07017543859773 11
49.07017543859773 14
49.13157894736966 46
49.157894736843346 7
49.16666666666791 11
49.263157894738086 11
49.28070175438721 1
49.359649122808264 11
49.412280701755634 34
49.45614035087844 11
49.464912280703004 36
49.50000000000125 43
49.517543859650374 2
49.517543859650374 15
49.54385964912406 6
49.54385964912406 17
49.55263157894862 11
49.578947368422305 39
49.60526315789599 28
49.6491228070188 11
49.6491228070188 19
49.65789473684336 44
49.74561403508898 5
49.74561403508898 11
49.75438596491354 25
49.78070175438722 24
49.789473684211785 33
49.81578947368547 42
49.842105263159155 11
49.85964912280828 23
49.88596491228196 12
49.93859649122933 11
49.947368421053895 35
49.96491228070302 27
49.9912280701767 7
49.9912280701767 26
50.02631578947495 4
50.03508771929951 11
50.04385964912407 32
50.052631578948635 48
50.105263157896005 30
50.13157894736969 11
50.22807017543987 11
50.24561403508899 3
50.25438596491355 58
50.271929824562676 6
50.324561403510046 11
50.35964912280829 17
50.377192982457416 1
50.421052631580224 11
50.50877192982584 36
50.5175438596504 11
50.54385964912409 49
50.578947368422334 24
50.61403508772058 11
50.61403508772058 37
50.66666666666795 9
50.67543859649251 16
50.71052631579076 11
50.78070175438725 15
50.80701754386094 11
50.82456140351006 7
50.83333333333462 19
50.83333333333462 50
50.903508771931115 11
50.9298245614048 42
50.93859649122936 47
50.98245614035217 12
51.00000000000129 6
51.00000000000129 11
51.02631578947498 20
51.061403508773225 25
51.09649122807147 11
51.175438596492526 17
51.19298245614165 11
51.23684210526446 40
51.280701754387266 41
51.28947368421183 11
51.31578947368551 46
51.324561403510074 8
51.377192982457444 24
51.385964912282006 11
51.482456140352184 11
51.55263157894868 36
51.57894736842236 3
51.57894736842236 11
51.60526315789605 52
51.649122807018855 7
51.66666666666798 57
51.67543859649254 11
51.67543859649254 11
51.692982456141664 5
51.72807017543991 6
51.77192982456272 11
51.78947368421184 44
51.807017543860965 1
51.8684210526329 11
51.92982456140483 55
51.964912280703075 11
51.99122807017676 17
52.02631578947501 48
52.04385964912413 15
52.04385964912413 42
52.06140350877325 11
52.07894736842238 12
52.14912280701887 43
52.15789473684343 4
52.15789473684343 11
52.15789473684343 22
52.175438596492555 24
52.236842105264486 19
52.25438596491361 11
52.35087719298379 11
52.36842105263291 9
52.36842105263291 25
52.385964912282034 30
52.41228070175572 27
52.447368421053966 11
52.45614035087853 6
52.47368421052765 7
52.543859649124144 11
52.58771929824695 19
52.596491228071514 36
52.61403508772064 14
52.64035087719432 11
52.71929824561538 10
52.7368421052645 11
52.807017543860994 17
52.83333333333468 11
52.88596491228205 47
52.91228070175573 3
52.92982456140486 11
52.973684210527665 24
53.00877192982591 2
53.026315789475035 11
53.09649122807153 38
53.12280701754521 11
53.15789473684346 42
53.15789473684346 46
53.17543859649258 12
53.184210526317145 6
53.21929824561539 11
53.245614035089076 50
53.2631578947382 39
53.298245614036446 7
53.298245614036446 7
53.30701754386101 15
53.31578947368557 11
53.32456140351013 41
53.41228070175575 11
53.42105263158031 44
53.456140350878556 20
53.47368421052768 16
53.508771929825926 11
53.605263157896104 1
53.605263157896104 11
53.605263157896104 49
53.62280701754523 17
53.64035087719435 36
53.6754385964926 25
53.68421052631716 34
53.70175438596628 11
53.70175438596628 43
53.75438596491365 23
53.771929824562775 24
53.79824561403646 11
53.89473684210664 11
53.91228070175576 6
53.929824561404885 19
53.99122807017682 11
54.00000000000138 48
54.02631578947506 57
54.07894736842243 9
54.07894736842243 32
54.087719298246995 11
54.1315789473698 7
54.18421052631717 11
54.245614035089105 3
54.245614035089105 8
54.27192982456279 12
54.27192982456279 42
54.28070175438735 11
54.28947368421191 4
54.307017543861036 33
54.37719298245753 11
54.42105263158034 26
54.43859649122946 17
54.47368421052771 11
54.52631578947508 28
54.570175438597886 11
54.570175438597886 15
54.570175438597886 24
54.64035087719438 6
54.666666666668064 11
54.666666666668064 30
54.68421052631719 36
54.68421052631719 46
54.73684210526456 44
54.76315789473824 11
54.771929824562804 35
54.81578947368561 47
54.85964912280842 11
54.85964912280842 27
54.9561403508786 7
54.9561403508786 11
54.9561403508786 52
54.982456140352284 25
55.05263157894878 11
55.149122807018955 5
55.149122807018955 11
55.24561403508913 11
55.24561403508913 31
55.254385964913695 17
55.34210526315931 11
55.368421052632996 6
55.368421052632996 12
55.368421052632996 24
55.368421052632996 41
55.38596491228212 42
55.43859649122949 11
55.464912280703174 55
55.53508771929967 11
55.578947368422476 3
55.58771929824704 37
55.631578947369846 11
55.65789473684353 50
55.66666666666809 1
55.728070175440024 11
55.728070175440024 36
55.780701754387394 7
55.780701754387394 9
55.8245614035102 11
55.833333333334764 15
55.885964912282134 20
55.92105263158038 11
55.938596491229504 58
55.98245614035231 48
56.01754385965056 11
56.07017543859793 17
56.09649122807161 6
56.11403508772074 11
56.13157894736986 46
56.157894736843545 14
56.16666666666811 24
56.210526315790915 11
56.2368421052646 19
56.27192982456285 16
56.28947368421197 25
56.30701754386109 11
56.368421052633025 40
56.368421052633025 57
56.40350877193127 11
56.421052631580395 4
56.4649122807032 12
56.473684210527765 22
56.50000000000145 2
56.50000000000145 11
56.50000000000145 42
56.57017543859794 10
56.59649122807163 11
56.61403508772075 7
56.66666666666812 49
56.692982456141806 11
56.736842105264614 19
56.745614035089176 47
56.7631578947383 8
56.77192982456286 36
56.789473684211984 11
56.82456140351023 6
56.88596491228216 11
56.88596491228216 17
56.91228070175585 3
56.93859649122953 30
56.947368421054094 44
56.96491228070322 24
56.98245614035234 11
57.07894736842252 11
57.07894736842252 56
57.09649122807164 15
57.1754385964927 11
57.271929824562875 11
57.30701754386112 27
57.36842105263305 11
57.41228070175586 41
57.438596491229546 7
57.46491228070323 11
57.482456140352355 9
57.55263157894885 6
57.56140350877341 11
57.56140350877341 12
57.596491228071656 25
57.61403508772078 23
57.61403508772078 42
57.65789473684359 11
57.66666666666815 19
57.701754385966396 17
57.754385964913766 11
57.76315789473833 24
57.8157894736857 36
57.850877192983944 11
57.859649122808506 39
57.92105263158044 43
57.94736842105412 11
57.956140350878684 34
57.956140350878684 46
57.956140350878684 48
58.0438596491243 11
58.070175438597985 50
58.114035087720794 32
58.14035087719448 11
58.1578947368436 1
58.23684210526466 11
58.24561403508922 3
58.26315789473834 7
58.280701754387465 6
58.31578947368571 20
58.32456140351027 52
58.333333333334835 11
58.35964912280852 15
58.42982456140501 11
58.447368421054136 44
58.51754385965063 17
58.52631578947519 11
58.552631578948876 4
58.56140350877344 24
58.62280701754537 11
58.657894736843616 12
58.67543859649274 47
58.71929824561555 11
58.72807017544011 42
58.78947368421204 38
58.815789473685726 11
58.82456140351029 33
58.85087719298397 26
58.859649122808534 36
58.90350877193134 25
58.912280701755904 11
59.00877192982608 6
59.00877192982608 11
59.070175438598014 16
59.0964912280717 7
59.10526315789626 11
59.16666666666819 29
59.19298245614188 9
59.20175438596644 11
59.21929824561556 30
59.24561403508925 5
59.29824561403662 11
59.33333333333486 17
59.35964912280855 24
59.38596491228223 58
59.394736842106795 11
59.394736842106795 43
59.41228070175592 1
59.447368421054165 28
59.45614035087873 41
59.49122807017697 11
59.57894736842259 3
59.58771929824715 11
59.59649122807171 35
59.6228070175454 15
59.68421052631733 11
59.70175438596645 14
59.72807017544014 49
59.7368421052647 6
59.75438596491382 12
59.75438596491382 27
59.78070175438751 11
59.84210526315944 42
59.877192982457686 11
59.88596491228225 46
59.90350877193137 36
59.929824561405056 7
59.93859649122962 48
59.973684210527864 11
59.99122807017699 2
