0.017543859649122806 22
0.11403508771929824 35
0.11403508771929824 55
0.13157894736842105 57
0.14035087719298245 58
0.14912280701754385 16
0.16666666666666666 25
0.17543859649122806 7
0.19298245614035087 23
0.19298245614035087 24
0.20175438596491227 46
0.21052631578947367 15
0.22807017543859648 14
0.22807017543859648 36
0.23684210526315788 6
0.26315789473684215 41
0.2719298245614036 47
0.29824561403508787 32
0.35087719298245645 0
0.35087719298245645 28
0.46491228070175505 54
0.5701754385964922 38
0.6228070175438608 30
0.7192982456140365 44
0.7719298245614051 48
0.8333333333333351 42
0.850877192982458 37
0.9385964912280723 3
0.9649122807017566 6
0.9649122807017566 52
0.9912280701754409 7
0.9912280701754409 24
1.0438596491228094 27
1.1140350877193008 40
1.1403508771929851 44
1.2719298245614066 36
1.2894736842105294 26
1.4385964912280738 53
1.4736842105263195 17
1.482456140350881 15
1.6754385964912324 25
1.6842105263157938 8
1.6929824561403553 6
1.7105263157894781 56
1.789473684210531 24
1.7982456140350924 7
1.8421052631578996 1
1.8421052631578996 2
1.8684210526315839 10
1.9561403508771982 9
1.9649122807017596 33
2.0087719298245665 42
2.0526315789473726 34
2.1666666666666683 47
2.315789473684209 36
2.4210526315789433 6
2.5175438596491166 12
2.5877192982456063 24
2.6052631578947287 7
2.7280701754385857 11
2.745614035087708 15
2.745614035087708 43
2.789473684210514 41
2.90350877192981 0
2.9210526315789322 1
2.947368421052616 16
2.999999999999983 30
3.0263157894736668 25
3.0964912280701564 17
3.114035087719279 3
3.1491228070175237 6
3.298245614035064 48
3.3596491228069927 36
3.3596491228069927 55
3.368421052631554 29
3.3859649122806763 24
3.41228070175436 7
3.421052631578921 57
3.5701754385964617 12
3.70175438596488 9
3.789473684210492 14
3.8596491228069816 20
3.877192982456104 6
3.964912280701716 42
4.008771929824523 5
4.008771929824523 15
4.043859649122769 4
4.052631578947331 47
4.184210526315756 24
4.219298245614002 7
4.377192982456112 22
4.377192982456112 25
4.403508771929797 36
4.403508771929797 39
4.42105263157892 27
4.42105263157892 58
4.447368421052605 3
4.587719298245592 23
4.605263157894715 6
4.7192982456140165 17
4.754385964912263 8
4.807017543859633 12
4.859649122807003 46
4.982456140350866 24
5.026315789473674 7
5.061403508771921 1
5.131578947368414 32
5.271929824561401 15
5.280701754385962 28
5.3245614035087705 53
5.333333333333332 2
5.333333333333332 6
5.42982456140351 9
5.438596491228072 41
5.447368421052634 36
5.570175438596497 44
5.596491228070182 54
5.614035087719305 17
5.69298245614036 52
5.7280701754386065 25
5.74561403508773 16
5.780701754385976 3
5.780701754385976 24
5.7982456140351 37
5.833333333333346 7
5.894736842105278 43
5.9298245614035245 47
6.035087719298264 5
6.061403508771949 6
6.070175438596511 42
6.149122807017566 44
6.166666666666689 29
6.447368421052662 0
6.49122807017547 36
6.535087719298279 15
6.54385964912284 12
6.54385964912284 38
6.578947368421087 24
6.640350877193018 7
6.7894736842105665 6
6.8157894736842515 1
7.070175438596539 46
7.140350877193033 26
7.201754385964964 25
7.280701754386019 11
7.307017543859704 14
7.315789473684266 34
7.350877192982512 33
7.377192982456197 24
7.4473684210526905 7
7.491228070175499 55
7.517543859649184 6
7.517543859649184 9
7.535087719298307 36
7.535087719298307 41
7.570175438596554 39
7.614035087719362 17
7.71052631578954 40
7.798245614035157 15
7.807017543859718 47
7.833333333333403 35
7.842105263157965 3
7.912280701754458 11
7.947368421052705 4
8.061403508772006 44
8.070175438596568 42
8.096491228070253 43
8.1315789473685 58
8.175438596491308 24
8.2456140350878 6
8.254385964912363 7
8.368421052631664 56
8.50877192982465 27
8.543859649122897 16
8.552631578947459 25
8.578947368421144 36
8.736842105263253 46
8.82456140350887 2
8.82456140350887 12
8.82456140350887 17
8.842105263157993 29
8.850877192982555 5
8.868421052631678 22
8.921052631579048 48
8.973684210526418 6
8.973684210526418 24
9.026315789473788 11
9.026315789473788 20
9.070175438596596 15
9.078947368421158 7
9.175438596491336 3
9.35087719298257 0
9.377192982456254 23
9.605263157894857 43
9.62280701754398 36
9.67543859649135 17
9.67543859649135 47
9.701754385965035 6
9.771929824561528 24
9.88596491228083 7
9.903508771929953 25
9.973684210526446 41
10.008771929824693 52
10.017543859649255 30
10.078947368421186 54
10.105263157894871 10
10.114035087719433 1
10.175438596491365 9
10.210526315789611 28
10.228070175438734 8
10.333333333333474 15
10.394736842105406 46
10.429824561403652 6
10.508771929824707 3
10.570175438596639 24
10.605263157894885 17
10.605263157894885 42
10.666666666666817 36
10.692982456140502 7
10.719298245614187 12
10.745614035087872 37
10.763157894736995 55
10.815789473684365 14
10.929824561403667 44
11.087719298245776 29
11.122807017544023 39
11.15789473684227 6
11.254385964912448 25
11.342105263158064 16
11.36842105263175 24
11.385964912280873 4
11.456140350877366 17
11.456140350877366 38
11.500000000000174 7
11.543859649122982 11
11.543859649122982 47
11.570175438596667 32
11.596491228070352 15
11.605263157894914 26
11.605263157894914 34
11.657894736842284 11
11.710526315789654 36
11.763157894737024 11
11.780701754386147 48
11.842105263158079 0
11.842105263158079 3
11.842105263158079 58
11.877192982456325 11
11.885964912280887 6
11.885964912280887 9
11.885964912280887 57
11.929824561403695 44
12.105263157894928 12
12.131578947368613 11
12.16666666666686 24
12.16666666666686 43
12.175438596491421 46
12.228070175438791 11
12.289473684210723 17
12.307017543859846 7
12.315789473684408 2
12.32456140350897 11
12.32456140350897 44
12.421052631579148 11
12.438596491228271 41
12.517543859649326 11
12.605263157894942 25
12.605263157894942 40
12.614035087719504 6
12.614035087719504 11
12.675438596491436 30
12.710526315789682 11
12.75438596491249 36
12.80701754385986 11
12.85964912280723 15
12.903508771930039 11
12.929824561403723 5
12.96491228070197 24
13.000000000000217 11
13.061403508772148 8
13.096491228070395 11
13.114035087719518 7
13.114035087719518 17
13.157894736842326 44
13.17543859649145 3
13.192982456140573 11
13.192982456140573 22
13.192982456140573 27
13.289473684210751 11
13.342105263158121 6
13.38596491228093 11
13.412280701754614 47
13.429824561403738 12
13.429824561403738 29
13.456140350877423 49
13.482456140351108 11
13.517543859649354 4
13.578947368421286 11
13.596491228070409 9
13.675438596491464 11
13.684210526316026 44
13.76315789473708 24
13.771929824561642 11
13.798245614035327 36
13.798245614035327 48
13.833333333333574 1
13.859649122807259 43
13.86842105263182 11
13.92105263157919 7
13.938596491228314 17
13.956140350877437 25
13.964912280701999 11
13.982456140351122 23
14.061403508772177 11
14.070175438596738 6
14.122807017544108 15
14.140350877193232 16
14.157894736842355 11
14.254385964912533 11
14.280701754386218 20
14.324561403509026 14
14.350877192982711 11
14.421052631579204 33
14.438596491228328 56
14.44736842105289 11
14.508771929824821 3
14.543859649123068 46
14.561403508772191 24
14.728070175438862 7
14.763157894737109 17
14.798245614035356 6
14.82456140350904 31
14.833333333333602 41
14.842105263158164 36
14.859649122807287 1
14.956140350877465 44
14.973684210526589 53
14.98245614035115 30
15.043859649123082 0
15.096491228070452 12
15.105263157895013 11
15.14035087719326 28
15.166666666666945 54
15.201754385965192 11
15.201754385965192 42
15.263157894737123 19
15.280701754386246 47
15.289473684210808 35
15.29824561403537 11
15.307017543859931 25
15.359649122807301 9
15.359649122807301 24
15.385964912280986 15
15.394736842105548 11
15.491228070175726 11
15.526315789473973 6
15.535087719298534 7
15.587719298245904 11
15.587719298245904 17
15.605263157895028 32
15.649122807017836 4
15.657894736842398 10
15.684210526316082 11
15.692982456140644 37
15.692982456140644 44
15.78070175438626 11
15.807017543859946 2
15.842105263158192 3
15.877192982456439 11
15.877192982456439 34
15.885964912281 36
15.903508771930124 57
15.912280701754685 48
15.921052631579247 50
15.93859649122837 39
15.956140350877494 1
15.964912280702055 52
15.973684210526617 11
16.070175438596795 11
16.15789473684241 24
16.166666666666973 11
16.184210526316097 44
16.25438596491259 6
16.26315789473715 11
16.26315789473715 58
16.271929824561713 55
16.342105263158206 7
16.35964912280733 11
16.4122807017547 17
16.456140350877508 11
16.535087719298563 49
16.552631578947686 11
16.552631578947686 42
16.552631578947686 44
16.649122807017864 11
16.649122807017864 15
16.649122807017864 38
16.657894736842426 25
16.745614035088042 11
16.763157894737166 5
16.84210526315822 11
16.929824561403837 36
16.9385964912284 11
16.9385964912284 16
16.956140350877522 24
16.982456140351207 6
17.035087719298577 11
17.070175438596824 9
17.131578947368755 11
17.14912280701788 7
17.14912280701788 47
17.175438596491563 3
17.192982456140687 45
17.228070175438933 11
17.236842105263495 17
17.236842105263495 27
17.25438596491262 1
17.280701754386303 30
17.31578947368455 12
17.32456140350911 11
17.42105263157929 11
17.500000000000345 19
17.500000000000345 20
17.517543859649468 11
17.517543859649468 22
17.614035087719646 11
17.64035087719333 26
17.710526315789824 6
17.710526315789824 11
17.754385964912633 24
17.780701754386318 4
17.807017543860002 11
17.833333333333687 14
17.877192982456496 23
17.90350877193018 11
17.912280701754742 15
17.94736842105299 48
17.964912280702112 7
17.973684210526674 36
18.00000000000036 11
18.00877192982492 25
18.017543859649482 0
18.06140350877229 17
18.096491228070537 11
18.122807017544222 41
18.15789473684247 42
18.192982456140715 11
18.289473684210893 11
18.289473684210893 43
18.32456140350914 40
18.3333333333337 50
18.359649122807387 12
18.38596491228107 11
18.43859649122844 6
18.48245614035125 11
18.508771929824935 3
18.552631578947743 24
18.578947368421428 11
18.675438596491606 11
18.771929824561784 7
18.771929824561784 11
18.780701754386346 9
18.868421052631962 11
18.885964912281086 17
18.929824561403894 39
18.96491228070214 11
18.991228070175826 53
19.01754385964951 36
19.01754385964951 47
19.06140350877232 11
19.157894736842497 11
19.16666666666706 6
19.17543859649162 15
19.254385964912675 11
19.298245614035483 2
19.350877192982853 11
19.350877192982853 24
19.359649122807415 25
19.3859649122811 1
19.403508771930223 12
19.42982456140391 55
19.44736842105303 11
19.482456140351278 57
19.54385964912321 11
19.578947368421456 7
19.640350877193388 11
19.640350877193388 30
19.71052631578988 17
19.728070175439004 58
19.736842105263566 11
19.736842105263566 16
19.76315789473725 32
19.771929824561813 27
19.833333333333744 11
19.842105263158306 3
19.86842105263199 42
19.894736842105676 6
19.9122807017548 4
19.929824561403922 11
19.956140350877607 20
19.96491228070217 48
19.97368421052673 44
20.0263157894741 11
20.043859649123224 54
20.061403508772347 28
20.061403508772347 36
20.12280701754428 11
20.13157894736884 46
20.149122807017964 24
20.201754385965334 34
20.219298245614457 11
20.298245614035512 33
20.315789473684635 11
20.34210526315832 41
20.39473684210569 7
20.412280701754813 11
20.4385964912285 15
20.44736842105306 12
20.50877192982499 11
20.526315789474115 9
20.535087719298676 17
20.60526315789517 11
20.622807017544293 6
20.640350877193416 37
20.65789473684254 5
20.701754385965348 11
20.71052631578991 25
20.745614035088156 50
20.798245614035526 11
20.842105263158334 1
20.842105263158334 44
20.885964912281143 47
20.894736842105704 11
20.947368421053074 24
20.991228070175882 11
21.08771929824606 11
21.105263157895184 36
21.175438596491677 3
21.18421052631624 11
21.210526315789924 7
21.280701754386417 11
21.28947368421098 35
21.34210526315835 14
21.35087719298291 6
21.35087719298291 39
21.359649122807472 5
21.359649122807472 17
21.377192982456595 11
21.39473684210572 56
21.421052631579403 49
21.473684210526773 11
21.491228070175897 12
21.526315789474143 43
21.57017543859695 11
21.66666666666713 11
21.701754385965376 15
21.745614035088185 24
21.754385964912746 42
21.763157894737308 11
21.842105263158363 22
21.859649122807486 11
21.868421052632048 0
21.947368421053103 48
21.956140350877664 11
22.017543859649596 7
22.04385964912328 4
22.052631578947842 11
22.061403508772404 25
22.078947368421527 6
22.14912280701802 11
22.14912280701802 36
22.184210526316267 17
22.20175438596539 38
22.228070175439075 1
22.2456140350882 11
22.271929824561884 9
22.289473684211007 30
22.29824561403557 46
22.342105263158377 11
22.394736842105747 20
22.438596491228555 11
22.50877192982505 3
22.52631578947417 52
22.535087719298733 11
22.535087719298733 12
22.535087719298733 16
22.535087719298733 23
22.543859649123295 24
22.57894736842154 29
22.63157894736891 11
22.72807017543909 11
22.745614035088213 47
22.78947368421102 2
22.807017543860145 6
22.824561403509268 7
22.824561403509268 11
22.84210526315839 57
22.921052631579446 11
22.964912280702254 15
23.008771929825063 17
23.017543859649624 11
23.114035087719802 11
23.14912280701805 40
23.15789473684261 50
23.192982456140857 36
23.21052631578998 11
23.245614035088227 26
23.30701754386016 11
23.342105263158405 24
23.342105263158405 24
23.403508771930337 11
23.4122807017549 25
23.500000000000515 11
23.53508771929876 6
23.57894736842157 12
23.596491228070693 11
23.63157894736894 7
23.675438596491748 46
23.68421052631631 55
23.69298245614087 11
23.69298245614087 11
23.719298245614556 27
23.74561403508824 58
23.78947368421105 11
23.79824561403561 32
23.833333333333858 17
23.84210526315842 3
23.85087719298298 1
23.885964912281228 11
23.929824561404036 48
23.982456140351406 11
23.991228070175968 39
24.00877192982509 42
24.017543859649653 9
24.078947368421584 11
24.140350877193516 24
24.175438596491762 4
24.175438596491762 11
24.175438596491762 43
24.228070175439132 15
24.236842105263694 36
24.26315789473738 6
24.27192982456194 11
24.36842105263212 11
24.447368421053174 0
24.447368421053174 7
24.464912280702297 11
24.47368421052686 34
24.491228070175982 41
24.491228070175982 49
24.561403508772475 11
24.59649122807072 30
24.614035087719845 47
24.614035087719845 47
24.622807017544407 12
24.657894736842653 11
24.657894736842653 17
24.75438596491283 11
24.763157894737393 25
24.833333333333886 20
24.842105263158448 14
24.85087719298301 11
24.868421052632133 33
24.938596491228626 24
24.947368421053188 11
24.982456140351434 28
24.982456140351434 29
24.991228070175996 6
25.043859649123366 11
25.12280701754442 42
25.140350877193544 11
25.140350877193544 44
25.17543859649179 3
25.22807017543916 31
25.236842105263722 11
25.254385964912846 7
25.28070175438653 36
25.3333333333339 11
25.3333333333339 16
25.42982456140408 11
25.48245614035145 17
25.49122807017601 15
25.526315789474257 11
25.552631578947942 1
25.570175438597065 50
25.58771929824619 37
25.622807017544435 11
25.666666666667243 12
25.719298245614613 6
25.719298245614613 11
25.736842105263737 24
25.75438596491286 53
25.76315789473742 9
25.81578947368479 11
25.903508771930408 48
25.91228070175497 11
26.008771929825148 11
26.052631578947956 46
26.061403508772518 7
26.07894736842164 44
26.105263157895326 11
26.114035087719888 25
26.157894736842696 22
26.157894736842696 35
26.201754385965504 11
26.28070175438656 2
26.298245614035682 11
26.307017543860244 4
26.307017543860244 17
26.324561403509367 36
26.33333333333393 27
26.39473684210586 11
26.412280701754984 23
26.44736842105323 6
26.482456140351477 47
26.49122807017604 11
26.508771929825162 3
26.526315789474285 10
26.535087719298847 24
26.587719298246217 11
26.684210526316395 11
26.71052631579008 12
26.75438596491289 15
26.780701754386573 11
26.81578947368482 57
26.86842105263219 30
26.87719298245675 7
26.87719298245675 11
26.903508771930436 44
26.938596491228683 43
26.97368421052693 11
27.000000000000615 39
27.052631578947985 45
27.070175438597108 11
27.13157894736904 17
27.166666666667286 11
27.175438596491848 6
27.210526315790094 38
27.263157894737464 11
27.263157894737464 20
27.333333333333957 24
27.359649122807642 11
27.359649122807642 42
27.368421052632204 36
27.377192982456766 58
27.39473684210589 1
27.39473684210589 54
27.45614035087782 11
27.464912280702382 25
27.473684210526944 9
27.552631578948 11
27.578947368421684 44
27.649122807018177 11
27.692982456140985 7
27.745614035088355 11
27.754385964912917 12
27.83333333333397 32
27.842105263158533 3
27.842105263158533 11
27.903508771930465 6
27.93859649122871 11
27.956140350877835 17
27.98245614035152 50
28.017543859649766 15
28.03508771929889 11
28.105263157895383 29
28.131578947369068 11
28.131578947369068 16
28.131578947369068 24
28.166666666667314 0
28.228070175439246 11
28.324561403509424 8
28.324561403509424 11
28.342105263158548 14
28.35087719298311 47
28.41228070175504 36
28.421052631579602 11
28.438596491228726 4
28.46491228070241 1
28.500000000000657 7
28.51754385964978 11
28.61403508771996 11
28.62280701754452 46
28.631578947369082 6
28.684210526316452 5
28.710526315790137 11
28.78070175438663 17
28.798245614035753 12
28.807017543860315 11
28.807017543860315 42
28.807017543860315 43
28.815789473684877 25
28.82456140350944 27
28.84210526315856 34
28.903508771930493 11
28.92982456140418 24
29.00000000000067 11
29.061403508772603 41
29.09649122807085 11
29.140350877193658 31
29.14912280701822 30
29.15789473684278 57
29.175438596491905 3
29.175438596491905 9
29.192982456141028 11
29.280701754386644 15
29.289473684211206 11
29.30701754386033 7
29.333333333334014 33
29.3596491228077 6
29.385964912281384 11
29.456140350877877 36
29.482456140351562 11
29.491228070176124 53
29.57894736842174 11
29.605263157895426 17
29.605263157895426 44
29.67543859649192 11
29.692982456141042 20
29.72807017543929 24
29.771929824562097 2
29.771929824562097 11
29.771929824562097 11
29.78070175438666 40
29.807017543860344 49
29.83333333333403 48
29.84210526315859 12
29.868421052632275 11
29.90350877193052 28
29.921052631579645 42
29.964912280702453 11
29.99122807017614 39
30.06140350877263 11
30.087719298246316 6
30.11403508772 7
30.15789473684281 11
30.16666666666737 25
30.16666666666737 26
30.192982456141056 46
30.21052631579018 47
30.254385964912988 11
30.280701754386673 23
30.350877192983166 11
30.37719298245685 10
30.394736842105974 50
30.42982456140422 17
30.447368421053344 11
30.47368421052703 22
30.500000000000714 36
30.508771929825276 3
30.5263157894744 24
30.53508771929896 0
30.53508771929896 37
30.543859649123522 11
30.543859649123522 15
30.570175438597207 4
30.6403508771937 11
30.73684210526388 11
30.74561403508844 52
30.815789473684934 6
30.833333333334057 11
30.885964912281427 9
30.885964912281427 12
30.90350877193055 43
30.921052631579673 7
30.929824561404235 11
30.929824561404235 16
31.026315789474413 11
31.035087719298975 42
31.06140350877266 58
31.12280701754459 11
31.21929824561477 11
31.254385964913016 17
31.315789473684948 11
31.32456140350951 24
31.412280701755126 11
31.421052631579688 30
31.508771929825304 11
31.508771929825304 55
31.517543859649866 25
31.54385964912355 6
31.54385964912355 36
31.605263157895482 11
31.70175438596566 11
31.728070175439345 7
31.79824561403584 11
31.8070175438604 15
31.8070175438604 48
31.8070175438604 54
31.833333333334085 14
31.842105263158647 3
31.868421052632332 32
31.894736842106017 11
31.921052631579702 44
31.929824561404264 12
31.991228070176195 11
32.00000000000075 35
32.02631578947444 27
32.07894736842181 17
32.07894736842181 47
32.08771929824637 11
32.122807017544616 20
32.122807017544616 24
32.1491228070183 42
32.18421052631655 11
32.271929824562164 6
32.280701754386726 11
32.35964912280778 8
32.377192982456904 11
32.47368421052708 11
32.535087719299014 7
32.57017543859726 11
32.57017543859726 43
32.57894736842182 1
32.587719298246384 9
32.587719298246384 36
32.66666666666744 11
32.701754385965685 4
32.76315789473762 11
32.807017543860425 50
32.859649122807795 11
32.86842105263236 25
32.9035087719306 17
32.92105263157973 24
32.94736842105341 49
32.94736842105341 57
32.95614035087797 11
32.9736842105271 12
33.00000000000078 6
33.05263157894815 11
33.070175438597275 15
33.11403508772008 34
33.122807017544645 44
33.14912280701833 11
33.175438596492015 3
33.24561403508851 11
33.26315789473763 2
33.26315789473763 42
33.27192982456219 38
33.342105263158686 7
33.342105263158686 11
33.438596491228864 11
33.438596491228864 39
33.53508771929904 11
33.63157894736922 11
33.63157894736922 36
33.69298245614115 0
33.701754385965714 30
33.71929824561484 24
33.7280701754394 6
33.7280701754394 11
33.7280701754394 16
33.7280701754394 17
33.78070175438677 48
33.807017543860454 29
33.82456140350958 11
33.83333333333414 1
33.921052631579755 11
33.94736842105344 47
33.94736842105344 53
34.01754385964993 11
34.01754385964993 12
34.0701754385973 52
34.11403508772011 11
34.14912280701836 7
34.21052631579029 11
34.21929824561485 25
34.22807017543941 10
34.22807017543941 43
34.27192982456222 23
34.289473684211345 9
34.30701754386047 11
34.30701754386047 33
34.33333333333415 15
34.37719298245696 42
34.403508771930646 11
34.456140350878016 6
34.500000000000824 11
34.508771929825386 3
34.51754385964995 24
34.552631578948194 17
34.552631578948194 20
34.57017543859732 26
34.596491228071 11
34.64912280701837 40
34.67543859649206 36
34.69298245614118 11
34.763157894737674 46
34.78947368421136 11
34.78947368421136 22
34.83333333333417 4
34.83333333333417 28
34.88596491228154 11
34.93859649122891 41
34.95614035087803 7
34.982456140351715 11
35.06140350877277 12
35.07894736842189 11
35.140350877193825 8
35.17543859649207 11
35.17543859649207 27
35.18421052631663 6
35.21929824561488 50
35.27192982456225 11
35.31578947368506 24
35.33333333333418 14
35.36842105263243 11
35.37719298245699 17
35.464912280702606 11
35.48245614035173 37
35.49122807017629 42
35.561403508772784 11
35.570175438597346 25
35.59649122807103 15
35.65789473684296 11
35.719298245614894 36
35.75438596491314 11
35.7631578947377 7
35.7631578947377 48
35.780701754386826 58
35.80701754386051 47
35.84210526315876 3
35.85087719298332 11
35.89473684210613 1
35.90350877193069 32
35.91228070175525 6
35.9473684210535 11
35.982456140351744 30
35.991228070176305 9
36.00877192982543 49
36.043859649123675 11
36.10526315789561 12
36.11403508772017 24
36.13157894736929 46
36.14035087719385 11
36.15789473684298 56
36.18421052631666 39
36.201754385965785 17
36.23684210526403 11
36.27192982456228 57
36.33333333333421 11
36.35087719298333 0
36.42982456140439 11
36.526315789474566 11
36.526315789474566 16
36.570175438597374 7
36.60526315789562 42
36.622807017544744 11
36.64035087719387 6
36.71929824561492 11
36.75438596491317 2
36.76315789473773 36
36.8157894736851 11
36.85964912280791 15
36.91228070175528 11
36.91228070175528 24
36.92105263157984 25
36.96491228070265 4
36.98245614035177 20
37.00877192982546 11
37.02631578947458 17
37.105263157895635 11
37.14912280701844 12
37.16666666666757 54
37.17543859649213 3
37.20175438596581 11
37.29824561403599 11
37.368421052632485 6
37.377192982457046 7
37.38596491228161 34
37.39473684210617 11
37.49122807017635 11
37.587719298246526 11
37.631578947369334 50
37.67543859649214 47
37.684210526316704 11
37.70175438596583 9
37.71052631579039 24
37.745614035088636 48
37.78070175438688 11
37.80701754386057 36
37.850877192983376 17
37.87719298245706 11
37.97368421052724 11
38.008771929825485 1
38.03508771929917 46
38.07017543859742 11
38.07894736842198 10
38.0964912280711 6
38.12280701754479 15
38.166666666667595 11
38.18421052631672 7
38.19298245614128 12
38.19298245614128 23
38.26315789473777 11
38.271929824562335 25
38.35964912280795 11
38.45614035087813 11
38.491228070176376 30
38.5087719298255 3
38.5087719298255 24
38.5087719298255 27
38.55263157894831 11
38.649122807018486 11
38.67543859649217 17
38.745614035088664 11
38.798245614036034 33
38.82456140350972 6
38.83333333333428 14
38.84210526315884 11
38.850877192983404 36
38.912280701755336 55
38.9210526315799 41
38.92982456140446 42
38.93859649122902 11
38.99122807017639 57
39.00000000000095 7
39.0350877192992 11
39.070175438597445 49
39.09649122807113 4
39.10526315789569 22
39.13157894736938 11
39.228070175439555 11
39.23684210526412 12
39.23684210526412 44
39.280701754386925 29
39.30701754386061 24
39.32456140350973 11
39.32456140350973 16
39.35964912280798 1
39.385964912281665 15
39.385964912281665 58
39.41228070175535 9
39.41228070175535 20
39.42105263157991 11
39.500000000000966 17
39.51754385965009 11
39.543859649123775 47
39.552631578948336 6
39.57894736842202 5
39.61403508772027 11
39.62280701754483 25
39.62280701754483 43
39.6754385964922 31
39.710526315790446 11
39.72807017543957 48
39.754385964913254 28
39.807017543860624 11
39.815789473685186 7
39.84210526315887 3
39.89473684210624 36
39.9035087719308 11
39.93859649122905 32
40.00000000000098 11
40.03508771929923 39
40.04385964912379 42
40.04385964912379 50
40.09649122807116 11
40.10526315789572 24
40.14035087719397 44
40.19298245614134 11
40.24561403508871 2
40.28070175438695 6
40.28070175438695 12
40.289473684211515 11
40.289473684211515 26
40.3157894736852 0
40.32456140350976 17
40.38596491228169 11
40.38596491228169 29
40.4298245614045 37
40.48245614035187 11
40.5438596491238 1
40.57894736842205 11
40.62280701754486 7
40.64912280701854 15
40.657894736843105 38
40.67543859649223 11
40.763157894737844 30
40.771929824562406 11
40.868421052632584 11
40.90350877193083 24
40.93859649122908 36
40.96491228070276 11
40.973684210527324 25
40.982456140351886 35
41.00877192982557 6
41.06140350877294 11
41.12280701754487 9
41.14912280701856 17
41.15789473684312 11
41.17543859649224 3
41.22807017543961 4
41.2543859649133 11
41.2543859649133 43
41.26315789473786 42
41.30701754386067 40
41.32456140350979 12
41.350877192983475 11
41.41228070175541 47
41.42982456140453 7
41.44736842105365 11
41.54385964912383 11
41.54385964912383 57
41.64035087719401 11
41.65789473684313 34
41.69298245614138 46
41.70175438596594 24
41.70175438596594 48
41.728070175439626 44
41.73684210526419 6
41.73684210526419 11
41.75438596491331 29
41.833333333334366 11
41.84210526315893 20
41.91228070175542 15
41.929824561404544 10
41.929824561404544 11
41.97368421052735 17
41.982456140351914 36
42.02631578947472 11
42.05263157894841 23
42.1228070175449 11
42.1228070175449 16
42.1228070175449 27
42.140350877194024 1
42.149122807018585 41
42.149122807018585 49
42.16666666666771 44
42.21929824561508 11
42.2368421052642 7
42.31578947368526 11
42.32456140350982 25
42.33333333333438 14
42.36842105263263 12
42.37719298245719 42
42.412280701755435 11
42.45614035087824 50
42.45614035087824 54
42.464912280702805 6
42.50000000000105 24
42.50877192982561 3
42.50877192982561 11
42.60526315789579 11
42.70175438596597 11
42.79824561403615 11
42.79824561403615 17
42.833333333334394 9
42.894736842106326 11
42.991228070176504 11
43.000000000001066 46
43.02631578947475 36
43.043859649123874 30
43.052631578948436 7
43.08771929824668 11
43.1754385964923 15
43.18421052631686 11
43.19298245614142 6
43.210526315790545 39
43.23684210526423 33
43.27192982456248 47
43.28070175438704 11
43.29824561403616 24
43.359649122808094 4
43.37719298245722 11
43.41228070175546 12
43.421052631580025 22
43.473684210527395 11
43.49122807017652 42
43.54385964912389 53
43.57017543859757 11
43.578947368422135 0
43.62280701754494 17
43.66666666666775 11
43.67543859649231 25
43.684210526316875 48
43.736842105264245 2
43.76315789473793 11
43.8157894736853 5
43.842105263158984 3
43.85964912280811 7
43.85964912280811 11
43.87719298245723 56
43.88596491228179 52
43.92105263158004 6
43.956140350878286 11
43.97368421052741 32
43.99122807017653 57
44.052631578948464 11
44.07017543859759 36
44.09649122807127 24
44.14912280701864 11
44.14912280701864 55
44.24561403508882 11
44.271929824562505 20
44.342105263159 11
44.38596491228181 43
44.43859649122918 11
44.43859649122918 15
44.43859649122918 58
44.44736842105374 17
44.4561403508783 12
44.535087719299355 11
44.535087719299355 46
44.54385964912392 9
44.60526315789585 42
44.63157894736953 11
44.64912280701866 6
44.66666666666778 7
44.6842105263169 28
44.692982456141465 44
44.71052631579059 1
44.72807017543971 11
44.82456140350989 11
44.8684210526327 50
44.89473684210638 24
44.92105263158007 11
44.92105263158007 16
45.017543859650246 11
45.02631578947481 25
45.114035087720424 11
45.114035087720424 36
45.13157894736955 47
45.175438596492356 3
45.2105263157906 11
45.2105263157906 49
45.25438596491341 41
45.271929824562534 17
45.30701754386078 11
45.324561403509904 30
45.377192982457274 6
45.377192982457274 37
45.40350877193096 11
45.42105263158008 5
45.438596491229205 26
45.47368421052745 7
45.491228070176575 4
45.50000000000114 11
45.50000000000114 12
45.596491228071315 11
45.66666666666781 48
45.69298245614149 11
45.69298245614149 24
45.701754385966055 15
45.71929824561518 42
45.78070175438711 10
45.78947368421167 11
45.83333333333448 14
45.88596491228185 11
45.90350877193097 0
45.92982456140466 34
45.94736842105378 23
45.98245614035203 11
46.06140350877308 43
46.078947368422206 11
46.09649122807133 17
46.10526315789589 6
46.15789473684326 36
46.175438596492384 11
46.25438596491344 9
46.27192982456256 11
46.280701754387124 7
46.36842105263274 11
46.3771929824573 25
46.394736842106425 46
46.42105263158011 1
46.46491228070292 11
46.491228070176604 24
46.491228070176604 24
46.50877192982573 3
46.543859649123974 12
46.5614035087731 11
46.59649122807134 5
46.657894736843275 11
46.70175438596608 20
46.70175438596608 27
46.75438596491345 11
46.79824561403626 8
46.83333333333451 6
46.83333333333451 38
46.83333333333451 42
46.83333333333451 57
46.85087719298363 11
46.88596491228188 39
46.921052631580125 17
46.94736842105381 11
46.96491228070293 15
47.00000000000118 47
47.04385964912399 11
47.087719298246796 7
47.140350877194166 11
47.2017543859661 36
47.2017543859661 40
47.22807017543978 2
47.236842105264344 11
47.28070175438715 50
47.289473684211714 24
47.289473684211714 52
47.33333333333452 11
47.4298245614047 11
47.508771929825755 55
47.52631578947488 11
47.561403508773125 6
47.58771929824681 12
47.60526315789593 30
47.62280701754506 4
47.62280701754506 11
47.63157894736962 1
47.64035087719418 48
47.70175438596611 33
47.719298245615235 11
47.719298245615235 16
47.7280701754398 25
47.73684210526436 22
47.74561403508892 17
47.78070175438717 56
47.81578947368541 11
47.8421052631591 3
47.89473684210647 7
47.91228070175559 11
47.9561403508784 9
48.00877192982577 11
48.00877192982577 32
48.087719298246824 24
48.10526315789595 11
48.149122807018756 58
48.201754385966126 11
48.22807017543981 15
48.245614035088934 36
48.27192982456262 49
48.28947368421174 6
48.298245614036304 11
48.34210526315911 35
48.34210526315911 44
48.39473684210648 11
48.49122807017666 11
48.570175438597715 17
48.57894736842228 42
48.58771929824684 11
48.63157894736965 12
48.68421052631702 11
48.70175438596614 7
48.728070175439825 1
48.780701754387195 11
48.86842105263281 47
48.87719298245737 11
48.885964912281935 24
48.8947368421065 0
48.97368421052755 11
49.01754385965036 6
49.07017543859773 11
49.07894736842229 25
49.13157894736966 20
49.16666666666791 11
49.17543859649247 3
49.22807017543984 27
49.254385964913524 43
49.263157894738086 11
49.28947368421177 36
49.33333333333458 14
49.359649122808264 11
49.39473684210651 17
49.45614035087844 11
49.49122807017669 15
49.50877192982581 7
49.55263157894862 11
49.60526315789599 28
49.61403508772055 48
49.631578947369675 10
49.6491228070188 11
49.66666666666792 9
49.675438596492484 12
49.684210526317045 24
49.69298245614161 42
49.69298245614161 50
49.74561403508898 6
49.74561403508898 11
49.75438596491354 4
49.83333333333459 46
49.842105263159155 11
49.842105263159155 23
49.88596491228196 30
49.92105263158021 1
49.93859649122933 11
50.03508771929951 11
50.13157894736969 11
50.166666666667936 26
50.20175438596618 34
50.219298245615306 17
50.22807017543987 11
50.29824561403636 44
50.315789473685484 7
50.324561403510046 11
50.324561403510046 37
50.33333333333461 36
50.421052631580224 11
50.429824561404786 25
50.473684210527594 6
50.482456140352156 24
50.482456140352156 52
50.50877192982584 3
50.5175438596504 11
50.5175438596504 16
50.535087719299526 31
50.61403508772058 11
50.71052631579076 11
50.71929824561532 2
50.71929824561532 12
50.736842105264444 47
50.75438596491357 15
50.80701754386094 11
50.80701754386094 43
50.85964912280831 42
50.87719298245743 54
50.903508771931115 11
50.956140350878485 41
51.00000000000129 11
51.01754385965042 8
51.0438596491241 17
51.08771929824691 57
51.09649122807147 11
51.10526315789603 55
51.122807017545156 7
51.19298245614165 11
51.20175438596621 6
51.280701754387266 24
51.28947368421183 11
51.333333333334636 49
51.36842105263288 9
51.377192982457444 36
51.385964912282006 11
51.39473684210657 1
51.438596491229376 44
51.482456140352184 11
51.56140350877324 20
51.5701754385978 58
51.57894736842236 11
51.596491228071486 48
51.649122807018855 46
51.67543859649254 5
51.67543859649254 11
51.692982456141664 27
51.71052631579079 39
51.76315789473816 12
51.77192982456272 11
51.78070175438728 25
51.84210526315921 3
51.8684210526329 11
51.8684210526329 17
51.88596491228202 4
51.92982456140483 6
51.92982456140483 7
51.964912280703075 11
51.97368421052764 38
51.97368421052764 42
52.017543859650445 15
52.04385964912413 0
52.04385964912413 5
52.04385964912413 32
52.05263157894869 22
52.06140350877325 11
52.07894736842238 24
52.10526315789606 50
52.14035087719431 33
52.15789473684343 11
52.15789473684343 30
52.25438596491361 11
52.35087719298379 11
52.42105263158028 36
52.438596491229404 44
52.447368421053966 11
52.543859649124144 11
52.58771929824695 53
52.596491228071514 47
52.64035087719432 11
52.657894736843446 6
52.69298245614169 17
52.7368421052645 7
52.7368421052645 11
52.807017543860994 12
52.83333333333468 11
52.83333333333468 14
52.87719298245749 24
52.92982456140486 11
53.026315789475035 11
53.05263157894872 1
53.07017543859784 9
53.12280701754521 11
53.131578947369775 25
53.17543859649258 3
53.20175438596627 35
53.21929824561539 11
53.22807017543995 41
53.27192982456276 42
53.28070175438732 15
53.298245614036446 44
53.31578947368557 11
53.31578947368557 16
53.38596491228206 6
53.41228070175575 11
53.46491228070312 36
53.48245614035224 10
53.508771929825926 11
53.51754385965049 17
53.54385964912417 7
53.57894736842242 48
53.605263157896104 11
53.6754385964926 24
53.70175438596628 11
53.70175438596628 23
53.78070175438734 5
53.79824561403646 11
53.79824561403646 44
53.85087719298383 12
53.85087719298383 12
53.89473684210664 11
53.99122807017682 11
53.99122807017682 20
54.00877192982594 8
54.0175438596505 4
54.02631578947506 57
54.087719298246995 11
54.11403508772068 6
54.140350877194365 27
54.18421052631717 11
54.21052631579086 2
54.28070175438735 11
54.34210526315928 17
54.350877192983845 7
54.37719298245753 11
54.38596491228209 42
54.39473684210665 49
54.43859649122946 30
54.464912280703146 47
54.47368421052771 11
54.47368421052771 24
54.47368421052771 34
54.48245614035227 25
54.508771929825954 3
54.508771929825954 36
54.517543859650516 50
54.52631578947508 28
54.5438596491242 15
54.570175438597886 11
54.666666666668064 11
54.71052631579087 26
54.76315789473824 11
54.771929824562804 9
54.81578947368561 0
54.8421052631593 6
54.85964912280842 11
54.86842105263298 46
54.89473684210667 12
54.9561403508786 11
54.9561403508786 44
55.05263157894878 11
55.149122807018955 11
55.15789473684352 7
55.16666666666808 17
55.16666666666808 52
55.24561403508913 11
55.27192982456282 24
55.27192982456282 37
55.34210526315931 11
55.43859649122949 11
55.45614035087861 56
55.53508771929967 11
55.55263157894879 36
55.570175438597914 6
55.578947368422476 55
55.58771929824704 48
55.622807017545284 42
55.631578947369846 11
55.69298245614178 54
55.7105263157909 40
55.728070175440024 11
55.728070175440024 41
55.80701754386108 15
55.8245614035102 11
55.833333333334764 25
55.842105263159326 3
55.842105263159326 44
55.92105263158038 11
55.92105263158038 39
55.938596491229504 12
55.96491228070319 7
55.991228070176874 17
56.01754385965056 11
56.06140350877337 1
56.07017543859793 24
56.07894736842249 32
56.11403508772074 11
56.11403508772074 16
56.14912280701898 4
56.18421052631723 8
56.210526315790915 11
56.28947368421197 43
56.29824561403653 6
56.30701754386109 11
56.33333333333478 14
56.33333333333478 47
56.368421052633025 22
56.40350877193127 11
56.421052631580395 20
56.473684210527765 9
56.50000000000145 11
56.535087719299696 29
56.55263157894882 57
56.578947368422504 33
56.587719298247066 27
56.59649122807163 11
56.59649122807163 36
56.692982456141806 11
56.71929824561549 30
56.736842105264614 42
56.77192982456286 7
56.789473684211984 11
56.81578947368567 17
56.86842105263304 24
56.88596491228216 11
56.92982456140497 50
56.98245614035234 11
56.98245614035234 12
57.02631578947515 6
57.07017543859796 15
57.07894736842252 11
57.1754385964927 3
57.1754385964927 11
57.18421052631726 25
57.21052631579094 44
57.271929824562875 11
57.31578947368568 46
57.33333333333481 10
57.36842105263305 11
57.45614035087867 49
57.46491228070323 11
57.491228070176916 38
57.56140350877341 11
57.56140350877341 48
57.57017543859797 0
57.57894736842253 7
57.596491228071656 23
57.640350877194464 17
57.640350877194464 17
57.640350877194464 36
57.65789473684359 11
57.66666666666815 24
57.68421052631727 41
57.701754385966396 2
57.754385964913766 6
57.754385964913766 11
57.76315789473833 58
57.850877192983944 11
57.850877192983944 42
57.94736842105412 11
58.02631578947518 12
58.0438596491243 11
58.070175438597985 1
58.13157894736992 35
58.14035087719448 11
58.175438596492725 9
58.19298245614185 47
58.20175438596641 44
58.23684210526466 11
58.280701754387465 4
58.333333333334835 11
58.333333333334835 15
58.385964912282205 7
58.42982456140501 11
58.46491228070326 17
58.46491228070326 24
58.48245614035238 6
58.50877192982607 3
58.52631578947519 11
58.52631578947519 29
58.53508771929975 25
58.62280701754537 11
58.6842105263173 36
58.71929824561555 11
58.72807017544011 46
58.74561403508923 34
58.815789473685726 11
58.82456140351029 44
58.85087719298397 20
58.912280701755904 11
58.912280701755904 16
58.964912280703274 42
59.00000000000152 30
59.00877192982608 11
59.03508771929977 27
59.070175438598014 12
59.10526315789626 11
59.19298245614188 7
59.20175438596644 11
59.210526315791 6
59.26315789473837 1
59.26315789473837 24
59.289473684212055 17
59.29824561403662 11
59.30701754386118 26
59.31578947368574 39
59.342105263159425 50
59.394736842106795 11
59.447368421054165 28
59.49122807017697 11
59.54385964912434 48
59.58771929824715 11
59.59649122807171 15
59.605263157896275 55
59.64035087719452 41
59.68421052631733 11
59.72807017544014 36
59.78070175438751 11
59.83333333333488 14
59.84210526315944 3
59.85964912280856 57
59.877192982457686 11
59.88596491228225 9
59.88596491228225 25
59.91228070175593 53
59.93859649122962 6
59.9649122807033 56
59.973684210527864 11
