0.017543859649122806 44
0.043859649122807015 19
0.07017543859649122 39
0.07894736842105263 10
0.07894736842105263 47
0.15789473684210525 20
0.16666666666666666 25
0.21052631578947367 3
0.28947368421052644 12
0.29824561403508787 27
0.3070175438596493 28
0.342105263157895 36
0.3859649122807022 46
0.41228070175438647 4
0.4210526315789479 58
0.4473684210526322 57
0.5175438596491236 26
0.5350877192982465 11
0.5438596491228079 34
0.5438596491228079 48
0.5614035087719308 18
0.6140350877192994 14
0.6491228070175451 31
0.7017543859649137 17
0.728070175438598 8
0.728070175438598 15
0.728070175438598 16
0.7456140350877208 24
0.7543859649122823 55
0.7631578947368437 7
0.7807017543859666 6
0.8421052631578966 38
0.8421052631578966 42
0.850877192982458 11
0.8771929824561423 18
1.1403508771929851 30
1.1929824561403537 22
1.2368421052631609 41
1.3508771929824595 52
1.4736842105263195 2
1.5087719298245652 6
1.543859649122811 3
1.5701754385964952 18
1.5789473684210567 9
1.587719298245618 1
1.5964912280701795 7
1.6140350877193024 25
1.6403508771929867 24
1.6842105263157938 12
1.6929824561403553 17
1.6929824561403553 23
1.8070175438596539 43
1.8245614035087767 32
1.9561403508771982 47
1.9649122807017596 46
2.061403508771934 15
2.157894736842107 19
2.192982456140352 11
2.236842105263158 6
2.3859649122806985 11
2.4298245614035046 7
2.4298245614035046 59
2.4385964912280658 24
2.491228070175433 4
2.5087719298245554 18
2.5438596491228003 17
2.5877192982456063 11
2.701754385964902 40
2.7631578947368305 1
2.789473684210514 11
2.8421052631578814 48
2.859649122807004 12
2.868421052631565 39
2.877192982456126 3
2.9298245614034935 56
2.9649122807017383 6
2.9736842105262995 25
2.9824561403508607 11
3.070175438596473 20
3.166666666666646 42
3.1754385964912073 11
3.2368421052631358 24
3.2631578947368194 7
3.2719298245613806 5
3.298245614035064 19
3.368421052631554 11
3.3859649122806763 15
3.3859649122806763 49
3.3947368421052375 29
3.3947368421052375 57
3.4385964912280436 50
3.4473684210526048 30
3.499999999999972 27
3.535087719298217 43
3.5614035087719005 11
3.657894736842074 44
3.6842105263157574 36
3.6842105263157574 46
3.6929824561403186 6
3.6929824561403186 37
3.754385964912247 11
3.7719298245613695 19
3.8245614035087367 47
3.9473684210525937 11
4.0350877192982075 24
4.096491228070139 7
4.105263157894701 16
4.157894736842071 59
4.210526315789441 3
4.219298245614002 14
4.31578947368418 55
4.42105263157892 6
4.456140350877167 29
4.47368421052629 19
4.535087719298222 11
4.570175438596468 4
4.649122807017523 1
4.675438596491208 36
4.710526315789455 15
4.710526315789455 15
4.73684210526314 11
4.824561403508756 34
4.833333333333318 24
4.8947368421052495 52
4.929824561403496 7
4.929824561403496 48
4.964912280701743 2
5.087719298245606 17
5.149122807017537 6
5.210526315789469 12
5.228070175438592 11
5.236842105263154 28
5.263157894736839 58
5.421052631578949 11
5.438596491228072 22
5.543859649122812 3
5.570175438596497 9
5.614035087719305 11
5.631578947368428 24
5.64035087719299 31
5.657894736842113 23
5.666666666666675 36
5.719298245614045 47
5.719298245614045 59
5.7280701754386065 38
5.763157894736853 7
5.763157894736853 30
5.807017543859661 11
5.824561403508785 18
5.877192982456155 6
5.921052631578963 17
6.000000000000018 11
6.035087719298264 15
6.192982456140374 11
6.254385964912306 25
6.298245614035114 18
6.298245614035114 19
6.298245614035114 45
6.307017543859676 20
6.368421052631607 1
6.368421052631607 42
6.394736842105292 11
6.429824561403539 24
6.5614035087719635 19
6.5614035087719635 26
6.5614035087719635 46
6.570175438596525 41
6.59649122807021 7
6.59649122807021 11
6.605263157894772 6
6.64912280701758 4
6.657894736842142 36
6.798245614035128 11
6.824561403508813 12
6.842105263157936 17
6.877192982456183 3
6.9649122807018 19
6.973684210526361 16
6.9912280701754845 11
7.0175438596491695 43
7.078947368421101 29
7.087719298245663 44
7.184210526315841 11
7.228070175438649 24
7.271929824561457 27
7.333333333333389 6
7.333333333333389 59
7.359649122807074 15
7.377192982456197 11
7.394736842105321 39
7.429824561403567 7
7.570175438596554 11
7.596491228070239 47
7.614035087719362 25
7.6491228070176085 36
7.71052631578954 57
7.76315789473691 11
7.789473684210595 14
7.81578947368428 48
7.956140350877266 44
8.02631578947376 24
8.043859649122883 18
8.052631578947445 30
8.061403508772006 6
8.122807017543938 17
8.1315789473685 1
8.210526315789554 3
8.228070175438678 12
8.23684210526324 11
8.263157894736924 7
8.412280701754472 56
8.412280701754472 59
8.429824561403596 11
8.45614035087728 2
8.517543859649212 18
8.517543859649212 19
8.622807017543952 11
8.640350877193075 36
8.66666666666676 37
8.684210526315884 15
8.728070175438692 4
8.7719298245615 20
8.789473684210623 6
8.815789473684308 11
8.82456140350887 24
8.842105263157993 58
8.885964912280802 46
8.947368421052733 18
8.947368421052733 19
8.947368421052733 43
8.973684210526418 25
8.991228070175541 17
9.008771929824665 11
9.078947368421158 32
9.096491228070281 7
9.131578947368528 52
9.175438596491336 31
9.201754385965021 11
9.24561403508783 18
9.254385964912391 19
9.254385964912391 19
9.254385964912391 55
9.2982456140352 34
9.342105263158007 12
9.342105263158007 44
9.394736842105377 11
9.456140350877309 47
9.500000000000117 45
9.51754385964924 6
9.526315789473802 41
9.543859649122926 3
9.587719298245734 11
9.62280701754398 24
9.631578947368542 36
9.692982456140474 22
9.719298245614159 59
9.78070175438609 11
9.798245614035213 19
9.842105263158022 16
9.929824561403638 7
9.956140350877323 1
9.973684210526446 11
10.008771929824693 15
10.061403508772063 19
10.166666666666803 11
10.166666666666803 23
10.175438596491365 28
10.192982456140488 29
10.245614035087858 6
10.333333333333474 25
10.333333333333474 30
10.342105263158036 18
10.35964912280716 11
10.385964912280844 17
10.42105263157909 24
10.429824561403652 39
10.456140350877337 12
10.500000000000146 48
10.552631578947516 11
10.622807017544009 36
10.745614035087872 11
10.763157894736995 7
10.807017543859804 4
10.833333333333488 57
10.84210526315805 46
10.84210526315805 59
10.877192982456297 3
10.938596491228228 11
10.94736842105279 19
10.94736842105279 38
10.973684210526475 6
11.087719298245776 27
11.131578947368585 11
11.219298245614201 24
11.254385964912448 20
11.280701754386133 18
11.298245614035256 17
11.31578947368438 47
11.324561403508941 11
11.333333333333503 15
11.359649122807188 14
11.517543859649297 11
11.561403508772106 1
11.570175438596667 12
11.596491228070352 7
11.614035087719476 36
11.69298245614053 25
11.701754385965092 6
11.710526315789654 11
11.868421052631764 42
11.877192982456325 10
11.90350877193001 11
11.947368421052818 2
11.973684210526503 18
12.017543859649312 24
12.096491228070366 11
12.11403508771949 17
12.149122807017736 43
12.157894736842298 40
12.175438596491421 46
12.210526315789668 3
12.289473684210723 11
12.342105263158093 26
12.403508771930024 29
12.42982456140371 6
12.42982456140371 7
12.48245614035108 11
12.605263157894942 36
12.640350877193189 30
12.657894736842312 15
12.675438596491436 11
12.684210526315997 12
12.710526315789682 16
12.719298245614244 59
12.728070175438805 48
12.798245614035299 1
12.80701754385986 44
12.815789473684422 24
12.868421052631792 11
12.877192982456354 55
12.885964912280915 4
12.885964912280915 9
12.921052631579162 18
12.929824561403723 17
13.01754385964934 42
13.052631578947587 25
13.061403508772148 11
13.157894736842326 6
13.184210526316011 47
13.254385964912505 11
13.263157894737066 7
13.350877192982683 52
13.447368421052861 11
13.447368421052861 39
13.535087719298478 31
13.54385964912304 3
13.596491228070409 36
13.614035087719532 24
13.614035087719532 29
13.640350877193217 11
13.640350877193217 37
13.649122807017779 58
13.666666666666902 18
13.684210526316026 32
13.719298245614272 20
13.736842105263396 17
13.789473684210765 46
13.798245614035327 12
13.824561403509012 41
13.833333333333574 11
13.885964912280944 6
13.938596491228314 22
13.97368421052656 59
13.982456140351122 15
14.02631578947393 11
14.0789473684213 23
14.096491228070423 7
14.219298245614286 11
14.412280701754643 11
14.412280701754643 24
14.412280701754643 25
14.55263157894763 17
14.578947368421314 43
14.587719298245876 36
14.587719298245876 56
14.605263157895 11
14.61403508771956 6
14.649122807017807 18
14.657894736842369 9
14.763157894737109 19
14.798245614035356 11
14.859649122807287 48
14.87719298245641 3
14.903508771930095 57
14.912280701754657 12
14.912280701754657 30
14.921052631579219 14
14.92982456140378 7
14.964912280702027 4
14.991228070175712 11
15.043859649123082 47
15.043859649123082 59
15.105263157895013 28
15.122807017544137 19
15.184210526316068 11
15.210526315789753 24
15.236842105263438 1
15.263157894737123 34
15.307017543859931 15
15.342105263158178 6
15.368421052631863 17
15.377192982456425 11
15.438596491228356 2
15.570175438596781 11
15.578947368421343 16
15.578947368421343 36
15.605263157895028 46
15.763157894737137 7
15.763157894737137 11
15.771929824561699 25
15.807017543859946 19
15.956140350877494 11
16.008771929824864 24
16.026315789473987 12
16.04385964912311 49
16.070175438596795 6
16.078947368421357 52
16.14912280701785 11
16.175438596491535 20
16.184210526316097 17
16.19298245614066 42
16.21052631578978 3
16.219298245614343 18
16.25438596491259 44
16.25438596491259 50
16.342105263158206 11
16.35964912280733 59
16.429824561403823 18
16.535087719298563 11
16.57017543859681 36
16.596491228070494 7
16.62280701754418 43
16.63157894736874 15
16.657894736842426 5
16.72807017543892 11
16.745614035088042 41
16.763157894737166 40
16.78947368421085 9
16.798245614035412 6
16.807017543859974 24
16.815789473684536 55
16.921052631579276 11
16.956140350877522 19
17.00000000000033 17
17.008771929824892 58
17.04385964912314 4
17.0526315789477 48
17.061403508772262 31
17.087719298245947 47
17.114035087719632 11
17.114035087719632 29
17.131578947368755 25
17.140350877193317 12
17.20175438596525 30
17.30701754385999 11
17.31578947368455 59
17.36842105263192 18
17.42982456140385 7
17.464912280702098 1
17.47368421052666 26
17.500000000000345 11
17.52631578947403 6
17.543859649123153 3
17.561403508772276 18
17.561403508772276 36
17.605263157895084 24
17.657894736842454 27
17.666666666667016 32
17.68421052631614 19
17.6929824561407 11
17.763157894737194 38
17.807017543860002 46
17.815789473684564 17
17.885964912281057 11
17.94736842105299 19
17.95614035087755 15
17.982456140351236 23
18.00877192982492 5
18.078947368421414 11
18.140350877193345 44
18.175438596491592 22
18.254385964912647 6
18.254385964912647 12
18.26315789473721 7
18.26315789473721 29
18.27192982456177 11
18.403508771930195 24
18.421052631579318 42
18.447368421053003 16
18.464912280702126 11
18.48245614035125 14
18.49122807017581 25
18.53508771929862 8
18.552631578947743 36
18.561403508772305 9
18.570175438596866 50
18.59649122807055 39
18.614035087719675 37
18.631578947368798 17
18.631578947368798 20
18.657894736842483 11
18.763157894737223 43
18.842105263158277 1
18.85087719298284 11
18.877192982456524 3
18.91228070175477 57
18.929824561403894 2
18.947368421053017 47
18.982456140351264 6
19.026315789474072 59
19.043859649123196 11
19.087719298246004 7
19.087719298246004 48
19.12280701754425 4
19.16666666666706 46
19.201754385965305 24
19.210526315789867 18
19.236842105263552 11
19.28070175438636 15
19.368421052631977 12
19.42982456140391 11
19.44736842105303 17
19.473684210526716 30
19.508771929824963 41
19.54385964912321 36
19.59649122807058 52
19.622807017544265 11
19.71052631578988 6
19.80701754386006 19
19.81578947368462 11
19.850877192982868 25
19.9122807017548 7
19.991228070175854 59
20.000000000000416 24
20.008771929824977 11
20.0263157894741 28
20.114035087719717 18
20.12280701754428 55
20.157894736842525 29
20.201754385965334 11
20.210526315789895 3
20.263157894737265 17
20.298245614035512 9
20.324561403509197 19
20.368421052632005 42
20.39473684210569 11
20.39473684210569 58
20.4385964912285 6
20.45614035087762 1
20.482456140351307 12
20.482456140351307 27
20.535087719298676 36
20.587719298246046 11
20.596491228070608 19
20.60526315789517 15
20.6666666666671 34
20.675438596491663 43
20.745614035088156 7
20.780701754386403 11
20.798245614035526 24
20.807017543860088 47
20.885964912281143 50
20.97368421052676 11
20.97368421052676 46
21.0789473684215 17
21.08771929824606 20
21.105263157895184 39
21.122807017544307 19
21.166666666667115 6
21.166666666667115 11
21.201754385965362 4
21.210526315789924 25
21.271929824561855 57
21.315789473684664 16
21.359649122807472 11
21.526315789474143 36
21.543859649123267 3
21.552631578947828 11
21.578947368421513 7
21.596491228070636 12
21.596491228070636 24
21.7192982456145 59
21.736842105263623 42
21.745614035088185 11
21.754385964912746 30
21.868421052632048 23
21.894736842105733 6
21.894736842105733 17
21.92982456140398 15
21.93859649122854 11
22.000000000000473 29
22.03508771929872 14
22.03508771929872 40
22.070175438596966 48
22.078947368421527 9
22.08771929824609 31
22.131578947368897 11
22.19298245614083 26
22.228070175439075 32
22.263157894737322 18
22.263157894737322 19
22.271929824561884 10
22.324561403509254 8
22.324561403509254 11
22.394736842105747 24
22.394736842105747 56
22.40350877193031 7
22.41228070175487 22
22.421052631579432 2
22.45614035087768 18
22.51754385964961 11
22.51754385964961 36
22.52631578947417 19
22.57017543859698 25
22.62280701754435 6
22.640350877193473 1
22.666666666667158 47
22.710526315789966 11
22.710526315789966 12
22.710526315789966 17
22.73684210526365 18
22.78947368421102 19
22.877192982456638 3
22.903508771930323 11
22.93859649122857 27
22.956140350877693 43
23.05263157894787 19
23.09649122807068 11
23.140350877193487 41
23.140350877193487 42
23.14912280701805 29
23.192982456140857 24
23.20175438596542 50
23.228070175439104 7
23.236842105263666 49
23.25438596491279 15
23.280701754386474 4
23.289473684211035 11
23.31578947368472 19
23.350877192982967 6
23.46491228070227 46
23.47368421052683 52
23.482456140351392 11
23.508771929825077 36
23.5263157894742 17
23.543859649123323 20
23.57894736842157 19
23.58771929824613 37
23.605263157895255 18
23.614035087719817 57
23.675438596491748 11
23.78947368421105 9
23.824561403509296 12
23.84210526315842 19
23.868421052632105 11
23.929824561404036 25
23.991228070175968 24
24.035087719298776 30
24.0526315789479 7
24.06140350877246 11
24.078947368421584 6
24.10526315789527 19
24.122807017544392 48
24.175438596491762 5
24.184210526316324 16
24.21052631579001 3
24.228070175439132 55
24.254385964912817 11
24.27192982456194 59
24.32456140350931 44
24.342105263158434 17
24.36842105263212 19
24.385964912281242 18
24.42105263157949 29
24.447368421053174 11
24.500000000000544 36
24.52631578947423 47
24.5789473684216 15
24.63157894736897 19
24.64035087719353 11
24.64912280701809 58
24.789473684211078 24
24.8070175438602 6
24.833333333333886 11
24.842105263158448 38
24.85964912280757 42
24.885964912281256 7
24.894736842105818 19
24.938596491228626 12
24.947368421053188 28
25.026315789474243 11
25.157894736842668 17
25.157894736842668 19
25.2192982456146 11
25.245614035088284 59
25.289473684211092 25
25.342105263158462 18
25.359649122807586 4
25.38596491228127 27
25.412280701754955 11
25.421052631579517 19
25.447368421053202 43
25.49122807017601 36
25.500000000000572 9
25.517543859649695 50
25.53508771929882 6
25.54385964912338 3
25.58771929824619 14
25.58771929824619 24
25.605263157895312 11
25.614035087719873 39
25.684210526316367 19
25.70175438596549 18
25.719298245614613 7
25.719298245614613 46
25.7456140350883 1
25.798245614035668 11
25.903508771930408 15
25.91228070175497 2
25.947368421053216 19
25.9736842105269 17
25.991228070176025 11
26.000000000000586 20
26.052631578947956 12
26.157894736842696 48
26.166666666667258 23
26.18421052631638 11
26.210526315790066 19
26.263157894737436 6
26.28070175438656 41
26.298245614035682 29
26.315789473684806 30
26.324561403509367 8
26.359649122807614 31
26.377192982456737 11
26.3859649122813 24
26.3859649122813 47
26.464912280702354 32
26.464912280702354 34
26.473684210526915 19
26.482456140351477 36
26.517543859649724 56
26.535087719298847 49
26.54385964912341 7
26.570175438597094 11
26.570175438597094 18
26.631578947369025 10
26.640350877193587 26
26.64912280701815 22
26.64912280701815 25
26.70175438596552 52
26.736842105263765 19
26.76315789473745 11
26.789473684211135 17
26.87719298245675 3
26.956140350877806 11
26.991228070176053 6
27.000000000000615 19
27.000000000000615 59
27.052631578947985 16
27.122807017544478 5
27.149122807018163 11
27.166666666667286 12
27.166666666667286 44
27.166666666667286 46
27.18421052631641 24
27.201754385965533 9
27.228070175439218 15
27.263157894737464 19
27.34210526315852 11
27.368421052632204 7
27.438596491228697 4
27.473684210526944 36
27.526315789474314 19
27.535087719298875 11
27.60526315789537 17
27.71052631579011 5
27.71929824561467 6
27.728070175439232 11
27.745614035088355 18
27.789473684211163 19
27.83333333333397 27
27.894736842105903 57
27.903508771930465 50
27.921052631579588 11
27.947368421053273 58
27.956140350877835 40
27.98245614035152 24
27.99122807017608 55
28.008771929825205 5
28.008771929825205 25
28.03508771929889 44
28.052631578948013 19
28.061403508772575 59
28.09649122807082 29
28.09649122807082 42
28.114035087719945 11
28.184210526316438 39
28.184210526316438 48
28.192982456141 7
28.210526315790123 3
28.24561403508837 47
28.280701754386616 12
28.3070175438603 11
28.315789473684863 19
28.421052631579602 17
28.447368421053287 6
28.45614035087785 20
28.46491228070241 36
28.500000000000657 11
28.552631578948027 15
28.56140350877259 37
28.578947368421712 19
28.587719298246274 30
28.587719298246274 30
28.631578947369082 41
28.692982456141014 11
28.78070175438663 24
28.84210526315856 19
28.88596491228137 11
28.912280701755055 9
28.912280701755055 46
29.026315789474356 7
29.078947368421726 11
29.10526315789541 19
29.140350877193658 14
29.175438596491905 6
29.236842105263836 17
29.236842105263836 44
29.271929824562083 11
29.36842105263226 19
29.36842105263226 25
29.36842105263226 52
29.394736842105946 12
29.403508771930507 2
29.456140350877877 36
29.46491228070244 11
29.51754385964981 4
29.543859649123494 3
29.57894736842174 24
29.596491228070864 49
29.63157894736911 19
29.657894736842795 11
29.850877192983152 11
29.859649122807713 7
29.868421052632275 28
29.877192982456837 15
29.89473684210596 19
29.89473684210596 31
29.90350877193052 6
29.90350877193052 38
29.921052631579645 16
29.964912280702453 8
30.017543859649823 43
30.035087719298946 23
30.043859649123508 11
30.05263157894807 17
30.10526315789544 47
30.15789473684281 19
30.21052631579018 48
30.21929824561474 50
30.236842105263865 11
30.280701754386673 27
30.289473684211234 42
30.37719298245685 24
30.42105263157966 19
30.42982456140422 11
30.447368421053344 36
30.48245614035159 10
30.491228070176152 1
30.500000000000714 18
30.508771929825276 12
30.614035087720016 9
30.622807017544577 11
30.63157894736914 6
30.666666666667385 59
30.68421052631651 7
30.68421052631651 19
30.728070175439317 25
30.78947368421125 34
30.815789473684934 11
30.859649122807742 30
30.868421052632304 17
30.877192982456865 3
30.885964912281427 22
30.912280701755112 20
30.94736842105336 19
31.00877192982529 11
31.1666666666674 44
31.17543859649196 24
31.201754385965646 11
31.201754385965646 15
31.210526315790208 19
31.350877192983194 39
31.359649122807756 6
31.394736842106003 11
31.43859649122881 36
31.473684210527058 19
31.508771929825304 7
31.552631578948112 18
31.58771929824636 11
31.59649122807092 4
31.622807017544606 12
31.675438596491976 17
31.70175438596566 32
31.736842105263907 19
31.780701754386715 11
31.8070175438604 55
31.868421052632332 43
31.868421052632332 46
31.96491228070251 47
31.97368421052707 11
31.97368421052707 24
31.97368421052707 58
31.991228070176195 57
32.00000000000075 19
32.08771929824637 6
32.08771929824637 25
32.122807017544616 18
32.166666666667425 11
32.21052631579023 3
32.24561403508848 48
32.2631578947376 19
32.324561403509534 9
32.34210526315866 7
32.35964912280778 11
32.429824561404274 36
32.429824561404274 44
32.4473684210534 18
32.482456140351644 1
32.482456140351644 17
32.52631578947445 15
32.52631578947445 19
32.52631578947445 40
32.535087719299014 50
32.55263157894814 11
32.675438596492 18
32.68421052631656 42
32.692982456141124 14
32.72807017543937 27
32.73684210526393 12
32.745614035088494 11
32.77192982456218 24
32.7894736842113 16
32.7894736842113 19
32.81578947368499 6
32.89473684210604 2
32.93859649122885 11
33.05263157894815 19
33.131578947369206 11
33.131578947369206 30
33.175438596492015 7
33.236842105263946 56
33.25438596491307 49
33.27192982456219 46
33.29824561403588 17
33.315789473685 19
33.32456140350956 11
33.35964912280781 18
33.36842105263237 20
33.394736842106056 59
33.42105263157974 36
33.447368421053426 25
33.51754385964992 11
33.53508771929904 37
33.543859649123604 3
33.543859649123604 6
33.57017543859729 24
33.57894736842185 19
33.67543859649203 4
33.710526315790275 11
33.815789473685015 18
33.82456140350958 47
33.8421052631587 19
33.85087719298326 12
33.85087719298326 15
33.90350877193063 11
33.956140350878 23
34.00000000000081 18
34.00877192982537 7
34.03508771929906 9
34.06140350877274 26
34.09649122807099 11
34.10526315789555 17
34.10526315789555 19
34.11403508772011 1
34.2543859649131 18
34.26315789473766 43
34.27192982456222 6
34.27192982456222 48
34.289473684211345 11
34.30701754386047 42
34.33333333333415 10
34.3684210526324 19
34.3684210526324 24
34.41228070175521 36
34.456140350878016 18
34.4824561403517 11
34.57017543859732 31
34.63157894736925 19
34.64912280701837 18
34.67543859649206 11
34.75438596491311 41
34.78947368421136 28
34.80701754386048 25
34.83333333333417 18
34.84210526315873 7
34.85087719298329 50
34.868421052632414 11
34.877192982456975 3
34.8947368421061 19
34.91228070175522 17
34.96491228070259 12
35.00000000000084 6
35.0087719298254 18
35.06140350877277 11
35.1228070175447 22
35.15789473684295 19
35.16666666666751 24
35.17543859649207 15
35.17543859649207 27
35.18421052631663 18
35.192982456141195 1
35.254385964913126 11
35.254385964913126 38
35.359649122807866 18
35.403508771930674 30
35.403508771930674 36
35.4210526315798 19
35.44736842105348 11
35.44736842105348 52
35.47368421052717 29
35.52631578947454 18
35.64035087719384 11
35.65789473684296 16
35.675438596492086 7
35.68421052631665 19
35.69298245614121 18
35.70175438596577 47
35.719298245614894 17
35.728070175439456 6
35.74561403508858 9
35.75438596491314 4
35.824561403509634 20
35.833333333334195 11
35.85964912280788 18
35.9473684210535 19
35.96491228070262 24
36.00877192982543 44
36.02631578947455 11
36.02631578947455 18
36.07894736842192 12
36.096491228071045 42
36.10526315789561 59
36.16666666666754 25
36.1754385964921 55
36.19298245614122 18
36.21052631579035 3
36.21052631579035 19
36.21929824561491 11
36.24561403508859 14
36.29824561403596 48
36.315789473685086 49
36.32456140350965 39
36.359649122807895 18
36.38596491228158 2
36.39473684210614 36
36.412280701755265 11
36.45614035087807 6
36.473684210527196 19
36.48245614035176 58
36.50000000000088 15
36.50877192982544 7
36.53508771929913 17
36.53508771929913 18
36.60526315789562 11
36.7017543859658 18
36.71052631579036 1
36.736842105264046 19
36.76315789473773 24
36.79824561403598 11
36.842105263158786 57
36.85087719298335 46
36.86842105263247 18
36.991228070176334 11
37.000000000000895 19
37.03508771929914 18
37.06140350877283 29
37.16666666666757 50
37.18421052631669 6
37.18421052631669 11
37.19298245614125 12
37.20175438596581 18
37.263157894737745 19
37.315789473685115 43
37.3421052631588 7
37.3421052631588 17
37.368421052632485 18
37.377192982457046 11
37.38596491228161 36
37.4561403508781 9
37.50877192982547 41
37.526315789474594 19
37.526315789474594 25
37.535087719299156 18
37.54385964912372 3
37.56140350877284 24
37.56140350877284 47
37.5701754385974 11
37.62280701754477 27
37.67543859649214 30
37.70175438596583 18
37.71052631579039 56
37.76315789473776 11
37.789473684211444 19
37.82456140350969 15
37.82456140350969 23
37.83333333333425 4
37.8684210526325 18
37.91228070175531 6
37.956140350878115 11
37.96491228070268 42
38.03508771929917 18
38.052631578948294 19
38.14912280701847 11
38.14912280701847 17
38.17543859649216 7
38.18421052631672 10
38.20175438596584 18
38.26315789473777 31
38.2807017543869 20
38.30701754386058 12
38.31578947368514 19
38.324561403509705 5
38.33333333333427 48
38.34210526315883 11
38.35964912280795 24
38.36842105263251 18
38.377192982457075 36
38.429824561404445 8
38.47368421052725 40
38.47368421052725 59
38.5087719298255 37
38.52631578947462 16
38.535087719299185 11
38.57894736842199 19
38.640350877193924 6
38.649122807018486 18
38.72807017543954 11
38.84210526315884 19
38.87719298245709 3
38.87719298245709 43
38.88596491228165 25
38.9210526315799 11
38.92982456140446 18
38.93859649122902 34
38.956140350878144 17
38.98245614035183 26
38.99122807017639 1
39.00000000000095 7
39.07894736842201 42
39.09649122807113 18
39.10526315789569 19
39.114035087720254 11
39.1491228070185 15
39.15789473684306 9
39.15789473684306 24
39.2631578947378 18
39.30701754386061 11
39.35964912280798 22
39.36842105263254 6
39.36842105263254 19
39.36842105263254 36
39.3771929824571 49
39.41228070175535 32
39.42105263157991 12
39.42982456140447 18
39.438596491229035 47
39.47368421052728 57
39.48245614035184 50
39.500000000000966 11
39.596491228071145 18
39.63157894736939 19
39.69298245614132 11
39.69298245614132 41
39.710526315790446 28
39.77192982456238 17
39.77192982456238 17
39.77192982456238 18
39.78070175438694 46
39.7894736842115 59
39.79824561403606 14
39.82456140350975 7
39.87719298245712 2
39.87719298245712 55
39.88596491228168 11
39.89473684210624 19
39.912280701755364 4
39.93859649122905 18
39.94736842105361 30
39.95614035087817 24
40.070175438597474 27
40.078947368422035 11
40.09649122807116 6
40.10526315789572 18
40.14035087719397 1
40.15789473684309 19
40.19298245614134 42
40.21052631579046 3
40.21929824561502 52
40.24561403508871 25
40.24561403508871 38
40.27192982456239 11
40.27192982456239 18
40.35964912280801 36
40.35964912280801 48
40.42105263157994 19
40.43859649122906 18
40.46491228070275 11
40.47368421052731 15
40.53508771929924 12
40.57894736842205 17
40.605263157895735 18
40.614035087720296 43
40.657894736843105 7
40.657894736843105 11
40.666666666667666 44
40.68421052631679 19
40.710526315790474 58
40.73684210526416 20
40.75438596491328 24
40.771929824562406 18
40.824561403509776 6
40.8421052631589 8
40.85087719298346 11
40.85964912280802 9
40.93859649122908 18
40.94736842105364 19
40.94736842105364 19
41.04385964912382 11
41.10526315789575 18
41.21052631579049 19
41.236842105264174 11
41.27192982456242 18
41.30701754386067 42
41.31578947368523 47
41.350877192983475 36
41.38596491228172 17
41.39473684210628 16
41.403508771930845 1
41.42982456140453 11
41.43859649122909 18
41.47368421052734 19
41.4824561403519 7
41.54385964912383 3
41.55263157894839 6
41.55263157894839 24
41.5964912280712 59
41.60526315789576 18
41.60526315789576 25
41.622807017544886 11
41.64912280701857 12
41.719298245615065 23
41.73684210526419 19
41.771929824562434 18
41.79824561403612 15
41.79824561403612 50
41.81578947368524 11
41.81578947368524 56
41.833333333334366 29
41.938596491229106 18
41.991228070176476 4
42.00000000000104 19
42.0087719298256 11
42.0087719298256 41
42.01754385965016 39
42.02631578947472 57
42.035087719299284 10
42.10526315789578 18
42.192982456141394 17
42.201754385965955 11
42.22807017543964 30
42.245614035088764 31
42.26315789473789 19
42.27192982456245 18
42.28070175438701 6
42.307017543860695 7
42.34210526315894 36
42.3508771929835 24
42.38596491228175 48
42.39473684210631 11
42.42105263158 42
42.43859649122912 18
42.43859649122912 49
42.517543859650175 27
42.52631578947474 19
42.55263157894842 1
42.56140350877298 9
42.58771929824667 11
42.60526315789579 18
42.684210526316846 43
42.7631578947379 12
42.77192982456246 18
42.780701754387024 11
42.780701754387024 46
42.789473684211586 19
42.79824561403615 44
42.8771929824572 3
42.92982456140457 18
42.96491228070282 25
42.97368421052738 11
43.000000000001066 17
43.00877192982563 6
43.052631578948436 19
43.08771929824668 55
43.096491228071244 18
43.12280701754493 15
43.14035087719405 7
43.149122807018614 24
43.16666666666774 11
43.1754385964923 47
43.19298245614142 20
43.263157894737915 18
43.315789473685285 19
43.33333333333441 36
43.35087719298353 14
43.359649122808094 11
43.368421052632655 2
43.45614035087827 32
43.48245614035196 37
43.5175438596502 8
43.53508771929933 42
43.54385964912389 18
43.55263157894845 11
43.578947368422135 19
43.5877192982467 52
43.59649122807126 22
43.59649122807126 59
43.736842105264245 6
43.745614035088806 11
43.8157894736853 17
43.842105263158984 19
43.85964912280811 26
43.86842105263267 18
43.87719298245723 12
43.88596491228179 1
43.93859649122916 11
43.947368421053724 24
43.96491228070285 7
44.008771929825656 58
44.03508771929934 18
44.07017543859759 4
44.105263157895834 19
44.114035087720396 50
44.13157894736952 11
44.19298245614145 18
44.210526315790574 3
44.263157894737944 9
44.263157894737944 16
44.324561403509875 11
44.324561403509875 25
44.324561403509875 36
44.342105263159 46
44.35964912280812 18
44.368421052632684 19
44.421052631580054 48
44.44736842105374 15
44.46491228070286 6
44.49122807017655 41
44.50000000000111 30
44.51754385965023 11
44.52631578947479 18
44.62280701754497 17
44.63157894736953 19
44.63157894736953 28
44.692982456141465 18
44.71052631579059 11
44.745614035088835 24
44.745614035088835 42
44.78947368421164 7
44.859649122808136 18
44.89473684210638 19
44.903508771930944 11
44.92105263158007 59
44.964912280702876 27
44.99122807017656 12
45.02631578947481 18
45.03508771929937 47
45.0964912280713 11
45.15789473684323 19
45.19298245614148 6
45.19298245614148 18
45.20175438596604 1
45.28947368421166 11
45.31578947368534 36
45.35964912280815 18
45.42105263158008 19
45.429824561404644 17
45.47368421052745 38
45.482456140352014 11
45.50000000000114 49
45.52631578947482 18
45.543859649123945 3
45.543859649123945 24
45.56140350877307 44
45.57894736842219 23
45.57894736842219 43
45.61403508772044 7
45.64035087719412 31
45.649122807018685 20
45.67543859649237 11
45.68421052631693 19
45.68421052631693 25
45.69298245614149 18
45.7368421052643 46
45.77192982456255 15
45.807017543860795 39
45.859649122808165 18
45.859649122808165 42
45.868421052632726 11
45.88596491228185 10
45.921052631580096 6
45.94736842105378 19
45.973684210527466 9
46.026315789474836 18
46.06140350877308 11
46.10526315789589 12
46.1491228070187 4
46.184210526316946 34
46.19298245614151 18
46.21052631579063 19
46.236842105264316 17
46.25438596491344 11
46.27192982456256 59
46.30701754386081 36
46.342105263159056 24
46.35964912280818 18
46.42982456140467 50
46.447368421053795 7
46.447368421053795 11
46.47368421052748 19
46.500000000001165 48
46.52631578947485 18
46.605263157895905 1
46.62280701754503 41
46.64035087719415 11
46.64912280701871 6
46.69298245614152 18
46.73684210526433 19
46.77192982456258 30
46.83333333333451 11
46.85964912280819 2
46.85964912280819 18
46.877192982457316 3
46.89473684210644 47
46.903508771931 14
46.973684210527495 42
47.00000000000118 19
47.026315789474864 11
47.026315789474864 18
47.026315789474864 29
47.04385964912399 17
47.04385964912399 25
47.09649122807136 15
47.131578947369604 16
47.140350877194166 24
47.192982456141536 18
47.21929824561522 11
47.21929824561522 12
47.26315789473803 19
47.26315789473803 46
47.28070175438715 7
47.298245614036276 36
47.35964912280821 18
47.37719298245733 6
47.41228070175558 11
47.41228070175558 27
47.508771929825755 57
47.51754385965032 44
47.52631578947488 18
47.52631578947488 19
47.60526315789593 11
47.60526315789593 11
47.68421052631699 9
47.69298245614155 18
47.78947368421173 19
47.79824561403629 11
47.80701754386085 43
47.83333333333454 22
47.8421052631591 40
47.85087719298366 17
47.85964912280822 18
47.938596491229276 24
47.991228070176646 11
48.02631578947489 18
48.05263157894858 19
48.087719298246824 42
48.10526315789595 6
48.10526315789595 20
48.11403508772051 7
48.17543859649244 58
48.184210526317 11
48.192982456141564 18
48.21052631579069 3
48.22807017543981 4
48.26315789473806 26
48.28947368421174 36
48.31578947368543 19
48.33333333333455 12
48.359649122808236 18
48.37719298245736 11
48.403508771931044 25
48.42105263158017 15
48.44736842105385 44
48.456140350878414 37
48.47368421052754 59
48.52631578947491 18
48.53508771929947 48
48.561403508773154 49
48.570175438597715 11
48.57894736842228 19
48.5964912280714 46
48.65789473684333 17
48.66666666666789 32
48.66666666666789 55
48.69298245614158 18
48.73684210526439 24
48.74561403508895 50
48.75438596491351 47
48.76315789473807 11
48.833333333334565 6
48.84210526315913 19
48.85964912280825 18
48.947368421053866 7
48.95614035087843 11
49.02631578947492 18
49.052631578948606 30
49.06140350877317 41
49.105263157895976 19
49.149122807018784 11
49.19298245614159 18
49.201754385966154 42
49.22807017543984 44
49.28070175438721 36
49.34210526315914 11
49.359649122808264 18
49.368421052632826 19
49.39473684210651 9
49.44736842105388 12
49.464912280703004 17
49.473684210527566 23
49.526315789474936 18
49.5350877192995 11
49.5350877192995 24
49.54385964912406 3
49.55263157894862 28
49.56140350877318 6
49.631578947369675 19
49.69298245614161 18
49.72807017543985 11
49.736842105264415 10
49.74561403508898 15
49.7631578947381 25
49.78070175438722 7
49.85964912280828 18
49.85964912280828 27
49.894736842106525 19
49.894736842106525 57
49.90350877193109 59
49.92105263158021 11
49.92982456140477 56
49.9912280701767 46
50.000000000001265 16
50.02631578947495 18
50.052631578948635 1
50.114035087720566 11
50.157894736843375 19
50.19298245614162 18
50.210526315790744 44
50.271929824562676 17
50.271929824562676 36
50.271929824562676 39
50.2894736842118 6
50.30701754386092 4
50.30701754386092 11
50.315789473685484 42
50.33333333333461 24
50.35087719298373 2
50.35964912280829 18
50.421052631580224 19
50.45614035087847 14
50.50000000000128 11
50.50877192982584 38
50.526315789474964 18
50.56140350877321 12
50.56140350877321 20
50.56140350877321 48
50.61403508772058 7
50.61403508772058 47
50.65789473684339 45
50.684210526317074 19
50.692982456141635 11
50.692982456141635 18
50.80701754386094 34
50.85964912280831 18
50.87719298245743 3
50.88596491228199 11
50.94736842105392 19
51.01754385965042 6
51.02631578947498 18
51.061403508773225 50
51.070175438597786 15
51.07894736842235 11
51.07894736842235 17
51.10526315789603 9
51.10526315789603 31
51.122807017545156 25
51.13157894736972 24
51.19298245614165 18
51.21052631579077 19
51.26315789473814 36
51.271929824562704 11
51.280701754387266 43
51.324561403510074 30
51.35964912280832 18
51.429824561404814 42
51.44736842105394 7
51.46491228070306 11
51.47368421052762 19
51.52631578947499 18
51.60526315789605 41
51.62280701754517 49
51.640350877194294 59
51.65789473684342 11
51.67543859649254 12
51.692982456141664 18
51.73684210526447 19
51.745614035089034 6
51.85087719298377 11
51.859649122808335 18
51.87719298245746 58
51.88596491228202 17
51.92982456140483 24
52.00000000000132 19
52.02631578947501 18
52.04385964912413 11
52.070175438597815 22
52.19298245614168 18
52.2105263157908 3
52.236842105264486 11
52.25438596491361 36
52.26315789473817 19
52.280701754387294 7
52.30701754386098 27
52.35964912280835 18
52.385964912282034 4
52.394736842106596 15
52.41228070175572 1
52.42982456140484 11
52.47368421052765 6
52.47368421052765 47
52.48245614035221 25
52.52631578947502 18
52.52631578947502 19
52.543859649124144 42
52.6228070175452 11
52.64035087719432 48
52.649122807018884 32
52.657894736843446 26
52.657894736843446 44
52.701754385966254 17
52.701754385966254 18
52.72807017543994 24
52.78947368421187 12
52.78947368421187 19
52.79824561403643 43
52.815789473685555 9
52.815789473685555 11
52.868421052632925 16
52.868421052632925 18
53.00877192982591 11
53.01754385965047 20
53.0350877192996 18
53.05263157894872 19
53.078947368422405 46
53.11403508772065 7
53.131578947369775 57
53.20175438596627 6
53.20175438596627 11
53.20175438596627 18
53.245614035089076 36
53.245614035089076 52
53.31578947368557 19
53.33333333333469 23
53.36842105263294 18
53.3771929824575 50
53.394736842106624 11
53.42982456140487 37
53.508771929825926 17
53.52631578947505 24
53.53508771929961 18
53.54385964912417 3
53.57894736842242 19
53.58771929824698 10
53.58771929824698 11
53.59649122807154 30
53.657894736843474 40
53.657894736843474 42
53.70175438596628 18
53.719298245615406 15
53.78070175438734 11
53.79824561403646 29
53.815789473685584 1
53.84210526315927 2
53.84210526315927 19
53.84210526315927 25
53.868421052632954 18
53.9035087719312 12
53.929824561404885 6
53.94736842105401 7
53.94736842105401 55
53.94736842105401 59
53.97368421052769 11
54.00877192982594 14
54.035087719299625 18
54.10526315789612 19
54.16666666666805 11
54.2017543859663 18
54.23684210526454 36
54.245614035089105 39
54.3157894736856 17
54.32456140351016 24
54.33333333333472 47
54.359649122808406 11
54.36842105263297 18
54.36842105263297 19
54.44736842105402 8
54.464912280703146 4
54.47368421052771 28
54.48245614035227 56
54.517543859650516 9
54.53508771929964 18
54.55263157894876 11
54.63157894736982 19
54.6578947368435 6
54.666666666668064 48
54.68421052631719 49
54.70175438596631 18
54.74561403508912 11
54.75438596491368 27
54.771929824562804 7
54.79824561403649 31
54.80701754386105 42
54.86842105263298 18
54.877192982457544 3
54.89473684210667 19
54.938596491229475 11
54.938596491229475 43
55.01754385965053 12
55.03508771929965 18
55.043859649124215 15
55.06140350877334 44
55.12280701754527 17
55.12280701754527 24
55.12280701754527 34
55.13157894736983 11
55.14035087719439 41
55.15789473684352 19
55.201754385966325 18
55.201754385966325 25
55.22807017544001 36
55.254385964913695 59
55.32456140351019 11
55.368421052632996 18
55.38596491228212 6
55.421052631580366 19
55.473684210527736 20
55.517543859650544 11
55.53508771929967 18
55.5964912280716 7
55.622807017545284 38
55.622807017545284 46
55.684210526317216 19
55.69298245614178 50
55.70175438596634 18
55.7105263157909 11
55.736842105264586 16
55.86842105263301 18
55.86842105263301 30
55.90350877193126 11
55.92105263158038 24
55.92105263158038 42
55.92982456140494 17
55.947368421054065 19
56.03508771929968 18
56.09649122807161 11
56.11403508772074 6
56.13157894736986 12
56.14912280701898 29
56.14912280701898 44
56.19298245614179 47
56.20175438596635 18
56.210526315790915 3
56.210526315790915 19
56.21929824561548 9
56.21929824561548 36
56.28947368421197 11
56.30701754386109 22
56.368421052633025 15
56.368421052633025 18
56.39473684210671 43
56.421052631580395 7
56.473684210527765 19
56.482456140352326 11
56.535087719299696 18
56.54385964912426 4
56.56140350877338 25
56.67543859649268 11
56.692982456141806 48
56.70175438596637 18
56.71929824561549 24
56.736842105264614 17
56.736842105264614 19
56.75438596491374 1
56.842105263159354 6
56.86842105263304 11
56.86842105263304 18
57.000000000001464 19
57.03508771929971 18
57.03508771929971 42
57.052631578948834 26
57.061403508773395 11
57.18421052631726 46
57.19298245614182 23
57.20175438596638 18
57.20175438596638 27
57.21052631579094 36
57.24561403508919 12
57.25438596491375 7
57.25438596491375 11
57.26315789473831 19
57.289473684212 59
57.33333333333481 2
57.33333333333481 29
57.36842105263305 18
57.438596491229546 10
57.44736842105411 11
57.5175438596506 24
57.52631578947516 19
57.535087719299725 18
57.543859649124286 3
57.543859649124286 17
57.56140350877341 14
57.57017543859797 6
57.640350877194464 11
57.692982456141834 15
57.692982456141834 15
57.701754385966396 18
57.745614035089204 49
57.78947368421201 19
57.83333333333482 11
57.859649122808506 43
57.86842105263307 18
57.92105263158044 25
57.929824561405 9
57.929824561405 20
58.008771929826054 50
58.02631578947518 11
58.03508771929974 18
58.05263157894886 19
58.05263157894886 47
58.08771929824711 7
58.14035087719448 30
58.14912280701904 42
58.20175438596641 18
58.20175438596641 36
58.20175438596641 52
58.21929824561553 11
58.228070175440095 39
58.280701754387465 1
58.29824561403659 6
58.29824561403659 55
58.31578947368571 19
58.31578947368571 24
58.35087719298396 17
58.35964912280852 12
58.36842105263308 18
58.40350877193133 37
58.41228070175589 11
58.42982456140501 32
58.50877192982607 41
58.53508771929975 18
58.57894736842256 19
58.57894736842256 31
58.57894736842256 59
58.605263157896246 11
58.605263157896246 16
58.61403508772081 57
58.62280701754537 4
58.701754385966424 18
58.72807017544011 48
58.7982456140366 11
58.84210526315941 19
58.868421052633096 18
58.87719298245766 3
58.921052631580466 7
58.99122807017696 11
59.017543859650644 15
59.026315789475206 6
59.03508771929977 18
59.10526315789626 19
59.11403508772082 24
59.15789473684363 17
59.184210526317315 11
59.184210526317315 46
59.19298245614188 36
59.20175438596644 18
59.21929824561556 8
59.26315789473837 42
59.28070175438749 25
59.36842105263311 18
59.36842105263311 19
59.37719298245767 11
59.394736842106795 28
59.40350877193136 29
59.41228070175592 34
59.47368421052785 12
59.53508771929978 18
59.57017543859803 11
59.63157894736996 9
59.63157894736996 19
59.64912280701908 27
59.69298245614189 58
59.70175438596645 18
59.74561403508926 7
59.75438596491382 6
59.763157894738384 11
59.868421052633124 18
59.89473684210681 19
59.91228070175593 24
59.91228070175593 47
59.95614035087874 11
59.9649122807033 17
59.982456140352426 45
