0.008771929824561403 36
0.07894736842105263 1
0.12280701754385964 10
0.13157894736842105 8
0.14912280701754385 43
0.17543859649122806 28
0.21052631578947367 54
0.24561403508771928 44
0.24561403508771928 53
0.28947368421052644 47
0.3070175438596493 26
0.31578947368421073 33
0.3947368421052636 0
0.40350877192982504 2
0.41228070175438647 3
0.41228070175438647 20
0.42982456140350933 7
0.42982456140350933 39
0.43859649122807076 55
0.49122807017543935 41
0.5175438596491236 50
0.5350877192982465 11
0.5438596491228079 4
0.5789473684210537 15
0.7192982456140365 29
0.7192982456140365 34
0.728070175438598 37
0.789473684210528 36
0.8684210526315809 57
0.912280701754388 11
1.0526315789473708 45
1.0701754385964937 14
1.0877192982456165 6
1.1228070175438623 16
1.157894736842108 7
1.2105263157894766 17
1.2719298245614066 42
1.3070175438596523 48
1.3157894736842137 9
1.342105263157898 11
1.5701754385964952 36
1.6140350877193024 1
1.7631578947368467 25
1.7631578947368467 58
1.7982456140350924 35
1.8070175438596539 24
1.8245614035087767 6
1.8947368421052682 7
1.8947368421052682 29
1.9035087719298296 15
1.912280701754391 3
2.078947368421056 47
2.114035087719301 27
2.157894736842107 11
2.2105263157894743 17
2.32456140350877 43
2.3508771929824537 36
2.5614035087719227 6
2.622807017543851 41
2.6315789473684124 7
2.6842105263157796 24
2.7105263157894632 42
2.947368421052616 51
2.9649122807017383 50
3.0263157894736668 17
3.0964912280701564 25
3.1315789473684013 36
3.157894736842085 23
3.2192982456140133 15
3.2192982456140133 22
3.2368421052631358 39
3.298245614035064 6
3.368421052631554 7
3.377192982456115 11
3.4035087719297987 4
3.41228070175436 3
3.421052631578921 0
3.4298245614034824 20
3.464912280701727 1
3.535087719298217 48
3.543859649122778 44
3.5526315789473393 24
3.868421052631543 47
3.885964912280665 2
3.912280701754349 36
3.964912280701716 43
4.0350877192982075 6
4.096491228070139 7
4.122807017543824 17
4.131578947368386 16
4.157894736842071 8
4.403508771929797 29
4.42105263157892 24
4.429824561403482 25
4.52631578947366 15
4.614035087719277 55
4.622807017543838 1
4.6315789473684 57
4.649122807017523 11
4.6929824561403315 36
4.728070175438578 14
4.754385964912263 44
4.771929824561386 6
4.78947368421051 26
4.824561403508756 7
4.877192982456126 33
4.912280701754373 3
5.017543859649113 11
5.157894736842099 28
5.289473684210524 24
5.2982456140350855 27
5.342105263157894 17
5.3508771929824555 41
5.368421052631579 53
5.473684210526319 36
5.473684210526319 54
5.508771929824565 6
5.508771929824565 34
5.5526315789473735 7
5.578947368421058 42
5.614035087719305 50
5.69298245614036 47
5.701754385964922 37
5.763157894736853 25
5.833333333333346 15
5.859649122807031 58
5.894736842105278 1
6.008771929824579 43
6.008771929824579 44
6.043859649122826 29
6.061403508771949 0
6.114035087719319 9
6.1578947368421275 24
6.192982456140374 11
6.201754385964936 4
6.245614035087744 6
6.254385964912306 36
6.280701754385991 7
6.280701754385991 7
6.4122807017544154 3
6.631578947368457 11
6.684210526315827 10
6.982456140350923 6
7.000000000000046 35
7.008771929824608 7
7.026315789473731 23
7.026315789473731 24
7.035087719298293 36
7.096491228070224 25
7.122807017543909 16
7.140350877193033 15
7.157894736842156 51
7.166666666666718 20
7.254385964912334 17
7.368421052631636 2
7.438596491228129 22
7.456140350877252 29
7.508771929824622 47
7.596491228070239 1
7.65789473684217 43
7.719298245614102 6
7.736842105263225 7
7.76315789473691 45
7.780701754386033 39
7.81578947368428 36
7.81578947368428 44
7.8245614035088416 41
7.8508771929825265 11
7.894736842105335 24
7.912280701754458 3
7.964912280701828 27
7.97368421052639 8
8.008771929824636 9
8.166666666666746 48
8.28947368421061 4
8.359649122807102 14
8.412280701754472 57
8.429824561403596 25
8.429824561403596 50
8.447368421052719 0
8.447368421052719 15
8.45614035087728 6
8.464912280701842 7
8.464912280701842 11
8.552631578947459 17
8.596491228070267 36
8.763157894736938 24
8.7719298245615 44
8.780701754386062 11
9.19298245614046 6
9.19298245614046 7
9.271929824561514 55
9.280701754386076 1
9.289473684210638 47
9.35964912280713 33
9.377192982456254 36
9.4122807017545 3
9.535087719298364 42
9.631578947368542 24
9.657894736842227 29
9.754385964912405 15
9.763157894736967 17
9.763157894736967 25
9.798245614035213 34
9.859649122807145 20
9.859649122807145 53
9.894736842105392 9
9.921052631579077 7
9.929824561403638 6
9.929824561403638 41
10.017543859649255 26
10.114035087719433 16
10.131578947368556 28
10.157894736842241 36
10.228070175438734 54
10.25438596491242 43
10.25438596491242 58
10.315789473684351 11
10.36842105263172 4
10.377192982456283 8
10.500000000000146 24
10.63157894736857 17
10.649122807017694 7
10.666666666666817 6
10.675438596491379 37
10.780701754386119 11
10.850877192982612 2
10.850877192982612 29
10.912280701754543 3
10.938596491228228 36
11.017543859649283 39
11.061403508772091 15
11.078947368421215 47
11.096491228070338 25
11.131578947368585 48
11.166666666666831 42
11.342105263158064 44
11.350877192982626 57
11.359649122807188 50
11.36842105263175 24
11.377192982456311 7
11.377192982456311 23
11.403508771929996 6
11.42105263157912 11
11.447368421052804 1
11.456140350877366 17
11.605263157894914 27
11.649122807017722 22
11.701754385965092 35
11.719298245614215 36
11.789473684210709 9
11.929824561403695 41
11.991228070175627 11
11.991228070175627 14
12.105263157894928 7
12.140350877193175 6
12.210526315789668 20
12.236842105263353 24
12.263157894737038 17
12.368421052631778 15
12.368421052631778 44
12.412280701754586 3
12.42982456140371 25
12.447368421052833 4
12.500000000000203 36
12.552631578947572 29
12.561403508772134 0
12.710526315789682 10
12.780701754386175 11
12.833333333333545 7
12.85964912280723 47
12.877192982456354 6
13.052631578947587 44
13.061403508772148 17
13.061403508772148 17
13.105263157894957 16
13.105263157894957 24
13.157894736842326 43
13.17543859649145 48
13.17543859649145 55
13.28070175438619 36
13.359649122807244 8
13.561403508772162 7
13.614035087719532 6
13.614035087719532 45
13.666666666666902 9
13.675438596491464 15
13.76315789473708 25
13.771929824561642 50
13.780701754386204 57
13.859649122807259 17
13.912280701754629 3
13.929824561403752 1
13.97368421052656 24
14.008771929824807 11
14.061403508772177 36
14.070175438596738 27
14.070175438596738 29
14.096491228070423 51
14.201754385965163 33
14.28947368421078 7
14.333333333333588 2
14.34210526315815 42
14.350877192982711 6
14.368421052631835 34
14.526315789473944 4
14.587719298245876 39
14.649122807017807 47
14.657894736842369 17
14.675438596491492 11
14.807017543859917 41
14.842105263158164 24
14.842105263158164 36
14.850877192982725 20
14.885964912280972 53
14.894736842105534 44
14.98245614035115 15
15.017543859649397 7
15.017543859649397 26
15.08771929824589 6
15.096491228070452 25
15.114035087719575 28
15.122807017544137 54
15.289473684210808 23
15.377192982456425 48
15.412280701754671 3
15.421052631579233 1
15.45614035087748 17
15.50877192982485 43
15.517543859649411 42
15.543859649123096 9
15.543859649123096 58
15.622807017544151 14
15.622807017544151 36
15.649122807017836 37
15.692982456140644 29
15.710526315789767 24
15.745614035088014 7
15.824561403509069 6
15.859649122807316 22
15.956140350877494 8
16.09649122807048 16
16.114035087719603 50
16.25438596491259 17
16.289473684210837 15
16.403508771930138 36
16.429824561403823 25
16.429824561403823 47
16.47368421052663 7
16.561403508772248 6
16.57894736842137 24
16.605263157895056 4
16.666666666666988 42
16.912280701754714 3
16.921052631579276 57
17.0526315789477 17
17.0526315789477 35
17.061403508772262 29
17.061403508772262 45
17.166666666667002 11
17.184210526316125 36
17.20175438596525 7
17.21929824561437 39
17.228070175438933 41
17.289473684210865 44
17.298245614035427 6
17.412280701754728 1
17.42105263157929 9
17.447368421052975 24
17.456140350877536 27
17.543859649123153 20
17.596491228070523 15
17.675438596491578 55
17.74561403508807 51
17.763157894737194 25
17.815789473684564 2
17.85087719298281 17
17.859649122807372 11
17.929824561403866 7
17.964912280702112 36
18.00000000000036 44
18.035087719298605 6
18.05263157894773 29
18.16666666666703 8
18.201754385965277 48
18.21052631578984 47
18.31578947368458 24
18.412280701754757 3
18.456140350877565 50
18.64912280701792 17
18.657894736842483 7
18.684210526316168 4
18.7456140350881 36
18.771929824561784 6
18.815789473684593 0
18.833333333333716 44
18.90350877193021 11
18.90350877193021 15
18.991228070175826 58
19.07017543859688 33
19.087719298246004 16
19.096491228070565 25
19.184210526316182 24
19.245614035088114 14
19.298245614035483 9
19.37719298245654 34
19.3859649122811 7
19.44736842105303 17
19.44736842105303 41
19.508771929824963 6
19.526315789474086 36
19.578947368421456 1
19.640350877193388 53
19.65789473684251 42
19.736842105263566 23
19.81578947368462 39
19.9122807017548 3
19.947368421053046 20
19.947368421053046 27
19.96491228070217 43
19.97368421052673 44
20.000000000000416 47
20.052631578947786 24
20.061403508772347 22
20.087719298246032 11
20.096491228070594 28
20.114035087719717 7
20.210526315789895 15
20.245614035088142 6
20.245614035088142 17
20.307017543860074 36
20.429824561403937 25
20.429824561403937 44
20.4385964912285 26
20.5526315789478 29
20.56140350877236 8
20.61403508771973 45
20.622807017544293 37
20.65789473684254 54
20.71929824561447 57
20.76315789473728 4
20.798245614035526 50
20.807017543860088 42
20.842105263158334 7
20.92105263157939 24
20.98245614035132 6
21.043859649123252 17
21.070175438596937 10
21.08771929824606 36
21.166666666667115 0
21.166666666667115 9
21.29824561403554 2
21.39473684210572 43
21.39473684210572 51
21.40350877193028 1
21.41228070175484 3
21.41228070175484 41
21.51754385964958 15
21.56140350877239 55
21.57017543859695 7
21.7192982456145 6
21.763157894737308 25
21.78070175438643 47
21.789473684210993 24
21.842105263158363 17
21.868421052632048 36
21.956140350877664 42
22.078947368421527 16
22.280701754386445 58
22.29824561403557 7
22.377192982456624 44
22.45614035087768 6
22.640350877193473 17
22.649122807018035 36
22.657894736842596 11
22.657894736842596 24
22.798245614035583 20
22.824561403509268 15
22.84210526315839 4
22.868421052632076 14
22.912280701754884 3
23.026315789474186 7
23.035087719298748 8
23.035087719298748 9
23.061403508772433 11
23.09649122807068 25
23.10526315789524 42
23.122807017544364 29
23.140350877193487 50
23.192982456140857 6
23.245614035088227 48
23.289473684211035 39
23.429824561404022 36
23.438596491228584 17
23.508771929825077 44
23.5263157894742 24
23.561403508772447 47
23.754385964912803 7
23.754385964912803 53
23.868421052632105 45
23.929824561404036 6
23.938596491228598 44
23.991228070175968 23
24.087719298246146 27
24.087719298246146 34
24.10526315789527 11
24.11403508771983 41
24.131578947368954 15
24.192982456140886 33
24.21052631579001 36
24.236842105263694 17
24.254385964912817 42
24.26315789473738 22
24.333333333333872 35
24.394736842105804 24
24.412280701754927 3
24.42982456140405 25
24.48245614035142 7
24.666666666667215 6
24.710526315790023 0
24.780701754386516 2
24.824561403509325 51
24.90350877193038 9
24.921052631579503 4
24.973684210526873 26
24.991228070175996 36
25.035087719298804 17
25.035087719298804 17
25.07017543859705 16
25.078947368421613 28
25.210526315790037 7
25.263157894737407 24
25.298245614035654 29
25.359649122807586 47
25.403508771930394 6
25.403508771930394 42
25.43859649122864 15
25.48245614035145 20
25.48245614035145 50
25.500000000000572 58
25.59649122807075 37
25.622807017544435 1
25.631578947368997 55
25.76315789473742 25
25.771929824561983 36
25.824561403509353 48
25.833333333333915 17
25.91228070175497 3
25.938596491228655 7
26.114035087719888 8
26.13157894736901 24
26.140350877193573 6
26.22807017543919 44
26.34210526315849 11
26.49122807017604 14
26.55263157894797 36
26.55263157894797 42
26.631578947369025 17
26.666666666667272 7
26.736842105263765 54
26.745614035088327 15
26.780701754386573 9
26.87719298245675 6
26.885964912281313 39
27.000000000000615 4
27.000000000000615 24
27.052631578947985 27
27.08771929824623 57
27.096491228070793 25
27.1403508771936 47
27.201754385965533 45
27.24561403508834 10
27.333333333333957 36
27.39473684210589 7
27.412280701755012 3
27.429824561404136 17
27.473684210526944 44
27.552631578948 29
27.596491228070807 11
27.61403508771993 6
27.65789473684274 41
27.701754385965547 42
27.754385964912917 0
27.82456140350941 50
27.86842105263222 23
27.86842105263222 24
28.052631578948013 15
28.052631578948013 20
28.061403508772575 16
28.114035087719945 36
28.122807017544506 7
28.228070175439246 17
28.263157894737493 2
28.280701754386616 34
28.342105263158548 53
28.35087719298311 6
28.368421052632232 51
28.429824561404164 25
28.46491228070241 22
28.61403508771996 8
28.649122807018205 9
28.66666666666733 33
28.7192982456147 1
28.736842105263822 24
28.850877192983123 7
28.850877192983123 42
28.89473684210593 36
28.912280701755055 3
28.921052631579617 47
28.93859649122874 58
29.026315789474356 17
29.035087719298918 35
29.061403508772603 48
29.078947368421726 4
29.087719298246288 6
29.3596491228077 15
29.51754385964981 39
29.57894736842174 7
29.605263157895426 24
29.67543859649192 36
29.710526315790165 29
29.763157894737535 25
29.824561403509467 6
29.824561403509467 17
29.964912280702453 26
29.982456140351577 1
30.06140350877263 28
30.070175438597193 55
30.096491228070878 44
30.11403508772 14
30.11403508772 27
30.192982456141056 11
30.245614035088426 57
30.307017543860358 7
30.412280701755098 3
30.456140350877906 36
30.464912280702467 11
30.464912280702467 50
30.47368421052703 24
30.517543859649837 0
30.517543859649837 9
30.561403508772646 6
30.570175438597207 37
30.622807017544577 17
30.666666666667385 15
30.701754385965632 47
30.763157894737564 41
30.807017543860372 42
30.96491228070248 43
31.035087719298975 7
31.052631578948098 16
31.06140350877266 11
31.096491228070906 25
31.131578947369153 44
31.157894736842838 4
31.201754385965646 1
31.210526315790208 8
31.236842105263893 36
31.298245614035825 6
31.342105263158633 24
31.421052631579688 17
31.53508771929899 45
31.74561403508847 2
31.763157894737592 7
31.8070175438604 23
31.824561403509524 11
31.91228070175514 3
31.95614035087795 42
31.97368421052707 15
32.01754385964988 36
32.035087719299 6
32.061403508772685 48
32.114035087720055 53
32.21052631579023 24
32.219298245614794 17
32.39473684210603 9
32.429824561404274 25
32.47368421052708 34
32.491228070176206 7
32.491228070176206 58
32.50000000000077 47
32.535087719299014 51
32.60526315789551 20
32.66666666666744 22
32.66666666666744 57
32.72807017543937 54
32.77192982456218 6
32.798245614035864 29
32.798245614035864 36
32.807017543860425 50
32.89473684210604 44
32.99122807017622 27
33.017543859649905 17
33.07894736842184 24
33.16666666666745 42
33.21929824561482 7
33.21929824561482 10
33.236842105263946 4
33.25438596491307 39
33.280701754386754 15
33.32456140350956 11
33.36842105263237 43
33.41228070175518 3
33.500000000000796 55
33.50877192982536 6
33.57894736842185 36
33.596491228070974 11
33.73684210526396 14
33.763157894737645 25
33.78947368421133 35
33.815789473685015 0
33.815789473685015 17
33.89473684210607 41
33.94736842105344 7
33.94736842105344 24
34.04385964912362 16
34.245614035088536 6
34.27192982456222 9
34.28070175438678 11
34.28070175438678 47
34.31578947368503 42
34.35964912280784 36
34.43859649122889 48
34.58771929824644 15
34.596491228071 8
34.614035087720126 17
34.67543859649206 7
34.815789473685044 24
34.91228070175522 3
34.982456140351715 6
35.04385964912365 28
35.09649122807102 25
35.11403508772014 57
35.140350877193825 36
35.14912280701839 33
35.14912280701839 50
35.192982456141195 20
35.22807017543944 2
35.298245614035935 43
35.31578947368506 4
35.403508771930674 7
35.412280701755236 17
35.464912280702606 42
35.54385964912366 37
35.614035087720154 45
35.68421052631665 24
35.71052631579033 23
35.719298245614894 6
35.780701754386826 51
35.86842105263244 58
35.89473684210613 15
35.91228070175525 1
35.92105263157981 36
36.03508771929911 41
36.0614035087728 47
36.13157894736929 7
36.14035087719385 9
36.21052631579035 17
36.412280701755265 3
36.42982456140439 25
36.45614035087807 6
36.55263157894825 24
36.61403508772018 42
36.631578947369306 39
36.66666666666755 34
36.7017543859658 36
36.74561403508861 48
36.85964912280791 7
36.86842105263247 22
36.9298245614044 43
37.00877192982546 17
37.03508771929914 16
37.105263157895635 44
37.19298245614125 6
37.20175438596581 15
37.25438596491318 55
37.324561403509676 26
37.35964912280792 14
37.38596491228161 0
37.39473684210617 4
37.421052631579855 24
37.482456140351786 36
37.49122807017635 50
37.587719298246526 7
37.61403508772021 29
37.66666666666758 11
37.76315789473776 25
37.76315789473776 42
37.789473684211444 53
37.80701754386057 17
37.842105263158814 47
37.91228070175531 3
37.92982456140443 6
38.03508771929917 27
38.052631578948294 9
38.23684210526409 11
38.26315789473777 36
38.28947368421146 24
38.31578947368514 7
38.41228070175532 41
38.42105263157988 20
38.5087719298255 15
38.57017543859743 11
38.60526315789568 17
38.66666666666761 6
38.71052631579042 2
38.807017543860596 44
38.912280701755336 1
38.912280701755336 42
38.956140350878144 11
39.04385964912376 7
39.04385964912376 36
39.09649122807113 25
39.15789473684306 24
39.175438596492185 39
39.18421052631675 58
39.40350877193079 6
39.40350877193079 17
39.41228070175535 3
39.438596491229035 11
39.47368421052728 4
39.51754385965009 57
39.61403508772027 23
39.64035087719395 47
39.77192982456238 7
39.815789473685186 15
39.82456140350975 36
39.83333333333431 50
39.964912280702734 9
40.017543859650104 28
40.026315789474666 16
40.026315789474666 24
40.03508771929923 35
40.06140350877291 42
40.0877192982466 0
40.09649122807116 44
40.14035087719397 6
40.175438596492214 29
40.2017543859659 17
40.24561403508871 1
40.27192982456239 8
40.342105263158885 33
40.4298245614045 25
40.45614035087819 11
40.500000000000995 7
40.51754385965012 37
40.605263157895735 36
40.614035087720296 51
40.64912280701854 54
40.657894736843105 43
40.73684210526416 45
40.85964912280802 34
40.877192982457146 6
40.89473684210627 24
40.91228070175539 3
40.929824561404516 48
40.973684210527324 27
40.982456140351886 14
41.00000000000101 17
41.00877192982557 44
41.0701754385975 22
41.12280701754487 15
41.16666666666768 55
41.21052631579049 42
41.22807017543961 7
41.38596491228172 36
41.42105263157997 47
41.456140350878215 11
41.55263157894839 4
41.57894736842208 44
41.614035087720325 6
41.76315789473787 24
41.76315789473787 25
41.79824561403612 17
41.84210526315893 9
41.95614035087823 7
41.96491228070279 26
42.035087719299284 1
42.06140350877297 41
42.16666666666771 36
42.17543859649227 50
42.192982456141394 2
42.26315789473789 39
42.3508771929835 6
42.359649122808065 42
42.412280701755435 3
42.42982456140456 15
42.47368421052737 29
42.54385964912386 8
42.59649122807123 17
42.622807017544915 0
42.631578947369476 24
42.684210526316846 7
42.947368421053696 36
43.01754385965019 16
43.043859649123874 53
43.07017543859756 1
43.07894736842212 48
43.08771929824668 6
43.08771929824668 10
43.096491228071244 25
43.201754385965984 11
43.201754385965984 47
43.22807017543967 57
43.368421052632655 43
43.39473684210634 17
43.41228070175546 7
43.50000000000108 24
43.50877192982564 42
43.5175438596502 23
43.56140350877301 27
43.631578947369505 4
43.71052631579056 9
43.71052631579056 11
43.72807017543968 36
43.736842105264245 15
43.77192982456249 20
43.82456140350986 6
43.91228070175548 3
44.14035087719408 7
44.19298245614145 17
44.35087719298356 51
44.368421052632684 24
44.429824561404615 25
44.43859649122918 1
44.50877192982567 36
44.51754385965023 50
44.56140350877304 6
44.60526315789585 14
44.65789473684322 42
44.70175438596603 41
44.70175438596603 55
44.8684210526327 7
44.982456140352 11
44.99122807017656 17
44.99122807017656 28
45.04385964912393 15
45.070175438597616 34
45.0964912280713 0
45.23684210526429 24
45.26315789473797 11
45.271929824562534 22
45.28947368421166 36
45.29824561403622 6
45.35087719298359 54
45.385964912281835 35
45.385964912281835 47
45.41228070175552 3
45.491228070176575 37
45.55263157894851 43
45.56140350877307 44
45.58771929824675 9
45.58771929824675 11
45.596491228071315 7
45.67543859649237 2
45.71052631579062 4
45.76315789473799 25
45.78947368421167 17
45.807017543860795 42
45.973684210527466 27
46.00000000000115 48
46.00877192982571 16
46.017543859650274 45
46.0350877192994 6
46.070175438597644 36
46.09649122807133 33
46.10526315789589 24
46.15789473684326 20
46.175438596492384 39
46.21052631579063 29
46.21052631579063 57
46.32456140350993 7
46.35087719298362 15
46.47368421052748 11
46.53508771929941 8
46.58771929824678 17
46.58771929824678 17
46.59649122807134 58
46.605263157895905 26
46.77192982456258 6
46.85087719298363 36
46.85964912280819 50
46.91228070175556 3
46.95614035087837 42
46.973684210527495 24
47.05263157894855 7
47.05263157894855 41
47.09649122807136 25
47.11403508772048 1
47.11403508772048 11
47.16666666666785 47
47.38596491228189 17
47.42105263158014 23
47.46491228070295 9
47.508771929825755 6
47.561403508773125 44
47.63157894736962 36
47.63157894736962 53
47.6578947368433 15
47.78070175438717 7
47.78947368421173 4
47.80701754386085 43
47.8421052631591 24
48.10526315789595 42
48.149122807018756 0
48.184210526317 17
48.201754385966126 51
48.22807017543981 14
48.245614035088934 6
48.38596491228192 27
48.412280701755606 3
48.412280701755606 36
48.42982456140473 25
48.508771929825784 7
48.561403508773154 29
48.60526315789596 11
48.7105263157907 24
48.73684210526439 44
48.80701754386088 57
48.96491228070299 15
48.96491228070299 39
48.96491228070299 47
48.98245614035211 6
48.98245614035211 17
49.000000000001236 16
49.157894736843346 2
49.19298245614159 36
49.201754385966154 50
49.22807017543984 41
49.2368421052644 7
49.254385964913524 42
49.263157894738086 34
49.37719298245739 9
49.42982456140476 48
49.464912280703004 45
49.473684210527566 22
49.578947368422305 24
49.71929824561529 6
49.71929824561529 43
49.7631578947381 25
49.78070175438722 17
49.79824561403635 1
49.86842105263284 4
49.91228070175565 3
49.96491228070302 7
49.97368421052758 28
49.97368421052758 36
50.052631578948635 20
50.07017543859776 8
50.07017543859776 54
50.08771929824688 58
50.157894736843375 44
50.271929824562676 15
50.30701754386092 29
50.4035087719311 42
50.41228070175566 55
50.44736842105391 24
50.45614035087847 6
50.46491228070303 37
50.578947368422334 17
50.692982456141635 7
50.745614035089005 44
50.745614035089005 47
50.75438596491357 36
51.09649122807147 25
51.10526315789603 35
51.19298245614165 6
51.25438596491358 9
51.31578947368551 24
51.324561403510074 23
51.35964912280832 33
51.377192982457444 17
51.377192982457444 26
51.377192982457444 27
51.41228070175569 3
51.42105263158025 7
51.46491228070306 0
51.46491228070306 39
51.482456140352184 11
51.535087719299554 36
51.57894736842236 15
51.73684210526447 11
51.807017543860965 48
51.85087719298377 14
51.92982456140483 6
51.94736842105395 4
51.95614035087851 1
51.95614035087851 29
51.99122807017676 16
52.070175438597815 50
52.14912280701887 7
52.175438596492555 17
52.184210526317116 24
52.280701754387294 57
52.31578947368554 36
52.342105263159226 42
52.37719298245747 11
52.42982456140484 25
52.46491228070309 53
52.52631578947502 47
52.552631578948706 20
52.596491228071514 41
52.64035087719432 2
52.66666666666801 6
52.78947368421187 44
52.87719298245749 7
52.88596491228205 15
52.91228070175573 3
52.973684210527665 17
53.0350877192996 43
53.05263157894872 24
53.09649122807153 36
53.16666666666802 9
53.184210526317145 51
53.236842105264515 44
53.28070175438732 11
53.403508771931186 6
53.456140350878556 34
53.4912280701768 42
53.52631578947505 10
53.605263157896104 7
53.6754385964926 22
53.6754385964926 29
53.763157894738214 25
53.771929824562775 17
53.7894736842119 8
53.7894736842119 27
53.877192982457515 36
53.88596491228208 44
53.921052631580324 24
53.93859649122945 39
54.02631578947506 4
54.140350877194365 6
54.192982456141735 15
54.32456140351016 47
54.33333333333472 7
54.33333333333472 55
54.34210526315928 1
54.412280701755776 3
54.412280701755776 50
54.561403508773324 43
54.570175438597886 17
54.64035087719438 42
54.64035087719438 54
54.6578947368435 36
54.69298245614175 45
54.69298245614175 48
54.78947368421193 24
54.877192982457544 6
54.94736842105404 44
54.9561403508786 28
54.96491228070316 20
54.982456140352284 16
55.03508771929965 9
55.06140350877334 7
55.096491228071585 25
55.22807017544001 23
55.315789473685626 11
55.368421052632996 17
55.43859649122949 36
55.43859649122949 37
55.473684210527736 14
55.4824561403523 29
55.50000000000142 15
55.60526315789616 0
55.61403508772072 6
55.65789473684353 24
55.789473684211956 7
55.789473684211956 42
55.91228070175582 3
55.97368421052775 41
55.98245614035231 57
56.105263157896175 4
56.105263157896175 47
56.1228070175453 2
56.16666666666811 17
56.17543859649267 53
56.21929824561548 36
56.28070175438741 26
56.315789473685655 27
56.3508771929839 6
56.3508771929839 35
56.38596491228215 39
56.429824561404956 25
56.51754385965057 7
56.526315789475134 24
56.66666666666812 8
56.692982456141806 33
56.75438596491374 50
56.80701754386111 15
56.903508771931286 9
56.903508771931286 51
56.93859649122953 42
56.96491228070322 17
56.98245614035234 58
57.000000000001464 36
57.08771929824708 6
57.12280701754533 43
57.23684210526463 29
57.24561403508919 7
57.26315789473831 44
57.289473684212 1
57.39473684210674 24
57.41228070175586 3
57.61403508772078 44
57.649122807019026 34
57.76315789473833 17
57.76315789473833 25
57.78070175438745 36
57.82456140351026 6
57.859649122808506 55
57.87719298245763 22
57.88596491228219 47
57.97368421052781 7
57.97368421052781 16
58.05263157894886 44
58.08771929824711 42
58.114035087720794 15
58.18421052631729 4
58.26315789473834 24
58.36842105263308 45
58.42982456140501 1
58.543859649124315 41
58.56140350877344 6
58.56140350877344 17
58.56140350877344 36
58.61403508772081 57
58.701754385966424 7
58.71929824561555 0
58.72807017544011 27
58.815789473685726 9
58.859649122808534 43
58.912280701755904 3
59.0964912280717 14
59.0964912280717 25
59.0964912280717 50
59.131578947369945 23
59.131578947369945 24
59.14912280701907 11
59.16666666666819 48
59.16666666666819 54
59.21929824561556 29
59.236842105264685 42
59.25438596491381 39
59.29824561403662 6
59.30701754386118 44
59.31578947368574 8
59.342105263159425 36
59.35964912280855 17
59.42105263158048 15
59.42982456140504 7
59.605263157896275 2
59.666666666668206 47
59.78070175438751 20
59.88596491228225 1
59.929824561405056 28
59.93859649122962 44
