0.008771929824561403 43
0.017543859649122806 14
0.03508771929824561 16
0.043859649122807015 47
0.07894736842105263 9
0.08771929824561403 15
0.14912280701754385 48
0.22807017543859648 4
0.22807017543859648 54
0.23684210526315788 7
0.26315789473684215 6
0.26315789473684215 30
0.280701754385965 41
0.342105263157895 3
0.342105263157895 22
0.35087719298245645 2
0.37719298245614075 1
0.43859649122807076 44
0.4473684210526322 53
0.46491228070175505 36
0.5526315789473694 12
0.5614035087719308 46
0.5964912280701765 28
0.7192982456140365 0
0.7192982456140365 42
0.850877192982458 35
0.9210526315789495 38
0.9561403508771952 11
0.9561403508771952 50
0.9912280701754409 6
1.0526315789473708 7
1.0526315789473708 11
1.1315789473684237 27
1.1842105263157923 44
1.280701754385968 39
1.3157894736842137 15
1.4912280701754423 55
1.5087719298245652 25
1.543859649122811 36
1.5526315789473724 24
1.6228070175438638 40
1.7192982456140395 6
1.7456140350877238 32
1.8333333333333381 56
1.8684210526315839 7
1.8684210526315839 57
1.9210526315789525 47
1.9385964912280753 34
1.991228070175444 33
2.10526315789474 44
2.2543859649122804 1
2.3070175438596476 12
2.3508771929824537 24
2.447368421052627 6
2.535087719298239 15
2.5877192982456063 26
2.622807017543851 36
2.6842105263157796 7
2.8157894736841977 25
2.83333333333332 37
2.83333333333332 44
2.8508771929824426 48
2.8859649122806874 9
2.9649122807017383 41
2.9736842105262995 20
3.1315789473684013 10
3.157894736842085 24
3.1754385964912073 5
3.1754385964912073 6
3.298245614035064 30
3.3421052631578703 3
3.3596491228069927 46
3.499999999999972 7
3.5087719298245332 58
3.5614035087719005 14
3.6052631578947065 23
3.6140350877192677 42
3.6403508771929514 17
3.657894736842074 16
3.70175438596488 36
3.745614035087686 15
3.7807017543859307 27
3.7807017543859307 43
3.798245614035053 47
3.842105263157859 2
3.9035087719297876 6
3.956140350877155 24
4.052631578947331 12
4.052631578947331 50
4.122807017543824 1
4.122807017543824 25
4.228070175438564 39
4.2631578947368105 8
4.307017543859619 7
4.499999999999975 0
4.6315789473684 6
4.6666666666666465 3
4.6666666666666465 22
4.754385964912263 24
4.780701754385948 36
4.956140350877181 15
5.114035087719291 7
5.271929824561401 57
5.315789473684209 53
5.359649122807017 6
5.37719298245614 43
5.42982456140351 25
5.5526315789473735 24
5.614035087719305 28
5.719298245614045 47
5.74561403508773 4
5.7982456140351 56
5.824561403508785 42
5.85087719298247 41
5.859649122807031 36
5.885964912280716 30
5.912280701754401 11
5.921052631578963 7
5.938596491228086 46
5.991228070175456 3
6.008771929824579 40
6.087719298245634 6
6.1578947368421275 32
6.166666666666689 15
6.1842105263158125 38
6.245614035087744 11
6.315789473684237 27
6.333333333333361 45
6.342105263157922 19
6.350877192982484 24
6.456140350877224 16
6.517543859649155 50
6.526315789473717 5
6.54385964912284 52
6.640350877193018 12
6.728070175438635 7
6.736842105263197 25
6.8157894736842515 6
6.877192982456183 19
6.894736842105306 20
6.91228070175443 11
6.929824561403553 34
6.938596491228115 36
7.000000000000046 8
7.008771929824608 11
7.070175438596539 14
7.114035087719348 11
7.149122807017594 24
7.184210526315841 42
7.201754385964964 0
7.201754385964964 39
7.315789473684266 3
7.333333333333389 2
7.350877192982512 55
7.368421052631636 15
7.473684210526375 33
7.535087719298307 7
7.543859649122869 6
7.543859649122869 43
7.640350877193047 47
7.81578947368428 23
7.842105263157965 37
7.8508771929825265 54
7.92105263157902 41
7.947368421052705 24
8.017543859649198 36
8.043859649122883 25
8.052631578947445 48
8.070175438596568 31
8.192982456140431 30
8.201754385964993 9
8.23684210526324 35
8.271929824561486 6
8.29824561403517 26
8.342105263157979 7
8.535087719298335 12
8.578947368421144 15
8.71929824561413 46
8.745614035087815 24
8.763157894736938 57
8.780701754386062 27
8.98245614035098 50
8.991228070175541 22
9.000000000000103 6
9.096491228070281 36
9.149122807017651 7
9.254385964912391 16
9.35087719298257 25
9.500000000000117 47
9.543859649122926 24
9.62280701754398 44
9.72807017543872 6
9.745614035087844 1
9.789473684210652 15
9.964912280701885 7
9.99122807017557 49
10.087719298245748 48
10.122807017543995 42
10.175438596491365 36
10.192982456140488 41
10.342105263158036 24
10.42105263157909 0
10.456140350877337 6
10.464912280701899 10
10.482456140351022 3
10.482456140351022 30
10.552631578947516 46
10.5789473684212 14
10.614035087719447 29
10.622807017544009 28
10.657894736842255 25
10.701754385965064 5
10.754385964912434 4
10.771929824561557 7
10.824561403508927 2
10.877192982456297 12
10.921052631579105 11
10.973684210526475 53
11.00000000000016 15
11.017543859649283 11
11.114035087719461 11
11.131578947368585 34
11.140350877193146 24
11.184210526315955 6
11.21052631578964 11
11.21052631578964 57
11.254385964912448 36
11.289473684210694 39
11.307017543859818 11
11.350877192982626 1
11.36842105263175 47
11.403508771929996 11
11.48245614035105 44
11.48245614035105 50
11.500000000000174 11
11.561403508772106 27
11.578947368421229 7
11.596491228070352 11
11.622807017544037 43
11.69298245614053 11
11.789473684210709 11
11.807017543859832 3
11.885964912280887 11
11.912280701754572 6
11.938596491228257 24
11.938596491228257 45
11.964912280701942 25
11.964912280701942 44
11.982456140351065 11
12.052631578947558 16
12.052631578947558 32
12.078947368421243 11
12.131578947368613 42
12.175438596491421 11
12.210526315789668 15
12.228070175438791 29
12.236842105263353 38
12.2719298245616 11
12.298245614035284 8
12.333333333333531 36
12.368421052631778 11
12.385964912280901 7
12.385964912280901 54
12.403508771930024 52
12.464912280701956 11
12.508771929824764 9
12.561403508772134 11
12.640350877193189 6
12.657894736842312 11
12.736842105263367 24
12.75438596491249 11
12.842105263158107 30
12.850877192982669 11
12.850877192982669 37
12.877192982456354 12
12.885964912280915 4
12.947368421052847 11
12.947368421052847 55
13.043859649123025 11
13.131578947368642 3
13.131578947368642 26
13.140350877193203 11
13.192982456140573 7
13.192982456140573 23
13.236842105263381 11
13.245614035087943 47
13.271929824561628 25
13.315789473684436 22
13.33333333333356 11
13.368421052631806 6
13.412280701754614 36
13.421052631579176 15
13.429824561403738 11
13.464912280701984 46
13.526315789473916 11
13.535087719298478 24
13.622807017544094 11
13.719298245614272 11
13.81578947368445 11
13.894736842105505 42
13.912280701754629 11
14.000000000000245 7
14.008771929824807 11
14.043859649123053 44
14.070175438596738 14
14.096491228070423 6
14.105263157894985 11
14.201754385965163 11
14.271929824561656 17
14.298245614035341 11
14.307017543859903 40
14.315789473684465 2
14.315789473684465 27
14.333333333333588 24
14.34210526315815 9
14.377192982456396 33
14.385964912280958 19
14.39473684210552 11
14.403508771930081 39
14.456140350877451 3
14.473684210526574 43
14.491228070175698 36
14.50000000000026 11
14.578947368421314 25
14.605263157895 11
14.631578947368684 15
14.692982456140616 50
14.701754385965177 48
14.745614035087986 12
14.77192982456167 11
14.815789473684479 7
14.82456140350904 6
14.833333333333602 46
14.850877192982725 16
14.859649122807287 29
14.868421052631849 11
14.921052631579219 0
14.964912280702027 11
15.017543859649397 4
15.061403508772205 11
15.114035087719575 47
15.131578947368698 24
15.157894736842383 11
15.157894736842383 30
15.236842105263438 57
15.254385964912561 11
15.35087719298274 11
15.438596491228356 56
15.447368421052918 11
15.482456140351164 42
15.482456140351164 53
15.543859649123096 11
15.552631578947658 6
15.570175438596781 36
15.622807017544151 7
15.622807017544151 28
15.631578947368713 41
15.640350877193274 11
15.736842105263452 11
15.763157894737137 34
15.78070175438626 3
15.83333333333363 11
15.842105263158192 15
15.885964912281 25
15.929824561403809 24
15.947368421052932 5
15.973684210526617 49
16.09649122807048 29
16.280701754386275 6
16.31578947368452 55
16.350877192982768 44
16.429824561403823 7
16.500000000000316 46
16.543859649123124 35
16.649122807017864 12
16.649122807017864 36
16.67543859649155 11
16.692982456140673 48
16.72807017543892 24
16.771929824561727 11
16.815789473684536 9
16.850877192982782 27
16.868421052631906 11
16.912280701754714 43
16.964912280702084 11
16.99122807017577 47
17.00000000000033 5
17.008771929824892 6
17.0526315789477 15
17.061403508772262 11
17.10526315789507 3
17.14912280701788 4
17.15789473684244 11
17.192982456140687 25
17.192982456140687 50
17.245614035088057 7
17.25438596491262 11
17.350877192982797 11
17.385964912281043 5
17.42105263157929 42
17.447368421052975 11
17.500000000000345 39
17.52631578947403 24
17.543859649123153 11
17.5789473684214 14
17.614035087719646 23
17.64035087719333 11
17.649122807017893 16
17.649122807017893 22
17.6929824561407 38
17.728070175438948 36
17.73684210526351 6
17.73684210526351 11
17.74561403508807 30
17.807017543860002 2
17.824561403509126 52
17.859649122807372 37
18.035087719298605 20
18.06140350877229 7
18.06140350877229 32
18.228070175438962 12
18.254385964912647 11
18.26315789473721 15
18.298245614035455 54
18.32456140350914 24
18.350877192982825 11
18.42982456140388 3
18.447368421053003 11
18.464912280702126 6
18.500000000000373 25
18.54385964912318 11
18.622807017544236 57
18.64035087719336 11
18.710526315789853 48
18.736842105263538 11
18.80701754386003 36
18.833333333333716 11
18.8596491228074 47
18.877192982456524 7
18.929824561403894 11
18.991228070175826 8
19.01754385964951 26
19.026315789474072 11
19.12280701754425 11
19.12280701754425 24
19.157894736842497 44
19.17543859649162 46
19.192982456140744 6
19.21929824561443 11
19.28070175438636 4
19.289473684210922 42
19.315789473684607 11
19.34210526315829 43
19.473684210526716 15
19.482456140351278 0
19.684210526316196 7
19.75438596491269 3
19.80701754386006 25
19.885964912281114 36
19.92105263157936 6
19.92105263157936 24
19.938596491228484 27
20.000000000000416 34
20.01754385964954 49
20.01754385964954 50
20.043859649123224 30
20.271929824561827 12
20.298245614035512 11
20.39473684210569 11
20.44736842105306 16
20.49122807017587 7
20.49122807017587 11
20.535087719298676 20
20.587719298246046 11
20.622807017544293 28
20.649122807017978 6
20.684210526316225 11
20.684210526316225 15
20.71929824561447 24
20.76315789473728 47
20.780701754386403 11
20.87719298245658 11
20.964912280702197 36
20.97368421052676 11
20.98245614035132 42
21.070175438596937 11
21.0789473684215 3
21.08771929824606 14
21.114035087719746 25
21.166666666667115 11
21.201754385965362 53
21.219298245614485 43
21.263157894737294 11
21.29824561403554 2
21.29824561403554 7
21.29824561403554 7
21.35087719298291 57
21.359649122807472 11
21.377192982456595 6
21.41228070175484 4
21.51754385964958 24
21.526315789474143 12
21.543859649123267 11
21.605263157895198 1
21.640350877193445 11
21.66666666666713 39
21.736842105263623 11
21.798245614035554 0
21.8333333333338 11
21.894736842105733 9
21.894736842105733 15
21.921052631579418 29
21.92982456140398 11
21.964912280702226 8
21.973684210526788 22
21.98245614035135 40
22.000000000000473 17
22.008771929825034 52
22.026315789474157 11
22.03508771929872 48
22.04385964912328 36
22.105263157895212 6
22.105263157895212 7
22.122807017544336 11
22.122807017544336 42
22.19298245614083 33
22.210526315789952 46
22.219298245614514 11
22.315789473684692 11
22.315789473684692 24
22.315789473684692 32
22.315789473684692 44
22.333333333333815 30
22.394736842105747 10
22.40350877193031 3
22.41228070175487 11
22.421052631579432 25
22.421052631579432 50
22.50877192982505 11
22.605263157895227 11
22.63157894736891 47
22.701754385965405 11
22.72807017543909 44
22.798245614035583 11
22.83333333333383 6
22.868421052632076 37
22.89473684210576 1
22.89473684210576 11
22.912280701754884 7
22.99122807017594 11
23.026315789474186 5
23.035087719298748 17
23.04385964912331 38
23.087719298246117 11
23.087719298246117 41
23.10526315789524 15
23.114035087719802 24
23.122807017544364 36
23.184210526316296 11
23.245614035088227 16
23.280701754386474 11
23.298245614035597 12
23.298245614035597 44
23.377192982456652 11
23.47368421052683 11
23.543859649123323 4
23.561403508772447 6
23.57017543859701 11
23.62280701754438 9
23.666666666667187 11
23.666666666667187 56
23.69298245614087 49
23.719298245614556 7
23.719298245614556 57
23.728070175439118 3
23.728070175439118 25
23.763157894737365 11
23.780701754386488 20
23.859649122807543 11
23.885964912281228 17
23.912280701754913 24
23.95614035087772 11
24.026315789474214 48
24.0526315789479 11
24.0526315789479 54
24.149122807018077 11
24.201754385965447 36
24.21052631579001 39
24.228070175439132 35
24.245614035088256 11
24.280701754386502 44
24.289473684211064 6
24.31578947368475 15
24.342105263158434 0
24.342105263158434 11
24.42105263157949 29
24.438596491228612 11
24.48245614035142 43
24.500000000000544 47
24.52631578947423 7
24.53508771929879 11
24.58771929824616 14
24.622807017544407 30
24.63157894736897 11
24.70175438596546 34
24.710526315790023 24
24.719298245614585 17
24.728070175439147 11
24.789473684211078 2
24.824561403509325 11
24.824561403509325 50
24.868421052632133 52
24.894736842105818 12
24.921052631579503 11
25.01754385964968 6
25.01754385964968 11
25.035087719298804 25
25.052631578947928 3
25.052631578947928 55
25.11403508771986 11
25.16666666666723 42
25.210526315790037 11
25.210526315790037 44
25.2192982456146 23
25.28070175438653 36
25.307017543860216 11
25.3333333333339 7
25.368421052632147 9
25.403508771930394 8
25.403508771930394 11
25.500000000000572 11
25.508771929825134 24
25.526315789474257 15
25.54385964912338 17
25.59649122807075 11
25.622807017544435 28
25.675438596491805 4
25.69298245614093 11
25.7456140350883 6
25.780701754386545 1
25.789473684211107 11
25.885964912281285 11
25.982456140351463 11
25.982456140351463 44
25.991228070176025 41
26.000000000000586 48
26.043859649123394 16
26.07894736842164 11
26.140350877193573 7
26.149122807018134 5
26.149122807018134 12
26.17543859649182 11
26.23684210526375 20
26.263157894737436 46
26.271929824561997 11
26.28947368421112 22
26.307017543860244 24
26.34210526315849 25
26.359649122807614 36
26.368421052632176 11
26.368421052632176 17
26.368421052632176 47
26.377192982456737 3
26.412280701754984 27
26.43859649122867 44
26.464912280702354 11
26.473684210526915 6
26.561403508772532 11
26.65789473684271 11
26.666666666667272 40
26.736842105263765 15
26.75438596491289 11
26.75438596491289 49
26.780701754386573 32
26.850877192983067 11
26.903508771930436 30
26.92982456140412 39
26.92982456140412 57
26.947368421053245 7
26.947368421053245 11
27.043859649123423 11
27.061403508772546 10
27.07894736842167 9
27.07894736842167 31
27.105263157895354 24
27.1403508771936 11
27.166666666667286 33
27.19298245614097 17
27.201754385965533 6
27.228070175439218 50
27.23684210526378 11
27.24561403508834 5
27.280701754386588 12
27.28947368421115 26
27.333333333333957 11
27.429824561404136 11
27.438596491228697 36
27.464912280702382 43
27.491228070176067 53
27.50000000000063 42
27.526315789474314 11
27.622807017544492 11
27.649122807018177 25
27.701754385965547 3
27.71929824561467 11
27.76315789473748 7
27.807017543860287 4
27.81578947368485 11
27.87719298245678 1
27.87719298245678 37
27.903508771930465 24
27.912280701755027 11
27.92982456140415 6
27.947368421053273 15
27.973684210526958 48
27.973684210526958 48
27.973684210526958 52
28.008771929825205 11
28.017543859649766 17
28.08771929824626 14
28.105263157895383 11
28.20175438596556 11
28.210526315790123 56
28.236842105263808 47
28.280701754386616 2
28.29824561403574 11
28.394736842105917 11
28.41228070175504 12
28.491228070176096 11
28.51754385964978 36
28.578947368421712 7
28.587719298246274 11
28.657894736842767 6
28.67543859649189 20
28.684210526316452 11
28.701754385965575 24
28.736842105263822 54
28.754385964912945 41
28.78070175438663 11
28.798245614035753 9
28.84210526315856 16
28.84210526315856 17
28.850877192983123 42
28.87719298245681 11
28.89473684210593 34
28.903508771930493 27
28.956140350877863 25
28.973684210526987 11
29.00000000000067 43
29.017543859649795 23
29.017543859649795 38
29.026315789474356 3
29.070175438597165 11
29.078947368421726 55
29.122807017544535 29
29.15789473684278 15
29.166666666667343 11
29.175438596491905 30
29.26315789473752 11
29.3596491228077 11
29.385964912281384 6
29.394736842105946 7
29.42105263157963 46
29.456140350877877 11
29.500000000000686 24
29.543859649123494 12
29.552631578948056 11
29.596491228070864 36
29.63157894736911 50
29.649122807018234 11
29.666666666667357 17
29.73684210526385 39
29.745614035088412 11
29.815789473684905 49
29.84210526315859 11
29.93859649122877 4
29.93859649122877 11
29.94736842105333 48
30.035087719298946 11
30.096491228070878 47
30.11403508772 6
30.131578947369125 11
30.21052631579018 7
30.228070175439303 11
30.245614035088426 42
30.26315789473755 25
30.298245614035796 24
30.32456140350948 11
30.350877192983166 3
30.36842105263229 15
30.42105263157966 11
30.491228070176152 17
30.508771929825276 43
30.517543859649837 9
30.517543859649837 11
30.605263157895454 22
30.605263157895454 44
30.614035087720016 11
30.614035087720016 28
30.649122807018262 57
30.675438596491947 12
30.675438596491947 36
30.710526315790194 11
30.807017543860372 11
30.84210526315862 6
30.90350877193055 11
30.929824561404235 5
30.95614035087792 46
31.00000000000073 11
31.00877192982529 10
31.026315789474413 7
31.096491228070906 11
31.096491228070906 24
31.11403508772003 20
31.192982456141085 11
31.263157894737578 32
31.263157894737578 44
31.289473684211263 0
31.289473684211263 11
31.315789473684948 17
31.350877192983194 40
31.38596491228144 11
31.456140350877934 30
31.48245614035162 11
31.53508771929899 52
31.570175438597236 6
31.570175438597236 25
31.578947368421797 11
31.578947368421797 15
31.59649122807092 14
31.64035087719373 16
31.675438596491976 3
31.675438596491976 11
31.675438596491976 41
31.75438596491303 36
31.75438596491303 36
31.771929824562154 2
31.771929824562154 11
31.8070175438604 12
31.833333333334085 7
31.868421052632332 11
31.894736842106017 24
31.921052631579702 48
31.95614035087795 47
31.96491228070251 11
32.035087719299 50
32.061403508772685 11
32.070175438597246 4
32.14035087719374 17
32.15789473684286 11
32.228070175439356 9
32.25438596491304 11
32.29824561403585 6
32.35087719298322 11
32.4473684210534 11
32.52631578947445 39
32.543859649123576 11
32.543859649123576 53
32.640350877193754 7
32.640350877193754 11
32.692982456141124 24
32.73684210526393 11
32.7894736842113 15
32.83333333333411 11
32.83333333333411 36
32.87719298245692 25
32.87719298245692 49
32.88596491228148 37
32.92982456140429 11
32.92982456140429 23
32.93859649122885 12
32.964912280702535 17
33.00000000000078 3
33.00000000000078 43
33.017543859649905 44
33.02631578947447 6
33.02631578947447 11
33.122807017544645 11
33.14035087719377 34
33.21929824561482 11
33.315789473685 11
33.35964912280781 1
33.41228070175518 11
33.41228070175518 55
33.42105263157974 33
33.438596491228864 42
33.447368421053426 7
33.491228070176234 24
33.50877192982536 11
33.543859649123604 20
33.605263157895536 11
33.68421052631659 56
33.701754385965714 11
33.73684210526396 30
33.754385964913084 6
33.754385964913084 44
33.763157894737645 57
33.78947368421133 17
33.79824561403589 11
33.82456140350958 47
33.89473684210607 11
33.89473684210607 48
33.91228070175519 36
33.93859649122888 9
33.99122807017625 11
34.00000000000081 15
34.04385964912362 5
34.0701754385973 12
34.08771929824643 11
34.131578947369235 46
34.184210526316605 11
34.184210526316605 25
34.20175438596573 4
34.21052631579029 0
34.21929824561485 29
34.2543859649131 7
34.28070175438678 11
34.289473684211345 24
34.32456140350959 3
34.35964912280784 41
34.37719298245696 11
34.42982456140433 26
34.43859649122889 16
34.43859649122889 50
34.47368421052714 11
34.4824561403517 6
34.4824561403517 8
34.57017543859732 11
34.614035087720126 17
34.666666666667496 11
34.75438596491311 52
34.763157894737674 11
34.84210526315873 43
34.85964912280785 11
34.8947368421061 35
34.921052631579784 22
34.95614035087803 10
34.95614035087803 11
34.99122807017628 36
35.05263157894821 11
35.06140350877277 7
35.087719298246455 24
35.09649122807102 14
35.1228070175447 44
35.14912280701839 11
35.20175438596576 12
35.21052631579032 6
35.21052631579032 15
35.245614035088565 11
35.26315789473769 2
35.28070175438681 42
35.34210526315874 11
35.43859649122892 11
35.43859649122892 17
35.48245614035173 38
35.49122807017629 25
35.517543859649976 39
35.5350877192991 11
35.561403508772784 40
35.57894736842191 27
35.60526315789559 28
35.63157894736928 11
35.64035087719384 1
35.64035087719384 9
35.6491228070184 3
35.675438596492086 54
35.69298245614121 47
35.69298245614121 47
35.728070175439456 11
35.73684210526402 44
35.824561403509634 11
35.86842105263244 7
35.86842105263244 48
35.885964912281565 24
35.89473684210613 32
35.92105263157981 11
35.938596491228935 6
35.938596491228935 49
35.95614035087806 5
35.97368421052718 20
36.01754385964999 11
36.01754385964999 30
36.07017543859736 36
36.11403508772017 11
36.21052631579035 11
36.263157894737716 17
36.307017543860525 11
36.33333333333421 4
36.33333333333421 12
36.4035087719307 11
36.421052631579826 15
36.50000000000088 11
36.526315789474566 53
36.54385964912369 0
36.59649122807106 11
36.66666666666755 6
36.675438596492114 7
36.684210526316676 24
36.69298245614124 11
36.74561403508861 1
36.77192982456229 23
36.789473684211416 11
36.79824561403598 25
36.885964912281594 11
36.97368421052721 3
36.98245614035177 11
37.07894736842195 11
37.08771929824651 17
37.12280701754476 50
37.14912280701844 36
37.14912280701844 55
37.17543859649213 11
37.23684210526406 16
37.24561403508862 31
37.25438596491318 42
37.27192982456231 11
37.33333333333424 34
37.35087719298336 9
37.368421052632485 11
37.39473684210617 6
37.46491228070266 11
37.46491228070266 12
37.482456140351786 7
37.482456140351786 24
37.56140350877284 11
37.56140350877284 47
37.631578947369334 15
37.65789473684302 11
37.736842105264074 45
37.7543859649132 11
37.842105263158814 48
37.850877192983376 11
37.850877192983376 41
37.894736842106184 37
37.91228070175531 17
37.947368421053554 11
38.04385964912373 11
38.10526315789566 25
38.12280701754479 6
38.14035087719391 11
38.14912280701847 46
38.18421052631672 5
38.22807017543953 36
38.23684210526409 11
38.2807017543869 24
38.28947368421146 7
38.28947368421146 30
38.29824561403602 3
38.33333333333427 11
38.40350877193076 20
38.429824561404445 11
38.429824561404445 42
38.46491228070269 4
38.482456140351815 5
38.52631578947462 11
38.596491228071116 12
38.596491228071116 14
38.6228070175448 11
38.701754385965856 33
38.71929824561498 11
38.7368421052641 17
38.754385964913226 2
38.754385964913226 44
38.81578947368516 11
38.84210526315884 15
38.850877192983404 6
38.903508771930774 10
38.912280701755336 11
38.964912280702706 57
39.00000000000095 49
39.008771929825514 11
39.0350877192992 27
39.061403508772884 9
39.07894736842201 24
39.10526315789569 7
39.10526315789569 11
39.20175438596587 11
39.21052631579043 0
39.23684210526412 22
39.29824561403605 11
39.30701754386061 36
39.39473684210623 11
39.41228070175535 25
39.42982456140447 47
39.491228070176405 11
39.52631578947465 50
39.5614035087729 17
39.57894736842202 6
39.58771929824658 11
39.62280701754483 3
39.68421052631676 11
39.72807017543957 12
39.73684210526413 46
39.78070175438694 11
39.82456140350975 48
39.87719298245712 11
39.87719298245712 24
39.9035087719308 39
39.912280701755364 7
39.973684210527296 11
40.03508771929923 16
40.03508771929923 42
40.04385964912379 15
40.070175438597474 11
40.070175438597474 54
40.16666666666765 11
40.184210526316775 43
40.26315789473783 11
40.30701754386064 6
40.35964912280801 11
40.38596491228169 17
40.38596491228169 36
40.45614035087819 11
40.552631578948365 11
40.561403508772926 23
40.57894736842205 30
40.59649122807117 4
40.59649122807117 28
40.64912280701854 11
40.666666666667666 44
40.67543859649223 24
40.719298245615036 7
40.719298245615036 25
40.73684210526416 26
40.74561403508872 11
40.74561403508872 56
40.771929824562406 9
40.78070175438697 41
40.79824561403609 1
40.83333333333434 20
40.8421052631589 11
40.85964912280802 12
40.93859649122908 11
40.94736842105364 3
40.982456140351886 52
40.982456140351886 53
41.035087719299256 6
41.035087719299256 11
41.131578947369434 11
41.140350877193995 38
41.14912280701856 42
41.21052631579049 17
41.22807017543961 11
41.2543859649133 15
41.298245614036105 47
41.32456140350979 11
41.42105263157997 11
41.46491228070278 36
41.47368421052734 24
41.51754385965015 11
41.53508771929927 7
41.53508771929927 34
41.614035087720325 11
41.7105263157905 11
41.76315789473787 6
41.80701754386068 11
41.833333333334366 46
41.85087719298349 48
41.90350877193086 11
41.929824561404544 50
41.991228070176476 12
42.00000000000104 11
42.02631578947472 25
42.035087719299284 17
42.06140350877297 49
42.096491228071216 11
42.096491228071216 14
42.149122807018585 32
42.192982456141394 11
42.245614035088764 2
42.27192982456245 3
42.27192982456245 24
42.28070175438701 42
42.28947368421157 11
42.3508771929835 7
42.38596491228175 11
42.40350877193087 44
42.45614035087824 27
42.464912280702805 15
42.48245614035193 9
42.48245614035193 11
42.49122807017649 6
42.54385964912386 36
42.57894736842211 11
42.622807017544915 57
42.631578947369476 5
42.675438596492285 11
42.728070175439655 4
42.77192982456246 11
42.833333333334394 16
42.85087719298352 10
42.85964912280808 17
42.85964912280808 30
42.86842105263264 11
42.8771929824572 43
42.90350877193089 37
42.947368421053696 5
42.96491228070282 11
42.991228070176504 0
43.061403508773 11
43.07017543859756 24
43.11403508772037 33
43.12280701754493 12
43.157894736843176 7
43.157894736843176 11
43.16666666666774 47
43.21929824561511 6
43.254385964913354 11
43.263157894737915 20
43.33333333333441 25
43.35087719298353 11
43.44736842105371 11
43.54385964912389 11
43.55263157894845 22
43.59649122807126 3
43.62280701754494 36
43.64035087719407 11
43.66666666666775 44
43.67543859649231 15
43.684210526316875 17
43.684210526316875 46
43.736842105264245 11
43.83333333333442 11
43.86842105263267 24
43.87719298245723 48
43.9298245614046 11
43.947368421053724 6
43.96491228070285 7
43.99122807017653 55
44.02631578947478 11
44.12280701754496 11
44.19298245614145 9
44.219298245615136 11
44.25438596491338 12
44.315789473685314 11
44.33333333333444 50
44.377192982457245 23
44.41228070175549 11
44.41228070175549 42
44.46491228070286 39
44.50877192982567 11
44.50877192982567 17
44.54385964912392 56
44.587719298246725 35
44.60526315789585 11
44.640350877194095 25
44.66666666666778 24
44.67543859649234 6
44.70175438596603 11
44.70175438596603 36
44.77192982456252 7
44.798245614036205 11
44.859649122808136 4
44.88596491228182 15
44.89473684210638 11
44.92105263158007 3
44.982456140352 41
44.99122807017656 11
45.03508771929937 47
45.08771929824674 11
45.122807017544986 49
45.14035087719411 30
45.18421052631692 11
45.2105263157906 43
45.280701754387096 11
45.333333333334465 17
45.377192982457274 11
45.385964912281835 12
45.40350877193096 6
45.40350877193096 46
45.46491228070289 24
45.47368421052745 11
45.52631578947482 42
45.57017543859763 11
45.58771929824675 7
45.596491228071315 14
45.596491228071315 28
45.63157894736956 16
45.66666666666781 11
45.69298245614149 20
45.71929824561518 26
45.72807017543974 34
45.7368421052643 2
45.76315789473799 11
45.78070175438711 36
45.84210526315904 27
45.859649122808165 11
45.859649122808165 48
45.868421052632726 52
45.88596491228185 0
45.90350877193097 9
45.94736842105378 25
45.95614035087834 11
46.017543859650274 5
46.05263157894852 11
46.09649122807133 15
46.131578947369576 6
46.1491228070187 11
46.15789473684326 17
46.24561403508888 3
46.24561403508888 11
46.263157894738 24
46.342105263159056 11
46.394736842106425 7
46.41228070175555 5
46.438596491229234 11
46.51754385965029 12
46.53508771929941 11
46.63157894736959 11
46.64035087719415 42
46.72807017543977 11
46.73684210526433 50
46.763157894738015 40
46.79824561403626 10
46.824561403509946 11
46.85964912280819 6
46.85964912280819 36
46.921052631580125 11
46.921052631580125 47
46.96491228070293 32
46.982456140352056 17
46.99122807017662 4
47.0175438596503 11
47.06140350877311 24
47.11403508772048 11
47.2017543859661 7
47.21052631579066 11
47.25438596491347 25
47.30701754386084 11
47.30701754386084 15
47.37719298245733 43
47.403508771931016 11
47.46491228070295 54
47.500000000001194 11
47.53508771929944 57
47.57017543859769 3
47.58771929824681 6
47.59649122807137 11
47.60526315789593 39
47.614035087720495 9
47.64912280701874 12
47.67543859649243 44
47.68421052631699 30
47.69298245614155 11
47.75438596491348 42
47.771929824562605 1
47.78947368421173 11
47.80701754386085 17
47.8421052631591 48
47.85964912280822 24
47.86842105263278 22
47.885964912281906 11
47.91228070175559 37
47.938596491229276 36
47.982456140352085 11
48.00877192982577 7
48.02631578947489 38
48.043859649124016 8
48.07894736842226 11
48.12280701754507 20
48.13157894736963 55
48.17543859649244 11
48.192982456141564 23
48.201754385966126 49
48.27192982456262 11
48.307017543860866 27
48.31578947368543 6
48.3684210526328 11
48.42982456140473 16
48.464912280702976 11
48.517543859650345 15
48.561403508773154 11
48.561403508773154 25
48.63157894736965 17
48.65789473684333 11
48.65789473684333 24
48.75438596491351 11
48.780701754387195 12
48.78947368421176 47
48.81578947368544 7
48.85087719298369 11
48.8947368421065 3
48.947368421053866 11
48.95614035087843 43
48.97368421052755 42
49.01754385965036 36
49.043859649124045 6
49.043859649124045 11
49.096491228071415 14
49.105263157895976 44
49.1228070175451 4
49.1228070175451 52
49.14035087719422 11
49.14035087719422 50
49.22807017543984 2
49.2368421052644 11
49.254385964913524 46
49.315789473685456 9
49.33333333333458 11
49.38596491228195 41
49.42982456140476 11
49.45614035087844 17
49.45614035087844 24
49.526315789474936 11
49.622807017545114 7
49.622807017545114 11
49.71929824561529 11
49.72807017543985 15
49.77192982456266 6
49.81578947368547 11
49.81578947368547 48
49.842105263159155 44
49.85964912280828 1
49.86842105263284 25
49.91228070175565 11
49.91228070175565 12
49.947368421053895 34
49.96491228070302 30
50.008771929825826 11
50.08771929824688 42
50.09649122807144 36
50.105263157896005 11
50.18421052631706 26
50.20175438596618 11
50.219298245615306 3
50.25438596491355 24
50.28070175438724 17
50.29824561403636 11
50.35964912280829 33
50.35964912280829 39
50.39473684210654 11
50.43859649122935 7
50.44736842105391 5
50.49122807017672 11
50.50000000000128 6
50.55263157894865 20
50.587719298246896 11
50.587719298246896 28
50.65789473684339 47
50.684210526317074 11
50.745614035089005 10
50.78070175438725 11
50.78947368421181 46
50.87719298245743 11
50.93859649122936 15
50.97368421052761 11
51.02631578947498 9
51.0438596491241 12
51.05263157894866 24
51.070175438597786 11
51.10526315789603 17
51.166666666667965 11
51.175438596492526 25
51.175438596492526 36
51.20175438596621 42
51.228070175439896 6
51.228070175439896 16
51.25438596491358 4
51.25438596491358 7
51.26315789473814 11
51.26315789473814 49
51.29824561403639 27
51.35964912280832 11
51.377192982457444 44
51.4561403508785 11
51.4561403508785 56
51.50000000000131 55
51.52631578947499 32
51.543859649124116 3
51.543859649124116 50
51.55263157894868 11
51.649122807018855 11
51.65789473684342 41
51.72807017543991 43
51.745614035089034 11
51.798245614036404 48
51.798245614036404 57
51.82456140351009 53
51.84210526315921 11
51.85087719298377 24
51.92982456140483 17
51.93859649122939 11
51.95614035087851 6
52.00877192982588 23
52.03508771929957 11
52.070175438597815 7
52.08771929824694 31
52.131578947369746 11
52.14912280701887 15
52.175438596492555 12
52.184210526317116 22
52.228070175439925 11
52.236842105264486 30
52.25438596491361 36
52.31578947368554 42
52.3245614035101 11
52.385964912282034 54
52.42105263158028 11
52.48245614035221 25
52.500000000001336 1
52.51754385965046 11
52.52631578947502 47
52.596491228071514 14
52.61403508772064 11
52.649122807018884 24
52.68421052631713 6
52.710526315790815 11
52.71929824561538 2
52.7368421052645 9
52.754385964913624 17
52.807017543860994 11
52.868421052632925 3
52.88596491228205 7
52.90350877193117 11
52.921052631580295 37
52.98245614035223 20
52.99122807017679 38
53.00000000000135 11
53.09649122807153 11
53.192982456141706 11
53.289473684211885 11
53.30701754386101 12
53.33333333333469 36
53.35964912280838 15
53.38596491228206 4
53.38596491228206 11
53.41228070175575 6
53.42982456140487 42
53.447368421053994 24
53.46491228070312 8
53.48245614035224 11
53.552631578948734 44
53.57894736842242 11
53.57894736842242 17
53.6754385964926 11
53.69298245614172 7
53.73684210526453 29
53.771929824562775 11
53.78070175438734 48
53.7894736842119 25
53.868421052632954 11
53.91228070175576 41
53.94736842105401 50
53.96491228070313 11
54.02631578947506 16
54.06140350877331 11
54.140350877194365 6
54.140350877194365 34
54.15789473684349 11
54.192982456141735 3
54.192982456141735 57
54.245614035089105 24
54.254385964913666 11
54.32456140351016 49
54.350877192983845 11
54.39473684210665 47
54.403508771931214 17
54.412280701755776 36
54.43859649122946 9
54.43859649122946 12
54.44736842105402 11
54.50000000000139 7
54.508771929825954 30
54.5438596491242 11
54.5438596491242 42
54.570175438597886 15
54.64035087719438 11
54.69298245614175 10
54.73684210526456 11
54.80701754386105 0
54.80701754386105 33
54.833333333334735 11
54.86842105263298 6
54.929824561404914 1
54.929824561404914 11
54.982456140352284 5
55.02631578947509 11
55.043859649124215 24
55.096491228071585 25
55.12280701754527 5
55.12280701754527 11
55.19298245614176 56
55.21929824561545 11
55.22807017544001 17
55.24561403508913 5
55.307017543861065 7
55.315789473685626 11
55.412280701755805 11
55.412280701755805 20
55.4824561403523 27
55.49122807017686 36
55.50877192982598 11
55.517543859650544 3
55.517543859650544 4
55.570175438597914 12
55.578947368422476 28
55.5964912280716 6
55.60526315789616 11
55.64912280701897 46
55.65789473684353 42
55.69298245614178 26
55.70175438596634 11
55.76315789473827 32
55.780701754387394 15
55.79824561403652 11
55.80701754386108 48
55.80701754386108 48
55.8245614035102 23
55.842105263159326 24
55.894736842106695 11
55.90350877193126 52
55.991228070176874 11
56.052631578948805 17
56.08771929824705 11
56.09649122807161 14
56.11403508772074 7
56.14912280701898 9
56.157894736843545 53
56.18421052631723 11
56.210526315790915 2
56.210526315790915 55
56.263157894738285 39
56.263157894738285 47
56.28070175438741 11
56.32456140351022 6
56.3508771929839 50
56.377192982457586 11
56.39473684210671 43
56.40350877193127 25
56.473684210527765 11
56.50000000000145 22
56.57017543859794 11
56.57017543859794 36
56.640350877194436 24
56.66666666666812 11
56.70175438596637 12
56.75438596491374 57
56.7631578947383 11
56.77192982456286 42
56.789473684211984 30
56.81578947368567 8
56.82456140351023 16
56.842105263159354 3
56.85964912280848 11
56.8771929824576 17
56.92105263158041 7
56.956140350878655 11
56.956140350878655 29
56.9912280701769 15
57.052631578948834 6
57.052631578948834 11
57.14912280701901 11
57.1754385964927 54
57.24561403508919 11
57.34210526315937 11
57.35087719298393 44
57.385964912282176 49
57.438596491229546 11
57.438596491229546 24
57.535087719299725 11
57.6315789473699 11
57.649122807019026 4
57.649122807019026 36
57.701754385966396 5
57.701754385966396 17
57.71052631579096 25
57.72807017544008 7
57.72807017544008 11
57.78070175438745 6
57.78947368421201 48
57.82456140351026 11
57.83333333333482 12
57.83333333333482 46
57.84210526315938 20
57.850877192983944 9
57.92105263158044 11
57.929824561405 37
58.017543859650615 11
58.02631578947518 42
58.03508771929974 0
58.114035087720794 11
58.122807017545355 47
58.16666666666816 3
58.175438596492725 38
58.20175438596641 15
58.21052631579097 11
58.23684210526466 24
58.30701754386115 11
58.333333333334835 34
58.35964912280852 27
58.40350877193133 11
58.500000000001506 11
58.50877192982607 6
58.52631578947519 17
58.53508771929975 7
58.596491228071685 11
58.605263157896246 44
58.64035087719449 10
58.69298245614186 11
58.710526315790986 1
58.72807017544011 36
58.754385964913794 31
58.754385964913794 50
58.78947368421204 11
58.88596491228222 11
58.964912280703274 12
58.9824561403524 11
59.017543859650644 25
59.03508771929977 24
59.06140350877345 30
59.078947368422575 11
59.175438596492754 11
59.175438596492754 42
59.236842105264685 6
59.27192982456293 11
59.33333333333486 46
59.342105263159425 7
59.35087719298399 17
59.35964912280855 57
59.36842105263311 11
59.40350877193136 43
59.41228070175592 15
59.46491228070329 11
59.49122807017697 3
59.561403508773466 9
59.561403508773466 11
59.57894736842259 33
59.59649122807171 14
59.605263157896275 23
59.6228070175454 16
59.657894736843645 11
59.70175438596645 2
59.75438596491382 11
59.78070175438751 4
59.80701754386119 36
59.815789473685754 48
59.824561403510316 32
59.83333333333488 24
59.850877192984 11
59.850877192984 44
59.868421052633124 41
59.868421052633124 53
59.93859649122962 52
59.94736842105418 11
59.9649122807033 6
59.99122807017699 47
