0.043859649122807015 39
0.06140350877192982 20
0.06140350877192982 25
0.09649122807017543 17
0.10526315789473684 8
0.11403508771929824 47
0.17543859649122806 23
0.19298245614035087 24
0.19298245614035087 28
0.21052631578947367 16
0.22807017543859648 26
0.2543859649122807 15
0.2719298245614036 29
0.280701754385965 11
0.29824561403508787 7
0.3070175438596493 36
0.3070175438596493 37
0.3684210526315793 1
0.4473684210526322 2
0.5000000000000008 14
0.5087719298245622 57
0.5175438596491236 6
0.5350877192982465 55
0.5438596491228079 22
0.5526315789473694 53
0.5614035087719308 5
0.5964912280701765 41
0.6315789473684222 35
0.7368421052631594 10
0.7456140350877208 3
0.7543859649122823 40
0.8245614035087737 9
0.850877192982458 45
1.0000000000000022 0
1.0263157894736865 43
1.035087719298248 7
1.0614035087719322 24
1.0877192982456165 50
1.1052631578947394 36
1.1315789473684237 54
1.2543859649122837 6
1.2719298245614066 42
1.403508771929828 27
1.5000000000000038 25
1.5701754385964952 15
1.587719298245618 44
1.7631578947368467 7
1.8859649122807067 5
1.9035087719298296 36
1.912280701754391 47
1.9298245614035139 24
1.9385964912280753 4
1.973684210526321 11
1.991228070175444 6
2.1315789473684235 17
2.245614035087719 3
2.2543859649122804 44
2.4999999999999942 7
2.578947368421045 43
2.5964912280701675 11
2.701754385964902 36
2.7280701754385857 6
2.7982456140350753 24
2.8070175438596365 48
2.83333333333332 25
2.877192982456126 34
2.8859649122806874 15
2.947368421052616 57
2.956140350877177 8
3.0614035087719116 29
3.201754385964891 16
3.2280701754385746 7
3.280701754385942 17
3.3157894736841866 9
3.464912280701727 6
3.4736842105262884 58
3.499999999999972 36
3.5263157894736556 33
3.63157894736839 5
3.666666666666635 24
3.710526315789441 47
3.745614035087686 3
3.833333333333298 11
3.9298245614034713 0
3.956140350877155 7
3.956140350877155 44
3.9824561403508385 2
4.017543859649084 4
4.131578947368386 55
4.157894736842071 14
4.166666666666632 23
4.166666666666632 25
4.192982456140317 15
4.201754385964879 6
4.219298245614002 50
4.228070175438564 20
4.271929824561372 44
4.298245614035057 36
4.377192982456112 29
4.403508771929797 17
4.4912280701754135 45
4.535087719298222 5
4.535087719298222 24
4.657894736842085 1
4.68421052631577 7
4.710526315789455 41
4.763157894736825 22
4.78947368421051 42
4.833333333333318 26
4.8684210526315645 27
4.938596491228058 6
5.0964912280701675 36
5.1228070175438525 43
5.175438596491222 28
5.245614035087716 3
5.280701754385962 37
5.385964912280702 40
5.403508771929825 24
5.412280701754387 7
5.5000000000000036 15
5.5000000000000036 25
5.578947368421058 44
5.631578947368428 57
5.675438596491237 6
5.859649122807031 17
5.859649122807031 54
5.868421052631593 48
5.894736842105278 36
5.894736842105278 47
6.140350877193004 7
6.192982456140374 16
6.219298245614059 8
6.236842105263182 53
6.271929824561429 24
6.368421052631607 9
6.4122807017544154 6
6.5877192982456485 50
6.684210526315827 0
6.692982456140388 1
6.692982456140388 36
6.728070175438635 35
6.771929824561443 5
6.80701754385969 15
6.80701754385969 44
6.833333333333375 25
6.868421052631621 7
7.0438596491228544 20
7.087719298245663 58
7.140350877193033 24
7.149122807017594 6
7.315789473684266 29
7.342105263157951 44
7.491228070175499 36
7.517543859649184 2
7.596491228070239 7
7.596491228070239 34
7.640350877193047 17
7.692982456140417 47
7.789473684210595 14
7.798245614035157 43
7.885964912280773 6
7.912280701754458 10
7.92105263157902 3
8.008771929824636 24
8.052631578947445 55
8.07894736842113 39
8.114035087719376 15
8.166666666666746 25
8.201754385964993 44
8.2456140350878 42
8.254385964912363 9
8.263157894736924 1
8.28947368421061 36
8.307017543859732 29
8.324561403508856 7
8.368421052631664 33
8.578947368421144 8
8.605263157894829 27
8.622807017543952 6
8.622807017543952 45
8.675438596491322 17
8.675438596491322 48
8.684210526315884 57
8.692982456140445 41
8.82456140350887 23
8.868421052631678 44
8.87719298245624 24
8.973684210526418 22
9.052631578947473 7
9.08771929824572 36
9.184210526315898 16
9.35964912280713 6
9.403508771929939 5
9.4122807017545 4
9.421052631579062 3
9.421052631579062 15
9.473684210526432 47
9.491228070175556 20
9.500000000000117 25
9.508771929824679 17
9.543859649122926 26
9.587719298245734 0
9.684210526315912 11
9.745614035087844 24
9.78070175438609 7
9.798245614035213 50
9.868421052631707 5
9.88596491228083 36
9.88596491228083 43
9.921052631579077 42
9.929824561403638 1
9.956140350877323 44
10.09649122807031 6
10.131578947368556 9
10.140350877193118 29
10.14912280701768 28
10.192982456140488 40
10.25438596491242 37
10.271929824561543 11
10.324561403508913 17
10.508771929824707 7
10.614035087719447 24
10.640350877193132 58
10.649122807017694 39
10.68421052631594 36
10.728070175438749 15
10.833333333333488 6
10.833333333333488 25
10.859649122807173 54
10.921052631579105 3
10.991228070175598 44
11.05263157894753 2
11.131578947368585 17
11.21052631578964 1
11.236842105263324 7
11.236842105263324 11
11.26315789473701 47
11.394736842105434 44
11.42105263157912 14
11.48245614035105 24
11.48245614035105 36
11.500000000000174 4
11.552631578947544 57
11.570175438596667 6
11.58771929824579 27
11.666666666666845 8
11.807017543859832 43
11.894736842105448 45
11.929824561403695 17
11.938596491228257 53
11.964912280701942 7
11.991228070175627 20
11.991228070175627 41
12.017543859649312 9
12.035087719298435 15
12.052631578947558 11
12.16666666666686 25
12.175438596491421 16
12.21929824561423 42
12.280701754386161 36
12.307017543859846 6
12.350877192982654 24
12.421052631579148 3
12.447368421052833 50
12.526315789473887 35
12.561403508772134 48
12.578947368421257 34
12.692982456140559 7
12.728070175438805 17
12.75438596491249 11
12.842105263158107 23
12.868421052631792 29
12.982456140351093 1
13.043859649123025 6
13.052631578947587 47
13.078947368421272 36
13.157894736842326 0
13.184210526316011 22
13.184210526316011 39
13.219298245614258 24
13.342105263158121 15
13.421052631579176 7
13.421052631579176 43
13.500000000000231 25
13.526315789473916 17
13.5526315789476 42
13.578947368421286 4
13.587719298245847 11
13.60526315789497 33
13.780701754386204 5
13.780701754386204 6
13.877192982456382 36
13.92105263157919 3
13.938596491228314 9
14.087719298245862 24
14.149122807017793 7
14.192982456140601 57
14.324561403509026 17
14.429824561403766 29
14.44736842105289 11
14.464912280702013 20
14.517543859649383 6
14.55263157894763 55
14.587719298245876 2
14.587719298245876 2
14.605263157895 40
14.649122807017807 15
14.66666666666693 1
14.675438596491492 36
14.728070175438862 26
14.736842105263424 48
14.780701754386232 8
14.807017543859917 27
14.833333333333602 25
14.833333333333602 47
14.87719298245641 7
14.956140350877465 24
14.964912280702027 5
15.052631578947643 14
15.122807017544137 17
15.122807017544137 28
15.166666666666945 16
15.184210526316068 43
15.228070175438877 37
15.236842105263438 45
15.254385964912561 6
15.342105263158178 44
15.412280701754671 42
15.421052631579233 3
15.473684210526603 36
15.482456140351164 29
15.605263157895028 7
15.622807017544151 41
15.657894736842398 4
15.72807017543889 0
15.815789473684507 9
15.824561403509069 24
15.877192982456439 39
15.921052631579247 17
15.929824561403809 50
15.956140350877494 15
15.982456140351179 54
15.99122807017574 6
16.166666666666973 25
16.20175438596522 5
16.271929824561713 36
16.333333333333645 7
16.350877192982768 5
16.614035087719618 47
16.692982456140673 24
16.719298245614358 17
16.719298245614358 58
16.72807017543892 6
16.763157894737166 11
16.815789473684536 1
16.84210526315822 34
16.868421052631906 42
16.912280701754714 44
16.921052631579276 3
17.061403508772262 7
17.070175438596824 36
17.087719298245947 57
17.10526315789507 23
17.25438596491262 48
17.26315789473718 15
17.342105263158235 29
17.359649122807358 43
17.385964912281043 22
17.394736842105605 11
17.464912280702098 6
17.500000000000345 25
17.517543859649468 17
17.517543859649468 20
17.561403508772276 24
17.666666666667016 5
17.728070175438948 9
17.73684210526351 4
17.78947368421088 7
17.868421052631934 36
18.00877192982492 55
18.06140350877229 1
18.078947368421414 27
18.122807017544222 2
18.15789473684247 16
18.16666666666703 33
18.201754385965277 6
18.31578947368458 17
18.403508771930195 47
18.421052631579318 3
18.42982456140388 24
18.49122807017581 41
18.526315789474058 7
18.526315789474058 42
18.570175438596866 15
18.666666666667044 5
18.666666666667044 36
18.666666666667044 50
18.675438596491606 14
18.736842105263538 11
18.780701754386346 45
18.833333333333716 25
18.921052631579332 5
18.938596491228456 6
19.11403508771969 17
19.210526315789867 26
19.263157894737237 7
19.2719298245618 39
19.28070175438636 48
19.298245614035483 24
19.34210526315829 53
19.37719298245654 35
19.421052631579347 44
19.464912280702155 36
19.640350877193388 9
19.64912280701795 0
19.675438596491635 6
19.81578947368462 4
19.833333333333744 11
19.877192982456553 15
19.9122807017548 17
19.92105263157936 3
19.991228070175854 7
20.052631578947786 40
20.061403508772347 43
20.105263157895156 28
20.12280701754428 57
20.166666666667087 24
20.166666666667087 25
20.18421052631621 47
20.201754385965334 37
20.210526315789895 8
20.22807017543902 54
20.263157894737265 36
20.412280701754813 6
20.684210526316225 1
20.71052631578991 17
20.71929824561447 7
20.807017543860088 44
20.842105263158334 41
20.87719298245658 27
21.03508771929869 24
21.052631578947814 34
21.061403508772376 36
21.149122807017992 6
21.149122807017992 16
21.18421052631624 15
21.1929824561408 11
21.359649122807472 23
21.385964912281157 55
21.421052631579403 3
21.44736842105309 7
21.50000000000046 25
21.543859649123267 17
21.552631578947828 9
21.56140350877239 11
21.587719298246075 22
21.596491228070636 42
21.657894736842568 2
21.710526315789938 48
21.745614035088185 39
21.859649122807486 36
21.88596491228117 6
21.894736842105733 4
21.903508771930294 24
21.964912280702226 47
22.122807017544336 29
22.175438596491706 7
22.175438596491706 43
22.219298245614514 50
22.29824561403557 14
22.315789473684692 45
22.342105263158377 17
22.491228070175925 15
22.62280701754435 6
22.63157894736891 8
22.657894736842596 36
22.771929824561898 24
22.83333333333383 25
22.83333333333383 57
22.903508771930323 5
22.903508771930323 7
22.921052631579446 3
23.140350877193487 17
23.245614035088227 5
23.35964912280753 6
23.36842105263209 33
23.36842105263209 58
23.429824561404022 9
23.429824561404022 42
23.456140350877707 36
23.482456140351392 11
23.500000000000515 10
23.63157894736894 7
23.6403508771935 24
23.68421052631631 48
23.74561403508824 47
23.780701754386488 11
23.780701754386488 41
23.79824561403561 15
23.815789473684735 0
23.833333333333858 5
23.921052631579474 26
23.938596491228598 17
23.973684210526844 4
24.096491228070708 6
24.140350877193516 16
24.140350877193516 27
24.149122807018077 11
24.1666666666672 25
24.254385964912817 36
24.359649122807557 7
24.403508771930365 1
24.42105263157949 3
24.48245614035142 20
24.508771929825105 24
24.570175438597037 35
24.605263157895283 39
24.63157894736897 53
24.64035087719353 40
24.657894736842653 29
24.736842105263708 17
24.771929824561955 43
24.771929824561955 56
24.833333333333886 6
25.01754385964968 54
25.026315789474243 55
25.052631578947928 36
25.078947368421613 28
25.087719298246174 7
25.105263157895298 15
25.131578947368983 11
25.17543859649179 37
25.192982456140914 2
25.236842105263722 42
25.245614035088284 34
25.307017543860216 9
25.37719298245671 24
25.38596491228127 23
25.500000000000572 25
25.508771929825134 5
25.526315789474257 47
25.53508771929882 17
25.570175438597065 6
25.578947368421627 45
25.64035087719356 48
25.75438596491286 44
25.789473684211107 22
25.81578947368479 7
25.850877192983038 36
25.92105263157953 3
25.92105263157953 14
26.008771929825148 41
26.052631578947956 4
26.192982456140943 0
26.245614035088312 24
26.245614035088312 44
26.263157894737436 11
26.307017543860244 6
26.33333333333393 17
26.412280701754984 15
26.54385964912341 7
26.55263157894797 50
26.578947368421655 44
26.587719298246217 29
26.64912280701815 36
26.77192982456201 43
26.833333333333943 25
26.903508771930436 5
26.964912280702368 11
27.043859649123423 6
27.105263157895354 39
27.114035087719916 24
27.13157894736904 16
27.13157894736904 17
27.149122807018163 8
27.175438596491848 9
27.175438596491848 11
27.271929824562026 7
27.307017543860272 47
27.421052631579574 3
27.44736842105326 36
27.517543859649752 20
27.578947368421684 48
27.61403508771993 29
27.71929824561467 15
27.7807017543866 6
27.912280701755027 44
27.92982456140415 17
27.98245614035152 24
28.000000000000643 7
28.017543859649766 58
28.131578947369068 4
28.166666666667314 25
28.175438596491876 42
28.24561403508837 36
28.51754385964978 6
28.552631578948027 55
28.61403508771996 0
28.67543859649189 44
28.67543859649189 53
28.72807017543926 2
28.72807017543926 7
28.72807017543926 10
28.72807017543926 17
28.745614035088384 11
28.754385964912945 57
28.850877192983123 24
28.921052631579617 3
29.026315789474356 15
29.04385964912348 9
29.04385964912348 36
29.087719298246288 47
29.140350877193658 50
29.25438596491296 6
29.324561403509453 23
29.324561403509453 54
29.342105263158576 44
29.36842105263226 45
29.385964912281384 27
29.42105263157963 33
29.456140350877877 7
29.473684210527 26
29.473684210527 29
29.500000000000686 25
29.52631578947437 17
29.543859649123494 14
29.605263157895426 5
29.614035087719987 8
29.719298245614727 24
29.84210526315859 36
29.89473684210596 34
29.99122807017614 6
29.99122807017614 22
30.00877192982526 11
30.05263157894807 28
30.11403508772 44
30.122807017544563 1
30.122807017544563 16
30.149122807018248 37
30.184210526316495 7
30.21052631579018 4
30.289473684211234 40
30.32456140350948 17
30.333333333334043 15
30.333333333334043 48
30.350877192983166 43
30.42105263157966 3
30.42982456140422 11
30.58771929824633 24
30.6403508771937 36
30.6403508771937 39
30.728070175439317 6
30.833333333334057 25
30.868421052632304 47
30.912280701755112 7
30.912280701755112 9
31.11403508772003 41
31.12280701754459 17
31.149122807018276 20
31.1666666666674 42
31.298245614035825 5
31.368421052632318 35
31.43859649122881 36
31.456140350877934 24
31.464912280702496 6
31.64035087719373 15
31.64912280701829 7
31.74561403508847 29
31.74561403508847 57
31.763157894737592 0
31.780701754386715 43
31.85087719298321 27
31.85964912280777 44
31.921052631579702 3
31.921052631579702 17
31.947368421053387 50
32.166666666667425 25
32.175438596491986 55
32.20175438596567 6
32.219298245614794 1
32.23684210526392 36
32.2631578947376 2
32.2631578947376 48
32.28947368421129 4
32.324561403509534 24
32.377192982456904 7
32.41228070175515 53
32.543859649123576 58
32.649122807018315 47
32.65789473684288 42
32.71929824561481 17
32.7894736842113 5
32.82456140350955 9
32.93859649122885 6
32.94736842105341 15
33.017543859649905 29
33.03508771929903 36
33.10526315789552 7
33.11403508772008 16
33.16666666666745 14
33.19298245614114 24
33.228070175439385 23
33.289473684211316 11
33.30701754386044 39
33.35964912280781 45
33.394736842106056 1
33.42105263157974 3
33.500000000000796 25
33.50877192982536 5
33.51754385964992 17
33.67543859649203 6
33.701754385965714 11
33.83333333333414 7
33.83333333333414 36
33.8421052631587 8
33.88596491228151 42
34.04385964912362 44
34.05263157894818 29
34.06140350877274 24
34.16666666666748 57
34.17543859649204 43
34.184210526316605 48
34.192982456141166 22
34.2543859649131 15
34.27192982456222 0
34.31578947368503 17
34.3684210526324 4
34.41228070175521 6
34.41228070175521 26
34.42105263157977 34
34.42105263157977 54
34.42982456140433 47
34.53508771929907 33
34.552631578948194 44
34.561403508772756 7
34.63157894736925 36
34.64912280701837 20
34.69298245614118 10
34.69298245614118 11
34.70175438596574 9
34.75438596491311 50
34.83333333333417 25
34.85087719298329 40
34.868421052632414 5
34.921052631579784 3
34.929824561404345 24
35.0087719298254 44
35.02631578947452 27
35.02631578947452 28
35.04385964912365 11
35.11403508772014 17
35.1228070175447 37
35.14912280701839 6
35.28947368421137 7
35.42982456140436 36
35.44736842105348 1
35.561403508772784 15
35.60526315789559 29
35.69298245614121 11
35.719298245614894 5
35.79824561403595 2
35.79824561403595 24
35.86842105263244 43
35.885964912281565 6
35.885964912281565 11
35.91228070175525 17
36.01754385964999 7
36.10526315789561 16
36.11403508772017 11
36.13157894736929 39
36.15789473684298 55
36.16666666666754 25
36.18421052631666 48
36.21052631579035 47
36.22807017543947 36
36.24561403508859 41
36.24561403508859 42
36.33333333333421 58
36.421052631579826 3
36.44736842105351 4
36.578947368421936 9
36.622807017544744 6
36.65789473684299 53
36.66666666666755 24
36.71052631579036 17
36.75438596491317 7
36.789473684211416 14
36.86842105263247 15
36.87719298245703 57
36.894736842106155 35
36.9298245614044 0
37.01754385965002 11
37.02631578947458 20
37.02631578947458 36
37.13157894736932 23
37.13157894736932 50
37.210526315790375 1
37.23684210526406 11
37.24561403508862 29
37.35964912280792 6
37.39473684210617 45
37.43859649122898 27
37.473684210527225 44
37.482456140351786 7
37.50000000000091 25
37.50877192982547 17
37.51754385965003 8
37.535087719299156 24
37.54385964912372 5
37.5701754385974 43
37.578947368421964 42
37.82456140350969 36
37.92105263157987 3
37.99122807017636 47
38.0964912280711 6
38.0964912280711 48
38.17543859649216 15
38.2105263157904 7
38.30701754386058 17
38.30701754386058 17
38.35964912280795 29
38.3947368421062 22
38.40350877193076 24
38.44736842105357 1
38.44736842105357 9
38.52631578947462 4
38.61403508772024 34
38.6228070175448 36
38.6228070175448 36
38.81578947368516 39
38.83333333333428 6
38.83333333333428 25
38.83333333333428 44
38.93859649122902 7
39.00000000000095 33
39.09649122807113 16
39.10526315789569 17
39.13157894736938 44
39.16666666666762 42
39.27192982456236 24
39.27192982456236 43
39.333333333334295 2
39.42105263157991 3
39.42105263157991 36
39.48245614035184 15
39.48245614035184 54
39.51754385965009 11
39.57017543859746 6
39.57894736842202 26
39.57894736842202 58
39.6754385964922 7
39.77192982456238 47
39.85087719298343 27
39.9035087719308 17
39.94736842105361 40
39.94736842105361 41
40.00877192982554 28
40.09649122807116 37
40.14035087719397 24
40.14035087719397 48
40.16666666666765 25
40.2017543859659 0
40.21929824561502 36
40.30701754386064 6
40.33333333333432 42
40.35964912280801 9
40.40350877193082 7
40.41228070175538 14
40.41228070175538 20
40.605263157895735 4
40.666666666667666 44
40.69298245614135 55
40.70175438596591 17
40.78947368421153 15
40.868421052632584 45
40.91228070175539 5
40.921052631579954 3
41.00877192982557 24
41.01754385965013 36
41.035087719299256 23
41.04385964912382 6
41.09649122807119 5
41.12280701754487 1
41.131578947369434 7
41.30701754386067 5
41.42982456140453 50
41.4824561403519 11
41.50000000000102 17
41.50000000000102 25
41.55263157894839 47
41.5964912280712 57
41.719298245615065 39
41.74561403508875 35
41.780701754386996 6
41.81578947368524 36
41.85964912280805 7
41.877192982457174 24
41.938596491229106 5
42.05263157894841 48
42.087719298246654 16
42.096491228071216 15
42.192982456141394 53
42.26315789473789 27
42.27192982456245 9
42.298245614036134 17
42.359649122808065 8
42.40350877193087 41
42.40350877193087 42
42.42105263158 3
42.49122807017649 5
42.517543859650175 6
42.58771929824667 7
42.59649122807123 22
42.61403508772035 36
42.684210526316846 4
42.74561403508878 24
42.74561403508878 29
42.80701754386071 34
42.833333333334394 25
42.86842105263264 2
42.991228070176504 0
43.00877192982563 11
43.02631578947475 43
43.03508771929931 20
43.07017543859756 10
43.096491228071244 17
43.254385964913354 6
43.315789473685285 7
43.33333333333441 47
43.4035087719309 15
43.41228070175546 36
43.44736842105371 1
43.49122807017652 58
43.54385964912389 5
43.55263157894845 42
43.61403508772038 24
43.745614035088806 33
43.894736842106354 17
43.92105263158004 3
43.96491228070285 48
43.99122807017653 6
44.03508771929934 14
44.0438596491239 7
44.061403508773026 26
44.14035087719408 9
44.166666666667766 25
44.210526315790574 36
44.30701754386075 44
44.368421052632684 40
44.482456140351985 24
44.56140350877304 45
44.61403508772041 41
44.66666666666778 43
44.67543859649234 27
44.692982456141465 17
44.70175438596603 42
44.71052631579059 15
44.71929824561515 50
44.72807017543971 6
44.76315789473796 4
44.77192982456252 7
44.850877192983575 5
44.92105263158007 54
44.93859649122919 23
44.982456140352 28
45.008771929825684 36
45.017543859650246 8
45.070175438597616 37
45.07894736842218 16
45.114035087720424 47
45.271929824562534 11
45.324561403509904 39
45.35087719298359 24
45.35087719298359 44
45.42105263158008 3
45.46491228070289 6
45.491228070176575 17
45.50000000000114 7
45.50000000000114 25
45.61403508772044 57
45.7368421052643 11
45.807017543860795 36
45.815789473685356 0
45.8508771929836 42
45.94736842105378 48
45.99122807017659 11
46.00000000000115 55
46.00877192982571 9
46.017543859650274 15
46.20175438596607 6
46.21929824561519 24
46.228070175439754 7
46.280701754387124 5
46.289473684211686 17
46.40350877193099 2
46.51754385965029 11
46.52631578947485 35
46.5614035087731 43
46.605263157895905 36
46.79824561403626 22
46.79824561403626 53
46.824561403509946 58
46.83333333333451 25
46.84210526315907 4
46.89473684210644 47
46.921052631580125 3
46.93859649122925 6
46.95614035087837 7
47.00000000000118 34
47.00000000000118 42
47.06140350877311 50
47.087719298246796 17
47.087719298246796 24
47.087719298246796 27
47.32456140350996 15
47.36842105263277 20
47.403508771931016 36
47.59649122807137 8
47.63157894736962 1
47.6578947368433 14
47.67543859649243 6
47.68421052631699 7
47.85964912280822 39
47.85964912280822 48
47.885964912281906 9
47.885964912281906 17
47.9561403508784 24
47.96491228070296 45
48.01754385965033 29
48.01754385965033 44
48.06140350877314 43
48.0701754385977 16
48.149122807018756 42
48.16666666666788 25
48.201754385966126 36
48.412280701755606 6
48.412280701755606 7
48.42105263158017 3
48.63157894736965 15
48.675438596492455 47
48.68421052631702 17
48.74561403508895 41
48.82456140351 24
48.84210526315913 23
48.84210526315913 33
48.92105263158018 4
49.000000000001236 36
49.14035087719422 7
49.149122807018784 6
49.149122807018784 29
49.29824561403633 42
49.307017543860894 0
49.368421052632826 57
49.40350877193107 50
49.42982456140476 40
49.48245614035213 17
49.48245614035213 55
49.50000000000125 25
49.50877192982581 44
49.64035087719424 54
49.69298245614161 24
49.77192982456266 48
49.789473684211785 26
49.789473684211785 27
49.79824561403635 9
49.79824561403635 36
49.83333333333459 1
49.842105263159155 10
49.86842105263284 7
49.88596491228196 6
49.92105263158021 3
49.93859649122933 2
49.93859649122933 15
49.95614035087846 28
49.9912280701767 5
50.03508771929951 11
50.04385964912407 37
50.166666666667936 44
50.263157894738114 11
50.28070175438724 17
50.35087719298373 53
50.421052631580224 5
50.44736842105391 42
50.45614035087847 47
50.482456140352156 11
50.56140350877321 24
50.59649122807146 7
50.59649122807146 36
50.62280701754514 6
50.692982456141635 11
50.71052631579076 43
50.78947368421181 44
50.83333333333462 25
50.99122807017673 29
51.00000000000129 4
51.00000000000129 22
51.01754385965042 39
51.061403508773225 16
51.07894736842235 1
51.07894736842235 17
51.09649122807147 44
51.10526315789603 58
51.19298245614165 34
51.24561403508902 5
51.24561403508902 15
51.280701754387266 14
51.324561403510074 7
51.35964912280832 6
51.39473684210657 36
51.42105263158025 3
51.429824561404814 24
51.50877192982587 41
51.587719298246924 11
51.596491228071486 42
51.67543859649254 9
51.6842105263171 48
51.745614035089034 50
51.87719298245746 17
51.92105263158027 8
51.94736842105395 0
51.9824561403522 45
51.99122807017676 11
52.05263157894869 7
52.0964912280715 6
52.15789473684343 20
52.16666666666799 25
52.19298245614168 36
52.20175438596624 27
52.236842105264486 47
52.29824561403642 24
52.35087719298379 44
52.48245614035221 29
52.491228070176774 11
52.552631578948706 15
52.58771929824695 57
52.67543859649257 17
52.74561403508906 23
52.74561403508906 42
52.78070175438731 7
52.83333333333468 6
52.921052631580295 3
52.99122807017679 1
52.99122807017679 36
53.0350877192996 5
53.078947368422405 4
53.16666666666802 24
53.16666666666802 55
53.2631578947382 43
53.27192982456276 33
53.47368421052768 2
53.47368421052768 17
53.48245614035224 39
53.500000000001364 25
53.508771929825926 7
53.508771929825926 7
53.52631578947505 35
53.54385964912417 9
53.57017543859786 6
53.59649122807154 48
53.763157894738214 10
53.7894736842119 36
53.84210526315927 40
53.85964912280839 15
53.89473684210664 42
54.0175438596505 8
54.0175438596505 47
54.035087719299625 24
54.05263157894875 16
54.087719298246995 44
54.087719298246995 50
54.23684210526454 7
54.27192982456279 17
54.307017543861036 6
54.42105263158034 3
54.58771929824701 36
54.59649122807157 11
54.614035087720694 27
54.622807017545256 5
54.64035087719438 1
54.64912280701894 41
54.824561403510174 5
54.833333333334735 25
54.885964912282105 29
54.90350877193123 14
54.90350877193123 24
54.929824561404914 28
54.96491228070316 7
54.97368421052772 43
55.00000000000141 44
55.01754385965053 37
55.043859649124215 6
55.043859649124215 42
55.0701754385979 17
55.07894736842246 54
55.15789473684352 4
55.16666666666808 15
55.201754385966325 22
55.23684210526457 26
55.38596491228212 34
55.38596491228212 36
55.412280701755805 9
55.45614035087861 11
55.50877192982598 48
55.622807017545284 57
55.64912280701897 58
55.675438596492654 45
55.69298245614178 7
55.77192982456283 24
55.780701754387394 6
55.79824561403652 47
55.85964912280845 11
55.86842105263301 17
55.92105263158038 3
55.96491228070319 29
55.97368421052775 20
56.02631578947512 39
56.14035087719442 53
56.16666666666811 25
56.18421052631723 36
56.19298245614179 42
56.429824561404956 7
56.429824561404956 50
56.473684210527765 15
56.51754385965057 6
56.526315789475134 8
56.640350877194436 24
56.649122807019 23
56.65789473684356 0
56.66666666666812 17
56.894736842106724 55
56.98245614035234 36
57.008771929826025 2
57.02631578947515 27
57.04385964912427 16
57.15789473684357 7
57.1754385964927 29
57.18421052631726 41
57.23684210526463 4
57.25438596491375 6
57.28070175438744 9
57.34210526315937 42
57.42105263158042 3
57.42105263158042 48
57.46491228070323 17
57.50000000000148 25
57.50000000000148 43
57.50877192982604 24
57.57894736842253 47
57.6315789473699 11
57.66666666666815 33
57.78070175438745 15
57.78070175438745 36
57.88596491228219 7
57.99122807017693 1
57.99122807017693 6
58.26315789473834 17
58.32456140351027 35
58.35087719298396 57
58.37719298245764 24
58.447368421054136 10
58.491228070176945 42
58.52631578947519 14
58.57894736842256 36
58.57894736842256 39
58.61403508772081 7
58.72807017544011 6
58.77192982456292 50
58.78947368421204 8
58.83333333333485 25
58.921052631580466 3
59.06140350877345 17
59.078947368422575 40
59.08771929824714 15
59.14912280701907 9
59.24561403508925 20
59.24561403508925 24
59.26315789473837 1
59.31578947368574 4
59.33333333333486 48
59.342105263159425 7
59.35964912280855 47
59.37719298245767 36
59.40350877193136 22
59.41228070175592 44
59.4385964912296 27
59.46491228070329 6
59.46491228070329 29
59.57894736842259 34
59.64035087719452 42
59.710526315791014 43
59.771929824562946 44
59.78070175438751 0
59.85964912280856 17
59.877192982457686 45
59.90350877193137 28
59.921052631580494 11
59.93859649122962 54
59.99122807017699 37
