0.09649122807017543 39
0.11403508771929824 34
0.16666666666666666 47
0.2543859649122807 43
0.29824561403508787 0
0.35087719298245645 44
0.3684210526315793 54
0.42982456140350933 48
0.43859649122807076 7
0.4736842105263165 52
0.4824561403508779 42
0.5175438596491236 5
0.5701754385964922 27
0.5964912280701765 15
0.6228070175438608 3
0.6403508771929837 14
0.6403508771929837 40
0.666666666666668 6
0.6754385964912294 41
0.6929824561403523 28
0.7017543859649137 5
0.7192982456140365 26
0.728070175438598 4
0.7982456140350894 20
0.8245614035087737 8
0.8245614035087737 38
0.8684210526315809 57
0.9385964912280723 22
0.9473684210526337 17
0.9649122807017566 16
1.1491228070175465 32
1.1929824561403537 24
1.2543859649122837 7
1.2719298245614066 55
1.280701754385968 50
1.2982456140350909 23
1.3596491228070209 1
1.3684210526315823 53
1.3771929824561437 2
1.3859649122807052 30
1.3947368421052666 6
1.3947368421052666 10
1.4736842105263195 36
1.5175438596491266 9
1.7192982456140395 42
1.728070175438601 37
1.8157894736842153 15
1.9473684210526367 3
1.991228070175444 24
2.026315789473689 46
2.03508771929825 47
2.061403508771934 7
2.1228070175438623 6
2.3421052631578925 5
2.5175438596491166 36
2.5964912280701675 48
2.701754385964902 43
2.789473684210514 24
2.8508771929824426 6
2.877192982456126 7
2.9298245614034935 41
2.956140350877177 1
3.0263157894736668 27
3.035087719298228 15
3.070175438596473 11
3.070175438596473 33
3.087719298245595 4
3.2719298245613806 3
3.280701754385942 29
3.456140350877166 12
3.456140350877166 52
3.5614035087719005 36
3.578947368421023 6
3.587719298245584 24
3.6929824561403186 7
3.7368421052631247 35
3.7719298245613695 44
3.868421052631543 8
3.868421052631543 16
3.92105263157891 47
3.964912280701716 0
4.122807017543824 46
4.201754385964879 14
4.219298245614002 5
4.245614035087687 15
4.280701754385934 9
4.307017543859619 6
4.385964912280674 24
4.499999999999975 7
4.596491228070153 3
4.605263157894715 36
4.6929824561403315 30
4.6929824561403315 50
4.701754385964893 44
4.824561403508756 43
4.833333333333318 17
4.833333333333318 25
4.8684210526315645 2
4.956140350877181 5
5.035087719298236 6
5.070175438596483 12
5.0964912280701675 56
5.166666666666661 26
5.184210526315784 24
5.210526315789469 23
5.271929824561401 22
5.280701754385962 54
5.307017543859647 7
5.307017543859647 39
5.359649122807017 55
5.37719298245614 32
5.456140350877195 15
5.464912280701757 53
5.649122807017552 36
5.74561403508773 28
5.763157894736853 6
5.807017543859661 47
5.90350877192984 44
5.947368421052648 41
5.9824561403508945 24
6.017543859649141 1
6.026315789473703 46
6.078947368421073 48
6.114035087719319 7
6.192982456140374 25
6.228070175438621 42
6.263157894736867 34
6.298245614035114 5
6.324561403508799 0
6.447368421052662 3
6.49122807017547 6
6.5877192982456485 10
6.64912280701758 43
6.666666666666703 15
6.666666666666703 16
6.692982456140388 36
6.736842105263197 37
6.780701754386005 24
6.780701754386005 57
6.842105263157936 38
6.903508771929868 12
6.921052631578991 7
6.9912280701754845 27
7.2192982456140875 6
7.228070175438649 44
7.377192982456197 30
7.377192982456197 42
7.456140350877252 17
7.543859649122869 40
7.55263157894743 25
7.578947368421115 24
7.631578947368485 1
7.684210526315855 47
7.719298245614102 14
7.728070175438663 7
7.736842105263225 36
7.771929824561472 3
7.8245614035088416 9
7.8771929824562115 15
7.938596491228143 8
7.947368421052705 6
8.114035087719376 46
8.23684210526324 44
8.359649122807102 2
8.377192982456226 24
8.473684210526404 39
8.535087719298335 7
8.570175438596582 12
8.570175438596582 42
8.675438596491322 6
8.684210526315884 52
8.754385964912377 44
8.780701754386062 36
9.03508771929835 43
9.03508771929835 48
9.043859649122911 53
9.08771929824572 15
9.096491228070281 3
9.175438596491336 24
9.19298245614046 50
9.201754385965021 57
9.342105263158007 7
9.403508771929939 6
9.421052631579062 0
9.46491228070187 16
9.508771929824679 20
9.535087719298364 55
9.552631578947487 47
9.614035087719419 22
9.640350877193104 9
9.649122807017665 23
9.701754385965035 44
9.815789473684337 33
9.824561403508898 36
9.929824561403638 46
9.973684210526446 24
10.017543859649255 41
10.04385964912294 32
10.09649122807031 29
10.131578947368556 6
10.131578947368556 45
10.140350877193118 44
10.14912280701768 7
10.166666666666803 5
10.184210526315926 4
10.271929824561543 27
10.298245614035228 15
10.42105263157909 3
10.429824561403652 5
10.464912280701899 54
10.5789473684212 44
10.657894736842255 56
10.701754385965064 12
10.73684210526331 28
10.771929824561557 24
10.824561403508927 34
10.859649122807173 6
10.868421052631735 36
10.956140350877352 7
11.00000000000016 26
11.017543859649283 25
11.043859649122968 1
11.228070175438763 14
11.228070175438763 29
11.254385964912448 43
11.324561403508941 48
11.342105263158064 30
11.42982456140368 47
11.508771929824736 15
11.53508771929842 52
11.570175438596667 24
11.58771929824579 6
11.736842105263339 50
11.7456140350879 3
11.7456140350879 37
11.754385964912462 57
11.763157894737024 0
11.763157894737024 7
11.85087719298264 2
11.877192982456325 42
11.912280701754572 36
11.964912280701942 46
12.035087719298435 8
12.228070175438791 1
12.263157894737038 16
12.280701754386161 39
12.307017543859846 9
12.315789473684408 6
12.315789473684408 12
12.368421052631778 24
12.37719298245634 25
12.570175438596696 7
12.719298245614244 15
12.745614035087929 29
12.75438596491249 41
12.771929824561614 44
12.877192982456354 20
12.956140350877408 36
13.043859649123025 6
13.07017543859671 27
13.166666666666888 24
13.17543859649145 40
13.263157894737066 53
13.28070175438619 43
13.298245614035313 38
13.307017543859875 47
13.350877192982683 42
13.377192982456368 7
13.71052631578971 55
13.719298245614272 48
13.728070175438834 44
13.736842105263396 25
13.771929824561642 6
13.929824561403752 15
13.947368421052875 3
13.947368421052875 17
13.964912280701999 24
14.000000000000245 36
14.043859649123053 1
14.087719298245862 9
14.122807017544108 30
14.149122807017793 4
14.149122807017793 22
14.18421052631604 7
14.192982456140601 46
14.254385964912533 50
14.263157894737095 32
14.421052631579204 44
14.50000000000026 6
14.736842105263424 14
14.763157894737109 24
14.780701754386232 11
14.789473684210794 54
14.798245614035356 23
14.868421052631849 35
14.894736842105534 57
14.98245614035115 17
15.000000000000274 7
15.043859649123082 36
15.061403508772205 16
15.096491228070452 25
15.14035087719326 15
15.175438596491507 47
15.228070175438877 6
15.271929824561685 3
15.342105263158178 2
15.394736842105548 42
15.40350877193011 41
15.543859649123096 43
15.56140350877222 24
15.66666666666696 58
15.67543859649152 46
15.684210526316082 5
15.701754385965206 48
15.72807017543889 1
15.754385964912576 28
15.798245614035384 20
15.815789473684507 7
15.956140350877494 6
16.08771929824592 36
16.14035087719329 12
16.20175438596522 27
16.350877192982768 15
16.35964912280733 24
16.63157894736874 7
16.68421052631611 6
16.754385964912604 37
16.807017543859974 29
16.877192982456467 30
16.929824561403837 55
17.026315789474015 43
17.026315789474015 46
17.04385964912314 47
17.131578947368755 34
17.131578947368755 36
17.15789473684244 24
17.32456140350911 3
17.412280701754728 6
17.412280701754728 41
17.42982456140385 39
17.447368421052975 7
17.517543859649468 17
17.561403508772276 15
17.666666666667016 25
17.74561403508807 48
17.859649122807372 16
17.877192982456496 50
17.94736842105299 0
17.95614035087755 24
18.122807017544222 11
18.131578947368784 4
18.140350877193345 6
18.149122807017907 33
18.175438596491592 36
18.245614035088085 14
18.254385964912647 7
18.254385964912647 52
18.298245614035455 12
18.3333333333337 9
18.359649122807387 17
18.447368421053003 32
18.456140350877565 46
18.473684210526688 22
18.48245614035125 1
18.48245614035125 42
18.64035087719336 8
18.64912280701792 3
18.64912280701792 43
18.666666666667044 26
18.736842105263538 27
18.736842105263538 57
18.75438596491266 24
18.771929824561784 15
18.833333333333716 2
18.868421052631962 6
18.91228070175477 47
19.026315789474072 25
19.06140350877232 7
19.192982456140744 17
19.201754385965305 44
19.21929824561443 36
19.412280701754785 23
19.412280701754785 30
19.55263157894777 24
19.570175438596895 12
19.59649122807058 6
19.640350877193388 53
19.64912280701795 1
19.736842105263566 38
19.842105263158306 40
19.86842105263199 7
19.956140350877607 41
19.97368421052673 3
19.982456140351292 15
20.01754385964954 17
20.035087719298662 48
20.061403508772347 9
20.149122807017964 46
20.263157894737265 4
20.263157894737265 36
20.324561403509197 6
20.33333333333376 11
20.350877192982882 24
20.38596491228113 25
20.38596491228113 55
20.61403508771973 44
20.65789473684254 16
20.675438596491663 7
20.754385964912718 28
20.789473684210964 47
20.798245614035526 20
20.833333333333773 39
20.842105263158334 17
21.052631578947814 6
21.08771929824606 44
21.096491228070622 12
21.096491228070622 42
21.149122807017992 24
21.166666666667115 1
21.1929824561408 15
21.29824561403554 3
21.307017543860102 36
21.491228070175897 7
21.66666666666713 17
21.745614035088185 25
21.754385964912746 14
21.763157894737308 37
21.78070175438643 6
21.8333333333338 9
21.947368421053103 24
22.017543859649596 34
22.04385964912328 50
22.070175438596966 46
22.070175438596966 48
22.09649122807065 30
22.19298245614083 41
22.20175438596539 11
22.30701754386013 7
22.324561403509254 2
22.324561403509254 2
22.342105263158377 57
22.35087719298294 36
22.394736842105747 4
22.40350877193031 15
22.491228070175925 17
22.50877192982505 6
22.57017543859698 32
22.57894736842154 11
22.57894736842154 12
22.62280701754435 3
22.657894736842596 47
22.745614035088213 24
22.798245614035583 22
23.10526315789524 25
23.122807017544364 7
23.140350877193487 54
23.21052631578998 53
23.236842105263666 6
23.31578947368472 17
23.394736842105775 36
23.456140350877707 16
23.508771929825077 23
23.51754385964964 39
23.543859649123323 24
23.552631578947885 20
23.57894736842157 9
23.614035087719817 15
23.815789473684735 19
23.833333333333858 0
23.85087719298298 56
23.912280701754913 11
23.921052631579474 1
23.929824561404036 7
23.94736842105316 3
23.964912280702283 6
24.140350877193516 17
24.175438596491762 27
24.201754385965447 42
24.298245614035626 5
24.333333333333872 43
24.333333333333872 55
24.342105263158434 24
24.438596491228612 36
24.447368421053174 41
24.456140350877735 30
24.464912280702297 25
24.52631578947423 4
24.53508771929879 47
24.657894736842653 44
24.6929824561409 6
24.736842105263708 7
24.789473684211078 45
24.824561403509325 15
24.96491228070231 17
25.140350877193544 24
25.201754385965476 1
25.236842105263722 40
25.245614035088284 14
25.27192982456197 3
25.27192982456197 46
25.289473684211092 48
25.32456140350934 9
25.359649122807586 12
25.37719298245671 38
25.421052631579517 6
25.48245614035145 36
25.48245614035145 44
25.526315789474257 50
25.54385964912338 7
25.570175438597065 57
25.75438596491286 28
25.789473684211107 17
25.81578947368479 2
25.824561403509353 25
25.938596491228655 24
25.956140350877778 44
26.035087719298833 15
26.105263157895326 39
26.149122807018134 6
26.17543859649182 26
26.201754385965504 5
26.254385964912874 16
26.307017543860244 35
26.359649122807614 7
26.39473684210586 47
26.526315789474285 36
26.535087719298847 20
26.59649122807078 3
26.59649122807078 3
26.614035087719902 17
26.640350877193587 49
26.65789473684271 4
26.692982456140957 27
26.736842105263765 24
26.736842105263765 41
26.77192982456201 37
26.780701754386573 12
26.780701754386573 30
26.87719298245675 6
27.070175438597108 9
27.105263157895354 52
27.114035087719916 22
27.13157894736904 46
27.175438596491848 7
27.18421052631641 25
27.24561403508834 15
27.271929824562026 48
27.307017543860272 1
27.377192982456766 32
27.421052631579574 34
27.438596491228697 17
27.473684210526944 44
27.535087719298875 24
27.56140350877256 11
27.56140350877256 56
27.570175438597122 36
27.60526315789537 6
27.701754385965547 43
27.77192982456204 42
27.77192982456204 55
27.921052631579588 3
27.92982456140415 11
27.99122807017608 7
28.070175438597136 10
28.166666666667314 12
28.263157894737493 17
28.263157894737493 47
28.333333333333986 6
28.333333333333986 24
28.385964912281356 11
28.45614035087785 15
28.500000000000657 11
28.543859649123466 25
28.578947368421712 57
28.596491228070835 50
28.605263157895397 11
28.61403508771996 36
28.66666666666733 0
28.710526315790137 11
28.710526315790137 39
28.736842105263822 54
28.745614035088384 14
28.789473684211192 4
28.789473684211192 9
28.798245614035753 7
28.807017543860315 11
28.903508771930493 11
29.00000000000067 11
29.05263157894804 16
29.061403508772603 6
29.087719298246288 17
29.087719298246288 30
29.09649122807085 11
29.10526315789541 1
29.131578947369096 24
29.192982456141028 11
29.245614035088398 3
29.25438596491296 27
29.25438596491296 48
29.289473684211206 11
29.30701754386033 2
29.385964912281384 11
29.42105263157963 43
29.482456140351562 11
29.57894736842174 11
29.605263157895426 7
29.657894736842795 36
29.666666666667357 15
29.67543859649192 11
29.771929824562097 11
29.78947368421122 6
29.83333333333403 44
29.868421052632275 11
29.8859649122814 33
29.90350877193052 25
29.912280701755083 17
29.929824561404207 24
29.964912280702453 11
30.00877192982526 46
30.06140350877263 11
30.070175438597193 42
30.10526315789544 53
30.122807017544563 47
30.131578947369125 23
30.15789473684281 11
30.254385964912988 11
30.26315789473755 40
30.280701754386673 38
30.350877192983166 11
30.385964912281413 12
30.412280701755098 7
30.447368421053344 11
30.500000000000714 9
30.517543859649837 6
30.543859649123522 11
30.570175438597207 3
30.63157894736914 1
30.6403508771937 11
30.666666666667385 52
30.701754385965632 36
30.728070175439317 24
30.73684210526388 11
30.73684210526388 17
30.754385964913002 28
30.833333333334057 11
30.877192982456865 15
30.90350877193055 5
30.921052631579673 4
30.929824561404235 11
31.026315789474413 11
31.087719298246345 29
31.12280701754459 11
31.21929824561477 11
31.22807017543933 7
31.245614035088455 6
31.263157894737578 25
31.27192982456214 48
31.298245614035825 0
31.315789473684948 11
31.359649122807756 30
31.412280701755126 11
31.42982456140425 22
31.508771929825304 11
31.526315789474427 24
31.561403508772674 17
31.605263157895482 11
31.6929824561411 32
31.70175438596566 11
31.74561403508847 36
31.75438596491303 55
31.780701754386715 37
31.79824561403584 11
31.842105263158647 46
31.842105263158647 50
31.85087719298321 16
31.894736842106017 3
31.894736842106017 11
31.97368421052707 6
31.991228070176195 11
31.991228070176195 47
32.008771929825315 27
32.02631578947444 35
32.035087719299 7
32.05263157894812 57
32.08771929824637 15
32.09649122807093 12
32.122807017544616 11
32.166666666667425 10
32.166666666667425 39
32.21052631579023 9
32.219298245614794 11
32.24561403508848 14
32.31578947368497 11
32.324561403509534 24
32.385964912281466 17
32.41228070175515 11
32.438596491228836 34
32.50877192982533 11
32.50877192982533 29
32.60526315789551 11
32.62280701754463 25
32.701754385965685 1
32.701754385965685 6
32.701754385965685 11
32.7894736842113 36
32.798245614035864 2
32.798245614035864 11
32.84210526315867 7
32.88596491228148 42
32.89473684210604 11
32.99122807017622 11
33.03508771929903 54
33.05263157894815 4
33.0877192982464 11
33.122807017544645 24
33.15789473684289 43
33.184210526316576 11
33.21052631579026 17
33.21929824561482 3
33.25438596491307 46
33.26315789473763 48
33.26315789473763 56
33.280701754386754 11
33.29824561403588 15
33.37719298245693 11
33.4298245614043 6
33.47368421052711 11
33.57017543859729 11
33.63157894736922 30
33.657894736842906 7
33.66666666666747 11
33.67543859649203 20
33.763157894737645 11
33.83333333333414 36
33.85087719298326 47
33.85087719298326 52
33.859649122807824 11
33.88596491228151 44
33.921052631579755 9
33.921052631579755 24
33.93859649122888 41
33.956140350878 11
33.956140350878 49
33.98245614035169 25
34.00877192982537 26
34.03508771929906 17
34.05263157894818 11
34.14912280701836 11
34.15789473684292 6
34.20175438596573 1
34.245614035088536 11
34.2543859649131 50
34.289473684211345 31
34.32456140350959 23
34.342105263158714 11
34.42982456140433 57
34.43859649122889 11
34.456140350878016 33
34.47368421052714 7
34.500000000000824 27
34.508771929825386 15
34.53508771929907 11
34.54385964912363 3
34.552631578948194 42
34.552631578948194 46
34.596491228071 0
34.63157894736925 11
34.64912280701837 16
34.719298245614866 24
34.72807017543943 11
34.824561403509605 11
34.85964912280785 17
34.877192982456975 36
34.877192982456975 44
34.877192982456975 53
34.88596491228154 6
34.921052631579784 11
35.01754385964996 11
35.10526315789558 12
35.11403508772014 11
35.15789473684295 5
35.18421052631663 4
35.21052631579032 11
35.28070175438681 7
35.307017543860496 11
35.34210526315874 25
35.403508771930674 11
35.50000000000085 11
35.517543859649976 24
35.59649122807103 11
35.614035087720154 6
35.63157894736928 9
35.68421052631665 17
35.69298245614121 11
35.719298245614894 15
35.719298245614894 47
35.74561403508858 14
35.74561403508858 22
35.74561403508858 28
35.771929824562264 43
35.78947368421139 11
35.824561403509634 38
35.85964912280788 32
35.86842105263244 3
35.885964912281565 11
35.89473684210613 48
35.91228070175525 30
35.92105263157981 36
35.982456140351744 11
36.07894736842192 11
36.08771929824648 7
36.11403508772017 10
36.1754385964921 11
36.24561403508859 42
36.27192982456228 11
36.2894736842114 2
36.307017543860525 39
36.315789473685086 24
36.34210526315877 6
36.368421052632456 11
36.45614035087807 41
36.464912280702634 11
36.50877192982544 17
36.56140350877281 11
36.60526315789562 1
36.631578947369306 34
36.65789473684299 11
36.66666666666755 50
36.7017543859658 25
36.71052631579036 12
36.75438596491317 11
36.789473684211416 37
36.85087719298335 11
36.894736842106155 7
36.9298245614044 15
36.947368421053525 11
36.96491228070265 36
37.0438596491237 11
37.07017543859739 6
37.1140350877202 24
37.14035087719388 11
37.14035087719388 11
37.16666666666757 20
37.18421052631669 0
37.19298245614125 3
37.23684210526406 11
37.27192982456231 27
37.28070175438687 5
37.30701754386055 55
37.315789473685115 4
37.33333333333424 11
37.35087719298336 17
37.35964912280792 9
37.429824561404416 11
37.44736842105354 16
37.526315789474594 11
37.587719298246526 47
37.62280701754477 11
37.631578947369334 57
37.70175438596583 7
37.71929824561495 11
37.798245614036006 6
37.81578947368513 11
37.87719298245706 44
37.91228070175531 11
37.91228070175531 24
37.947368421053554 42
38.008771929825485 11
38.008771929825485 36
38.03508771929917 48
38.04385964912373 43
38.061403508772855 25
38.10526315789566 11
38.114035087720225 52
38.14035087719391 15
38.14912280701847 40
38.17543859649216 17
38.20175438596584 11
38.20175438596584 30
38.29824561403602 11
38.31578947368514 23
38.3947368421062 11
38.491228070176376 11
38.5087719298255 7
38.51754385965006 3
38.52631578947462 6
38.587719298246554 11
38.68421052631673 11
38.701754385965856 1
38.71052631579042 24
38.78070175438691 11
38.78070175438691 11
38.87719298245709 11
38.903508771930774 39
38.97368421052727 11
39.00000000000095 17
39.05263157894832 36
39.070175438597445 9
39.070175438597445 11
39.16666666666762 11
39.18421052631675 12
39.24561403508868 14
39.25438596491324 6
39.2631578947378 11
39.31578947368517 7
39.35087719298342 15
39.35964912280798 11
39.35964912280798 54
39.385964912281665 42
39.40350877193079 50
39.42105263157991 25
39.447368421053596 4
39.45614035087816 11
39.45614035087816 47
39.50877192982553 24
39.51754385965009 53
39.552631578948336 11
39.5614035087729 0
39.649122807018514 11
39.649122807018514 20
39.74561403508869 11
39.78070175438694 2
39.82456140350975 17
39.84210526315887 3
39.84210526315887 11
39.87719298245712 43
39.89473684210624 26
39.93859649122905 11
39.98245614035186 6
40.017543859650104 48
40.03508771929923 11
40.06140350877291 10
40.06140350877291 22
40.06140350877291 32
40.09649122807116 36
40.122807017544844 7
40.131578947369405 11
40.16666666666765 41
40.21052631579046 46
40.22807017543958 11
40.24561403508871 16
40.30701754386064 24
40.32456140350976 11
40.42105263157994 11
40.46491228070275 35
40.49122807017643 30
40.51754385965012 11
40.561403508772926 15
40.614035087720296 11
40.63157894736942 42
40.64912280701854 17
40.710526315790474 6
40.710526315790474 11
40.719298245615036 27
40.73684210526416 28
40.78070175438697 9
40.78070175438697 25
40.80701754386065 11
40.83333333333434 34
40.90350877193083 11
40.929824561404516 7
40.9561403508782 12
41.00000000000101 11
41.09649122807119 11
41.10526315789575 24
41.140350877193995 36
41.16666666666768 3
41.192982456141365 11
41.245614035088735 38
41.28947368421154 11
41.32456140350979 47
41.38596491228172 11
41.43859649122909 6
41.47368421052734 17
41.47368421052734 52
41.4824561403519 11
41.54385964912383 1
41.57894736842208 4
41.57894736842208 11
41.675438596492256 11
41.73684210526419 7
41.771929824562434 11
41.771929824562434 15
41.771929824562434 46
41.79824561403612 37
41.86842105263261 11
41.8947368421063 50
41.90350877193086 24
41.96491228070279 0
41.96491228070279 11
42.06140350877297 11
42.140350877194024 25
42.149122807018585 48
42.15789473684315 11
42.16666666666771 6
42.18421052631683 36
42.201754385965955 12
42.21929824561508 20
42.2368421052642 23
42.254385964913325 8
42.254385964913325 11
42.28070175438701 44
42.298245614036134 17
42.3508771929835 11
42.44736842105368 11
42.48245614035193 9
42.49122807017649 3
42.517543859650175 39
42.54385964912386 7
42.54385964912386 11
42.64035087719404 11
42.64035087719404 29
42.70175438596597 24
42.736842105264216 11
42.74561403508878 14
42.7631578947379 1
42.780701754387024 30
42.80701754386071 49
42.833333333334394 11
42.894736842106326 6
42.91228070175545 5
42.92982456140457 11
42.92982456140457 33
42.98245614035194 15
43.02631578947475 11
43.043859649123874 16
43.105263157895806 46
43.12280701754493 11
43.12280701754493 17
43.18421052631686 47
43.210526315790545 43
43.21929824561511 11
43.21929824561511 53
43.22807017543967 36
43.22807017543967 40
43.27192982456248 2
43.315789473685285 11
43.35087719298353 7
43.37719298245722 44
43.41228070175546 11
43.50000000000108 24
43.50000000000108 25
43.50877192982564 11
43.59649122807126 55
43.60526315789582 11
43.62280701754494 6
43.701754385966 11
43.71052631579056 4
43.798245614036176 11
43.8157894736853 3
43.88596491228179 29
43.894736842106354 11
43.947368421053724 17
43.99122807017653 11
44.008771929825656 10
44.08771929824671 11
44.12280701754496 48
44.157894736843204 7
44.18421052631689 9
44.18421052631689 11
44.19298245614145 15
44.20175438596601 27
44.271929824562505 36
44.28070175438707 11
44.28947368421163 44
44.29824561403619 24
44.35087719298356 6
44.377192982457245 11
44.377192982457245 22
44.39473684210637 50
44.47368421052742 11
44.49122807017655 46
44.535087719299355 1
44.54385964912392 52
44.55263157894848 42
44.5701754385976 11
44.66666666666778 11
44.71929824561515 43
44.76315789473796 11
44.77192982456252 17
44.859649122808136 11
44.859649122808136 25
44.88596491228182 32
44.903508771930944 29
44.956140350878314 11
44.97368421052744 7
45.03508771929937 34
45.05263157894849 11
45.05263157894849 47
45.061403508773054 30
45.07894736842218 6
45.0964912280713 24
45.14035087719411 3
45.14912280701867 11
45.24561403508885 11
45.31578947368534 36
45.34210526315903 11
45.40350877193096 15
45.438596491229205 11
45.53508771929938 11
45.596491228071315 17
45.63157894736956 11
45.72807017543974 11
45.72807017543974 28
45.78947368421167 7
45.807017543860795 6
45.82456140350992 11
45.84210526315904 4
45.84210526315904 16
45.89473684210641 9
45.89473684210641 24
45.921052631580096 11
46.017543859650274 11
46.026315789474836 42
46.10526315789589 48
46.11403508772045 11
46.131578947369576 23
46.184210526316946 38
46.21052631579063 11
46.21929824561519 25
46.24561403508888 12
46.24561403508888 14
46.24561403508888 45
46.263157894738 54
46.280701754387124 20
46.30701754386081 11
46.30701754386081 43
46.35964912280818 36
46.40350877193099 11
46.42105263158011 17
46.46491228070292 3
46.500000000001165 11
46.53508771929941 6
46.59649122807134 11
46.605263157895905 7
46.61403508772047 15
46.61403508772047 41
46.69298245614152 11
46.69298245614152 24
46.710526315790645 39
46.71929824561521 44
46.763157894738015 2
46.7894736842117 11
46.80701754386082 37
46.824561403509946 56
46.88596491228188 11
46.921052631580125 47
46.982456140352056 11
47.00877192982574 29
47.078947368422234 11
47.140350877194166 27
47.17543859649241 11
47.245614035088906 17
47.26315789473803 6
47.27192982456259 11
47.298245614036276 57
47.342105263159084 30
47.36842105263277 11
47.37719298245733 12
47.403508771931016 36
47.42105263158014 7
47.4298245614047 44
47.46491228070295 11
47.49122807017663 24
47.561403508773125 11
47.57894736842225 25
47.60526315789593 9
47.62280701754506 46
47.6578947368433 11
47.75438596491348 11
47.78947368421173 3
47.824561403509975 15
47.85087719298366 11
47.94736842105384 11
47.9561403508784 10
47.97368421052752 4
47.991228070176646 6
48.035087719299455 53
48.043859649124016 11
48.0701754385977 17
48.140350877194194 11
48.23684210526437 7
48.23684210526437 11
48.245614035088934 42
48.254385964913496 52
48.26315789473806 50
48.28947368421174 24
48.33333333333455 11
48.359649122808236 1
48.42982456140473 11
48.44736842105385 36
48.508771929825784 12
48.508771929825784 26
48.517543859650345 19
48.52631578947491 11
48.57894736842228 41
48.622807017545085 11
48.64035087719421 16
48.64035087719421 44
48.66666666666789 35
48.69298245614158 22
48.7105263157907 20
48.71929824561526 6
48.71929824561526 11
48.73684210526439 0
48.780701754387195 47
48.81578947368544 11
48.8947368421065 17
48.91228070175562 11
48.938596491229305 25
48.98245614035211 48
49.0087719298258 11
49.0087719298258 49
49.03508771929948 8
49.03508771929948 15
49.03508771929948 15
49.043859649124045 7
49.06140350877317 43
49.08771929824685 24
49.105263157895976 11
49.11403508772054 3
49.201754385966154 11
49.22807017543984 34
49.29824561403633 11
49.307017543860894 9
49.359649122808264 42
49.37719298245739 44
49.39473684210651 11
49.44736842105388 6
49.49122807017669 11
49.49122807017669 36
49.570175438597744 1
49.58771929824687 11
49.60526315789599 27
49.60526315789599 55
49.622807017545114 30
49.64035087719424 12
49.684210526317045 11
49.70175438596617 46
49.71929824561529 17
49.74561403508898 14
49.75438596491354 44
49.78070175438722 11
49.85087719298372 7
49.8771929824574 11
49.88596491228196 24
49.93859649122933 57
49.97368421052758 11
50.01754385965039 29
50.02631578947495 23
50.03508771929951 32
50.07017543859776 11
50.105263157896005 4
50.166666666667936 11
50.1754385964925 6
50.24561403508899 15
50.25438596491355 2
50.263157894738114 11
50.2894736842118 33
50.29824561403636 25
50.35964912280829 11
50.43859649122935 3
50.45614035087847 11
50.473684210527594 42
50.535087719299526 36
50.54385964912409 17
50.55263157894865 11
50.64912280701883 11
50.64912280701883 47
50.65789473684339 7
50.67543859649251 50
50.684210526317074 24
50.71929824561532 28
50.745614035089005 11
50.77192982456269 12
50.84210526315918 11
50.87719298245743 40
50.903508771931115 6
50.91228070175568 41
50.93859649122936 11
50.956140350878485 48
50.97368421052761 54
50.99122807017673 43
51.008771929825855 9
51.03508771929954 11
51.03508771929954 44
51.122807017545156 45
51.13157894736972 11
51.14035087719428 20
51.219298245615335 52
51.228070175439896 11
51.324561403510074 11
51.36842105263288 17
51.42105263158025 11
51.429824561404814 38
51.438596491229376 16
51.4561403508785 15
51.47368421052762 7
51.482456140352184 24
51.51754385965043 11
51.57894736842236 36
51.587719298246924 42
51.61403508772061 11
51.63157894736973 6
51.65789473684342 25
51.71052631579079 11
51.76315789473816 3
51.78947368421184 0
51.807017543860965 11
51.81578947368553 37
51.8684210526329 39
51.90350877193114 10
51.90350877193114 11
51.90350877193114 12
51.90350877193114 30
51.912280701755705 46
52.00000000000132 11
52.05263157894869 27
52.07894736842238 49
52.0964912280715 11
52.131578947369746 56
52.19298245614168 11
52.19298245614168 17
52.236842105264486 4
52.280701754387294 7
52.280701754387294 24
52.289473684211856 11
52.30701754386098 5
52.35964912280835 6
52.35964912280835 57
52.385964912282034 11
52.48245614035221 11
52.5087719298259 47
52.51754385965046 1
52.57894736842239 11
52.58771929824695 19
52.6228070175452 36
52.66666666666801 15
52.67543859649257 11
52.701754385966254 42
52.71929824561538 9
52.77192982456275 11
52.868421052632925 11
52.921052631580295 41
52.93859649122942 48
52.95614035087854 29
52.9649122807031 11
53.00000000000135 26
53.00877192982591 22
53.01754385965047 17
53.01754385965047 25
53.0350877192996 12
53.06140350877328 11
53.078947368422405 24
53.08771929824697 3
53.08771929824697 6
53.08771929824697 7
53.08771929824697 50
53.15789473684346 11
53.245614035089076 14
53.25438596491364 11
53.350877192983816 11
53.36842105263294 46
53.42105263158031 34
53.447368421053994 11
53.52631578947505 5
53.54385964912417 11
53.57017543859786 20
53.64035087719435 11
53.666666666668036 36
53.710526315790844 1
53.73684210526453 11
53.74561403508909 2
53.815789473685584 6
53.815789473685584 42
53.83333333333471 11
53.84210526315927 17
53.85964912280839 35
53.877192982457515 15
53.877192982457515 24
53.88596491228208 43
53.89473684210664 7
53.921052631580324 23
53.929824561404885 11
54.00000000000138 53
54.02631578947506 11
54.12280701754524 11
54.16666666666805 12
54.18421052631717 30
54.21929824561542 11
54.23684210526454 16
54.3157894736856 11
54.36842105263297 0
54.36842105263297 4
54.37719298245753 25
54.37719298245753 47
54.412280701755776 3
54.412280701755776 11
54.4298245614049 9
54.50000000000139 27
54.508771929825954 11
54.52631578947508 55
54.5438596491242 6
54.60526315789613 11
54.666666666668064 17
54.675438596492626 24
54.70175438596631 7
54.70175438596631 11
54.71052631579087 36
54.79824561403649 11
54.85964912280842 44
54.89473684210667 11
54.91228070175579 48
54.929824561404914 31
54.929824561404914 42
54.991228070176845 11
55.08771929824702 11
55.08771929824702 15
55.14035087719439 49
55.1842105263172 1
55.1842105263172 11
55.27192982456282 6
55.28070175438738 11
55.2982456140365 12
55.315789473685626 46
55.33333333333475 39
55.37719298245756 11
55.38596491228212 32
55.473684210527736 11
55.473684210527736 24
55.49122807017686 17
55.50000000000142 50
55.50877192982598 7
55.570175438597914 11
55.66666666666809 11
55.7105263157909 28
55.736842105264586 3
55.736842105264586 25
55.75438596491371 36
55.76315789473827 11
55.81578947368564 45
55.85087719298389 10
55.85964912280845 11
55.95614035087863 8
55.95614035087863 11
55.97368421052775 52
56.000000000001435 6
56.000000000001435 20
56.052631578948805 11
56.07017543859793 33
56.13157894736986 9
56.14912280701898 11
56.20175438596635 57
56.24561403508916 11
56.24561403508916 47
56.27192982456285 24
56.29824561403653 15
56.315789473685655 7
56.315789473685655 17
56.34210526315934 11
56.40350877193127 44
56.429824561404956 12
56.43859649122952 11
56.49122807017689 30
56.50000000000145 4
56.535087719299696 11
56.535087719299696 38
56.60526315789619 41
56.631578947369874 11
56.631578947369874 42
56.692982456141806 46
56.72807017544005 6
56.72807017544005 11
56.745614035089176 14
56.798245614036546 36
56.82456140351023 11
56.82456140351023 37
56.894736842106724 48
56.92105263158041 11
56.947368421054094 27
57.01754385965059 11
57.03508771929971 16
57.052631578948834 1
57.061403508773395 3
57.07017543859796 24
57.09649122807164 25
57.114035087720765 11
57.12280701754533 7
57.14035087719445 17
57.21052631579094 11
57.23684210526463 2
57.30701754386112 11
57.324561403510245 22
57.385964912282176 40
57.385964912282176 44
57.4035087719313 11
57.429824561404985 0
57.45614035087867 6
57.50000000000148 11
57.50877192982604 15
57.50877192982604 54
57.56140350877341 12
57.596491228071656 11
57.61403508772078 34
57.65789473684359 56
57.692982456141834 11
57.71052631579096 43
57.745614035089204 42
57.745614035089204 44
57.78947368421201 11
57.78947368421201 23
57.83333333333482 9
57.84210526315938 36
57.86842105263307 24
57.86842105263307 26
57.88596491228219 11
57.89473684210675 39
57.912280701755876 50
57.929824561405 7
57.964912280703246 17
57.98245614035237 11
58.07894736842255 11
58.114035087720794 47
58.175438596492725 11
58.18421052631729 6
58.20175438596641 49
58.21052631579097 55
58.2719298245629 11
58.36842105263308 11
58.37719298245764 46
58.385964912282205 3
58.42982456140501 20
58.4561403508787 25
58.46491228070326 11
58.56140350877344 11
58.56140350877344 53
58.570175438598 57
58.63157894736993 4
58.657894736843616 11
58.66666666666818 24
58.69298245614186 12
58.71929824561555 15
58.73684210526467 7
58.754385964913794 11
58.77192982456292 30
58.78947368421204 17
58.85087719298397 11
58.859649122808534 42
58.868421052633096 48
58.88596491228222 36
58.912280701755904 6
58.94736842105415 11
58.973684210527836 1
59.04385964912433 11
59.14035087719451 11
59.22807017544012 35
59.236842105264685 11
59.33333333333486 11
59.394736842106795 27
59.42982456140504 11
59.42982456140504 52
59.45614035087873 44
59.46491228070329 24
59.52631578947522 11
59.54385964912434 7
59.54385964912434 9
59.614035087720836 17
59.6228070175454 11
59.64035087719452 6
59.710526315791014 3
59.719298245615576 11
59.7368421052647 41
59.79824561403663 10
59.80701754386119 32
59.815789473685754 11
59.815789473685754 25
59.824561403510316 12
59.83333333333488 16
59.91228070175593 11
59.929824561405056 15
59.929824561405056 36
59.929824561405056 43
59.973684210527864 42
59.982456140352426 47
