0.017543859649122806 52
0.07017543859649122 12
0.07017543859649122 17
0.08771929824561403 44
0.10526315789473684 58
0.11403508771929824 26
0.14035087719298245 16
0.16666666666666666 1
0.16666666666666666 57
0.22807017543859648 19
0.24561403508771928 33
0.26315789473684215 15
0.2719298245614036 2
0.342105263157895 30
0.342105263157895 56
0.3859649122807022 42
0.41228070175438647 7
0.41228070175438647 23
0.43859649122807076 24
0.43859649122807076 25
0.4561403508771936 48
0.46491228070175505 32
0.4736842105263165 22
0.5350877192982465 47
0.5438596491228079 5
0.6403508771929837 34
0.6491228070175451 3
0.789473684210528 27
0.8596491228070194 46
0.9035087719298266 28
0.9473684210526337 38
0.9473684210526337 40
1.0000000000000022 17
1.0000000000000022 31
1.0438596491228094 43
1.0526315789473708 41
1.1403508771929851 4
1.2368421052631609 24
1.3157894736842137 29
1.3333333333333366 7
1.3684210526315823 1
1.605263157894741 15
1.728070175438601 14
1.7456140350877238 6
1.7456140350877238 8
1.7982456140350924 25
1.8596491228070224 10
1.8684210526315839 44
1.8771929824561453 36
1.8771929824561453 37
1.8859649122807067 42
1.9824561403508825 3
2.03508771929825 24
2.10526315789474 19
2.1666666666666683 7
2.1754385964912295 46
2.1842105263157907 12
2.201754385964913 11
2.2280701754385968 20
2.271929824561403 44
2.2982456140350864 11
2.3070175438596476 55
2.315789473684209 17
2.403508771929821 11
2.4210526315789433 19
2.4298245614035046 9
2.4736842105263106 6
2.4999999999999942 11
2.526315789473678 47
2.535087719298239 1
2.5964912280701675 11
2.6491228070175348 30
2.692982456140341 11
2.7105263157894632 44
2.789473684210514 11
2.83333333333332 24
2.868421052631565 36
2.8859649122806874 11
2.9385964912280547 15
2.9824561403508607 11
2.999999999999983 7
3.0087719298245443 16
3.078947368421034 11
3.087719298245595 52
3.157894736842085 25
3.1754385964912073 11
3.201754385964891 6
3.2192982456140133 4
3.2719298245613806 11
3.3157894736841866 3
3.368421052631554 11
3.421052631578921 58
3.464912280701727 11
3.5614035087719005 11
3.63157894736839 24
3.6403508771929514 48
3.657894736842074 11
3.666666666666635 1
3.710526315789441 27
3.7368421052631247 39
3.7368421052631247 43
3.754385964912247 11
3.7631578947368083 2
3.833333333333298 7
3.8508771929824204 11
3.8508771929824204 46
3.8596491228069816 36
3.877192982456104 17
3.9298245614034713 6
3.9298245614034713 42
3.9473684210525937 11
4.043859649122769 11
4.105263157894701 57
4.140350877192947 11
4.175438596491194 12
4.2368421052631255 11
4.2631578947368105 15
4.333333333333304 11
4.385964912280674 5
4.429824561403482 11
4.429824561403482 24
4.438596491228044 9
4.4649122807017285 47
4.517543859649098 25
4.52631578947366 11
4.622807017543838 11
4.649122807017523 3
4.657894736842085 6
4.6666666666666465 7
4.7192982456140165 11
4.815789473684195 11
4.824561403508756 22
4.833333333333318 32
4.850877192982441 36
4.912280701754373 11
5.008771929824551 11
5.105263157894729 11
5.157894736842099 30
5.201754385964907 11
5.228070175438592 24
5.289473684210524 46
5.2982456140350855 4
5.2982456140350855 11
5.315789473684209 56
5.333333333333332 14
5.385964912280702 6
5.385964912280702 26
5.394736842105264 11
5.412280701754387 19
5.491228070175442 11
5.5000000000000036 7
5.5000000000000036 34
5.5000000000000036 43
5.53508771929825 20
5.578947368421058 8
5.58771929824562 11
5.596491228070182 15
5.605263157894743 44
5.622807017543867 48
5.657894736842113 55
5.684210526315798 11
5.7543859649122915 17
5.833333333333346 28
5.842105263157908 36
5.868421052631593 42
5.877192982456155 16
5.877192982456155 25
5.9824561403508945 3
5.991228070175456 41
5.991228070175456 52
6.026315789473703 24
6.035087719298264 23
6.052631578947388 1
6.105263157894758 33
6.114035087719319 6
6.280701754385991 9
6.324561403508799 7
6.394736842105292 47
6.482456140350909 29
6.517543859649155 27
6.640350877193018 17
6.824561403508813 24
6.833333333333375 36
6.842105263157936 6
6.850877192982498 37
6.877192982456183 58
6.903508771929868 19
6.921052631578991 15
6.929824561403553 11
7.035087719298293 11
7.140350877193033 11
7.149122807017594 7
7.149122807017594 38
7.166666666666718 42
7.175438596491279 19
7.236842105263211 25
7.2456140350877725 11
7.254385964912334 2
7.280701754386019 12
7.298245614035142 1
7.315789473684266 3
7.342105263157951 11
7.377192982456197 4
7.438596491228129 11
7.473684210526375 17
7.473684210526375 17
7.526315789473745 30
7.535087719298307 11
7.535087719298307 44
7.570175438596554 6
7.6228070175439235 24
7.631578947368485 11
7.640350877193047 39
7.684210526315855 40
7.728070175438663 11
7.736842105263225 19
7.8245614035088416 11
7.8245614035088416 36
7.92105263157902 11
7.938596491228143 48
7.982456140350951 7
8.017543859649198 11
8.070175438596568 20
8.070175438596568 43
8.105263157894814 49
8.114035087719376 11
8.210526315789554 11
8.2456140350878 15
8.29824561403517 6
8.307017543859732 11
8.342105263157979 47
8.377192982456226 12
8.40350877192991 11
8.421052631579034 24
8.45614035087728 46
8.464912280701842 17
8.500000000000089 11
8.543859649122897 41
8.596491228070267 11
8.596491228070267 25
8.649122807017637 3
8.684210526315884 19
8.692982456140445 11
8.745614035087815 16
8.789473684210623 11
8.815789473684308 7
8.815789473684308 36
8.885964912280802 11
8.894736842105363 14
8.98245614035098 11
9.017543859649226 1
9.026315789473788 6
9.078947368421158 11
9.149122807017651 22
9.166666666666774 42
9.175438596491336 11
9.175438596491336 32
9.219298245614144 24
9.271929824561514 11
9.35087719298257 44
9.368421052631692 11
9.456140350877309 4
9.46491228070187 11
9.46491228070187 27
9.473684210526432 12
9.561403508772049 11
9.57017543859661 15
9.649122807017665 7
9.657894736842227 11
9.754385964912405 6
9.754385964912405 11
9.763157894736967 17
9.763157894736967 55
9.807017543859775 36
9.807017543859775 57
9.824561403508898 31
9.824561403508898 50
9.83333333333346 30
9.842105263158022 46
9.850877192982583 11
9.88596491228083 19
9.929824561403638 48
9.947368421052762 11
9.956140350877323 25
9.982456140351008 3
10.008771929824693 29
10.017543859649255 24
10.04385964912294 11
10.140350877193118 11
10.236842105263296 11
10.289473684210666 47
10.333333333333474 11
10.429824561403652 11
10.482456140351022 6
10.482456140351022 7
10.52631578947383 11
10.52631578947383 39
10.552631578947516 20
10.570175438596639 12
10.622807017544009 11
10.692982456140502 26
10.719298245614187 11
10.745614035087872 2
10.754385964912434 28
10.798245614035242 9
10.798245614035242 36
10.815789473684365 11
10.815789473684365 17
10.815789473684365 24
10.89473684210542 15
10.912280701754543 11
11.008771929824722 11
11.1052631578949 11
11.1052631578949 44
11.149122807017708 19
11.201754385965078 1
11.201754385965078 11
11.21052631578964 6
11.289473684210694 34
11.298245614035256 11
11.298245614035256 42
11.31578947368438 3
11.31578947368438 7
11.31578947368438 25
11.324561403508941 10
11.394736842105434 11
11.491228070175612 11
11.53508771929842 4
11.58771929824579 11
11.614035087719476 16
11.614035087719476 24
11.631578947368599 17
11.666666666666845 12
11.684210526315969 11
11.780701754386147 11
11.789473684210709 36
11.824561403508955 37
11.877192982456325 11
11.894736842105448 56
11.938596491228257 6
11.973684210526503 11
12.070175438596682 11
12.149122807017736 7
12.149122807017736 30
12.16666666666686 11
12.175438596491421 49
12.201754385965106 58
12.21929824561423 15
12.263157894737038 11
12.2719298245616 47
12.307017543859846 41
12.359649122807216 11
12.412280701754586 24
12.447368421052833 14
12.447368421052833 17
12.456140350877394 11
12.517543859649326 38
12.517543859649326 48
12.53508771929845 9
12.54385964912301 33
12.552631578947572 11
12.587719298245819 1
12.631578947368627 43
12.64912280701775 3
12.64912280701775 11
12.64912280701775 23
12.666666666666874 6
12.675438596491436 25
12.745614035087929 11
12.763157894737052 12
12.780701754386175 36
12.842105263158107 11
12.938596491228285 11
12.982456140351093 7
13.008771929824778 39
13.01754385964934 20
13.01754385964934 52
13.035087719298463 11
13.087719298245833 19
13.131578947368642 11
13.210526315789696 24
13.22807017543882 11
13.263157894737066 17
13.298245614035313 27
13.324561403508998 11
13.38596491228093 42
13.394736842105491 6
13.421052631579176 11
13.473684210526546 22
13.473684210526546 22
13.517543859649354 11
13.526315789473916 32
13.54385964912304 15
13.614035087719532 4
13.614035087719532 11
13.71052631578971 11
13.76315789473708 44
13.771929824561642 36
13.807017543859889 11
13.81578947368445 7
13.859649122807259 12
13.877192982456382 8
13.903508771930067 11
13.982456140351122 3
14.000000000000245 11
14.008771929824807 24
14.017543859649368 19
14.035087719298492 25
14.0789473684213 17
14.096491228070423 11
14.122807017544108 6
14.192982456140601 11
14.210526315789725 47
14.23684210526341 2
14.23684210526341 2
14.245614035087971 1
14.245614035087971 9
14.263157894737095 46
14.28947368421078 11
14.385964912280958 11
14.44736842105289 30
14.482456140351136 11
14.482456140351136 16
14.508771929824821 40
14.578947368421314 11
14.596491228070438 48
14.640350877193246 7
14.675438596491492 11
14.736842105263424 57
14.763157894737109 36
14.77192982456167 11
14.807017543859917 24
14.850877192982725 6
14.850877192982725 19
14.868421052631849 11
14.868421052631849 15
14.894736842105534 17
14.956140350877465 12
14.964912280702027 11
15.061403508772205 11
15.105263157895013 42
15.131578947368698 55
15.157894736842383 11
15.166666666666945 50
15.184210526316068 19
15.254385964912561 11
15.263157894737123 26
15.315789473684493 3
15.35087719298274 11
15.394736842105548 25
15.447368421052918 11
15.464912280702041 7
15.482456140351164 20
15.517543859649411 41
15.543859649123096 11
15.578947368421343 6
15.605263157895028 24
15.640350877193274 11
15.67543859649152 28
15.692982456140644 4
15.710526315789767 17
15.719298245614329 1
15.736842105263452 11
15.754385964912576 36
15.754385964912576 44
15.83333333333363 11
15.929824561403809 11
15.964912280702055 9
16.000000000000302 14
16.026315789473987 11
16.052631578947672 12
16.122807017544165 11
16.166666666666973 47
16.19298245614066 15
16.20175438596522 10
16.219298245614343 11
16.289473684210837 39
16.298245614035398 7
16.30701754385996 6
16.31578947368452 11
16.333333333333645 5
16.403508771930138 24
16.4122807017547 11
16.438596491228385 44
16.508771929824878 11
16.526315789474 17
16.552631578947686 27
16.587719298245933 48
16.605263157895056 11
16.649122807017864 3
16.68421052631611 46
16.701754385965234 11
16.73684210526348 30
16.745614035088042 36
16.754385964912604 25
16.798245614035412 11
16.798245614035412 37
16.824561403509097 44
16.859649122807344 19
16.89473684210559 11
16.903508771930152 56
16.929824561403837 49
16.94736842105296 23
16.99122807017577 11
17.035087719298577 6
17.061403508772262 33
17.087719298245947 11
17.10526315789507 34
17.131578947368755 7
17.14912280701788 12
17.175438596491563 29
17.184210526316125 11
17.20175438596525 24
17.26315789473718 57
17.280701754386303 11
17.280701754386303 45
17.342105263158235 17
17.350877192982797 16
17.37719298245648 11
17.394736842105605 1
17.47368421052666 11
17.47368421052666 43
17.517543859649468 15
17.570175438596838 11
17.570175438596838 41
17.5789473684214 50
17.63157894736877 38
17.666666666667016 11
17.68421052631614 9
17.6929824561407 42
17.728070175438948 2
17.73684210526351 36
17.763157894737194 6
17.763157894737194 11
17.771929824561756 4
17.78947368421088 22
17.859649122807372 11
17.938596491228427 20
17.95614035087755 11
17.964912280702112 7
17.982456140351236 3
18.00000000000036 24
18.05263157894773 11
18.05263157894773 52
18.1052631578951 32
18.1052631578951 47
18.11403508771966 25
18.149122807017907 11
18.15789473684247 17
18.16666666666703 46
18.245614035088085 11
18.245614035088085 12
18.342105263158263 11
18.350877192982825 5
18.359649122807387 55
18.43859649122844 11
18.49122807017581 6
18.53508771929862 11
18.53508771929862 48
18.631578947368798 11
18.675438596491606 1
18.728070175438976 11
18.728070175438976 36
18.79824561403547 7
18.79824561403547 24
18.824561403509154 11
18.842105263158277 15
18.894736842105647 44
18.921052631579332 11
18.973684210526702 17
19.01754385964951 11
19.026315789474072 30
19.11403508771969 11
19.210526315789867 11
19.21929824561443 6
19.263157894737237 27
19.298245614035483 58
19.307017543860045 11
19.315789473684607 3
19.32456140350917 43
19.34210526315829 12
19.37719298245654 19
19.39473684210566 9
19.403508771930223 11
19.421052631579347 39
19.473684210526716 25
19.5000000000004 11
19.55263157894777 14
19.59649122807058 11
19.59649122807058 24
19.631578947368826 7
19.64912280701795 46
19.692982456140758 11
19.71052631578988 42
19.719298245614443 36
19.789473684210936 11
19.789473684210936 17
19.80701754386006 44
19.850877192982868 4
19.885964912281114 11
19.947368421053046 6
19.982456140351292 11
20.035087719298662 47
20.07894736842147 11
20.166666666667087 15
20.17543859649165 1
20.17543859649165 11
20.219298245614457 16
20.271929824561827 11
20.368421052632005 11
20.39473684210569 20
20.39473684210569 24
20.4385964912285 12
20.464912280702183 7
20.464912280702183 11
20.56140350877236 11
20.596491228070608 28
20.60526315789517 17
20.649122807017978 3
20.65789473684254 11
20.675438596491663 6
20.71052631578991 36
20.754385964912718 11
20.76315789473728 19
20.780701754386403 52
20.82456140350921 26
20.833333333333773 25
20.833333333333773 48
20.850877192982896 11
20.947368421053074 11
21.043859649123252 11
21.14035087719343 9
21.14035087719343 11
21.1929824561408 24
21.219298245614485 2
21.23684210526361 11
21.29824561403554 7
21.307017543860102 30
21.333333333333787 11
21.40350877193028 6
21.40350877193028 41
21.421052631579403 17
21.429824561403965 11
21.491228070175897 15
21.526315789474143 11
21.535087719298705 12
21.535087719298705 34
21.57017543859695 23
21.62280701754432 11
21.701754385965376 36
21.7192982456145 11
21.745614035088185 19
21.77192982456187 37
21.815789473684678 11
21.894736842105733 29
21.912280701754856 11
21.92982456140398 4
21.973684210526788 46
21.98245614035135 3
21.98245614035135 47
21.99122807017591 24
22.008771929825034 11
22.105263157895212 11
22.105263157895212 22
22.131578947368897 6
22.131578947368897 7
22.157894736842582 31
22.19298245614083 25
22.20175438596539 11
22.20175438596539 55
22.236842105263637 17
22.263157894737322 43
22.29824561403557 11
22.394736842105747 11
22.482456140351363 42
22.482456140351363 57
22.491228070175925 11
22.491228070175925 11
22.50877192982505 38
22.50877192982505 50
22.552631578947857 39
22.587719298246103 11
22.596491228070665 32
22.63157894736891 12
22.67543859649172 44
22.68421052631628 11
22.692982456140843 36
22.692982456140843 56
22.719298245614528 19
22.719298245614528 49
22.78070175438646 11
22.78947368421102 24
22.78947368421102 48
22.815789473684706 15
22.850877192982953 20
22.859649122807514 6
22.877192982456638 11
22.8859649122812 9
22.964912280702254 7
22.973684210526816 11
23.05263157894787 17
23.070175438596994 11
23.087719298246117 16
23.09649122807068 14
23.166666666667172 11
23.26315789473735 11
23.31578947368472 3
23.35964912280753 11
23.36842105263209 46
23.385964912281214 29
23.438596491228584 1
23.456140350877707 11
23.543859649123323 27
23.552631578947885 11
23.552631578947885 25
23.552631578947885 58
23.561403508772447 19
23.57894736842157 30
23.58771929824613 6
23.58771929824613 24
23.649122807018063 11
23.68421052631631 36
23.69298245614087 44
23.728070175439118 12
23.74561403508824 11
23.78947368421105 42
23.79824561403561 7
23.84210526315842 11
23.868421052632105 17
23.912280701754913 47
23.921052631579474 33
23.938596491228598 11
23.991228070175968 19
24.00877192982509 4
24.035087719298776 11
24.131578947368954 11
24.140350877193516 15
24.228070175439132 11
24.228070175439132 52
24.31578947368475 6
24.32456140350931 11
24.385964912281242 24
24.42105263157949 11
24.517543859649667 11
24.614035087719845 11
24.63157894736897 7
24.63157894736897 9
24.64912280701809 3
24.675438596491777 36
24.68421052631634 17
24.710526315790023 2
24.710526315790023 11
24.736842105263708 10
24.74561403508827 48
24.8070175438602 11
24.824561403509325 12
24.90350877193038 11
24.91228070175494 25
25.000000000000558 11
25.043859649123366 6
25.052631578947928 43
25.096491228070736 11
25.184210526316352 24
25.192982456140914 11
25.289473684211092 11
25.307017543860216 19
25.307017543860216 20
25.38596491228127 11
25.447368421053202 23
25.464912280702325 7
25.464912280702325 15
25.48245614035145 11
25.500000000000572 17
25.517543859649695 28
25.578947368421627 11
25.666666666667243 36
25.675438596491805 11
25.69298245614093 57
25.728070175439175 50
25.771929824561983 6
25.771929824561983 11
25.789473684211107 39
25.789473684211107 49
25.850877192983038 47
25.8596491228076 30
25.86842105263216 11
25.92105263157953 12
25.956140350877778 16
25.96491228070234 11
25.96491228070234 34
25.982456140351463 3
25.982456140351463 24
26.061403508772518 11
26.087719298246203 4
26.096491228070764 46
26.149122807018134 5
26.157894736842696 11
26.201754385965504 26
26.254385964912874 11
26.271929824561997 19
26.271929824561997 25
26.298245614035682 7
26.315789473684806 17
26.34210526315849 9
26.350877192983052 11
26.359649122807614 1
26.421052631579546 22
26.44736842105323 11
26.5000000000006 6
26.54385964912341 11
26.60526315789534 42
26.640350877193587 11
26.640350877193587 14
26.65789473684271 36
26.666666666667272 32
26.736842105263765 11
26.745614035088327 37
26.76315789473745 48
26.77192982456201 43
26.780701754386573 24
26.789473684211135 15
26.798245614035697 5
26.833333333333943 11
26.859649122807628 19
26.92982456140412 11
27.017543859649738 12
27.0263157894743 11
27.07894736842167 40
27.122807017544478 11
27.13157894736904 7
27.13157894736904 17
27.219298245614656 11
27.228070175439218 6
27.228070175439218 41
27.315789473684834 3
27.315789473684834 11
27.385964912281327 46
27.412280701755012 11
27.50877192982519 11
27.517543859649752 56
27.578947368421684 24
27.578947368421684 44
27.60526315789537 11
27.631578947369054 25
27.649122807018177 36
27.701754385965547 11
27.745614035088355 1
27.76315789473748 20
27.7807017543866 47
27.798245614035725 11
27.83333333333397 55
27.894736842105903 11
27.912280701755027 19
27.947368421053273 17
27.956140350877835 6
27.964912280702396 7
27.99122807017608 11
28.052631578948013 9
28.08771929824626 11
28.114035087719945 12
28.114035087719945 15
28.166666666667314 4
28.184210526316438 11
28.20175438596556 2
28.280701754386616 11
28.289473684211178 52
28.35964912280767 42
28.368421052632232 8
28.377192982456794 11
28.377192982456794 24
28.385964912281356 50
28.394736842105917 38
28.421052631579602 30
28.429824561404164 19
28.473684210526972 11
28.57017543859715 11
28.578947368421712 33
28.587719298246274 10
28.640350877193644 36
28.649122807018205 3
28.66666666666733 11
28.684210526316452 6
28.701754385965575 48
28.701754385965575 48
28.763157894737507 11
28.763157894737507 17
28.789473684211192 7
28.82456140350944 16
28.850877192983123 49
28.859649122807685 11
28.92982456140418 57
28.956140350877863 11
28.956140350877863 43
28.99122807017611 25
29.05263157894804 11
29.061403508772603 46
29.14912280701822 11
29.175438596491905 24
29.21052631579015 12
29.228070175439274 29
29.245614035088398 11
29.342105263158576 11
29.41228070175507 6
29.438596491228754 11
29.438596491228754 15
29.52631578947437 23
29.535087719298932 11
29.57894736842174 17
29.614035087719987 7
29.63157894736911 11
29.63157894736911 36
29.710526315790165 1
29.719298245614727 47
29.72807017543929 11
29.754385964912974 9
29.824561403509467 11
29.850877192983152 58
29.921052631579645 11
29.973684210527015 24
29.982456140351577 3
30.0000000000007 44
30.017543859649823 11
30.11403508772 11
30.131578947369125 5
30.140350877193686 6
30.184210526316495 14
30.21052631579018 11
30.21929824561474 20
30.245614035088426 4
30.307017543860358 11
30.307017543860358 12
30.350877192983166 25
30.394736842105974 17
30.403508771930536 11
30.438596491228783 7
30.438596491228783 27
30.438596491228783 28
30.500000000000714 11
30.561403508772646 34
30.596491228070892 11
30.622807017544577 36
30.6403508771937 48
30.657894736842824 19
30.69298245614107 11
30.701754385965632 30
30.73684210526388 22
30.763157894737564 15
30.771929824562125 24
30.78947368421125 11
30.79824561403581 50
30.85087719298318 44
30.868421052632304 6
30.868421052632304 42
30.885964912281427 11
30.95614035087792 43
30.982456140351605 11
31.043859649123537 19
31.078947368421783 11
31.17543859649196 11
31.210526315790208 17
31.27192982456214 7
31.27192982456214 11
31.289473684211263 1
31.315789473684948 3
31.368421052632318 11
31.394736842106003 57
31.403508771930564 12
31.403508771930564 52
31.43859649122881 55
31.464912280702496 9
31.464912280702496 11
31.526315789474427 19
31.54385964912355 56
31.561403508772674 11
31.570175438597236 24
31.59649122807092 6
31.59649122807092 40
31.614035087720044 36
31.657894736842852 11
31.666666666667414 47
31.6929824561411 2
31.6929824561411 16
31.710526315790222 25
31.719298245614784 37
31.75438596491303 11
31.789473684211277 44
31.842105263158647 32
31.85087719298321 11
31.91228070175514 49
31.929824561404264 46
31.947368421053387 11
32.02631578947444 17
32.04385964912356 11
32.070175438597246 26
32.08771929824637 15
32.10526315789549 7
32.14035087719374 11
32.18421052631655 19
32.23684210526392 11
32.271929824562164 41
32.29824561403585 39
32.324561403509534 4
32.324561403509534 6
32.333333333334096 11
32.36842105263234 1
32.36842105263234 24
32.429824561404274 11
32.438596491228836 10
32.50000000000077 12
32.52631578947445 11
32.57894736842182 48
32.60526315789551 36
32.62280701754463 11
32.649122807018315 3
32.675438596492 20
32.71929824561481 11
32.81578947368499 11
32.84210526315867 17
32.912280701755165 11
32.93859649122885 7
32.98245614035166 30
33.00877192982534 11
33.05263157894815 6
33.070175438597275 25
33.09649122807096 33
33.10526315789552 11
33.122807017544645 58
33.16666666666745 24
33.175438596492015 9
33.2017543859657 11
33.21052631579026 50
33.289473684211316 19
33.29824561403588 11
33.394736842106056 11
33.40350877193062 8
33.41228070175518 15
33.491228070176234 11
33.491228070176234 23
33.58771929824641 11
33.596491228070974 12
33.596491228070974 36
33.596491228070974 47
33.657894736842906 17
33.68421052631659 11
33.7280701754394 14
33.763157894737645 7
33.78070175438677 6
33.78070175438677 11
33.85087719298326 1
33.87719298245695 11
33.96491228070256 24
33.96491228070256 24
33.973684210527125 11
33.98245614035169 3
34.0701754385973 11
34.09649122807099 43
34.15789473684292 44
34.16666666666748 11
34.17543859649204 38
34.21052631579029 19
34.26315789473766 11
34.35964912280784 11
34.37719298245696 27
34.403508771930646 4
34.42982456140433 25
34.456140350878016 11
34.47368421052714 17
34.49122807017626 57
34.508771929825386 6
34.51754385964995 48
34.552631578948194 11
34.561403508772756 16
34.58771929824644 7
34.58771929824644 36
34.605263157895564 55
34.64912280701837 11
34.69298245614118 12
34.73684210526399 15
34.74561403508855 11
34.763157894737674 24
34.84210526315873 11
34.84210526315873 46
34.877192982456975 9
34.93859649122891 11
34.97368421052715 49
35.035087719299085 11
35.05263157894821 22
35.1228070175447 5
35.13157894736926 11
35.13157894736926 20
35.18421052631663 2
35.22807017543944 11
35.236842105264 6
35.26315789473769 30
35.28947368421137 17
35.31578947368506 3
35.32456140350962 11
35.359649122807866 28
35.412280701755236 7
35.4210526315798 11
35.456140350878044 42
35.517543859649976 11
35.52631578947454 47
35.5350877192991 5
35.561403508772784 24
35.57894736842191 36
35.614035087720154 11
35.622807017544716 50
35.71052631579033 11
35.73684210526402 34
35.78947368421139 5
35.78947368421139 12
35.78947368421139 25
35.80701754386051 11
35.85087719298332 44
35.86842105263244 56
35.90350877193069 11
35.96491228070262 6
36.00000000000087 11
36.00877192982543 32
36.0614035087728 15
36.096491228071045 11
36.10526315789561 17
36.19298245614122 11
36.24561403508859 7
36.2894736842114 10
36.2894736842114 11
36.359649122807895 24
36.38596491228158 11
36.464912280702634 43
36.464912280702634 48
36.48245614035176 4
36.48245614035176 11
36.570175438597374 36
36.578947368421936 11
36.5877192982465 9
36.59649122807106 26
36.60526315789562 44
36.64912280701843 3
36.65789473684299 1
36.675438596492114 11
36.69298245614124 6
36.69298245614124 37
36.71052631579036 39
36.77192982456229 11
36.833333333334224 46
36.86842105263247 11
36.885964912281594 12
36.92105263157984 17
36.92105263157984 52
36.96491228070265 11
36.991228070176334 19
37.0438596491237 42
37.06140350877283 11
37.07894736842195 7
37.14912280701844 25
37.157894736843005 11
37.157894736843005 24
37.18421052631669 58
37.20175438596581 57
37.25438596491318 11
37.27192982456231 14
37.35087719298336 11
37.38596491228161 15
37.41228070175529 23
37.421052631579855 6
37.429824561404416 16
37.44736842105354 11
37.4561403508781 47
37.54385964912372 11
37.54385964912372 30
37.56140350877284 36
37.587719298246526 20
37.62280701754477 44
37.640350877193896 11
37.66666666666758 40
37.736842105264074 11
37.736842105264074 17
37.83333333333425 11
37.85964912280794 33
37.91228070175531 7
37.92105263157987 19
37.92982456140443 11
37.956140350878115 24
37.97368421052724 27
37.9824561403518 3
37.9824561403518 12
38.02631578947461 11
38.03508771929917 49
38.03508771929917 50
38.12280701754479 11
38.14912280701847 6
38.219298245614965 11
38.29824561403602 9
38.31578947368514 11
38.31578947368514 43
38.35964912280795 42
38.41228070175532 11
38.41228070175532 48
38.5087719298255 11
38.5087719298255 25
38.52631578947462 19
38.55263157894831 17
38.55263157894831 36
38.56140350877287 4
38.60526315789568 11
38.67543859649217 2
38.701754385965856 11
38.71052631579042 15
38.745614035088664 7
38.754385964913226 24
38.78070175438691 44
38.798245614036034 11
38.87719298245709 6
38.89473684210621 11
38.93859649122902 1
38.99122807017639 11
39.04385964912376 19
39.07894736842201 12
39.08771929824657 11
39.10526315789569 55
39.18421052631675 11
39.280701754386925 11
39.30701754386061 38
39.31578947368517 3
39.333333333334295 41
39.36842105263254 17
39.36842105263254 22
39.3771929824571 11
39.40350877193079 44
39.40350877193079 47
39.47368421052728 11
39.543859649123775 36
39.552631578948336 24
39.57017543859746 11
39.57894736842202 7
39.58771929824658 29
39.605263157895706 6
39.66666666666764 11
39.66666666666764 56
39.763157894737816 11
39.807017543860624 43
39.82456140350975 30
39.859649122807994 11
39.868421052632556 25
39.95614035087817 11
40.00877192982554 9
40.03508771929923 15
40.04385964912379 20
40.05263157894835 11
40.14035087719397 1
40.14035087719397 10
40.14912280701853 11
40.175438596492214 12
40.184210526316775 17
40.236842105264145 19
40.24561403508871 11
40.28070175438695 28
40.29824561403608 16
40.33333333333432 6
40.342105263158885 11
40.342105263158885 46
40.35087719298345 24
40.35087719298345 48
40.36842105263257 42
40.41228070175538 7
40.42105263157994 27
40.43859649122906 11
40.447368421053625 50
40.46491228070275 44
40.53508771929924 11
40.53508771929924 36
40.561403508772926 19
40.59649122807117 32
40.63157894736942 11
40.64035087719398 4
40.64912280701854 3
40.7280701754396 11
40.815789473685214 14
40.824561403509776 11
40.921052631579954 11
41.00000000000101 17
41.01754385965013 11
41.026315789474694 52
41.035087719299256 44
41.06140350877294 6
41.06140350877294 19
41.09649122807119 49
41.11403508772031 11
41.11403508772031 26
41.14912280701856 24
41.21052631579049 11
41.22807017543961 25
41.245614035088735 7
41.245614035088735 34
41.27192982456242 12
41.30701754386067 11
41.30701754386067 23
41.33333333333435 47
41.35964912280804 15
41.403508771930845 11
41.46491228070278 43
41.47368421052734 39
41.50000000000102 11
41.52631578947471 36
41.5964912280712 11
41.666666666667695 37
41.69298245614138 11
41.719298245615065 9
41.771929824562434 41
41.771929824562434 42
41.78947368421156 6
41.78947368421156 11
41.80701754386068 58
41.81578947368524 17
41.84210526315893 5
41.885964912281736 11
41.94736842105367 24
41.982456140351914 3
41.982456140351914 11
42.0087719298256 44
42.07894736842209 7
42.07894736842209 11
42.10526315789578 30
42.16666666666771 2
42.17543859649227 11
42.27192982456245 11
42.34210526315894 48
42.36842105263263 11
42.36842105263263 12
42.464912280702805 11
42.50000000000105 20
42.517543859650175 6
42.517543859650175 19
42.517543859650175 36
42.56140350877298 11
42.58771929824667 1
42.58771929824667 25
42.60526315789579 44
42.631578947369476 17
42.65789473684316 11
42.684210526316846 15
42.71929824561509 4
42.74561403508878 24
42.75438596491334 11
42.842105263158956 46
42.85087719298352 11
42.85964912280808 50
42.885964912281764 42
42.91228070175545 7
42.947368421053696 11
43.00877192982563 40
43.043859649123874 11
43.14035087719405 11
43.16666666666774 16
43.23684210526423 11
43.24561403508879 6
43.254385964913354 8
43.254385964913354 27
43.254385964913354 33
43.263157894737915 47
43.315789473685285 3
43.33333333333441 11
43.4035087719309 19
43.421052631580025 9
43.42982456140459 11
43.44736842105371 17
43.46491228070283 12
43.50877192982564 36
43.526315789474765 11
43.54385964912389 24
43.61403508772038 44
43.62280701754494 11
43.684210526316875 22
43.71929824561512 11
43.736842105264245 7
43.77192982456249 1
43.8157894736853 11
43.91228070175548 11
43.947368421053724 25
43.97368421052741 6
43.99122807017653 10
43.99122807017653 52
44.008771929825656 11
44.008771929825656 15
44.0438596491239 19
44.105263157895834 11
44.13157894736952 41
44.157894736843204 49
44.20175438596601 11
44.263157894737944 17
44.28070175438707 44
44.28070175438707 46
44.28947368421163 48
44.29824561403619 11
44.30701754386075 56
44.342105263159 24
44.35964912280812 14
44.39473684210637 11
44.49122807017655 11
44.50000000000111 36
44.56140350877304 7
44.56140350877304 12
44.587719298246725 11
44.64912280701866 3
44.6842105263169 11
44.692982456141465 43
44.70175438596603 6
44.70175438596603 38
44.70175438596603 42
44.73684210526427 30
44.78070175438708 11
44.798245614036205 4
44.87719298245726 11
44.94736842105375 19
44.956140350878314 20
44.97368421052744 11
45.070175438597616 11
45.07894736842218 17
45.122807017544986 9
45.14035087719411 24
45.166666666667794 11
45.19298245614148 47
45.20175438596604 23
45.20175438596604 28
45.26315789473797 11
45.271929824562534 50
45.30701754386078 25
45.333333333334465 15
45.35964912280815 11
45.385964912281835 7
45.429824561404644 6
45.45614035087833 11
45.491228070176575 36
45.50000000000114 57
45.55263157894851 11
45.57017543859763 39
45.649122807018685 11
45.65789473684325 2
45.65789473684325 12
45.72807017543974 27
45.74561403508886 11
45.76315789473799 32
45.815789473685356 42
45.84210526315904 11
45.89473684210641 17
45.93859649122922 1
45.93859649122922 11
45.93859649122922 24
45.98245614035203 3
46.0350877192994 11
46.0350877192994 16
46.0350877192994 19
46.06140350877308 58
46.131578947369576 11
46.15789473684326 6
46.20175438596607 55
46.21929824561519 7
46.228070175439754 11
46.228070175439754 48
46.289473684211686 46
46.32456140350993 11
46.42105263158011 11
46.48245614035204 36
46.51754385965029 11
46.543859649123974 26
46.61403508772047 11
46.64035087719415 37
46.657894736843275 15
46.66666666666784 25
46.710526315790645 11
46.710526315790645 17
46.73684210526433 24
46.75438596491345 12
46.79824561403626 34
46.80701754386082 11
46.83333333333451 9
46.877192982457316 4
46.88596491228188 6
46.903508771931 11
47.00000000000118 11
47.0175438596503 30
47.026315789474864 43
47.035087719299426 42
47.05263157894855 7
47.09649122807136 11
47.12280701754504 47
47.192982456141536 11
47.2017543859661 5
47.21929824561522 49
47.289473684211714 11
47.298245614036276 1
47.3157894736854 3
47.38596491228189 11
47.38596491228189 52
47.41228070175558 20
47.47368421052751 36
47.48245614035207 11
47.52631578947488 17
47.53508771929944 24
47.57894736842225 11
47.614035087720495 6
47.67543859649243 11
47.68421052631699 50
47.771929824562605 11
47.8421052631591 10
47.85087719298366 12
47.86842105263278 11
47.885964912281906 7
47.90350877193103 14
47.96491228070296 11
47.97368421052752 57
47.982456140352085 15
48.00000000000121 22
48.02631578947489 25
48.06140350877314 11
48.140350877194194 41
48.149122807018756 42
48.15789473684332 11
48.17543859649244 48
48.245614035088934 19
48.245614035088934 27
48.254385964913496 11
48.33333333333455 24
48.33333333333455 33
48.34210526315911 6
48.34210526315911 17
48.350877192983674 11
48.412280701755606 40
48.43859649122929 8
48.44736842105385 11
48.464912280702976 36
48.53508771929947 9
48.53508771929947 39
48.54385964912403 11
48.64035087719421 11
48.64912280701877 3
48.7105263157907 7
48.73684210526439 11
48.833333333334565 11
48.84210526315913 5
48.90350877193106 16
48.92982456140474 11
48.947368421053866 12
48.95614035087843 4
48.98245614035211 19
49.02631578947492 11
49.02631578947492 43
49.052631578948606 47
49.07017543859773 6
49.096491228071415 23
49.1228070175451 11
49.13157894736966 24
49.149122807018784 2
49.157894736843346 17
49.210526315790716 44
49.21929824561528 11
49.263157894738086 42
49.29824561403633 30
49.307017543860894 15
49.315789473685456 11
49.38596491228195 25
49.412280701755634 11
49.45614035087844 36
49.50877192982581 11
49.5350877192995 7
49.570175438597744 55
49.58771929824687 58
49.60526315789599 11
49.70175438596617 11
49.79824561403635 6
49.79824561403635 11
49.86842105263284 20
49.894736842106525 11
49.92982456140477 24
49.93859649122933 44
49.97368421052758 17
49.98245614035214 3
49.9912280701767 11
50.000000000001265 38
50.008771929825826 19
50.04385964912407 12
50.08771929824688 11
50.09649122807144 50
50.114035087720566 48
50.12280701754513 28
50.13157894736969 1
50.166666666667936 52
50.18421052631706 11
50.18421052631706 41
50.23684210526443 9
50.28070175438724 11
50.28070175438724 49
50.35964912280829 7
50.377192982457416 11
50.377192982457416 42
50.44736842105391 36
50.473684210527594 11
50.526315789474964 6
50.57017543859777 11
50.62280701754514 46
50.631578947369704 15
50.66666666666795 11
50.7017543859662 32
50.72807017543988 24
50.745614035089005 25
50.76315789473813 11
50.78947368421181 17
50.78947368421181 27
50.85964912280831 11
50.956140350878485 11
50.98245614035217 47
51.03508771929954 4
51.05263157894866 11
51.14035087719428 12
51.14912280701884 11
51.19298245614165 7
51.24561403508902 11
51.24561403508902 39
51.25438596491358 6
51.271929824562704 44
51.28947368421183 19
51.31578947368551 3
51.3421052631592 11
51.438596491229376 11
51.438596491229376 36
51.44736842105394 14
51.52631578947499 24
51.52631578947499 34
51.535087719299554 11
51.55263157894868 42
51.57894736842236 30
51.60526315789605 17
51.61403508772061 37
51.63157894736973 11
51.692982456141664 10
51.72807017543991 11
51.77192982456272 16
51.77192982456272 57
51.82456140351009 11
51.90350877193114 44
51.92105263158027 11
51.94736842105395 9
51.95614035087851 15
51.9824561403522 6
52.017543859650445 11
52.02631578947501 7
52.05263157894869 48
52.10526315789606 25
52.11403508772062 11
52.2105263157908 11
52.228070175439925 26
52.236842105264486 12
52.30701754386098 11
52.31578947368554 22
52.3245614035101 20
52.3245614035101 24
52.35964912280835 43
52.40350877193116 11
52.42105263158028 17
52.42105263158028 46
52.42982456140484 36
52.500000000001336 11
52.5087719298259 50
52.53508771929958 19
52.596491228071514 11
52.605263157896076 44
52.63157894736976 1
52.64035087719432 2
52.649122807018884 3
52.66666666666801 42
52.69298245614169 11
52.710526315790815 6
52.78947368421187 11
52.8508771929838 5
52.859649122808364 7
52.859649122808364 19
52.88596491228205 11
52.90350877193117 41
52.91228070175573 47
52.98245614035223 11
52.99122807017679 23
53.078947368422405 11
53.11403508772065 4
53.12280701754521 24
53.17543859649258 11
53.20175438596627 56
53.236842105264515 17
53.27192982456276 11
53.28070175438732 15
53.289473684211885 44
53.33333333333469 12
53.342105263159254 49
53.36842105263294 11
53.394736842106624 52
53.42105263158031 36
53.43859649122943 6
53.46491228070312 11
53.46491228070312 25
53.4912280701768 19
53.52631578947505 27
53.53508771929961 33
53.561403508773296 11
53.57017543859786 8
53.64912280701891 9
53.657894736843474 11
53.68421052631716 7
53.75438596491365 11
53.75438596491365 58
53.771929824562775 44
53.78070175438734 42
53.85087719298383 11
53.85964912280839 19
53.85964912280839 30
53.89473684210664 29
53.921052631580324 24
53.94736842105401 11
53.982456140352255 3
54.04385964912419 11
54.04385964912419 48
54.05263157894875 17
54.140350877194365 11
54.16666666666805 6
54.17543859649261 1
54.17543859649261 19
54.23684210526454 11
54.33333333333472 11
54.412280701755776 36
54.4298245614049 11
54.4298245614049 12
54.508771929825954 7
54.508771929825954 57
54.52631578947508 11
54.52631578947508 55
54.59649122807157 43
54.60526315789613 15
54.622807017545256 11
54.64035087719438 16
54.71052631579087 32
54.719298245615434 11
54.719298245615434 24
54.76315789473824 44
54.780701754387366 20
54.81578947368561 11
54.81578947368561 11
54.824561403510174 25
54.85964912280842 47
54.86842105263298 17
54.877192982457544 38
54.89473684210667 6
54.89473684210667 42
54.91228070175579 11
54.92105263158035 50
54.96491228070316 46
54.97368421052772 41
54.991228070176845 14
55.00877192982597 11
55.043859649124215 28
55.10526315789615 11
55.19298245614176 4
55.201754385966325 11
55.21929824561545 39
55.24561403508913 1
55.2982456140365 11
55.2982456140365 44
55.315789473685626 3
55.33333333333475 7
55.35087719298387 9
55.39473684210668 11
55.40350877193124 36
55.49122807017686 11
55.517543859650544 24
55.526315789475106 12
55.54385964912423 10
55.58771929824704 11
55.622807017545284 6
55.684210526317216 11
55.684210526317216 17
55.780701754387394 11
55.80701754386108 34
55.87719298245757 11
55.92982456140494 15
55.97368421052775 11
55.991228070176874 48
56.008771929826 42
56.008771929826 42
56.07017543859793 11
56.13157894736986 2
56.14035087719442 30
56.16666666666811 7
56.16666666666811 11
56.18421052631723 25
56.263157894738285 11
56.315789473685655 24
56.3508771929839 6
56.35964912280846 11
56.39473684210671 36
56.40350877193127 49
56.45614035087864 11
56.50000000000145 17
56.526315789475134 8
56.535087719299696 27
56.55263157894882 11
56.587719298247066 37
56.62280701754531 12
56.631578947369874 22
56.640350877194436 45
56.649122807019 3
56.649122807019 11
56.745614035089176 11
56.789473684211984 47
56.842105263159354 11
56.85964912280848 46
56.88596491228216 23
56.93859649122953 11
56.9912280701769 7
56.9912280701769 57
57.02631578947515 41
57.03508771929971 11
57.052631578948834 9
57.07017543859796 29
57.07894736842252 6
57.114035087720765 24
57.114035087720765 44
57.12280701754533 42
57.13157894736989 11
57.22807017544007 11
57.23684210526463 20
57.25438596491375 15
57.271929824562875 4
57.29824561403656 1
57.31578947368568 17
57.324561403510245 11
57.33333333333481 50
57.36842105263305 58
57.385964912282176 36
57.385964912282176 52
57.4035087719313 19
57.42105263158042 11
57.50877192982604 16
57.5175438596506 11
57.543859649124286 25
57.587719298247094 44
57.61403508772078 11
57.65789473684359 26
57.67543859649271 19
57.71052631579096 11
57.71929824561552 12
57.754385964913766 55
57.807017543861136 6
57.807017543861136 11
57.8157894736857 7
57.903508771931314 11
57.912280701755876 24
57.93859649122956 48
57.98245614035237 3
58.00000000000149 11
58.09649122807167 11
58.13157894736992 17
58.175438596492725 39
58.19298245614185 11
58.23684210526466 42
58.28947368421203 11
58.37719298245764 36
58.385964912282205 11
58.42105263158045 30
58.48245614035238 11
58.51754385965063 46
58.53508771929975 6
58.53508771929975 14
58.56140350877344 43
58.57894736842256 11
58.57894736842256 15
58.64035087719449 7
58.67543859649274 11
58.710526315790986 24
58.71929824561555 47
58.763157894738356 9
58.763157894738356 19
58.77192982456292 11
58.815789473685726 12
58.868421052633096 11
58.90350877193134 25
58.94736842105415 17
58.964912280703274 11
58.9824561403524 27
59.06140350877345 11
59.15789473684363 11
59.184210526317315 56
59.210526315791 1
59.25438596491381 11
59.26315789473837 6
59.27192982456293 19
59.31578947368574 3
59.35087719298399 4
59.35087719298399 11
59.35087719298399 42
59.36842105263311 36
59.394736842106795 10
59.447368421054165 11
59.46491228070329 49
59.47368421052785 7
59.508771929826096 24
59.52631578947522 31
59.54385964912434 11
59.6228070175454 2
59.64035087719452 11
59.69298245614189 20
59.719298245615576 57
59.7368421052647 11
59.74561403508926 50
59.763157894738384 17
59.78070175438751 41
59.80701754386119 38
59.83333333333488 11
59.88596491228225 48
59.90350877193137 15
59.91228070175593 12
59.929824561405056 11
59.9649122807033 28
59.99122807017699 6
