0.017543859649122806 10
0.03508771929824561 42
0.07894736842105263 38
0.08771929824561403 54
0.12280701754385964 16
0.13157894736842105 45
0.15789473684210525 26
0.15789473684210525 35
0.17543859649122806 47
0.24561403508771928 15
0.24561403508771928 59
0.2543859649122807 53
0.37719298245614075 40
0.3947368421052636 41
0.43859649122807076 7
0.4561403508771936 4
0.46491228070175505 34
0.49122807017543935 48
0.5263157894736851 20
0.5438596491228079 22
0.7105263157894751 28
0.7105263157894751 36
0.7192982456140365 37
0.7192982456140365 55
0.7631578947368437 31
0.7719298245614051 17
0.850877192982458 30
0.912280701754388 50
0.9912280701754409 32
1.0087719298245637 24
1.1228070175438623 11
1.280701754385968 7
1.342105263157898 43
1.3508771929824595 25
1.3596491228070209 0
1.3771929824561437 27
1.421052631578951 58
1.4298245614035123 5
1.4736842105263195 14
1.482456140350881 6
1.5701754385964952 15
1.605263157894741 36
1.6842105263157938 44
1.7368421052631624 59
1.7543859649122853 29
1.7807017543859696 1
1.8771929824561453 24
1.9649122807017596 56
2.0000000000000053 47
2.0175438596491277 7
2.2105263157894743 6
2.280701754385964 18
2.456140350877188 48
2.4649122807017494 23
2.482456140350872 57
2.4999999999999942 36
2.6052631578947287 2
2.6842105263157796 44
2.745614035087708 24
2.7543859649122693 7
2.824561403508759 18
2.8859649122806874 15
2.912280701754371 25
2.9385964912280547 1
2.9385964912280547 6
3.0614035087719116 41
3.070175438596473 17
3.1052631578947176 49
3.114035087719279 16
3.12280701754384 4
3.1315789473684013 3
3.1491228070175237 30
3.245614035087697 29
3.3947368421052375 36
3.3947368421052375 43
3.4473684210526048 5
3.491228070175411 7
3.5087719298245332 42
3.5175438596490944 50
3.535087719298217 11
3.5964912280701453 20
3.6140350877192677 24
3.666666666666635 6
3.7719298245613695 11
3.842105263157859 45
3.842105263157859 47
4.026315789473646 27
4.184210526315756 1
4.192982456140317 15
4.228070175438564 7
4.254385964912249 31
4.254385964912249 53
4.2894736842104955 36
4.2894736842104955 55
4.394736842105235 6
4.403508771929797 29
4.438596491228044 39
4.47368421052629 3
4.482456140350852 24
4.508771929824537 54
4.517543859649098 48
4.68421052631577 34
4.833333333333318 22
4.8684210526315645 5
4.964912280701743 7
5.035087719298236 42
5.070175438596483 35
5.1228070175438525 6
5.149122807017537 14
5.184210526315784 25
5.184210526315784 36
5.271929824561401 32
5.2982456140350855 43
5.333333333333332 4
5.3508771929824555 24
5.403508771929825 38
5.438596491228072 30
5.447368421052634 5
5.5000000000000036 15
5.5526315789473735 40
5.649122807017552 11
5.666666666666675 47
5.69298245614036 37
5.701754385964922 7
5.719298245614045 1
5.736842105263168 0
5.7543859649122915 28
5.815789473684223 3
5.85087719298247 6
5.921052631578963 58
5.9824561403508945 59
5.991228070175456 50
6.061403508771949 57
6.078947368421073 36
6.105263157894758 16
6.140350877193004 2
6.201754385964936 20
6.219298245614059 18
6.219298245614059 24
6.315789473684237 17
6.403508771929854 41
6.429824561403539 7
6.5614035087719635 29
6.578947368421087 6
6.578947368421087 23
6.6140350877193335 44
6.728070175438635 42
6.80701754385969 15
6.947368421052676 49
6.956140350877238 1
6.956140350877238 5
6.973684210526361 36
6.982456140350923 18
7.0175438596491695 48
7.026315789473731 44
7.0438596491228544 10
7.052631578947416 26
7.078947368421101 18
7.087719298245663 24
7.087719298245663 25
7.157894736842156 3
7.157894736842156 7
7.307017543859704 6
7.333333333333389 5
7.412280701754444 4
7.4210526315790055 11
7.50000000000006 47
7.535087719298307 44
7.745614035087787 43
7.789473684210595 30
7.842105263157965 17
7.86842105263165 36
7.885964912280773 7
7.938596491228143 29
7.956140350877266 24
7.964912280701828 5
8.000000000000075 42
8.035087719298321 6
8.105263157894814 56
8.114035087719376 15
8.18421052631587 45
8.2456140350878 31
8.271929824561486 59
8.307017543859732 50
8.421052631579034 25
8.500000000000089 3
8.578947368421144 27
8.622807017543952 7
8.631578947368514 5
8.754385964912377 18
8.754385964912377 54
8.754385964912377 57
8.763157894736938 6
8.763157894736938 36
8.789473684210623 14
8.82456140350887 24
8.833333333333432 17
8.991228070175541 5
9.052631578947473 20
9.078947368421158 1
9.096491228070281 16
9.105263157894843 29
9.122807017543966 22
9.149122807017651 48
9.228070175438706 42
9.324561403508884 47
9.333333333333446 39
9.35964912280713 7
9.421052631579062 15
9.456140350877309 55
9.46491228070187 34
9.482456140350994 18
9.491228070175556 6
9.526315789473802 59
9.561403508772049 11
9.57017543859661 4
9.657894736842227 36
9.67543859649135 2
9.684210526315912 17
9.692982456140474 24
9.754385964912405 25
9.824561403508898 18
9.842105263158022 3
9.859649122807145 32
9.947368421052762 5
10.052631578947501 35
10.070175438596625 30
10.09649122807031 7
10.175438596491365 40
10.219298245614173 6
10.350877192982598 0
10.403508771929967 42
10.508771929824707 58
10.552631578947516 36
10.561403508772077 24
10.622807017544009 11
10.666666666666817 37
10.728070175438749 15
10.798245614035242 28
10.815789473684365 43
10.824561403508927 7
10.868421052631735 5
10.94736842105279 6
10.973684210526475 29
11.008771929824722 38
11.087719298245776 25
11.131578947368585 11
11.131578947368585 17
11.15789473684227 47
11.184210526315955 3
11.254385964912448 48
11.350877192982626 59
11.42982456140368 24
11.447368421052804 36
11.456140350877366 20
11.47368421052649 23
11.526315789473859 44
11.552631578947544 7
11.605263157894914 31
11.64035087719316 42
11.657894736842284 4
11.675438596491407 6
11.7456140350879 18
11.90350877193001 39
11.912280701754572 56
12.035087719298435 15
12.052631578947558 29
12.087719298245805 16
12.175438596491421 5
12.228070175438791 17
12.280701754386161 7
12.298245614035284 1
12.298245614035284 24
12.342105263158093 36
12.350877192982654 30
12.403508771930024 6
12.421052631579148 14
12.421052631579148 25
12.42982456140371 43
12.464912280701956 26
12.473684210526518 11
12.526315789473887 3
12.53508771929845 59
12.614035087719504 18
12.692982456140559 50
12.710526315789682 10
12.973684210526532 0
12.982456140351093 47
13.008771929824778 7
13.043859649123025 5
13.043859649123025 17
13.043859649123025 45
13.087719298245833 57
13.114035087719518 42
13.114035087719518 53
13.12280701754408 27
13.131578947368642 6
13.166666666666888 24
13.210526315789696 2
13.210526315789696 55
13.236842105263381 36
13.271929824561628 48
13.33333333333356 29
13.342105263158121 15
13.403508771930053 18
13.412280701754614 22
13.736842105263396 4
13.736842105263396 7
13.754385964912519 25
13.789473684210765 1
13.789473684210765 20
13.789473684210765 44
13.859649122807259 6
13.86842105263182 3
13.894736842105505 17
14.035087719298492 24
14.052631578947615 58
14.13157894736867 36
14.140350877193232 5
14.201754385965163 32
14.298245614035341 18
14.324561403509026 34
14.368421052631835 42
14.464912280702013 7
14.543859649123068 18
14.587719298245876 6
14.622807017544122 30
14.649122807017807 15
14.657894736842369 11
14.745614035087986 40
14.807017543859917 43
14.82456140350904 47
14.868421052631849 59
14.903508771930095 24
14.973684210526589 54
15.008771929824835 50
15.017543859649397 35
15.026315789473959 36
15.070175438596767 17
15.078947368421328 16
15.08771929824589 25
15.096491228070452 39
15.149122807017822 1
15.19298245614063 7
15.210526315789753 3
15.245614035088 48
15.315789473684493 6
15.324561403509055 0
15.578947368421343 56
15.640350877193274 37
15.684210526316082 27
15.736842105263452 23
15.736842105263452 44
15.771929824561699 24
15.807017543859946 18
15.815789473684507 4
15.842105263158192 28
15.868421052631877 29
15.903508771930124 5
15.921052631579247 7
15.921052631579247 36
15.929824561403809 38
15.956140350877494 15
16.04385964912311 6
16.052631578947672 11
16.052631578947672 14
16.052631578947672 59
16.20175438596522 18
16.298245614035398 17
16.350877192982768 20
16.350877192982768 31
16.42105263157926 25
16.456140350877508 18
16.46491228070207 44
16.526315789474 43
16.552631578947686 3
16.640350877193303 24
16.640350877193303 47
16.649122807017864 7
16.68421052631611 55
16.692982456140673 18
16.745614035088042 2
16.771929824561727 6
16.78070175438629 41
16.807017543859974 49
16.815789473684536 36
16.89473684210559 30
16.921052631579276 18
17.04385964912314 29
17.184210526316125 42
17.20175438596525 48
17.21052631578981 44
17.25438596491262 11
17.25438596491262 18
17.26315789473718 15
17.32456140350911 50
17.333333333333673 17
17.37719298245648 7
17.385964912281043 5
17.403508771930166 1
17.42982456140385 45
17.447368421052975 57
17.491228070175783 5
17.491228070175783 18
17.500000000000345 6
17.508771929824906 24
17.561403508772276 26
17.675438596491578 59
17.6929824561407 22
17.710526315789824 36
17.754385964912633 25
17.824561403509126 58
17.885964912281057 10
17.89473684210562 3
17.89473684210562 4
18.070175438596852 16
18.11403508771966 7
18.122807017544222 27
18.16666666666703 29
18.228070175438962 6
18.342105263158263 43
18.359649122807387 32
18.37719298245651 24
18.456140350877565 17
18.464912280702126 47
18.570175438596866 15
18.605263157895113 36
18.7456140350881 1
18.763157894737223 20
18.85087719298284 7
18.95614035087758 6
18.982456140351264 0
19.043859649123196 59
19.07017543859688 34
19.087719298246004 25
19.16666666666706 30
19.16666666666706 48
19.236842105263552 3
19.245614035088114 24
19.245614035088114 54
19.254385964912675 5
19.289473684210922 29
19.33333333333373 17
19.33333333333373 39
19.39473684210566 41
19.473684210526716 11
19.5000000000004 36
19.578947368421456 7
19.622807017544265 23
19.640350877193388 50
19.684210526316196 6
19.684210526316196 14
19.719298245614443 11
19.771929824561813 40
19.833333333333744 44
19.877192982456553 15
19.877192982456553 35
19.903508771930237 57
19.947368421053046 1
19.97368421052673 4
20.0263157894741 56
20.035087719298662 49
20.07017543859691 18
20.114035087719717 24
20.13157894736884 17
20.140350877193402 43
20.28070175438639 2
20.28070175438639 47
20.307017543860074 7
20.307017543860074 55
20.377192982456567 44
20.39473684210569 36
20.40350877193025 59
20.412280701754813 6
20.421052631579375 25
20.578947368421485 3
20.61403508771973 37
20.885964912281143 28
20.97368421052676 17
20.98245614035132 24
20.991228070175882 42
21.03508771929869 7
21.061403508772376 16
21.114035087719746 48
21.13157894736887 20
21.14035087719343 6
21.157894736842554 53
21.166666666667115 44
21.18421052631624 15
21.219298245614485 58
21.24561403508817 31
21.28947368421098 36
21.421052631579403 27
21.44736842105309 30
21.473684210526773 44
21.552631578947828 38
21.61403508771976 45
21.692982456140815 0
21.754385964912746 25
21.763157894737308 7
21.798245614035554 17
21.850877192982924 24
21.868421052632048 6
21.921052631579418 3
21.956140350877664 50
21.973684210526788 22
22.052631578947842 4
22.09649122807065 47
22.14035087719346 43
22.184210526316267 36
22.19298245614083 26
22.271929824561884 1
22.333333333333815 18
22.429824561403993 29
22.46491228070224 39
22.491228070175925 15
22.500000000000487 7
22.57017543859698 41
22.596491228070665 6
22.62280701754435 17
22.719298245614528 24
22.798245614035583 18
23.061403508772433 48
23.078947368421556 36
23.087719298246117 25
23.15789473684261 57
23.228070175439104 7
23.236842105263666 49
23.26315789473735 3
23.289473684211035 11
23.30701754386016 14
23.324561403509282 6
23.4122807017549 17
23.4122807017549 18
23.456140350877707 1
23.47368421052683 55
23.500000000000515 23
23.58771929824613 24
23.6403508771935 29
23.649122807018063 11
23.719298245614556 30
23.78947368421105 18
23.79824561403561 15
23.815789473684735 2
23.815789473684735 59
23.877192982456666 43
23.877192982456666 44
23.921052631579474 47
23.95614035087772 7
23.973684210526844 36
24.017543859649653 18
24.0526315789479 6
24.0526315789479 16
24.131578947368954 4
24.149122807018077 54
24.175438596491762 34
24.236842105263694 17
24.27192982456194 50
24.27192982456194 50
24.350877192982995 40
24.385964912281242 32
24.412280701754927 27
24.42105263157949 25
24.456140350877735 24
24.605263157895283 3
24.6929824561409 7
24.719298245614585 31
24.780701754386516 6
24.833333333333886 58
24.842105263158448 18
24.868421052632133 36
24.885964912281256 53
24.921052631579503 35
25.00877192982512 48
25.01754385964968 11
25.06140350877249 17
25.087719298246174 39
25.105263157895298 15
25.298245614035654 45
25.32456140350934 24
25.394736842105832 41
25.42982456140408 7
25.48245614035145 59
25.500000000000572 29
25.500000000000572 44
25.508771929825134 6
25.58771929824619 37
25.64912280701812 1
25.736842105263737 47
25.75438596491286 25
25.76315789473742 36
25.80701754386023 57
25.885964912281285 17
25.929824561404093 28
25.947368421053216 3
25.991228070176025 30
26.000000000000586 42
26.166666666667258 7
26.192982456140943 24
26.210526315790066 4
26.23684210526375 6
26.254385964912874 22
26.412280701754984 15
26.43859649122867 49
26.508771929825162 38
26.587719298246217 50
26.622807017544464 20
26.65789473684271 36
26.71052631579008 17
26.859649122807628 11
26.894736842105875 59
26.903508771930436 7
26.92982456140412 14
26.964912280702368 6
26.964912280702368 48
27.043859649123423 16
27.061403508772546 24
27.061403508772546 29
27.08771929824623 25
27.1403508771936 18
27.201754385965533 11
27.271929824562026 5
27.28947368421115 3
27.35087719298308 2
27.377192982456766 23
27.40350877193045 5
27.50877192982519 43
27.535087719298875 17
27.552631578948 36
27.552631578948 47
27.640350877193615 7
27.649122807018177 11
27.684210526316424 0
27.692982456140985 6
27.71929824561467 1
27.71929824561467 15
27.77192982456204 42
27.789473684211163 41
27.92982456140415 24
27.99122807017608 26
28.000000000000643 55
28.078947368421698 18
28.175438596491876 56
28.219298245614684 5
28.24561403508837 27
28.271929824562054 30
28.280701754386616 44
28.289473684211178 4
28.35964912280767 17
28.368421052632232 7
28.421052631579602 6
28.421052631579602 25
28.447368421053287 36
28.631578947369082 3
28.649122807018205 31
28.684210526316452 45
28.745614035088384 40
28.798245614035753 24
28.833333333334 18
28.903508771930493 50
28.912280701755055 48
29.026315789474356 15
29.035087719298918 32
29.05263157894804 54
29.061403508772603 11
29.070175438597165 53
29.09649122807085 7
29.14912280701822 6
29.184210526316466 17
29.219298245614713 57
29.228070175439274 44
29.324561403509453 18
29.342105263158576 36
29.36842105263226 5
29.36842105263226 47
29.543859649123494 59
29.640350877193672 49
29.649122807018234 29
29.649122807018234 43
29.657894736842795 39
29.666666666667357 24
29.68421052631648 58
29.754385964912974 25
29.78947368421122 18
29.824561403509467 7
29.877192982456837 1
29.877192982456837 6
29.912280701755083 11
29.973684210527015 3
30.00877192982526 17
30.035087719298946 16
30.043859649123508 44
30.236842105263865 36
30.245614035088426 11
30.280701754386673 35
30.280701754386673 41
30.333333333334043 15
30.36842105263229 4
30.53508771929896 22
30.53508771929896 24
30.543859649123522 30
30.552631578948084 14
30.552631578948084 14
30.561403508772646 7
30.561403508772646 37
30.605263157895454 6
30.6403508771937 18
30.763157894737564 34
30.771929824562125 11
30.780701754386687 42
30.833333333334057 17
30.859649122807742 48
30.885964912281427 2
31.00000000000073 28
31.087719298246345 25
31.131578947369153 36
31.184210526316523 47
31.192982456141085 18
31.21929824561477 50
31.245614035088455 23
31.298245614035825 7
31.315789473684948 3
31.32456140350951 43
31.33333333333407 6
31.403508771930564 24
31.43859649122881 38
31.552631578948112 55
31.570175438597236 18
31.59649122807092 11
31.631578947369167 17
31.64035087719373 15
31.64035087719373 29
31.6929824561411 18
31.710526315790222 20
31.710526315790222 57
31.95614035087795 42
31.95614035087795 59
32.02631578947444 36
32.035087719299 7
32.061403508772685 6
32.271929824562164 24
32.42105263157971 25
32.4473684210534 4
32.4473684210534 18
32.45614035087796 17
32.596491228070946 1
32.63157894736919 53
32.65789473684288 3
32.65789473684288 18
32.745614035088494 41
32.77192982456218 7
32.77192982456218 43
32.7894736842113 6
32.807017543860425 48
32.82456140350955 30
32.84210526315867 18
32.84210526315867 49
32.9035087719306 29
32.92105263157973 36
32.94736842105341 15
32.94736842105341 26
33.00000000000078 47
33.02631578947447 16
33.06140350877271 40
33.07894736842184 27
33.131578947369206 42
33.14035087719377 5
33.14035087719377 24
33.27192982456219 39
33.280701754386754 17
33.40350877193062 45
33.500000000000796 11
33.50877192982536 7
33.50877192982536 18
33.51754385964992 6
33.53508771929904 50
33.543859649123604 58
33.552631578948166 59
33.649122807018344 5
33.754385964913084 25
33.815789473685015 36
33.85087719298326 32
33.859649122807824 56
33.94736842105344 29
34.00000000000081 3
34.00877192982537 24
34.10526315789555 17
34.15789473684292 5
34.17543859649204 14
34.192982456141166 1
34.245614035088536 6
34.245614035088536 7
34.2543859649131 15
34.30701754386047 42
34.31578947368503 43
34.42105263157977 2
34.52631578947451 4
34.710526315790304 36
34.719298245614866 18
34.763157894737674 48
34.815789473685044 22
34.824561403509605 41
34.824561403509605 47
34.877192982456975 24
34.929824561404345 17
34.97368421052715 6
34.982456140351715 7
35.00000000000084 34
35.06140350877277 18
35.087719298246455 25
35.10526315789558 30
35.14912280701839 23
35.14912280701839 29
35.18421052631663 55
35.18421052631663 57
35.236842105264 11
35.27192982456225 0
35.298245614035935 1
35.34210526315874 3
35.39473684210611 59
35.42982456140436 35
35.48245614035173 42
35.5350877192991 37
35.55263157894822 5
35.561403508772784 15
35.561403508772784 20
35.60526315789559 36
35.70175438596577 6
35.71052631579033 7
35.74561403508858 24
35.75438596491314 17
35.771929824562264 18
35.85087719298332 50
35.91228070175525 27
35.938596491228935 18
36.01754385964999 16
36.01754385964999 31
36.03508771929911 28
36.043859649123675 49
36.096491228071045 5
36.149122807018415 43
36.23684210526403 54
36.24561403508859 39
36.412280701755265 38
36.421052631579826 1
36.421052631579826 25
36.42982456140439 6
36.43859649122895 7
36.48245614035176 11
36.50000000000088 36
36.517543859650004 53
36.578947368421936 17
36.60526315789562 4
36.61403508772018 24
36.64035087719387 47
36.65789473684299 42
36.684210526316676 3
36.684210526316676 59
36.71052631579036 48
36.86842105263247 15
37.14035087719388 58
37.157894736843005 6
37.157894736843005 41
37.16666666666757 7
37.16666666666757 18
37.315789473685115 44
37.377192982457046 30
37.39473684210617 36
37.40350877193073 17
37.482456140351786 24
37.49122807017635 11
37.50000000000091 29
37.54385964912372 26
37.59649122807109 40
37.61403508772021 45
37.7543859649132 25
37.798245614036006 14
37.83333333333425 42
37.83333333333425 44
37.88596491228162 6
37.903508771930746 7
37.903508771930746 11
37.956140350878115 2
37.96491228070268 18
37.97368421052724 20
38.02631578947461 3
38.07017543859742 5
38.166666666667595 50
38.17543859649216 15
38.219298245614965 56
38.22807017543953 17
38.24561403508865 18
38.271929824562335 1
38.28947368421146 36
38.35087719298339 24
38.40350877193076 32
38.45614035087813 47
38.46491228070269 57
38.52631578947462 5
38.56140350877287 11
38.57894736842199 10
38.61403508772024 6
38.640350877193924 7
38.66666666666761 48
38.67543859649217 39
38.68421052631673 4
38.745614035088664 0
38.9210526315799 43
39.008771929825514 16
39.008771929825514 42
39.017543859650075 23
39.05263157894832 17
39.08771929824657 25
39.09649122807113 22
39.122807017544815 29
39.13157894736938 18
39.18421052631675 36
39.20175438596587 34
39.21929824561499 24
39.228070175439555 5
39.24561403508868 49
39.29824561403605 44
39.34210526315886 6
39.36842105263254 3
39.36842105263254 7
39.3771929824571 11
39.48245614035184 15
39.543859649123775 41
39.605263157895706 59
39.649122807018514 11
39.657894736843076 30
39.83333333333431 5
39.84210526315887 17
39.95614035087817 18
40.070175438597474 6
40.078947368422035 36
40.0877192982466 24
40.09649122807116 7
40.184210526316775 31
40.184210526316775 42
40.24561403508871 53
40.27192982456239 1
40.27192982456239 47
40.394736842106255 58
40.42105263157994 25
40.42105263157994 43
40.447368421053625 5
40.48245614035187 50
40.49122807017643 20
40.508771929825556 37
40.62280701754486 48
40.666666666667666 17
40.666666666667666 17
40.710526315790474 3
40.719298245615036 18
40.74561403508872 35
40.763157894737844 4
40.771929824562406 55
40.78947368421153 15
40.79824561403609 6
40.815789473685214 11
40.824561403509776 7
40.9561403508782 24
40.973684210527324 36
41.078947368422064 28
41.09649122807119 39
41.12280701754487 54
41.245614035088735 27
41.34210526315891 5
41.35964912280804 29
41.35964912280804 42
41.403508771930845 18
41.42105263157997 14
41.456140350878215 11
41.46491228070278 17
41.49122807017646 2
41.52631578947471 6
41.561403508772955 7
41.65789473684313 5
41.65789473684313 38
41.75438596491331 25
41.76315789473787 18
41.76315789473787 45
41.824561403509804 24
41.86842105263261 36
41.929824561404544 30
41.96491228070279 11
42.00000000000104 16
42.0087719298256 44
42.05263157894841 3
42.087719298246654 0
42.087719298246654 47
42.096491228071216 15
42.16666666666771 59
42.17543859649227 57
42.21929824561508 43
42.254385964913325 6
42.28947368421157 7
42.28947368421157 17
42.298245614036134 18
42.32456140350982 41
42.33333333333438 40
42.3508771929835 26
42.3508771929835 56
42.44736842105368 49
42.517543859650175 1
42.5350877192993 42
42.570175438597545 48
42.69298245614141 24
42.7631578947379 36
42.780701754387024 5
42.79824561403615 50
42.842105263158956 4
42.885964912281764 23
42.96491228070282 32
42.98245614035194 6
43.01754385965019 7
43.043859649123874 20
43.08771929824668 25
43.11403508772037 17
43.157894736843176 59
43.37719298245722 22
43.39473684210634 3
43.39473684210634 34
43.4035087719309 15
43.49122807017652 10
43.54385964912389 1
43.56140350877301 24
43.60526315789582 31
43.65789473684319 36
43.71052631579056 6
43.71052631579056 42
43.745614035088806 7
43.8157894736853 18
43.82456140350986 11
43.82456140350986 27
43.903508771930916 47
43.91228070175548 17
44.000000000001094 43
44.13157894736952 18
44.166666666667766 59
44.20175438596601 30
44.2280701754397 55
44.421052631580054 25
44.429824561404615 24
44.43859649122918 6
44.482456140351985 7
44.51754385965023 48
44.55263157894848 36
44.71052631579059 15
44.73684210526427 3
44.73684210526427 17
44.88596491228182 42
44.92105263158007 4
44.99122807017656 16
45.02631578947481 2
45.03508771929937 53
45.04385964912393 14
45.114035087720424 50
45.166666666667794 6
45.219298245615164 7
45.23684210526429 11
45.29824561403622 24
45.31578947368534 5
45.42105263158008 1
45.438596491229205 5
45.44736842105377 36
45.482456140352014 37
45.56140350877307 17
45.57894736842219 18
45.649122807018685 49
45.7368421052643 47
45.74561403508886 44
45.754385964913425 25
45.754385964913425 59
45.89473684210641 6
45.95614035087834 7
46.017543859650274 15
46.0350877192994 45
46.06140350877308 41
46.06140350877308 42
46.078947368422206 3
46.122807017545014 28
46.1491228070187 44
46.16666666666782 24
46.175438596492384 18
46.21929824561519 58
46.280701754387124 43
46.342105263159056 36
46.35964912280818 29
46.36842105263274 56
46.385964912281864 17
46.40350877193099 27
46.46491228070292 48
46.47368421052748 30
46.500000000001165 20
46.59649122807134 54
46.62280701754503 6
46.69298245614152 7
46.73684210526433 40
46.75438596491345 23
46.763157894738015 35
46.929824561404686 18
47.00000000000118 4
47.00000000000118 31
47.035087719299426 24
47.05263157894855 1
47.087719298246796 25
47.192982456141536 38
47.21052631579066 17
47.236842105264344 36
47.236842105264344 42
47.32456140350996 15
47.350877192983646 6
47.42105263158014 3
47.4298245614047 7
47.4298245614047 50
47.552631578948564 5
47.552631578948564 47
47.561403508773125 32
47.62280701754506 11
47.62280701754506 34
47.6578947368433 22
47.75438596491348 5
47.89473684210647 44
47.90350877193103 24
47.90350877193103 59
47.982456140352085 16
48.035087719299455 17
48.07894736842226 6
48.10526315789595 1
48.10526315789595 29
48.13157894736963 36
48.16666666666788 7
48.23684210526437 18
48.42105263158017 25
48.42105263158017 48
48.508771929825784 26
48.561403508773154 2
48.561403508773154 5
48.63157894736965 15
48.66666666666789 14
48.74561403508895 30
48.76315789473807 3
48.77192982456263 24
48.80701754386088 6
48.84210526315913 18
48.85087719298369 17
48.85087719298369 49
48.86842105263281 59
48.885964912281935 10
48.90350877193106 7
48.90350877193106 42
49.000000000001236 55
49.02631578947492 36
49.07894736842229 4
49.24561403508896 5
49.32456140351002 29
49.34210526315914 53
49.368421052632826 47
49.421052631580196 20
49.49122807017669 11
49.5350877192995 6
49.64035087719424 7
49.64035087719424 24
49.65789473684336 17
49.70175438596617 45
49.71929824561529 39
49.74561403508898 50
49.75438596491354 25
49.78070175438722 1
49.92105263158021 36
49.92105263158021 58
49.92982456140477 43
49.93859649122933 15
49.9912280701767 5
49.9912280701767 59
50.03508771929951 44
50.07894736842232 42
50.105263157896005 3
50.14912280701881 5
50.263157894738114 6
50.368421052632854 48
50.377192982457416 7
50.43859649122935 31
50.45614035087847 37
50.46491228070303 18
50.46491228070303 44
50.473684210527594 17
50.50877192982584 24
50.62280701754514 23
50.8157894736855 36
50.82456140351006 18
50.92105263158024 41
50.94736842105392 5
50.97368421052761 16
50.99122807017673 6
51.01754385965042 18
51.01754385965042 30
51.08771929824691 25
51.114035087720595 7
51.1578947368434 4
51.166666666667965 28
51.18421052631709 47
51.24561403508902 15
51.25438596491358 42
51.29824561403639 17
51.377192982457444 24
51.44736842105394 3
51.46491228070306 40
51.67543859649254 1
51.6842105263171 44
51.71052631579079 36
51.71929824561535 6
51.83333333333465 18
51.85087719298377 7
51.85087719298377 34
51.88596491228202 35
51.90350877193114 11
51.93859649122939 22
52.05263157894869 49
52.06140350877325 29
52.06140350877325 50
52.08771929824694 5
52.0964912280715 2
52.0964912280715 54
52.122807017545185 17
52.131578947369746 57
52.15789473684343 0
52.16666666666799 20
52.24561403508905 24
52.280701754387294 18
52.289473684211856 14
52.3245614035101 48
52.42105263158028 25
52.42982456140484 42
52.447368421053966 6
52.500000000001336 11
52.543859649124144 18
52.552631578948706 15
52.57894736842239 7
52.605263157896076 36
52.78947368421187 3
52.807017543860994 39
52.94736842105398 17
53.00000000000135 47
53.00877192982591 56
53.026315789475035 1
53.026315789475035 53
53.10526315789609 32
53.11403508772065 24
53.16666666666802 11
53.17543859649258 6
53.236842105264515 4
53.298245614036446 30
53.30701754386101 7
53.33333333333469 43
53.35964912280838 18
53.35964912280838 41
53.447368421053994 45
53.500000000001364 36
53.605263157896104 42
53.62280701754523 29
53.710526315790844 58
53.824561403510145 55
53.85964912280839 15
53.9035087719312 6
53.94736842105401 59
53.96491228070313 16
53.97368421052769 11
53.982456140352255 24
54.035087719299625 7
54.05263157894875 17
54.07017543859787 25
54.087719298246995 26
54.1315789473698 3
54.21052631579086 38
54.27192982456279 48
54.37719298245753 50
54.39473684210665 36
54.47368421052771 11
54.52631578947508 23
54.561403508773324 1
54.57894736842245 0
54.63157894736982 6
54.675438596492626 18
54.76315789473824 7
54.780701754387366 42
54.780701754387366 57
54.81578947368561 47
54.85087719298386 24
54.877192982457544 11
54.877192982457544 17
55.02631578947509 20
55.03508771929965 27
55.043859649124215 44
55.08771929824702 59
55.16666666666808 15
55.24561403508913 18
55.254385964913695 5
55.254385964913695 49
55.28947368421194 36
55.315789473685626 4
55.359649122808435 6
55.359649122808435 18
55.38596491228212 10
55.40350877193124 25
55.42982456140493 37
55.473684210527736 3
55.49122807017686 7
55.578947368422476 30
55.631578947369846 2
55.70175438596634 17
55.71929824561546 24
55.87719298245757 31
55.885964912282134 5
55.91228070175582 14
56.008771929826 1
56.07894736842249 11
56.08771929824705 6
56.105263157896175 29
56.18421052631723 36
56.20175438596635 28
56.21929824561548 7
56.21929824561548 22
56.22807017544004 48
56.263157894738285 39
56.27192982456285 43
56.28070175438741 34
56.28070175438741 42
56.32456140351022 18
56.35964912280846 41
56.377192982457586 54
56.38596491228215 59
56.473684210527765 15
56.526315789475134 17
56.578947368422504 40
56.587719298247066 24
56.631578947369874 47
56.692982456141806 50
56.736842105264614 25
56.798245614036546 45
56.81578947368567 3
56.81578947368567 6
56.83333333333479 18
56.903508771931286 35
56.956140350878655 7
56.956140350878655 16
56.96491228070322 53
56.98245614035234 44
57.07894736842252 36
57.14912280701901 55
57.25438596491375 11
57.35087719298393 17
57.39473684210674 4
57.39473684210674 5
57.44736842105411 27
57.44736842105411 29
57.45614035087867 24
57.45614035087867 42
57.46491228070323 44
57.543859649124286 6
57.61403508772078 11
57.692982456141834 7
57.77192982456289 57
57.78070175438745 15
57.850877192983944 30
57.912280701755876 43
57.93859649122956 32
57.97368421052781 36
57.97368421052781 44
58.070175438597985 25
58.14035087719448 58
58.1578947368436 3
58.16666666666816 0
58.175438596492725 17
58.175438596492725 48
58.2719298245629 6
58.32456140351027 24
58.39473684210677 23
58.42105263158045 7
58.438596491229575 20
58.447368421054136 47
58.4561403508787 5
58.500000000001506 49
58.51754385965063 56
58.63157894736993 42
58.74561403508923 41
58.868421052633096 36
58.93859649122959 18
58.95614035087871 59
58.973684210527836 17
59.00000000000152 6
59.00877192982608 50
59.08771929824714 15
59.11403508772082 26
59.14912280701907 7
59.16666666666819 2
59.19298245614188 24
59.30701754386118 29
59.36842105263311 43
59.40350877193136 25
59.47368421052785 4
59.47368421052785 39
59.500000000001535 3
59.53508771929978 14
59.63157894736996 38
59.710526315791014 1
59.72807017544014 6
59.763157894738384 36
59.771929824562946 17
59.78070175438751 18
59.80701754386119 42
59.815789473685754 10
59.85964912280856 27
59.877192982457686 7
59.94736842105418 16
