0.0 57
0.02631578947368421 14
0.06140350877192982 36
0.06140350877192982 37
0.07017543859649122 33
0.10526315789473684 44
0.14912280701754385 2
0.17543859649122806 15
0.20175438596491227 28
0.23684210526315788 50
0.24561403508771928 27
0.2543859649122807 54
0.26315789473684215 26
0.26315789473684215 39
0.28947368421052644 1
0.28947368421052644 47
0.3070175438596493 20
0.32456140350877216 5
0.3333333333333336 0
0.3684210526315793 7
0.37719298245614075 17
0.3859649122807022 6
0.3947368421052636 34
0.4473684210526322 48
0.5263157894736851 23
0.5350877192982465 41
0.5438596491228079 59
0.5877192982456151 22
0.6315789473684222 25
0.6578947368421065 24
0.666666666666668 16
0.7456140350877208 29
0.7982456140350894 11
0.8333333333333351 10
0.850877192982458 3
0.8596491228070194 36
0.8947368421052652 4
1.0438596491228094 18
1.096491228070178 35
1.1052631578947394 7
1.1228070175438623 6
1.157894736842108 18
1.1929824561403537 17
1.3070175438596523 11
1.4912280701754423 15
1.526315789473688 24
1.5526315789473724 59
1.6228070175438638 18
1.6578947368421095 36
1.728070175438601 42
1.8421052631578996 7
1.8596491228070224 6
1.8771929824561453 1
1.9473684210526367 8
1.9649122807017596 25
2.0000000000000053 53
2.0000000000000053 58
2.078947368421056 47
2.1403508771929847 43
2.236842105263158 18
2.3070175438596476 17
2.3508771929824537 3
2.3947368421052597 24
2.3947368421052597 29
2.403508771929821 9
2.456140350877188 36
2.570175438596484 7
2.5964912280701675 6
2.7280701754385857 44
2.736842105263147 20
2.780701754385953 5
2.789473684210514 50
2.8070175438596365 15
2.8070175438596365 18
2.824561403508759 45
2.9736842105262995 18
3.1842105263157685 27
3.254385964912258 36
3.2631578947368194 17
3.2631578947368194 24
3.2631578947368194 40
3.298245614035064 7
3.298245614035064 25
3.3157894736841866 48
3.333333333333309 6
3.377192982456115 0
3.377192982456115 18
3.4736842105262884 1
3.543859649122778 42
3.578947368421023 41
3.657894736842074 16
3.6842105263157574 2
3.6842105263157574 14
3.7368421052631247 43
3.842105263157859 11
3.8508771929824204 3
3.8508771929824204 4
3.877192982456104 47
3.9035087719297876 5
3.9035087719297876 29
3.92105263157891 57
4.017543859649084 44
4.026315789473646 7
4.052631578947331 36
4.0614035087718925 18
4.070175438596454 6
4.0877192982455774 17
4.114035087719262 15
4.131578947368386 24
4.245614035087687 59
4.2631578947368105 39
4.596491228070153 9
4.605263157894715 44
4.6315789473684 25
4.6929824561403315 23
4.728070175438578 11
4.754385964912263 7
4.754385964912263 26
4.754385964912263 42
4.807017543859633 6
4.807017543859633 22
4.850877192982441 8
4.850877192982441 36
4.938596491228058 29
4.999999999999989 24
5.035087719298236 37
5.078947368421044 11
5.078947368421044 17
5.078947368421044 18
5.0964912280701675 54
5.184210526315784 28
5.184210526315784 33
5.201754385964907 34
5.245614035087716 58
5.333333333333332 1
5.3508771929824555 3
5.421052631578949 15
5.456140350877195 44
5.48245614035088 7
5.508771929824565 48
5.543859649122812 6
5.543859649122812 59
5.561403508771935 43
5.649122807017552 36
5.666666666666675 47
5.74561403508773 20
5.7543859649122915 11
5.763157894736853 41
5.824561403508785 53
5.868421052631593 24
5.921052631578963 17
5.9298245614035245 4
5.964912280701771 25
5.9824561403508945 11
6.175438596491251 45
6.210526315789497 7
6.210526315789497 42
6.245614035087744 44
6.280701754385991 6
6.368421052631607 35
6.447368421052662 36
6.578947368421087 9
6.6140350877193335 5
6.64912280701758 16
6.728070175438635 15
6.728070175438635 17
6.736842105263197 24
6.850877192982498 3
6.921052631578991 5
6.947368421052676 7
6.9649122807018 29
7.0175438596491695 6
7.087719298245663 57
7.2192982456140875 2
7.2456140350877725 27
7.2456140350877725 36
7.298245614035142 25
7.307017543859704 8
7.315789473684266 14
7.456140350877252 47
7.535087719298307 17
7.6052631578948 24
7.6052631578948 50
7.6754385964912935 7
7.684210526315855 43
7.754385964912348 6
7.894736842105335 40
8.035087719298321 15
8.043859649122883 36
8.087719298245691 20
8.096491228070253 11
8.105263157894814 4
8.192982456140431 41
8.263157894736924 1
8.263157894736924 59
8.271929824561486 48
8.315789473684294 39
8.333333333333417 17
8.342105263157979 42
8.35087719298254 3
8.40350877192991 7
8.438596491228157 11
8.447368421052719 29
8.473684210526404 24
8.491228070175527 6
8.50877192982465 9
8.587719298245705 18
8.631578947368514 25
8.728070175438692 44
8.745614035087815 11
8.780701754386062 5
8.842105263157993 36
9.061403508772035 18
9.122807017543966 17
9.131578947368528 7
9.228070175438706 6
9.236842105263268 47
9.254385964912391 22
9.342105263158007 15
9.342105263158007 24
9.456140350877309 58
9.46491228070187 34
9.51754385964924 18
9.640350877193104 16
9.640350877193104 29
9.640350877193104 36
9.657894736842227 1
9.710526315789597 0
9.72807017543872 53
9.771929824561528 26
9.78070175438609 44
9.850877192982583 3
9.859649122807145 7
9.894736842105392 18
9.903508771929953 59
9.912280701754515 17
9.921052631579077 5
9.964912280701885 6
9.964912280701885 25
10.008771929824693 37
10.052631578947501 18
10.14912280701768 23
10.166666666666803 28
10.192982456140488 4
10.210526315789611 24
10.35964912280716 57
10.385964912280844 11
10.394736842105406 42
10.438596491228214 36
10.482456140351022 41
10.500000000000146 9
10.500000000000146 18
10.500000000000146 27
10.535087719298392 45
10.561403508772077 33
10.587719298245762 7
10.649122807017694 5
10.649122807017694 15
10.666666666666817 20
10.701754385965064 6
10.710526315789625 17
10.754385964912434 2
10.78947368421068 43
10.921052631579105 5
10.938596491228228 8
10.94736842105279 14
10.973684210526475 44
11.078947368421215 24
11.140350877193146 5
11.15789473684227 35
11.184210526315955 29
11.228070175438763 1
11.228070175438763 48
11.236842105263324 36
11.254385964912448 10
11.280701754386133 47
11.298245614035256 25
11.31578947368438 7
11.350877192982626 3
11.438596491228243 6
11.508771929824736 17
11.561403508772106 39
11.578947368421229 54
11.622807017544037 5
11.912280701754572 50
11.947368421052818 24
11.95614035087738 15
11.973684210526503 44
12.035087719298435 36
12.043859649122997 7
12.175438596491421 6
12.210526315789668 0
12.2719298245616 4
12.280701754386161 59
12.307017543859846 17
12.403508771930024 9
12.552631578947572 40
12.59649122807038 42
12.631578947368627 16
12.631578947368627 25
12.640350877193189 43
12.771929824561614 7
12.780701754386175 1
12.80701754385986 57
12.815789473684422 24
12.833333333333545 36
12.850877192982669 3
12.877192982456354 41
12.9122807017546 6
13.061403508772148 47
13.105263157894957 17
13.114035087719518 11
13.166666666666888 29
13.263157894737066 15
13.289473684210751 53
13.456140350877423 48
13.464912280701984 22
13.464912280701984 44
13.500000000000231 7
13.54385964912304 58
13.631578947368656 36
13.649122807017779 6
13.65789473684234 34
13.684210526316026 24
13.745614035087957 42
13.850877192982697 18
13.894736842105505 17
13.956140350877437 59
13.964912280701999 25
14.105263157894985 18
14.157894736842355 5
14.228070175438848 7
14.228070175438848 39
14.28947368421078 2
14.315789473684465 9
14.324561403509026 8
14.350877192982711 3
14.350877192982711 4
14.385964912280958 6
14.403508771930081 26
14.429824561403766 36
14.456140350877451 18
14.55263157894763 24
14.578947368421314 15
14.587719298245876 14
14.66666666666693 43
14.692982456140616 1
14.692982456140616 17
14.842105263158164 29
14.842105263158164 47
14.956140350877465 7
14.964912280702027 27
14.98245614035115 37
14.991228070175712 5
15.122807017544137 6
15.14035087719326 11
15.14035087719326 42
15.149122807017822 28
15.157894736842383 41
15.175438596491507 23
15.228070175438877 36
15.29824561403537 25
15.333333333333616 59
15.421052631579233 24
15.464912280702041 50
15.491228070175726 17
15.552631578947658 44
15.596491228070466 11
15.622807017544151 16
15.657894736842398 33
15.684210526316082 7
15.763157894737137 1
15.815789473684507 20
15.850877192982754 3
15.859649122807316 6
15.868421052631877 54
15.885964912281 15
15.894736842105562 45
15.956140350877494 0
15.973684210526617 48
16.026315789473987 36
16.04385964912311 11
16.08771929824592 29
16.219298245614343 9
16.24561403508803 18
16.280701754386275 17
16.289473684210837 24
16.298245614035398 10
16.4122807017547 7
16.42105263157926 42
16.429824561403823 4
16.447368421052946 8
16.482456140351193 57
16.51754385964944 59
16.596491228070494 6
16.63157894736874 25
16.63157894736874 47
16.649122807017864 11
16.710526315789796 43
16.824561403509097 36
16.84210526315822 11
16.94736842105296 53
17.078947368421385 17
17.114035087719632 1
17.140350877193317 7
17.15789473684244 24
17.192982456140687 15
17.333333333333673 6
17.350877192982797 3
17.42105263157929 5
17.42982456140385 44
17.52631578947403 59
17.596491228070523 35
17.622807017544208 36
17.675438596491578 22
17.78947368421088 40
17.824561403509126 2
17.859649122807372 34
17.868421052631934 7
17.877192982456496 17
17.95614035087755 58
17.964912280702112 25
18.026315789474044 24
18.070175438596852 6
18.096491228070537 11
18.11403508771966 9
18.140350877193345 41
18.149122807017907 20
18.175438596491592 1
18.201754385965277 44
18.21052631578984 14
18.421052631579318 36
18.43859649122844 47
18.500000000000373 15
18.508771929824935 4
18.552631578947743 8
18.59649122807055 7
18.614035087719675 16
18.675438596491606 17
18.763157894737223 42
18.80701754386003 6
18.85087719298284 3
18.894736842105647 24
18.91228070175477 43
18.947368421053017 27
19.035087719298634 48
19.043859649123196 44
19.087719298246004 29
19.105263157895127 50
19.149122807017935 0
19.21929824561443 1
19.21929824561443 23
19.21929824561443 36
19.245614035088114 59
19.298245614035483 25
19.32456140350917 7
19.412280701754785 18
19.464912280702155 17
19.54385964912321 6
19.76315789473725 24
19.80701754386006 15
19.842105263158306 39
19.894736842105676 5
19.9122807017548 42
19.956140350877607 37
20.008771929824977 9
20.01754385964954 36
20.052631578947786 7
20.07017543859691 26
20.07894736842147 54
20.13157894736884 28
20.13157894736884 29
20.219298245614457 47
20.22807017543902 44
20.23684210526358 57
20.263157894737265 17
20.28070175438639 6
20.28947368421095 59
20.34210526315832 33
20.350877192982882 3
20.45614035087762 43
20.473684210526745 11
20.535087719298676 41
20.56140350877236 20
20.587719298246046 4
20.631578947368855 24
20.631578947368855 25
20.780701754386403 7
20.81578947368465 36
20.842105263158334 5
21.017543859649567 6
21.061403508772376 17
21.061403508772376 42
21.061403508772376 53
21.0789473684215 8
21.114035087719746 15
21.149122807017992 48
21.157894736842554 1
21.359649122807472 2
21.41228070175484 18
21.45614035087765 58
21.491228070175897 5
21.50000000000046 24
21.50877192982502 7
21.51754385964958 0
21.578947368421513 5
21.605263157895198 16
21.61403508771976 11
21.61403508771976 36
21.684210526316253 50
21.7192982456145 45
21.754385964912746 6
21.82456140350924 29
21.8333333333338 14
21.850877192982924 3
21.859649122807486 17
21.87719298245661 22
21.912280701754856 9
21.964912280702226 25
22.000000000000473 47
22.052631578947842 34
22.105263157895212 43
22.175438596491706 40
22.210526315789952 42
22.236842105263637 7
22.368421052632062 24
22.41228070175487 36
22.421052631579432 15
22.491228070175925 6
22.500000000000487 27
22.552631578947857 5
22.57894736842154 1
22.657894736842596 17
22.666666666667158 4
22.815789473684706 29
22.824561403509268 39
22.929824561404008 11
22.964912280702254 7
23.21052631578998 36
23.21052631578998 41
23.219298245614542 8
23.228070175439104 6
23.236842105263666 24
23.280701754386474 18
23.280701754386474 48
23.298245614035597 25
23.350877192982967 3
23.35964912280753 42
23.456140350877707 17
23.47368421052683 23
23.491228070175953 20
23.596491228070693 1
23.614035087719817 18
23.666666666667187 35
23.69298245614087 7
23.728070175439118 15
23.780701754386488 47
23.815789473684735 9
23.824561403509296 29
23.964912280702283 6
24.00877192982509 36
24.096491228070708 50
24.10526315789527 24
24.122807017544392 11
24.201754385965447 18
24.245614035088256 17
24.289473684211064 57
24.333333333333872 59
24.42105263157949 7
24.447368421053174 44
24.508771929825105 42
24.59649122807072 16
24.622807017544407 1
24.63157894736897 25
24.6929824561409 43
24.70175438596546 6
24.710526315790023 58
24.74561403508827 4
24.763157894737393 5
24.763157894737393 53
24.8070175438602 36
24.85087719298301 3
24.85087719298301 44
24.868421052632133 5
24.894736842105818 2
24.929824561404065 37
24.973684210526873 24
25.035087719298804 15
25.043859649123366 17
25.11403508771986 29
25.12280701754442 28
25.12280701754442 54
25.149122807018106 7
25.201754385965476 11
25.28070175438653 0
25.28070175438653 39
25.28070175438653 44
25.43859649122864 6
25.456140350877764 14
25.561403508772504 47
25.605263157895312 36
25.622807017544435 45
25.631578947368997 41
25.65789473684268 42
25.719298245614613 27
25.75438596491286 9
25.771929824561983 48
25.81578947368479 5
25.842105263158476 17
25.842105263158476 24
25.877192982456723 7
25.96491228070234 25
25.9736842105269 11
26.000000000000586 18
26.07017543859708 59
26.07894736842164 22
26.17543859649182 6
26.17543859649182 29
26.263157894737436 34
26.34210526315849 15
26.350877192983052 3
26.403508771930422 1
26.403508771930422 36
26.43859649122867 50
26.60526315789534 7
26.640350877193587 17
26.71052631579008 11
26.71052631579008 24
26.77192982456201 57
26.80701754386026 42
26.82456140350938 4
26.82456140350938 44
26.86842105263219 26
26.86842105263219 40
26.912280701754998 6
26.947368421053245 5
27.13157894736904 44
27.201754385965533 36
27.280701754386588 8
27.29824561403571 25
27.315789473684834 43
27.333333333333957 7
27.34210526315852 20
27.34210526315852 47
27.412280701755012 29
27.438596491228697 17
27.438596491228697 23
27.491228070176067 18
27.578947368421684 24
27.587719298246245 16
27.622807017544492 0
27.649122807018177 6
27.649122807018177 15
27.65789473684274 9
27.81578947368485 39
27.850877192983095 3
27.93859649122871 59
27.947368421053273 41
27.956140350877835 42
28.000000000000643 36
28.061403508772575 7
28.236842105263808 17
28.368421052632232 11
28.385964912281356 6
28.41228070175504 27
28.429824561404164 1
28.429824561404164 2
28.447368421053287 24
28.57017543859715 35
28.631578947369082 25
28.78070175438663 50
28.789473684211192 7
28.789473684211192 44
28.798245614035753 36
28.903508771930493 4
28.903508771930493 45
28.956140350877863 15
28.956140350877863 58
29.035087719298918 17
29.078947368421726 14
29.10526315789541 42
29.122807017544535 6
29.122807017544535 47
29.140350877193658 33
29.31578947368489 24
29.324561403509453 11
29.350877192983138 3
29.473684210527 44
29.491228070176124 18
29.51754385964981 7
29.543859649123494 54
29.596491228070864 9
29.596491228070864 36
29.666666666667357 59
29.73684210526385 48
29.745614035088412 11
29.78947368421122 1
29.807017543860344 8
29.83333333333403 17
29.859649122807713 6
29.89473684210596 5
29.90350877193052 18
29.90350877193052 37
29.964912280702453 25
30.00877192982526 0
30.087719298246316 20
30.10526315789544 28
30.184210526316495 24
30.236842105263865 43
30.245614035088426 7
30.254385964912988 42
30.26315789473755 15
30.280701754386673 22
30.289473684211234 18
30.37719298245685 41
30.394736842105974 36
30.456140350877906 10
30.456140350877906 34
30.57894736842177 16
30.596491228070892 6
30.63157894736914 17
30.85087719298318 3
30.90350877193055 47
30.973684210527043 7
30.982456140351605 4
30.991228070176167 5
31.052631578948098 24
31.105263157895468 29
31.192982456141085 36
31.298245614035825 25
31.33333333333407 6
31.359649122807756 23
31.37719298245688 50
31.403508771930564 42
31.42982456140425 17
31.42982456140425 44
31.447368421053373 1
31.49122807017618 9
31.49122807017618 26
31.517543859649866 5
31.570175438597236 15
31.614035087720044 5
31.614035087720044 18
31.631578947369167 40
31.70175438596566 7
31.719298245614784 57
31.780701754386715 18
31.842105263158647 44
31.921052631579702 24
31.96491228070251 2
31.991228070176195 36
32.070175438597246 6
32.08771929824637 8
32.08771929824637 18
32.114035087720055 45
32.228070175439356 17
32.34210526315866 48
32.35087719298322 3
32.35964912280778 27
32.39473684210603 53
32.429824561404274 7
32.51754385964989 1
32.55263157894814 42
32.55263157894814 43
32.5614035087727 59
32.587719298246384 58
32.63157894736919 25
32.68421052631656 20
32.68421052631656 47
32.701754385965685 14
32.71052631579025 44
32.7894736842113 24
32.7894736842113 36
32.807017543860425 6
32.82456140350955 18
32.87719298245692 15
32.88596491228148 29
33.02631578947447 17
33.03508771929903 44
33.06140350877271 4
33.15789473684289 7
33.228070175439385 41
33.333333333334124 18
33.385964912281494 9
33.4298245614043 18
33.48245614035167 44
33.543859649123604 6
33.57017543859729 16
33.57894736842185 35
33.58771929824641 33
33.58771929824641 36
33.657894736842906 24
33.701754385965714 42
33.701754385965714 59
33.71929824561484 50
33.73684210526396 11
33.79824561403589 1
33.82456140350958 17
33.85087719298326 3
33.88596491228151 7
33.96491228070256 25
34.04385964912362 29
34.15789473684292 39
34.17543859649204 18
34.184210526316605 15
34.22807017543941 54
34.28070175438678 6
34.32456140350959 0
34.38596491228152 36
34.46491228070258 47
34.4824561403517 22
34.49122807017626 48
34.52631578947451 18
34.52631578947451 24
34.614035087720126 7
34.614035087720126 17
34.64912280701837 34
34.72807017543943 43
34.85087719298329 42
34.868421052632414 57
34.877192982456975 37
34.97368421052715 1
35.01754385964996 6
35.11403508772014 28
35.140350877193825 4
35.18421052631663 36
35.22807017543944 27
35.26315789473769 23
35.28947368421137 59
35.298245614035935 25
35.31578947368506 20
35.32456140350962 9
35.34210526315874 7
35.350877192983305 3
35.39473684210611 24
35.403508771930674 29
35.412280701755236 17
35.49122807017629 15
35.50000000000085 2
35.50000000000085 11
35.60526315789559 45
35.75438596491314 6
35.780701754386826 11
35.885964912281565 40
35.982456140351744 36
35.982456140351744 36
36.00000000000087 42
36.00877192982543 18
36.0614035087728 50
36.07017543859736 7
36.21052631579035 17
36.24561403508859 47
36.263157894737716 24
36.28070175438684 43
36.307017543860525 59
36.32456140350965 14
36.38596491228158 53
36.464912280702634 44
36.49122807017632 6
36.56140350877281 16
36.570175438597374 11
36.631578947369306 25
36.69298245614124 48
36.75438596491317 41
36.780701754386854 36
36.79824561403598 15
36.80701754386054 7
36.8157894736851 26
36.85087719298335 3
36.85087719298335 44
37.00877192982546 17
37.03508771929914 18
37.07894736842195 58
37.12280701754476 5
37.13157894736932 24
37.14912280701844 42
37.19298245614125 1
37.21929824561494 4
37.2280701754395 6
37.23684210526406 10
37.24561403508862 9
37.3421052631588 59
37.473684210527225 8
37.535087719299156 7
37.578947368421964 36
37.692982456141266 27
37.7543859649132 5
37.80701754386057 17
37.83333333333425 39
37.96491228070268 6
37.96491228070268 25
38.000000000000924 24
38.02631578947461 47
38.10526315789566 15
38.166666666667595 57
38.219298245614965 43
38.26315789473777 7
38.29824561403602 42
38.324561403509705 20
38.35087719298339 3
38.377192982457075 36
38.40350877193076 50
38.438596491229006 35
38.47368421052725 18
38.60526315789568 17
38.640350877193924 5
38.65789473684305 11
38.65789473684305 44
38.66666666666761 1
38.68421052631673 22
38.701754385965856 6
38.84210526315884 34
38.850877192983404 41
38.86842105263253 24
38.89473684210621 5
38.99122807017639 7
39.0350877192992 2
39.10526315789569 11
39.14035087719394 9
39.15789473684306 48
39.16666666666762 23
39.175438596492185 36
39.18421052631675 5
39.29824561403605 4
39.29824561403605 25
39.39473684210623 17
39.40350877193079 59
39.41228070175535 15
39.438596491229035 6
39.447368421053596 42
39.552631578948336 16
39.63157894736939 5
39.649122807018514 54
39.657894736843076 29
39.72807017543957 7
39.73684210526413 24
39.79824561403606 33
39.807017543860624 47
39.84210526315887 0
39.85087719298343 3
39.85087719298343 37
39.868421052632556 43
39.94736842105361 14
39.973684210527296 36
40.0877192982466 28
40.175438596492214 6
40.19298245614134 17
40.24561403508871 11
40.26315789473783 5
40.27192982456239 44
40.447368421053625 11
40.45614035087819 7
40.5438596491238 8
40.57017543859749 27
40.57894736842205 57
40.59649122807117 42
40.605263157895735 24
40.614035087720296 40
40.63157894736942 25
40.666666666667666 39
40.69298245614135 20
40.719298245615036 15
40.7280701754396 58
40.74561403508872 50
40.771929824562406 36
40.91228070175539 6
40.99122807017645 17
41.035087719299256 9
41.078947368422064 11
41.184210526316804 7
41.20175438596593 5
41.236842105264174 44
41.34210526315891 18
41.350877192983475 3
41.37719298245716 4
41.403508771930845 11
41.47368421052734 24
41.570175438597516 36
41.58771929824664 47
41.64035087719401 48
41.64912280701857 6
41.7105263157905 18
41.74561403508875 42
41.780701754386996 17
41.833333333334366 41
41.84210526315893 10
41.877192982457174 44
41.885964912281736 43
41.91228070175542 7
41.96491228070279 25
42.02631578947472 15
42.043859649123846 26
42.254385964913325 29
42.34210526315894 24
42.36842105263263 36
42.38596491228175 6
42.45614035087824 59
42.50000000000105 1
42.54385964912386 16
42.570175438597545 2
42.57894736842211 17
42.6491228070186 7
42.70175438596597 8
42.70175438596597 11
42.85087719298352 3
42.885964912281764 22
42.885964912281764 53
42.894736842106326 42
42.92982456140457 9
43.03508771929931 34
43.07017543859756 11
43.07017543859756 23
43.12280701754493 6
43.16666666666774 36
43.210526315790545 24
43.29824561403616 25
43.33333333333441 15
43.33333333333441 39
43.359649122808094 57
43.368421052632655 47
43.37719298245722 7
43.37719298245722 17
43.44736842105371 0
43.45614035087827 4
43.50000000000108 50
43.526315789474765 35
43.57017543859757 14
43.65789473684319 18
43.736842105264245 20
43.85964912280811 6
43.93859649122916 18
43.96491228070285 36
43.98245614035197 1
44.0438596491239 42
44.07894736842215 24
44.105263157895834 7
44.114035087720396 54
44.17543859649233 17
44.2280701754397 29
44.263157894737944 33
44.35087719298356 3
44.35087719298356 43
44.41228070175549 41
44.482456140351985 27
44.59649122807129 6
44.63157894736953 25
44.640350877194095 15
44.66666666666778 5
44.66666666666778 11
44.76315789473796 36
44.798245614036205 59
44.81578947368533 5
44.82456140350989 37
44.83333333333445 7
44.83333333333445 9
44.88596491228182 58
44.903508771930944 48
44.92982456140463 11
44.94736842105375 24
44.97368421052744 17
45.061403508773054 28
45.14912280701867 47
45.19298245614148 42
45.25438596491341 8
45.333333333334465 6
45.40350877193096 11
45.53508771929938 4
45.53508771929938 16
45.55263157894851 1
45.56140350877307 7
45.56140350877307 36
45.701754385966055 18
45.76315789473799 17
45.76315789473799 45
45.78070175438711 40
45.79824561403623 0
45.815789473685356 24
45.8508771929836 3
45.87719298245729 57
45.88596491228185 39
45.912280701755535 59
45.94736842105378 15
45.964912280702904 25
46.0350877192994 50
46.070175438597644 6
46.10526315789589 2
46.10526315789589 10
46.21929824561519 29
46.289473684211686 7
46.342105263159056 42
46.35964912280818 36
46.438596491229234 11
46.438596491229234 20
46.53508771929941 53
46.5614035087731 17
46.57894736842222 1
46.61403508772047 18
46.68421052631696 24
46.72807017543977 9
46.80701754386082 6
46.815789473685385 18
46.929824561404686 47
46.973684210527495 23
47.0175438596503 7
47.087719298246796 22
47.11403508772048 27
47.15789473684329 36
47.192982456141536 14
47.22807017543978 29
47.22807017543978 34
47.25438596491347 15
47.298245614036276 25
47.350877192983646 3
47.350877192983646 48
47.35964912280821 17
47.46491228070295 11
47.49122807017663 42
47.543859649124 6
47.543859649124 26
47.552631578948564 24
47.58771929824681 18
47.60526315789593 41
47.614035087720495 4
47.69298245614155 44
47.74561403508892 7
47.9561403508784 36
48.140350877194194 0
48.15789473684332 17
48.254385964913496 5
48.28070175438718 6
48.307017543860866 29
48.42105263158017 24
48.47368421052754 7
48.52631578947491 16
48.561403508773154 15
48.63157894736965 9
48.63157894736965 25
48.64035087719421 42
48.728070175439825 47
48.75438596491351 36
48.76315789473807 33
48.82456140351 59
48.85087719298369 3
48.938596491229305 43
48.95614035087843 17
49.01754385965036 6
49.01754385965036 39
49.043859649124045 50
49.16666666666791 8
49.17543859649247 58
49.201754385966154 7
49.28947368421177 24
49.368421052632826 57
49.412280701755634 5
49.473684210527566 11
49.473684210527566 45
49.517543859650374 29
49.517543859650374 35
49.526315789474936 20
49.55263157894862 36
49.578947368422305 54
49.64035087719424 2
49.69298245614161 4
49.70175438596617 1
49.75438596491354 6
49.75438596491354 17
49.75438596491354 27
49.789473684211785 42
49.79824561403635 37
49.86842105263284 15
49.92982456140477 7
49.96491228070302 25
50.03508771929951 10
50.03508771929951 28
50.157894736843375 24
50.19298245614162 18
50.35087719298373 3
50.35087719298373 36
50.38596491228198 11
50.44736842105391 5
50.49122807017672 6
50.50877192982584 47
50.5175438596504 59
50.526315789474964 9
50.55263157894865 17
50.56140350877321 29
50.65789473684339 7
50.66666666666795 5
50.67543859649251 48
50.71929824561532 1
50.745614035089005 18
50.8157894736855 14
50.87719298245743 23
50.93859649122936 42
51.02631578947498 24
51.13157894736972 43
51.14912280701884 36
51.175438596492526 15
51.21052631579077 11
51.228070175439896 6
51.28947368421183 22
51.29824561403639 25
51.35087719298376 17
51.385964912282006 44
51.385964912282006 50
51.39473684210657 7
51.42105263158025 34
51.50877192982587 53
51.51754385965043 16
51.56140350877324 5
51.61403508772061 0
51.77192982456272 4
51.807017543860965 8
51.85087719298377 3
51.89473684210658 24
51.94736842105395 36
51.95614035087851 39
51.964912280703075 6
51.964912280703075 57
51.97368421052764 29
51.99122807017676 40
52.08771929824694 42
52.10526315789606 11
52.122807017545185 7
52.14912280701887 17
52.20175438596624 18
52.2105263157908 44
52.289473684211856 47
52.42105263158028 9
52.46491228070309 59
52.48245614035221 15
52.596491228071514 43
52.63157894736976 25
52.66666666666801 18
52.701754385966254 6
52.74561403508906 36
52.763157894738185 24
52.78070175438731 18
52.82456140351012 48
52.8508771929838 7
52.90350877193117 45
52.91228070175573 26
52.94736842105398 17
52.9649122807031 5
53.078947368422405 11
53.10526315789609 5
53.11403508772065 27
53.17543859649258 2
53.236842105264515 42
53.28070175438732 1
53.350877192983816 3
53.43859649122943 6
53.54385964912417 36
53.57894736842242 7
53.62280701754523 11
53.63157894736979 24
53.72807017543997 50
53.74561403508909 17
53.74561403508909 59
53.75438596491365 18
53.7894736842119 15
53.84210526315927 11
53.85087719298383 4
53.93859649122945 44
53.96491228070313 25
54.00000000000138 41
54.00877192982594 33
54.07017543859787 47
54.17543859649261 6
54.28070175438735 11
54.3157894736856 7
54.34210526315928 36
54.359649122808406 9
54.38596491228209 1
54.38596491228209 42
54.403508771931214 58
54.412280701755776 0
54.43859649122946 14
54.47368421052771 35
54.50000000000139 24
54.50000000000139 39
54.508771929825954 16
54.5438596491242 17
54.69298245614175 11
54.728070175439996 18
54.771929824562804 37
54.780701754387366 23
54.80701754386105 10
54.8421052631593 8
54.85087719298386 3
54.877192982457544 5
54.885964912282105 57
54.91228070175579 6
55.01754385965053 28
55.043859649124215 7
55.0701754385979 53
55.096491228071585 15
55.14035087719439 36
55.22807017544001 48
55.2982456140365 25
55.34210526315931 17
55.368421052632996 24
55.49122807017686 22
55.526315789475106 27
55.53508771929967 42
55.61403508772072 34
55.64912280701897 6
55.736842105264586 44
55.76315789473827 29
55.77192982456283 7
55.789473684211956 43
55.85087719298389 47
55.92982456140494 4
55.92982456140494 18
55.938596491229504 36
56.07017543859793 50
56.11403508772074 59
56.14035087719442 17
56.20175438596635 20
56.2368421052646 24
56.25438596491372 9
56.29824561403653 1
56.3508771929839 3
56.38596491228215 6
56.40350877193127 15
56.50000000000145 7
56.631578947369874 25
56.684210526317244 42
56.71052631579093 2
56.736842105264614 36
56.7631578947383 41
56.842105263159354 44
56.850877192983916 5
56.850877192983916 54
56.93859649122953 17
57.1052631578962 24
57.114035087720765 0
57.12280701754533 6
57.13157894736989 40
57.1754385964927 39
57.219298245615505 43
57.22807017544007 7
57.24561403508919 5
57.26315789473831 45
57.271929824562875 8
57.50000000000148 16
57.535087719299725 26
57.535087719299725 36
57.587719298247094 59
57.60526315789622 1
57.6315789473699 47
57.640350877194464 5
57.649122807019026 58
57.71052631579096 15
57.73684210526464 17
57.754385964913766 57
57.76315789473833 5
57.83333333333482 42
57.850877192983944 3
57.859649122808506 6
57.93859649122956 27
57.956140350878684 7
57.964912280703246 25
57.97368421052781 24
58.008771929826054 4
58.061403508773424 14
58.09649122807167 48
58.114035087720794 18
58.14912280701904 9
58.21929824561553 11
58.228070175440095 18
58.2719298245629 29
58.333333333334835 36
58.41228070175589 50
58.53508771929975 17
58.596491228071685 6
58.64035087719449 44
58.657894736843616 59
58.6842105263173 7
58.6842105263173 23
58.71929824561555 33
58.74561403508923 43
58.7982456140366 1
58.84210526315941 24
58.921052631580466 5
58.9824561403524 42
58.99122807017696 53
59.017543859650644 15
59.10526315789626 18
59.131578947369945 36
59.29824561403662 25
59.33333333333486 6
59.33333333333486 17
59.35087719298399 3
59.41228070175592 7
59.41228070175592 47
59.42982456140504 10
59.69298245614189 22
59.710526315791014 24
59.74561403508926 37
59.78947368421207 18
59.79824561403663 39
59.80701754386119 34
59.929824561405056 36
