0.0 58
0.008771929824561403 38
0.05263157894736842 44
0.14035087719298245 16
0.14035087719298245 47
0.15789473684210525 22
0.21052631578947367 40
0.21929824561403508 27
0.21929824561403508 48
0.22807017543859648 46
0.26315789473684215 15
0.29824561403508787 23
0.3070175438596493 24
0.32456140350877216 59
0.3947368421052636 11
0.4561403508771936 2
0.4561403508771936 32
0.4736842105263165 7
0.49122807017543935 18
0.5175438596491236 1
0.5175438596491236 56
0.5263157894736851 12
0.5263157894736851 28
0.5350877192982465 0
0.5526315789473694 41
0.666666666666668 53
0.6929824561403523 20
0.6929824561403523 30
0.7543859649122823 42
0.850877192982458 31
0.9649122807017566 25
1.0614035087719322 26
1.078947368421055 57
1.1052631578947394 24
1.2017543859649151 29
1.3157894736842137 7
1.4736842105263195 55
1.5087719298245652 18
1.6140350877193024 15
1.6754385964912324 39
1.7456140350877238 54
1.7807017543859696 59
1.8771929824561453 5
1.9035087719298296 14
1.9035087719298296 24
1.9210526315789525 6
1.9385964912280753 11
1.9649122807017596 47
2.0000000000000053 18
2.149122807017546 7
2.1666666666666683 44
2.2105263157894743 36
2.2192982456140355 37
2.236842105263158 1
2.3421052631578925 5
2.3421052631578925 25
2.368421052631576 29
2.578947368421045 10
2.578947368421045 18
2.6403508771929736 5
2.6491228070175348 6
2.701754385964902 24
2.7192982456140244 27
2.7280701754385857 18
2.8070175438596365 43
2.83333333333332 59
2.868421052631565 48
2.9210526315789322 46
2.9649122807017383 15
2.9824561403508607 7
3.0087719298245443 30
3.0964912280701564 0
3.114035087719279 34
3.1842105263157685 36
3.2280701754385746 16
3.3070175438596254 44
3.377192982456115 6
3.4385964912280436 41
3.456140350877166 29
3.4736842105262884 57
3.499999999999972 24
3.666666666666635 12
3.7807017543859307 47
3.8157894736841755 7
3.885964912280665 59
4.105263157894701 6
4.157894736842071 36
4.2631578947368105 18
4.2631578947368105 53
4.298245614035057 24
4.31578947368418 15
4.42105263157892 42
4.429824561403482 22
4.4912280701754135 1
4.499999999999975 58
4.517543859649098 20
4.52631578947366 43
4.640350877192962 7
4.73684210526314 2
4.78947368421051 55
4.833333333333318 6
4.850877192982441 29
4.999999999999989 49
5.008771929824551 50
5.0964912280701675 48
5.131578947368414 36
5.157894736842099 44
5.184210526315784 24
5.210526315789469 5
5.228070175438592 27
5.307017543859647 30
5.315789473684209 46
5.3508771929824555 38
5.473684210526319 7
5.517543859649127 14
5.517543859649127 25
5.561403508771935 6
5.570175438596497 28
5.605263157894743 47
5.666666666666675 15
5.675438596491237 11
5.69298245614036 39
5.7543859649122915 52
5.763157894736853 56
5.807017543859661 41
5.9824561403508945 24
5.991228070175456 57
6.096491228070196 16
6.105263157894758 36
6.149122807017566 26
6.228070175438621 12
6.254385964912306 23
6.289473684210552 6
6.289473684210552 54
6.289473684210552 59
6.307017543859676 7
6.394736842105292 44
6.429824561403539 43
6.657894736842142 5
6.710526315789512 40
6.780701754386005 24
6.877192982456183 42
6.91228070175443 1
6.9649122807018 0
7.008771929824608 15
7.0175438596491695 6
7.070175438596539 44
7.078947368421101 36
7.105263157894786 48
7.131578947368471 7
7.1929824561404025 37
7.324561403508827 50
7.385964912280759 46
7.4210526315790055 47
7.535087719298307 34
7.578947368421115 24
7.587719298245677 32
7.745614035087787 6
7.789473684210595 44
7.92105263157902 41
7.938596491228143 11
7.956140350877266 7
8.008771929824636 42
8.02631578947376 58
8.043859649122883 1
8.043859649122883 53
8.052631578947445 36
8.122807017543938 20
8.210526315789554 39
8.219298245614116 30
8.342105263157979 2
8.35087719298254 15
8.359649122807102 12
8.377192982456226 24
8.40350877192991 18
8.412280701754472 29
8.464912280701842 44
8.473684210526404 6
8.491228070175527 49
8.640350877193075 57
8.675438596491322 22
8.780701754386062 7
8.850877192982555 44
8.859649122807117 11
8.912280701754487 43
8.964912280701856 16
9.000000000000103 25
9.026315789473788 36
9.078947368421158 27
9.08771929824572 14
9.175438596491336 24
9.201754385965021 6
9.24561403508783 47
9.254385964912391 42
9.263157894736953 46
9.35964912280713 44
9.421052631579062 56
9.438596491228186 48
9.447368421052747 52
9.605263157894857 0
9.605263157894857 7
9.640350877193104 50
9.692982456140474 15
9.692982456140474 59
9.701754385965035 12
9.710526315789597 31
9.929824561403638 6
9.973684210526446 24
10.000000000000131 36
10.070175438596625 1
10.36842105263172 43
10.41228070175453 42
10.429824561403652 7
10.47368421052646 5
10.570175438596639 20
10.614035087719447 28
10.63157894736857 30
10.657894736842255 6
10.657894736842255 18
10.719298245614187 41
10.719298245614187 55
10.763157894736995 5
10.771929824561557 24
10.807017543859804 18
10.807017543859804 29
10.89473684210542 40
10.938596491228228 44
10.973684210526475 36
11.017543859649283 5
11.035087719298406 15
11.087719298245776 46
11.087719298245776 47
11.131578947368585 18
11.184210526315955 54
11.21052631578964 5
11.254385964912448 7
11.333333333333503 25
11.342105263158064 26
11.350877192982626 44
11.385964912280873 6
11.42982456140368 48
11.464912280701927 38
11.47368421052649 59
11.570175438596667 24
11.675438596491407 42
11.728070175438777 49
11.780701754386147 27
11.824561403508955 1
11.833333333333517 16
11.885964912280887 39
11.947368421052818 36
11.95614035087738 50
12.087719298245805 7
12.11403508771949 6
12.140350877193175 11
12.16666666666686 37
12.263157894737038 58
12.350877192982654 23
12.368421052631778 24
12.37719298245634 15
12.403508771930024 53
12.412280701754586 0
12.412280701754586 32
12.640350877193189 43
12.64912280701775 14
12.684210526315997 34
12.692982456140559 18
12.842105263158107 6
12.850877192982669 1
12.903508771930039 11
12.903508771930039 47
12.9122807017546 7
12.921052631579162 36
12.929824561403723 22
12.929824561403723 30
13.061403508772148 57
13.078947368421272 59
13.12280701754408 5
13.166666666666888 24
13.307017543859875 12
13.394736842105491 48
13.473684210526546 8
13.500000000000231 52
13.570175438596724 6
13.614035087719532 18
13.675438596491464 5
13.719298245614272 15
13.728070175438834 2
13.736842105263396 7
13.894736842105505 36
13.894736842105505 42
13.929824561403752 55
13.964912280701999 24
14.052631578947615 10
14.087719298245862 44
14.122807017544108 29
14.245614035087971 59
14.271929824561656 50
14.298245614035341 6
14.535087719298506 39
14.535087719298506 46
14.561403508772191 7
14.631578947368684 56
14.649122807017807 31
14.692982456140616 0
14.701754385965177 16
14.7192982456143 47
14.763157894737109 24
14.77192982456167 27
14.807017543859917 12
14.833333333333602 1
14.859649122807287 11
14.868421052631849 36
14.868421052631849 43
14.912280701754657 25
14.956140350877465 5
14.98245614035115 49
15.017543859649397 4
15.026315789473959 3
15.026315789473959 6
15.061403508772205 15
15.175438596491507 18
15.210526315789753 30
15.263157894737123 5
15.385964912280986 7
15.385964912280986 48
15.438596491228356 57
15.552631578947658 18
15.56140350877222 24
15.66666666666696 28
15.67543859649152 42
15.754385964912576 6
15.83333333333363 5
15.842105263158192 36
16.000000000000302 46
16.052631578947672 12
16.061403508772234 1
16.166666666666973 53
16.21052631578978 7
16.21052631578978 14
16.280701754386275 23
16.298245614035398 54
16.30701754385996 40
16.31578947368452 26
16.35964912280733 3
16.35964912280733 24
16.403508771930138 15
16.4122807017547 43
16.438596491228385 11
16.46491228070207 58
16.482456140351193 6
16.535087719298563 18
16.535087719298563 47
16.587719298245933 50
16.657894736842426 11
16.815789473684536 36
17.04385964912314 7
17.04385964912314 8
17.04385964912314 18
17.140350877193317 37
17.15789473684244 24
17.175438596491563 22
17.175438596491563 22
17.175438596491563 25
17.21052631578981 6
17.21929824561437 55
17.21929824561437 59
17.342105263158235 48
17.403508771930166 41
17.508771929824906 30
17.570175438596838 16
17.596491228070523 42
17.614035087719646 32
17.74561403508807 15
17.771929824561756 39
17.78947368421088 36
17.868421052631934 7
17.89473684210562 43
17.921052631579304 46
17.938596491228427 6
17.95614035087755 24
18.043859649123167 0
18.21052631578984 49
18.228070175438962 12
18.254385964912647 5
18.350877192982825 47
18.37719298245651 29
18.500000000000373 31
18.552631578947743 38
18.64035087719336 59
18.64912280701792 10
18.666666666667044 6
18.69298245614073 7
18.75438596491266 24
18.763157894737223 36
18.780701754386346 20
18.833333333333716 57
18.90350877193021 50
18.973684210526702 5
19.000000000000387 44
19.087719298246004 15
19.149122807017935 5
19.192982456140744 18
19.2719298245618 42
19.298245614035483 48
19.39473684210566 6
19.473684210526716 25
19.517543859649525 7
19.535087719298648 5
19.54385964912321 34
19.55263157894777 24
19.570175438596895 2
19.570175438596895 3
19.570175438596895 4
19.64912280701795 41
19.736842105263566 36
19.771929824561813 14
19.780701754386374 30
19.798245614035498 44
19.850877192982868 29
19.850877192982868 46
19.877192982456553 53
20.12280701754428 6
20.12280701754428 23
20.166666666667087 47
20.34210526315832 12
20.350877192982882 7
20.350877192982882 24
20.429824561403937 15
20.4385964912285 16
20.4385964912285 42
20.49122807017587 0
20.578947368421485 52
20.61403508771973 27
20.649122807017978 44
20.701754385965348 28
20.71052631578991 36
20.736842105263595 59
20.807017543860088 55
20.850877192982896 6
20.903508771930266 3
21.105263157895184 5
21.14035087719343 26
21.149122807017992 24
21.175438596491677 7
21.175438596491677 39
21.219298245614485 50
21.263157894737294 48
21.307017543860102 11
21.377192982456595 44
21.385964912281157 5
21.41228070175484 22
21.438596491228527 49
21.50000000000046 11
21.56140350877239 42
21.578947368421513 6
21.640350877193445 46
21.649122807018006 4
21.684210526316253 36
21.754385964912746 18
21.77192982456187 15
21.798245614035554 29
21.842105263158363 25
21.947368421053103 24
21.98245614035135 47
22.000000000000473 7
22.04385964912328 5
22.070175438596966 30
22.114035087719774 37
22.236842105263637 3
22.30701754386013 6
22.45614035087768 40
22.500000000000487 58
22.52631578947417 57
22.543859649123295 54
22.552631578947857 20
22.605263157895227 32
22.614035087719788 41
22.657894736842596 36
22.745614035088213 24
22.83333333333383 7
22.956140350877693 0
22.956140350877693 11
22.982456140351378 45
23.008771929825063 46
23.026315789474186 2
23.035087719298748 6
23.09649122807068 5
23.114035087719802 15
23.166666666667172 59
23.21052631578998 48
23.30701754386016 16
23.324561403509282 14
23.342105263158405 12
23.4122807017549 5
23.4122807017549 31
23.491228070175953 18
23.500000000000515 27
23.5263157894742 11
23.53508771929876 42
23.53508771929876 50
23.543859649123323 24
23.552631578947885 53
23.561403508772447 5
23.57017543859701 3
23.614035087719817 18
23.63157894736894 36
23.657894736842625 7
23.73684210526368 18
23.763157894737365 6
23.763157894737365 38
23.771929824561926 56
23.79824561403561 47
23.84210526315842 4
23.95614035087772 23
23.964912280702283 29
24.00000000000053 34
24.122807017544392 44
24.175438596491762 18
24.342105263158434 24
24.342105263158434 30
24.37719298245668 55
24.37719298245668 59
24.456140350877735 15
24.48245614035142 7
24.491228070175982 6
24.5789473684216 12
24.605263157895283 36
24.666666666667215 49
24.771929824561955 39
24.90350877193038 3
24.929824561404065 5
24.95614035087775 46
24.982456140351434 18
24.982456140351434 57
25.140350877193544 24
25.140350877193544 42
25.157894736842668 48
25.2192982456146 6
25.315789473684777 7
25.32456140350934 43
25.38596491228127 18
25.412280701754955 25
25.456140350877764 52
25.561403508772504 29
25.578947368421627 36
25.605263157895312 47
25.622807017544435 59
25.64035087719356 10
25.64912280701812 22
25.675438596491805 44
25.684210526316367 0
25.736842105263737 28
25.7456140350883 26
25.75438596491286 12
25.798245614035668 15
25.850877192983038 50
25.929824561404093 4
25.938596491228655 24
25.947368421053216 6
25.956140350877778 1
25.9736842105269 20
26.087719298246203 11
26.140350877193573 7
26.140350877193573 41
26.17543859649182 16
26.17543859649182 18
26.23684210526375 3
26.254385964912874 42
26.298245614035682 11
26.482456140351477 2
26.5000000000006 11
26.508771929825162 46
26.55263157894797 36
26.614035087719902 30
26.675438596491833 6
26.692982456140957 11
26.736842105263765 24
26.77192982456201 40
26.87719298245675 14
26.964912280702368 7
27.017543859649738 31
27.08771929824623 37
27.105263157895354 48
27.122807017544478 5
27.1403508771936 15
27.263157894737464 39
27.315789473684834 1
27.34210526315852 43
27.368421052632204 42
27.40350877193045 6
27.421052631579574 47
27.438596491228697 11
27.50000000000063 54
27.526315789474314 36
27.535087719298875 24
27.570175438597122 3
27.578947368421684 12
27.587719298246245 53
27.631578947369054 11
27.789473684211163 7
27.789473684211163 23
27.82456140350941 11
27.86842105263222 46
27.87719298245678 5
27.88596491228134 18
27.894736842105903 49
27.93859649122871 58
28.008771929825205 4
28.017543859649766 11
28.131578947369068 6
28.166666666667314 50
28.210526315790123 11
28.210526315790123 25
28.271929824562054 41
28.333333333333986 24
28.377192982456794 57
28.40350877193048 11
28.41228070175504 0
28.447368421053287 27
28.447368421053287 55
28.482456140351534 15
28.482456140351534 42
28.500000000000657 36
28.56140350877259 1
28.596491228070835 11
28.61403508771996 7
28.62280701754452 44
28.640350877193644 18
28.692982456141014 29
28.77192982456207 32
28.789473684211192 11
28.859649122807685 6
28.89473684210593 30
28.903508771930493 3
28.912280701755055 18
28.982456140351548 11
29.04385964912348 16
29.05263157894804 48
29.131578947369096 24
29.175438596491905 11
29.236842105263836 47
29.245614035088398 12
29.36842105263226 11
29.438596491228754 7
29.447368421053316 56
29.473684210527 36
29.561403508772617 11
29.587719298246302 6
29.605263157895426 5
29.666666666667357 1
29.719298245614727 8
29.719298245614727 34
29.72807017543929 42
29.73684210526385 18
29.754385964912974 11
29.824561403509467 15
29.850877192983152 5
29.850877192983152 43
29.8859649122814 22
29.929824561404207 24
29.93859649122877 2
29.94736842105333 11
29.94736842105333 38
29.973684210527015 52
30.087719298246316 4
30.140350877193686 11
30.228070175439303 46
30.236842105263865 3
30.26315789473755 7
30.31578947368492 6
30.333333333334043 11
30.42982456140422 14
30.447368421053344 36
30.48245614035159 50
30.6403508771937 31
30.649122807018262 11
30.728070175439317 24
30.780701754386687 28
30.833333333334057 18
30.833333333334057 29
30.833333333334057 39
30.84210526315862 42
31.00877192982529 48
31.043859649123537 5
31.043859649123537 6
31.043859649123537 47
31.07017543859722 57
31.087719298246345 7
31.12280701754459 49
31.1666666666674 15
31.1666666666674 30
31.210526315790208 53
31.32456140350951 43
31.412280701755126 5
31.421052631579688 36
31.526315789474427 24
31.53508771929899 26
31.552631578948112 59
31.570175438597236 3
31.578947368421797 27
31.58771929824636 40
31.59649122807092 10
31.59649122807092 46
31.605263157895482 1
31.614035087720044 11
31.614035087720044 23
31.736842105263907 18
31.75438596491303 54
31.771929824562154 6
31.79824561403584 44
31.8070175438604 11
31.842105263158647 55
31.90350877193058 5
31.91228070175514 16
31.921052631579702 7
31.95614035087795 42
32.00000000000075 11
32.061403508772685 37
32.061403508772685 58
32.07894736842181 18
32.166666666667425 4
32.19298245614111 11
32.228070175439356 12
32.2631578947376 25
32.324561403509534 24
32.385964912281466 11
32.39473684210603 36
32.40350877193059 0
32.50000000000077 6
32.50877192982533 15
32.57894736842182 11
32.62280701754463 44
32.66666666666744 18
32.745614035088494 7
32.76315789473762 18
32.77192982456218 11
32.798245614035864 50
32.84210526315867 59
32.85087719298323 47
32.9035087719306 3
32.95614035087797 48
32.964912280702535 11
33.06140350877271 29
33.06140350877271 32
33.10526315789552 42
33.122807017544645 24
33.15789473684289 11
33.228070175439385 6
33.25438596491307 18
33.342105263158686 41
33.35087719298325 1
33.35087719298325 11
33.36842105263237 36
33.394736842106056 2
33.438596491228864 30
33.50877192982536 44
33.543859649123604 11
33.57017543859729 7
33.62280701754466 12
33.649122807018344 25
33.73684210526396 11
33.79824561403589 52
33.807017543860454 5
33.85087719298326 15
33.88596491228151 46
33.89473684210607 44
33.921052631579755 24
33.92982456140432 11
33.956140350878 6
33.98245614035169 14
34.06140350877274 20
34.12280701754467 11
34.12280701754467 22
34.21929824561485 57
34.236842105263975 3
34.245614035088536 4
34.31578947368503 11
34.342105263158714 27
34.342105263158714 36
34.350877192983276 49
34.394736842106084 7
34.47368421052714 5
34.49122807017626 59
34.508771929825386 11
34.508771929825386 42
34.63157894736925 43
34.666666666667496 47
34.67543859649206 1
34.68421052631662 6
34.68421052631662 31
34.70175438596574 11
34.719298245614866 24
34.72807017543943 5
34.73684210526399 12
34.7807017543868 16
34.8947368421061 11
34.90350877193066 48
34.95614035087803 44
35.02631578947452 25
35.087719298246455 11
35.11403508772014 50
35.192982456141195 15
35.21929824561488 29
35.22807017543944 7
35.28070175438681 11
35.31578947368506 34
35.31578947368506 36
35.33333333333418 44
35.350877192983305 5
35.412280701755236 6
35.4210526315798 46
35.4210526315798 53
35.43859649122892 23
35.44736842105348 41
35.456140350878044 55
35.47368421052717 11
35.517543859649976 24
35.52631578947454 0
35.52631578947454 58
35.570175438597346 3
35.570175438597346 8
35.622807017544716 42
35.666666666667524 11
35.69298245614121 39
35.719298245614894 30
35.81578947368507 28
35.81578947368507 56
36.00000000000087 1
36.01754385964999 5
36.03508771929911 54
36.043859649123675 59
36.05263157894824 7
36.14035087719385 6
36.201754385965785 43
36.27192982456228 29
36.2894736842114 36
36.2894736842114 40
36.315789473685086 24
36.32456140350965 4
36.359649122807895 11
36.464912280702634 20
36.473684210527196 47
36.53508771929913 15
36.631578947369306 5
36.728070175439484 46
36.736842105264046 42
36.85087719298335 2
36.85087719298335 48
36.86842105263247 6
36.87719298245703 7
36.894736842106155 11
36.90350877193072 3
36.98245614035177 12
36.98245614035177 44
37.03508771929914 37
37.08771929824651 11
37.1140350877202 24
37.24561403508862 59
37.263157894737745 36
37.28070175438687 11
37.28070175438687 57
37.315789473685115 5
37.41228070175529 52
37.429824561404416 50
37.473684210527225 11
37.535087719299156 14
37.56140350877284 10
37.578947368421964 32
37.578947368421964 49
37.59649122807109 6
37.64912280701846 16
37.66666666666758 11
37.67543859649214 5
37.70175438596583 7
37.70175438596583 18
37.70175438596583 43
37.77192982456232 27
37.82456140350969 44
37.850877192983376 42
37.85964912280794 11
37.87719298245706 15
37.91228070175531 24
38.000000000000924 29
38.000000000000924 30
38.052631578948294 11
38.219298245614965 18
38.23684210526409 3
38.23684210526409 36
38.24561403508865 11
38.28947368421146 47
38.324561403509705 0
38.324561403509705 6
38.35964912280795 22
38.40350877193076 4
38.438596491229006 11
38.52631578947462 1
38.52631578947462 7
38.56140350877287 38
38.61403508772024 25
38.63157894736936 11
38.66666666666761 41
38.71052631579042 24
38.7368421052641 5
38.7368421052641 39
38.745614035088664 12
38.76315789473779 59
38.78947368421147 18
38.78947368421147 48
38.82456140350972 11
38.903508771930774 20
38.964912280702706 42
39.008771929825514 53
39.017543859650075 11
39.05263157894832 6
39.05263157894832 31
39.1491228070185 58
39.16666666666762 46
39.21052631579043 11
39.21052631579043 36
39.21929824561499 15
39.2631578947378 23
39.35087719298342 7
39.40350877193079 11
39.40350877193079 43
39.50877192982553 24
39.5614035087729 26
39.57017543859746 3
39.596491228071145 11
39.701754385965884 34
39.74561403508869 50
39.78070175438694 6
39.7894736842115 11
39.7894736842115 59
39.859649122807994 12
39.9035087719308 1
39.98245614035186 11
40.078947368422035 42
40.09649122807116 47
40.175438596492214 7
40.175438596492214 11
40.184210526316775 36
40.184210526316775 56
40.27192982456239 30
40.30701754386064 2
40.30701754386064 24
40.36842105263257 11
40.48245614035187 4
40.508771929825556 6
40.51754385965012 16
40.561403508772926 11
40.561403508772926 15
40.605263157895735 25
40.7280701754396 54
40.75438596491328 11
40.771929824562406 0
40.80701754386065 48
40.80701754386065 49
40.85964912280802 28
40.877192982457146 55
40.90350877193083 3
40.94736842105364 11
40.9561403508782 1
40.973684210527324 12
40.982456140351886 57
41.00000000000101 7
41.00000000000101 52
41.087719298246625 14
41.087719298246625 29
41.09649122807119 8
41.10526315789575 24
41.140350877193995 11
41.15789473684312 36
41.184210526316804 41
41.192982456141365 42
41.236842105264174 6
41.27192982456242 5
41.298245614036105 20
41.30701754386067 46
41.33333333333435 11
41.34210526315891 43
41.42982456140453 59
41.44736842105365 18
41.52631578947471 11
41.561403508772955 18
41.719298245615065 10
41.719298245615065 11
41.824561403509804 7
41.90350877193086 15
41.90350877193086 24
41.91228070175542 11
41.91228070175542 47
41.96491228070279 6
41.96491228070279 25
42.0087719298256 37
42.0087719298256 45
42.06140350877297 50
42.087719298246654 12
42.10526315789578 11
42.13157894736946 36
42.2368421052642 3
42.245614035088764 5
42.298245614036134 11
42.307017543860695 42
42.49122807017649 11
42.50877192982561 58
42.55263157894842 30
42.56140350877298 4
42.59649122807123 22
42.60526315789579 53
42.6491228070186 7
42.684210526316846 11
42.69298245614141 6
42.70175438596597 24
42.736842105264216 27
42.7631578947379 18
42.7631578947379 31
42.7631578947379 40
42.7631578947379 48
42.8771929824572 11
42.885964912281764 5
42.92105263158001 18
43.061403508773 0
43.07017543859756 11
43.08771929824668 23
43.105263157895806 36
43.13157894736949 59
43.201754385965984 12
43.24561403508879 15
43.263157894737915 11
43.29824561403616 44
43.35087719298353 29
43.38596491228178 16
43.39473684210634 1
43.421052631580025 6
43.45614035087827 11
43.473684210527395 7
43.48245614035196 39
43.50000000000108 24
43.526315789474765 18
43.55263157894845 8
43.57017543859757 3
43.64912280701863 11
43.684210526316875 20
43.72807017543968 32
43.72807017543968 43
43.72807017543968 47
43.736842105264245 42
43.76315789473793 2
43.82456140350986 44
43.842105263158984 11
43.96491228070285 5
44.01754385965022 25
44.03508771929934 11
44.052631578948464 46
44.07894736842215 36
44.07894736842215 49
44.14912280701864 6
44.20175438596601 44
44.219298245615136 55
44.2280701754397 11
44.24561403508882 18
44.29824561403619 7
44.29824561403619 24
44.315789473685314 12
44.315789473685314 52
44.377192982457245 38
44.377192982457245 50
44.421052631580054 11
44.587719298246725 15
44.587719298246725 29
44.61403508772041 5
44.61403508772041 11
44.640350877194095 4
44.640350877194095 14
44.65789473684322 1
44.692982456141465 59
44.71052631579059 48
44.745614035088835 18
44.807017543860766 11
44.82456140350989 30
44.850877192983575 26
44.87719298245726 6
44.903508771930944 3
45.00000000000112 11
45.02631578947481 56
45.05263157894849 36
45.0964912280713 24
45.122807017544986 7
45.18421052631692 5
45.19298245614148 11
45.19298245614148 42
45.35964912280815 27
45.35964912280815 44
45.35964912280815 57
45.385964912281835 0
45.385964912281835 11
45.429824561404644 12
45.53508771929938 5
45.543859649123945 25
45.543859649123945 47
45.57894736842219 11
45.60526315789588 6
45.649122807018685 59
45.77192982456255 11
45.79824561403623 34
45.8508771929836 58
45.89473684210641 24
45.89473684210641 28
45.92982456140466 15
45.94736842105378 7
45.964912280702904 11
46.026315789474836 36
46.06140350877308 20
46.15789473684326 11
46.236842105264316 3
46.25438596491344 16
46.31578947368537 31
46.31578947368537 42
46.333333333334494 6
46.35087719298362 11
46.42105263158011 46
46.42105263158011 53
46.45614035087836 44
46.500000000001165 41
46.543859649123974 11
46.543859649123974 12
46.63157894736959 18
46.657894736843275 48
46.69298245614152 24
46.69298245614152 50
46.71929824561521 4
46.73684210526433 11
46.74561403508889 8
46.77192982456258 7
46.83333333333451 22
46.91228070175556 23
46.929824561404686 11
46.973684210527495 44
46.982456140352056 37
47.00000000000118 36
47.026315789474864 52
47.04385964912399 59
47.06140350877311 6
47.09649122807136 30
47.09649122807136 40
47.12280701754504 11
47.21052631579066 29
47.21929824561522 2
47.27192982456259 15
47.30701754386084 49
47.3157894736854 11
47.35964912280821 18
47.35964912280821 47
47.36842105263277 55
47.4298245614047 42
47.43859649122926 1
47.456140350878385 18
47.49122807017663 24
47.508771929825755 11
47.57017543859769 3
47.59649122807137 7
47.6578947368433 12
47.70175438596611 11
47.73684210526436 57
47.76315789473804 54
47.78947368421173 6
47.89473684210647 11
47.91228070175559 18
47.97368421052752 36
48.0701754385977 0
48.087719298246824 11
48.087719298246824 59
48.140350877194194 44
48.192982456141564 14
48.21929824561525 25
48.28070175438718 11
48.28947368421174 24
48.359649122808236 32
48.42105263158017 7
48.43859649122929 20
48.47368421052754 11
48.517543859650345 6
48.54385964912403 5
48.561403508773154 42
48.60526315789596 48
48.614035087720524 15
48.66666666666789 11
48.77192982456263 12
48.79824561403632 4
48.81578947368544 1
48.85964912280825 11
48.90350877193106 3
48.90350877193106 41
48.92105263158018 46
48.947368421053866 36
48.95614035087843 56
49.000000000001236 5
49.0087719298258 50
49.052631578948606 11
49.06140350877317 39
49.08771929824685 24
49.1228070175451 16
49.16666666666791 47
49.2368421052644 59
49.24561403508896 6
49.24561403508896 7
49.24561403508896 11
49.29824561403633 43
49.32456140351002 27
49.37719298245739 30
49.43859649122932 11
49.55263157894862 38
49.631578947369675 11
49.675438596492484 42
49.69298245614161 31
49.82456140351003 11
49.88596491228196 12
49.88596491228196 24
49.90350877193109 18
49.92105263158021 36
49.95614035087846 15
49.97368421052758 6
49.98245614035214 44
50.01754385965039 11
50.01754385965039 11
50.07017543859776 7
50.07017543859776 52
50.19298245614162 46
50.210526315790744 11
50.23684210526443 3
50.38596491228198 59
50.4035087719311 11
50.429824561404786 29
50.46491228070303 1
50.46491228070303 26
50.473684210527594 5
50.482456140352156 25
50.535087719299526 49
50.56140350877321 48
50.59649122807146 11
50.62280701754514 53
50.67543859649251 2
50.684210526317074 24
50.7017543859662 6
50.736842105264444 23
50.78947368421181 11
50.8157894736855 20
50.84210526315918 34
50.84210526315918 42
50.87719298245743 4
50.87719298245743 55
50.89473684210655 36
50.903508771931115 7
50.9298245614048 28
50.97368421052761 47
50.98245614035217 11
50.98245614035217 41
51.00000000000129 12
51.01754385965042 43
51.070175438597786 22
51.166666666667965 5
51.175438596492526 11
51.29824561403639 15
51.324561403510074 50
51.333333333334636 18
51.35964912280832 58
51.36842105263288 11
51.429824561404814 6
51.482456140352184 24
51.50877192982587 18
51.56140350877324 11
51.5701754385978 3
51.5701754385978 44
51.596491228071486 29
51.649122807018855 30
51.6842105263171 57
51.701754385966225 39
51.73684210526447 7
51.745614035089034 14
51.754385964913595 11
51.8684210526329 36
51.93859649122939 25
51.94736842105395 11
51.95614035087851 37
51.95614035087851 42
51.99122807017676 16
52.06140350877325 1
52.08771929824694 59
52.11403508772062 12
52.14035087719431 11
52.15789473684343 6
52.280701754387294 18
52.280701754387294 24
52.333333333334664 11
52.42105263158028 5
52.438596491229404 32
52.447368421053966 18
52.51754385965046 48
52.52631578947502 11
52.57017543859783 7
52.64035087719432 15
52.64035087719432 43
52.71929824561538 11
52.78947368421187 47
52.84210526315924 36
52.88596491228205 6
52.90350877193117 3
52.91228070175573 11
52.95614035087854 4
53.07017543859784 42
53.078947368422405 24
53.10526315789609 11
53.10526315789609 40
53.11403508772065 41
53.131578947369775 52
53.192982456141706 20
53.22807017543995 12
53.22807017543995 54
53.298245614036446 1
53.298245614036446 11
53.31578947368557 10
53.403508771931186 7
53.41228070175575 18
53.42982456140487 25
53.48245614035224 44
53.4912280701768 11
53.614035087720666 6
53.64035087719435 50
53.68421052631716 11
53.69298245614172 5
53.763157894738214 49
53.815789473685584 36
53.877192982457515 11
53.877192982457515 24
53.88596491228208 0
53.929824561404885 30
53.982456140352255 15
54.07017543859787 11
54.1315789473698 2
54.140350877194365 18
54.140350877194365 39
54.18421052631717 42
54.22807017543998 7
54.22807017543998 27
54.23684210526454 3
54.26315789473823 11
54.298245614036475 31
54.298245614036475 44
54.34210526315928 6
54.34210526315928 12
54.456140350878584 11
54.47368421052771 48
54.48245614035227 53
54.508771929825954 43
54.561403508773324 23
54.60526315789613 47
54.622807017545256 57
54.64912280701894 11
54.675438596492626 24
54.771929824562804 5
54.78947368421193 36
54.81578947368561 46
54.8421052631593 11
54.85964912280842 16
54.86842105263298 55
54.9561403508786 26
54.982456140352284 1
55.03508771929965 4
55.03508771929965 11
55.05263157894878 7
55.0701754385979 6
55.19298245614176 5
55.22807017544001 11
55.254385964913695 41
55.2982456140365 5
55.2982456140365 14
55.2982456140365 42
55.307017543861065 22
55.32456140351019 15
55.421052631580366 11
55.42982456140493 5
55.44736842105405 58
55.45614035087861 12
55.473684210527736 24
55.56140350877335 25
55.570175438597914 3
55.570175438597914 18
55.570175438597914 20
55.61403508772072 11
55.66666666666809 5
55.7105263157909 34
55.76315789473827 36
55.79824561403652 6
55.80701754386108 5
55.80701754386108 11
55.87719298245757 7
55.938596491229504 52
55.95614035087863 50
55.96491228070319 28
55.96491228070319 59
56.000000000001435 11
56.008771929826 8
56.03508771929968 44
56.11403508772074 5
56.19298245614179 11
56.210526315790915 30
56.27192982456285 24
56.315789473685655 38
56.315789473685655 46
56.368421052633025 43
56.38596491228215 11
56.41228070175583 42
56.41228070175583 47
56.421052631580395 48
56.49122807017689 1
56.526315789475134 6
56.57017543859794 12
56.578947368422504 11
56.66666666666812 15
56.67543859649268 44
56.70175438596637 7
56.736842105264614 36
56.745614035089176 5
56.77192982456286 11
56.903508771931286 3
56.92982456140497 37
56.947368421054094 59
56.96491228070322 11
56.97368421052778 27
56.9912280701769 49
56.9912280701769 57
57.03508771929971 25
57.04385964912427 32
57.07017543859796 24
57.114035087720765 4
57.15789473684357 11
57.21052631579094 29
57.25438596491375 6
57.35087719298393 11
57.35964912280849 0
57.385964912282176 18
57.39473684210674 40
57.47368421052779 39
57.5175438596506 54
57.52631578947516 7
57.52631578947516 42
57.543859649124286 11
57.587719298247094 2
57.68421052631727 12
57.71052631579096 36
57.72807017544008 16
57.73684210526464 11
57.86842105263307 24
57.929824561405 11
57.94736842105412 20
57.97368421052781 59
57.98245614035237 6
58.008771929826054 15
58.122807017545355 11
58.1578947368436 1
58.21929824561553 18
58.228070175440095 47
58.23684210526466 3
58.2719298245629 50
58.29824561403659 44
58.31578947368571 11
58.35087719298396 7
58.37719298245764 48
58.40350877193133 46
58.42105263158045 23
58.491228070176945 30
58.50877192982607 11
58.56140350877344 5
58.63157894736993 18
58.66666666666818 24
58.6842105263173 36
58.701754385966424 11
58.710526315790986 6
58.71929824561555 31
58.71929824561555 41
58.71929824561555 42
58.754385964913794 58
58.77192982456292 18
58.78070175438748 43
58.7982456140366 12
58.85087719298397 14
58.88596491228222 29
58.89473684210678 11
59.04385964912433 59
59.070175438598014 53
59.08771929824714 11
59.11403508772082 18
59.175438596492754 7
59.19298245614188 4
59.28070175438749 11
59.35087719298399 15
59.41228070175592 10
59.4385964912296 6
59.447368421054165 18
59.46491228070329 24
59.47368421052785 11
59.54385964912434 22
59.552631578948905 25
59.561403508773466 44
59.57017543859803 3
59.657894736843645 36
59.666666666668206 11
59.666666666668206 27
59.67543859649277 26
59.771929824562946 18
59.83333333333488 42
59.85964912280856 11
59.91228070175593 12
59.921052631580494 44
