0.043859649122807015 34
0.06140350877192982 26
0.11403508771929824 43
0.20175438596491227 27
0.20175438596491227 39
0.22807017543859648 55
0.2719298245614036 47
0.31578947368421073 28
0.31578947368421073 41
0.3596491228070179 23
0.37719298245614075 10
0.4736842105263165 14
0.4736842105263165 15
0.5000000000000008 32
0.5350877192982465 22
0.5350877192982465 25
0.5438596491228079 24
0.5526315789473694 57
0.6228070175438608 7
0.6315789473684222 35
0.6315789473684222 36
0.6403508771929837 29
0.6491228070175451 6
0.6491228070175451 37
0.6578947368421065 46
0.6754385964912294 30
0.8421052631578966 44
1.0877192982456165 4
1.2280701754385994 33
1.3070175438596523 9
1.342105263157898 24
1.3771929824561437 6
1.4473684210526352 7
1.4473684210526352 52
1.526315789473688 11
1.5350877192982495 48
1.605263157894741 17
1.6140350877193024 16
1.6754385964912324 36
1.6929824561403553 15
1.8859649122807067 25
2.061403508771934 3
2.061403508771934 42
2.070175438596495 2
2.070175438596495 12
2.070175438596495 46
2.10526315789474 6
2.1403508771929847 24
2.149122807017546 47
2.1754385964912295 0
2.2280701754385968 5
2.2631578947368416 7
2.3070175438596476 38
2.3508771929824537 53
2.3771929824561373 43
2.412280701754382 44
2.7192982456140244 36
2.8070175438596365 11
2.83333333333332 1
2.83333333333332 6
2.90350877192981 15
2.9298245614034935 11
2.9385964912280547 24
3.0263157894736668 30
3.035087719298228 11
3.043859649122789 56
3.078947368421034 7
3.114035087719279 9
3.210526315789452 29
3.2368421052631358 25
3.4824561403508496 54
3.5614035087719005 6
3.63157894736839 42
3.70175438596488 44
3.7368421052631247 24
3.7631578947368083 36
3.7807017543859307 57
3.833333333333298 17
3.885964912280665 7
3.885964912280665 48
3.9035087719297876 12
3.9912280701753997 3
4.017543859649084 14
4.0350877192982075 47
4.096491228070139 43
4.096491228070139 46
4.114035087719262 15
4.2368421052631255 34
4.2894736842104955 6
4.324561403508742 23
4.385964912280674 10
4.412280701754359 16
4.447368421052605 27
4.47368421052629 52
4.4912280701754135 39
4.535087719298222 24
4.587719298245592 25
4.701754385964893 7
4.780701754385948 42
4.807017543859633 36
4.859649122807003 22
4.8947368421052495 1
5.017543859649113 6
5.026315789473674 29
5.105263157894729 55
5.315789473684209 28
5.3245614035087705 15
5.333333333333332 8
5.333333333333332 24
5.412280701754387 44
5.438596491228072 4
5.447368421052634 3
5.464912280701757 9
5.48245614035088 26
5.508771929824565 7
5.561403508771935 2
5.58771929824562 30
5.596491228070182 37
5.684210526315798 43
5.74561403508773 6
5.85087719298247 36
5.921052631578963 47
5.938596491228086 25
5.964912280701771 41
6.026315789473703 42
6.087719298245634 32
6.1315789473684426 24
6.245614035087744 1
6.298245614035114 57
6.315789473684237 7
6.429824561403539 17
6.429824561403539 48
6.473684210526347 0
6.473684210526347 6
6.482456140350909 44
6.535087719298279 15
6.780701754386005 3
6.894736842105306 5
6.894736842105306 36
6.929824561403553 24
7.105263157894786 29
7.122807017543909 7
7.201754385964964 6
7.210526315789526 16
7.2192982456140875 9
7.289473684210581 25
7.342105263157951 42
7.412280701754444 46
7.464912280701814 17
7.482456140350937 35
7.526315789473745 14
7.543859649122869 58
7.728070175438663 24
7.745614035087787 15
7.76315789473691 27
7.771929824561472 44
7.807017543859718 47
7.842105263157965 53
7.8771929824562115 1
7.929824561403581 6
7.929824561403581 7
7.938596491228143 36
8.061403508772006 38
8.114035087719376 3
8.114035087719376 41
8.175438596491308 23
8.219298245614116 56
8.333333333333417 12
8.342105263157979 17
8.394736842105349 55
8.526315789473774 24
8.570175438596582 4
8.640350877193075 25
8.657894736842199 6
8.728070175438692 11
8.736842105263253 7
8.745614035087815 34
8.868421052631678 0
8.956140350877295 15
8.98245614035098 36
9.000000000000103 48
9.052631578947473 2
9.061403508772035 52
9.201754385965021 22
9.271929824561514 49
9.324561403508884 24
9.385964912280816 6
9.385964912280816 39
9.394736842105377 11
9.447368421052747 3
9.456140350877309 54
9.46491228070187 1
9.491228070175556 8
9.500000000000117 9
9.543859649122926 7
9.561403508772049 17
9.684210526315912 43
9.684210526315912 47
9.842105263158022 12
9.99122807017557 25
10.008771929824693 16
10.026315789473816 36
10.114035087719433 6
10.122807017543995 24
10.166666666666803 15
10.333333333333474 28
10.350877192982598 7
10.394736842105406 17
10.456140350877337 33
10.52631578947383 10
10.535087719298392 11
10.543859649122954 37
10.63157894736857 11
10.701754385965064 4
10.728070175438749 11
10.780701754386119 3
10.824561403508927 11
10.84210526315805 6
10.877192982456297 41
10.921052631579105 24
10.929824561403667 1
10.929824561403667 11
11.035087719298406 11
11.035087719298406 14
11.035087719298406 32
11.070175438596653 36
11.114035087719461 42
11.122807017544023 20
11.140350877193146 11
11.15789473684227 7
11.236842105263324 11
11.26315789473701 9
11.271929824561571 17
11.289473684210694 12
11.298245614035256 30
11.333333333333503 11
11.342105263158064 25
11.359649122807188 27
11.36842105263175 48
11.377192982456311 15
11.42982456140368 11
11.491228070175612 5
11.500000000000174 53
11.526315789473859 11
11.526315789473859 57
11.53508771929842 50
11.552631578947544 47
11.570175438596667 6
11.622807017544037 11
11.719298245614215 11
11.719298245614215 24
11.771929824561585 46
11.815789473684394 11
11.912280701754572 11
11.973684210526503 7
12.00877192982475 11
12.017543859649312 1
12.096491228070366 17
12.105263157894928 11
12.11403508771949 3
12.11403508771949 36
12.201754385965106 11
12.298245614035284 6
12.298245614035284 11
12.342105263158093 29
12.394736842105463 11
12.447368421052833 56
12.49122807017564 11
12.49122807017564 42
12.500000000000203 35
12.517543859649326 24
12.54385964912301 2
12.587719298245819 11
12.587719298245819 15
12.614035087719504 0
12.614035087719504 43
12.666666666666874 23
12.684210526315997 11
12.692982456140559 25
12.745614035087929 55
12.780701754386175 7
12.780701754386175 11
12.80701754385986 16
12.833333333333545 4
12.877192982456354 11
12.885964912280915 38
12.9122807017546 26
12.921052631579162 17
12.947368421052847 34
12.973684210526532 11
12.982456140351093 41
13.000000000000217 9
13.026315789473902 6
13.07017543859671 11
13.105263157894957 12
13.157894736842326 36
13.166666666666888 11
13.236842105263381 49
13.263157894737066 11
13.28070175438619 39
13.315789473684436 24
13.359649122807244 11
13.429824561403738 47
13.447368421052861 3
13.456140350877423 1
13.456140350877423 11
13.526315789473916 22
13.5526315789476 11
13.587719298245847 7
13.649122807017779 11
13.728070175438834 20
13.745614035087957 11
13.745614035087957 17
13.754385964912519 6
13.798245614035327 15
13.842105263158135 11
13.842105263158135 48
13.938596491228314 11
13.947368421052875 29
14.035087719298492 11
14.043859649123053 25
14.052631578947615 57
14.070175438596738 44
14.070175438596738 50
14.070175438596738 52
14.087719298245862 30
14.114035087719547 24
14.13157894736867 11
14.201754385965163 36
14.228070175438848 11
14.271929824561656 12
14.280701754386218 42
14.324561403509026 11
14.39473684210552 7
14.421052631579204 11
14.482456140351136 6
14.517543859649383 11
14.543859649123068 14
14.570175438596753 17
14.61403508771956 11
14.631578947368684 40
14.710526315789739 11
14.780701754386232 3
14.798245614035356 5
14.798245614035356 9
14.807017543859917 11
14.903508771930095 11
14.912280701754657 24
14.964912280702027 4
15.000000000000274 11
15.008771929824835 15
15.096491228070452 11
15.19298245614063 11
15.210526315789753 6
15.210526315789753 7
15.245614035088 36
15.289473684210808 11
15.307017543859931 47
15.342105263158178 28
15.342105263158178 41
15.359649122807301 0
15.394736842105548 17
15.394736842105548 25
15.447368421052918 46
15.491228070175726 37
15.605263157895028 16
15.66666666666696 12
15.684210526316082 11
15.710526315789767 24
15.78070175438626 11
15.842105263158192 48
15.877192982456439 11
15.93859649122837 6
15.973684210526617 11
16.017543859649425 7
16.03508771929855 2
16.070175438596795 11
16.114035087719603 3
16.166666666666973 11
16.21052631578978 1
16.219298245614343 15
16.219298245614343 17
16.26315789473715 11
16.289473684210837 27
16.289473684210837 36
16.35964912280733 11
16.377192982456453 30
16.456140350877508 11
16.508771929824878 24
16.552631578947686 11
16.57017543859681 9
16.649122807017864 11
16.666666666666988 6
16.745614035088042 25
16.78070175438629 43
16.807017543859974 23
16.824561403509097 7
17.04385964912314 17
17.09649122807051 4
17.10526315789507 42
17.122807017544194 53
17.20175438596525 47
17.236842105263495 52
17.30701754385999 24
17.333333333333673 36
17.350877192982797 35
17.350877192982797 57
17.36842105263192 50
17.394736842105605 6
17.42982456140385 15
17.42982456140385 46
17.447368421052975 3
17.543859649123153 55
17.5789473684214 32
17.63157894736877 7
17.657894736842454 12
17.675438596491578 11
17.701754385965263 29
17.771929824561756 11
17.780701754386318 39
17.85087719298281 22
17.868421052631934 11
17.868421052631934 17
17.877192982456496 48
17.964912280702112 11
18.05263157894773 14
18.05263157894773 26
18.06140350877229 11
18.096491228070537 25
18.1052631578951 24
18.1052631578951 33
18.122807017544222 6
18.122807017544222 34
18.15789473684247 11
18.254385964912647 11
18.31578947368458 0
18.3333333333337 9
18.350877192982825 11
18.37719298245651 36
18.37719298245651 38
18.403508771930195 16
18.412280701754757 42
18.42982456140388 43
18.43859649122844 7
18.447368421053003 11
18.473684210526688 5
18.54385964912318 11
18.622807017544236 56
18.64035087719336 11
18.64035087719336 15
18.69298245614073 17
18.780701754386346 3
18.85087719298284 6
18.868421052631962 12
18.877192982456524 11
18.90350877193021 24
18.973684210526702 11
19.07017543859688 11
19.078947368421442 47
19.16666666666706 8
19.16666666666706 11
19.22807017543899 4
19.245614035088114 7
19.263157894737237 11
19.289473684210922 30
19.359649122807415 11
19.421052631579347 36
19.44736842105303 25
19.456140350877593 11
19.517543859649525 17
19.526315789474086 2
19.55263157894777 11
19.578947368421456 6
19.64912280701795 11
19.70175438596532 24
19.728070175439004 42
19.745614035088128 11
19.842105263158306 11
19.850877192982868 15
20.01754385964954 57
20.0263157894741 50
20.052631578947786 7
20.052631578947786 9
20.07017543859691 12
20.07894736842147 11
20.114035087719717 3
20.17543859649165 11
20.17543859649165 48
20.263157894737265 52
20.271929824561827 11
20.307017543860074 6
20.34210526315832 17
20.359649122807443 28
20.359649122807443 28
20.368421052632005 11
20.377192982456567 46
20.4385964912285 37
20.464912280702183 11
20.464912280702183 36
20.50000000000043 24
20.5526315789478 54
20.56140350877236 11
20.65789473684254 11
20.754385964912718 11
20.798245614035526 25
20.850877192982896 11
20.859649122807458 7
20.947368421053074 11
20.947368421053074 47
21.03508771929869 6
21.043859649123252 11
21.061403508772376 15
21.070175438596937 43
21.114035087719746 1
21.166666666667115 17
21.175438596491677 23
21.201754385965362 16
21.29824561403554 24
21.359649122807472 4
21.44736842105309 3
21.50877192982502 36
21.552631578947828 14
21.67543859649169 7
21.692982456140815 5
21.72807017543906 55
21.763157894737308 6
21.798245614035554 9
21.868421052632048 0
21.99122807017591 17
22.070175438596966 20
22.09649122807065 24
22.14912280701802 25
22.175438596491706 22
22.19298245614083 39
22.271929824561884 15
22.30701754386013 11
22.368421052632062 48
22.385964912281185 57
22.394736842105747 35
22.482456140351363 7
22.491228070175925 6
22.500000000000487 1
22.552631578947857 36
22.73684210526365 12
22.763157894737336 11
22.771929824561898 27
22.78070175438646 3
22.815789473684706 17
22.815789473684706 47
22.859649122807514 11
22.8859649122812 32
22.89473684210576 24
22.956140350877693 11
22.973684210526816 40
23.017543859649624 2
23.05263157894787 11
23.140350877193487 46
23.14912280701805 11
23.15789473684261 42
23.15789473684261 50
23.219298245614542 6
23.245614035088227 11
23.289473684211035 7
23.298245614035597 30
23.324561403509282 53
23.342105263158405 11
23.42105263157946 41
23.438596491228584 11
23.482456140351392 15
23.491228070175953 4
23.500000000000515 25
23.53508771929876 11
23.543859649123323 9
23.596491228070693 36
23.63157894736894 11
23.6403508771935 17
23.69298245614087 24
23.728070175439118 11
23.728070175439118 33
23.79824561403561 34
23.94736842105316 6
23.95614035087772 12
23.964912280702283 11
24.00000000000053 16
24.0526315789479 8
24.06140350877246 11
24.087719298246146 52
24.096491228070708 7
24.11403508771983 3
24.15789473684264 11
24.184210526316324 38
24.254385964912817 11
24.350877192982995 11
24.36842105263212 0
24.37719298245668 48
24.447368421053174 11
24.464912280702297 17
24.464912280702297 42
24.491228070175982 24
24.52631578947423 46
24.543859649123352 11
24.552631578947913 44
24.64035087719353 11
24.64035087719353 36
24.657894736842653 39
24.675438596491777 6
24.68421052631634 47
24.6929824561409 15
24.736842105263708 11
24.763157894737393 31
24.833333333333886 11
24.833333333333886 43
24.85087719298301 25
24.90350877193038 7
24.929824561404065 11
25.052631578947928 14
25.052631578947928 23
25.2192982456146 54
25.263157894737407 5
25.263157894737407 9
25.28070175438653 27
25.289473684211092 17
25.289473684211092 24
25.359649122807586 28
25.38596491228127 37
25.403508771930394 6
25.42982456140408 55
25.447368421053202 3
25.59649122807075 30
25.622807017544435 4
25.631578947368997 20
25.684210526316367 36
25.71052631579005 7
25.71052631579005 57
25.728070175439175 12
25.736842105263737 26
25.7456140350883 11
25.842105263158476 11
25.903508771930408 15
25.938596491228655 11
25.956140350877778 1
25.956140350877778 42
25.982456140351463 50
26.000000000000586 46
26.035087719298833 10
26.035087719298833 11
26.087719298246203 24
26.114035087719888 17
26.13157894736901 6
26.13157894736901 11
26.201754385965504 25
26.22807017543919 11
26.324561403509367 11
26.350877192983052 48
26.3859649122813 44
26.403508771930422 41
26.421052631579546 11
26.49122807017604 22
26.508771929825162 2
26.517543859649724 7
26.517543859649724 11
26.55263157894797 47
26.614035087719902 11
26.64912280701815 5
26.71052631579008 11
26.728070175439203 36
26.780701754386573 3
26.789473684211135 0
26.798245614035697 16
26.80701754386026 11
26.859649122807628 6
26.885964912281313 24
26.903508771930436 11
26.92105263157956 32
26.938596491228683 17
26.98245614035149 9
27.000000000000615 11
27.043859649123423 56
27.096491228070793 11
27.096491228070793 49
27.114035087719916 15
27.13157894736904 12
27.18421052631641 5
27.19298245614097 11
27.28947368421115 11
27.29824561403571 44
27.324561403509396 7
27.385964912281327 11
27.438596491228697 35
27.482456140351506 11
27.552631578948 25
27.578947368421684 11
27.587719298246245 6
27.61403508771993 52
27.675438596491862 11
27.684210526316424 24
27.754385964912917 4
27.76315789473748 17
27.77192982456204 11
27.77192982456204 36
27.86842105263222 11
27.88596491228134 30
27.947368421053273 27
27.964912280702396 11
27.98245614035152 42
27.99122807017608 34
28.061403508772575 11
28.114035087719945 3
28.131578947369068 7
28.157894736842753 11
28.24561403508837 46
28.25438596491293 11
28.25438596491293 43
28.315789473684863 6
28.324561403509424 15
28.35087719298311 11
28.35087719298311 48
28.394736842105917 50
28.421052631579602 47
28.447368421053287 11
28.482456140351534 24
28.543859649123466 11
28.552631578948027 14
28.587719298246274 17
28.587719298246274 20
28.640350877193644 11
28.692982456141014 9
28.736842105263822 11
28.815789473684877 36
28.833333333334 11
28.903508771930493 25
28.92982456140418 11
28.93859649122874 7
29.00000000000067 23
29.008771929825233 39
29.026315789474356 11
29.04385964912348 6
29.078947368421726 44
29.122807017544535 11
29.219298245614713 11
29.25438596491296 33
29.280701754386644 24
29.298245614035768 41
29.30701754386033 42
29.31578947368489 11
29.41228070175507 11
29.41228070175507 17
29.429824561404192 38
29.447368421053316 3
29.500000000000686 44
29.508771929825247 11
29.535087719298932 15
29.57894736842174 40
29.596491228070864 16
29.605263157895426 11
29.63157894736911 12
29.649122807018234 54
29.701754385965604 11
29.754385964912974 7
29.763157894737535 0
29.771929824562097 6
29.78947368421122 43
29.798245614035782 11
29.859649122807713 36
29.8859649122814 4
29.89473684210596 11
29.964912280702453 44
29.99122807017614 11
30.0000000000007 2
30.05263157894807 1
30.078947368421755 24
30.087719298246316 11
30.15789473684281 49
30.184210526316495 11
30.228070175439303 30
30.236842105263865 17
30.254385964912988 25
30.280701754386673 11
30.289473684211234 5
30.289473684211234 47
30.333333333334043 37
30.342105263158604 48
30.359649122807728 28
30.37719298245685 11
30.42105263157966 42
30.42982456140422 26
30.438596491228783 9
30.47368421052703 11
30.500000000000714 6
30.561403508772646 7
30.570175438597207 11
30.570175438597207 31
30.58771929824633 52
30.657894736842824 44
30.666666666667385 11
30.675438596491947 58
30.73684210526388 57
30.74561403508844 15
30.780701754386687 3
30.807017543860372 22
30.807017543860372 50
30.877192982456865 24
30.90350877193055 36
30.938596491228797 46
30.95614035087792 32
31.06140350877266 17
31.184210526316523 10
31.184210526316523 11
31.22807017543933 6
31.2807017543867 11
31.368421052632318 7
31.37719298245688 11
31.464912280702496 56
31.473684210527058 11
31.570175438597236 11
31.605263157895482 25
31.605263157895482 55
31.666666666667414 11
31.675438596491976 24
31.763157894737592 11
31.771929824562154 5
31.85964912280777 11
31.885964912281455 17
31.947368421053387 36
31.95614035087795 6
31.95614035087795 11
31.95614035087795 15
32.01754385964988 4
32.01754385964988 12
32.05263157894812 11
32.05263157894812 14
32.114035087720055 3
32.1491228070183 9
32.1491228070183 11
32.15789473684286 47
32.166666666667425 42
32.18421052631655 7
32.18421052631655 34
32.24561403508848 11
32.24561403508848 46
32.31578947368497 48
32.34210526315866 11
32.39473684210603 16
32.40350877193059 0
32.438596491228836 11
32.47368421052708 24
32.50000000000077 53
32.50877192982533 30
32.51754385964989 35
32.535087719299014 11
32.5614035087727 27
32.63157894736919 11
32.68421052631656 6
32.71052631579025 17
32.72807017543937 11
32.78070175438674 1
32.82456140350955 11
32.86842105263236 23
32.92105263157973 11
32.93859649122885 44
32.95614035087797 25
32.95614035087797 41
32.99122807017622 7
32.99122807017622 36
33.00000000000078 45
33.017543859649905 11
33.11403508772008 11
33.16666666666745 15
33.21052631579026 11
33.21929824561482 49
33.21929824561482 50
33.27192982456219 24
33.280701754386754 42
33.30701754386044 11
33.394736842106056 12
33.40350877193062 11
33.41228070175518 6
33.42105263157974 57
33.447368421053426 3
33.491228070176234 2
33.500000000000796 11
33.53508771929904 17
33.596491228070974 11
33.649122807018344 43
33.69298245614115 11
33.74561403508852 33
33.78947368421133 11
33.79824561403589 7
33.859649122807824 9
33.88596491228151 11
33.93859649122888 44
33.98245614035169 11
34.03508771929906 36
34.04385964912362 47
34.0701754385973 24
34.078947368421865 11
34.1403508771938 6
34.14912280701836 4
34.17543859649204 11
34.27192982456222 11
34.298245614035906 48
34.30701754386047 25
34.35964912280784 17
34.3684210526324 11
34.37719298245696 15
34.394736842106084 42
34.46491228070258 11
34.561403508772756 11
34.605263157895564 7
34.63157894736925 54
34.657894736842934 11
34.72807017543943 12
34.75438596491311 11
34.7807017543868 3
34.85087719298329 11
34.868421052632414 6
34.868421052632414 24
34.88596491228154 46
34.94736842105347 11
34.982456140351715 30
35.035087719299085 10
35.04385964912365 11
35.07894736842189 36
35.1228070175447 22
35.140350877193825 11
35.18421052631663 17
35.192982456141195 16
35.236842105264 11
35.28070175438681 32
35.28070175438681 37
35.33333333333418 11
35.37719298245699 28
35.39473684210611 27
35.4210526315798 7
35.42982456140436 11
35.52631578947454 11
35.5350877192991 38
35.55263157894822 14
35.570175438597346 9
35.58771929824647 15
35.59649122807103 6
35.622807017544716 11
35.63157894736928 50
35.65789473684296 1
35.65789473684296 25
35.666666666667524 24
35.719298245614894 11
35.7631578947377 44
35.81578947368507 11
35.885964912281565 20
35.885964912281565 40
35.91228070175525 11
35.91228070175525 47
35.929824561404374 0
36.00877192982543 11
36.00877192982543 17
36.07894736842192 43
36.08771929824648 42
36.096491228071045 52
36.10526315789561 11
36.11403508772017 3
36.12280701754473 36
36.201754385965785 11
36.201754385965785 29
36.22807017543947 7
36.28070175438684 4
36.28070175438684 48
36.29824561403596 11
36.29824561403596 12
36.315789473685086 49
36.32456140350965 6
36.37719298245702 34
36.37719298245702 39
36.39473684210614 11
36.464912280702634 24
36.473684210527196 41
36.49122807017632 11
36.5877192982465 11
36.64035087719387 5
36.684210526316676 11
36.76315789473773 23
36.76315789473773 57
36.780701754386854 11
36.79824561403598 15
36.833333333334224 17
36.87719298245703 11
36.894736842106155 44
36.97368421052721 11
36.98245614035177 2
36.991228070176334 1
37.00877192982546 25
37.03508771929914 7
37.03508771929914 26
37.052631578948265 6
37.07017543859739 11
37.16666666666757 11
37.16666666666757 36
37.20175438596581 42
37.263157894737745 11
37.263157894737745 24
37.28070175438687 9
37.28070175438687 30
37.28070175438687 56
37.28947368421143 55
37.35964912280792 11
37.368421052632485 53
37.44736842105354 3
37.4561403508781 11
37.51754385965003 46
37.55263157894828 11
37.5701754385974 35
37.64912280701846 11
37.64912280701846 43
37.65789473684302 17
37.745614035088636 11
37.77192982456232 47
37.78070175438688 6
37.842105263158814 7
37.842105263158814 11
37.93859649122899 11
37.99122807017636 16
38.008771929825485 15
38.03508771929917 11
38.04385964912373 50
38.061403508772855 24
38.10526315789566 1
38.13157894736935 11
38.14035087719391 44
38.17543859649216 33
38.2105263157904 36
38.22807017543953 11
38.25438596491321 48
38.31578947368514 42
38.324561403509705 11
38.35964912280795 25
38.41228070175532 4
38.42105263157988 11
38.44736842105357 12
38.482456140351815 17
38.5087719298255 6
38.51754385965006 11
38.61403508772024 11
38.65789473684305 7
38.71052631579042 11
38.78070175438691 3
38.807017543860596 11
38.859649122807966 24
38.88596491228165 10
38.89473684210621 5
38.903508771930774 11
38.99122807017639 9
39.00000000000095 11
39.05263157894832 14
39.09649122807113 11
39.19298245614131 11
39.20175438596587 39
39.21929824561499 15
39.21929824561499 44
39.23684210526412 6
39.23684210526412 46
39.25438596491324 36
39.2631578947378 8
39.28947368421149 11
39.30701754386061 17
39.31578947368517 32
39.31578947368517 54
39.3771929824571 49
39.385964912281665 11
39.42982456140447 31
39.438596491229035 22
39.46491228070272 7
39.48245614035184 11
39.52631578947465 27
39.552631578948336 30
39.5614035087729 1
39.57894736842202 11
39.63157894736939 47
39.657894736843076 24
39.6754385964922 11
39.710526315790446 25
39.77192982456238 11
39.815789473685186 57
39.868421052632556 11
39.9035087719308 12
39.9035087719308 42
39.964912280702734 6
39.964912280702734 11
40.06140350877291 11
40.11403508772028 3
40.131578947369405 17
40.15789473684309 11
40.22807017543958 37
40.236842105264145 48
40.25438596491327 11
40.27192982456239 7
40.29824561403608 36
40.35087719298345 11
40.36842105263257 38
40.37719298245713 28
40.4298245614045 0
40.4298245614045 15
40.447368421053625 11
40.45614035087819 24
40.45614035087819 50
40.47368421052731 2
40.5438596491238 4
40.5438596491238 11
40.57017543859749 34
40.62280701754486 23
40.64035087719398 11
40.69298245614135 6
40.69298245614135 9
40.70175438596591 46
40.73684210526416 11
40.73684210526416 20
40.78947368421153 16
40.83333333333434 11
40.929824561404516 11
40.9561403508782 17
41.026315789474694 11
41.06140350877294 25
41.078947368422064 7
41.12280701754487 11
41.21929824561505 11
41.22807017543961 1
41.22807017543961 53
41.2543859649133 24
41.31578947368523 11
41.33333333333435 56
41.34210526315891 36
41.403508771930845 40
41.41228070175541 11
41.42105263157997 6
41.44736842105365 3
41.44736842105365 12
41.49122807017646 47
41.50000000000102 41
41.508771929825585 11
41.53508771929927 42
41.60526315789576 11
41.64035087719401 15
41.70175438596594 11
41.74561403508875 55
41.780701754386996 17
41.79824561403612 11
41.79824561403612 43
41.824561403509804 30
41.877192982457174 39
41.885964912281736 7
41.8947368421063 11
41.991228070176476 11
42.01754385965016 46
42.05263157894841 24
42.087719298246654 11
42.149122807018585 6
42.18421052631683 11
42.21052631579052 48
42.28070175438701 11
42.3508771929835 57
42.37719298245719 11
42.37719298245719 11
42.38596491228175 36
42.40350877193087 9
42.412280701755435 25
42.43859649122912 49
42.47368421052737 11
42.55263157894842 14
42.55263157894842 45
42.56140350877298 1
42.570175438597545 11
42.58771929824667 33
42.60526315789579 17
42.6491228070186 42
42.66666666666772 11
42.675438596492285 4
42.69298245614141 7
42.736842105264216 10
42.7631578947379 11
42.77192982456246 26
42.780701754387024 3
42.789473684211586 52
42.85087719298352 15
42.85087719298352 24
42.85964912280808 5
42.85964912280808 11
42.85964912280808 12
42.86842105263264 50
42.8771929824572 6
42.938596491229134 29
42.95614035087826 11
43.052631578948436 11
43.149122807018614 11
43.24561403508879 11
43.34210526315897 11
43.35087719298353 32
43.359649122808094 47
43.38596491228178 20
43.42982456140459 17
43.42982456140459 36
43.43859649122915 11
43.44736842105371 5
43.50877192982564 7
43.50877192982564 46
43.53508771929933 11
43.5877192982467 16
43.60526315789582 6
43.631578947369505 11
43.64912280701863 24
43.701754385966 35
43.72807017543968 11
43.75438596491337 22
43.76315789473793 1
43.76315789473793 25
43.82456140350986 11
43.903508771930916 12
43.92105263158004 11
43.96491228070285 2
44.01754385965022 11
44.03508771929934 41
44.061403508773026 15
44.07017543859759 42
44.07894736842215 0
44.114035087720396 3
44.114035087720396 9
44.114035087720396 11
44.114035087720396 30
44.18421052631689 48
44.210526315790574 11
44.24561403508882 5
44.25438596491338 17
44.28947368421163 43
44.30701754386075 11
44.30701754386075 27
44.315789473685314 7
44.33333333333444 6
44.40350877193093 11
44.44736842105374 24
44.47368421052742 29
44.47368421052742 36
44.50000000000111 11
44.51754385965023 23
44.587719298246725 54
44.59649122807129 11
44.6842105263169 8
44.692982456141465 11
44.76315789473796 34
44.78947368421164 11
44.807017543860766 4
44.88596491228182 11
44.92105263158007 44
44.94736842105375 12
44.982456140352 11
45.061403508773054 6
45.07894736842218 11
45.07894736842218 17
45.114035087720424 25
45.122807017544986 7
45.14035087719411 1
45.175438596492356 11
45.175438596492356 37
45.18421052631692 42
45.228070175439726 47
45.24561403508885 24
45.271929824562534 11
45.271929824562534 15
45.280701754387096 50
45.29824561403622 55
45.36842105263271 11
45.36842105263271 28
45.44736842105377 3
45.46491228070289 11
45.491228070176575 38
45.50000000000114 49
45.51754385965026 36
45.51754385965026 52
45.56140350877307 11
45.65789473684325 11
45.7368421052643 5
45.754385964913425 11
45.78947368421167 6
45.815789473685356 9
45.815789473685356 40
45.83333333333448 20
45.8508771929836 11
45.8508771929836 57
45.90350877193097 17
45.92982456140466 7
45.94736842105378 11
45.99122807017659 12
46.04385964912396 11
46.04385964912396 24
46.05263157894852 14
46.14035087719414 11
46.15789473684326 48
46.21929824561519 53
46.236842105264316 11
46.333333333334494 11
46.3771929824573 56
46.385964912281864 16
46.394736842106425 30
46.394736842106425 30
46.42982456140467 11
46.46491228070292 25
46.48245614035204 15
46.51754385965029 6
46.52631578947485 11
46.52631578947485 43
46.53508771929941 42
46.5614035087731 36
46.58771929824678 10
46.62280701754503 11
46.71929824561521 11
46.72807017543977 17
46.73684210526433 7
46.78070175438714 3
46.815789473685385 11
46.83333333333451 27
46.84210526315907 24
46.91228070175556 11
46.93859649122925 4
47.00877192982574 11
47.035087719299426 12
47.04385964912399 33
47.05263157894855 1
47.06140350877311 0
47.09649122807136 46
47.09649122807136 47
47.10526315789592 11
47.2017543859661 11
47.245614035088906 6
47.298245614036276 11
47.38596491228189 32
47.394736842106454 11
47.456140350878385 2
47.49122807017663 11
47.52631578947488 9
47.543859649124 7
47.552631578948564 17
47.58771929824681 11
47.60526315789593 36
47.64035087719418 24
47.64912280701874 42
47.68421052631699 11
47.69298245614155 15
47.69298245614155 50
47.78070175438717 11
47.81578947368541 25
47.877192982457345 11
47.97368421052752 6
47.97368421052752 11
48.0701754385977 11
48.0701754385977 22
48.07894736842226 12
48.11403508772051 3
48.13157894736963 48
48.16666666666788 11
48.21929824561525 43
48.26315789473806 11
48.27192982456262 20
48.350877192983674 7
48.359649122808236 11
48.37719298245736 17
48.412280701755606 23
48.43859649122929 24
48.456140350878414 11
48.55263157894859 11
48.561403508773154 49
48.5964912280714 26
48.64912280701877 11
48.64912280701877 36
48.675438596492455 30
48.68421052631702 52
48.69298245614158 8
48.70175438596614 6
48.7105263157907 55
48.74561403508895 11
48.76315789473807 42
48.84210526315913 11
48.8947368421065 39
48.90350877193106 15
48.938596491229305 11
48.95614035087843 34
48.96491228070299 47
49.0087719298258 35
49.03508771929948 11
49.07017543859773 4
49.1228070175451 12
49.13157894736966 11
49.157894736843346 7
49.16666666666791 25
49.18421052631703 16
49.201754385966154 17
49.210526315790716 1
49.22807017543984 9
49.22807017543984 11
49.2368421052644 24
49.32456140351002 11
49.38596491228195 57
49.421052631580196 11
49.42982456140476 6
49.44736842105388 3
49.44736842105388 41
49.50000000000125 44
49.517543859650374 11
49.55263157894862 14
49.61403508772055 11
49.69298245614161 36
49.71052631579073 11
49.80701754386091 11
49.86842105263284 29
49.8771929824574 42
49.90350877193109 11
49.96491228070302 7
50.000000000001265 11
50.02631578947495 17
50.03508771929951 24
50.09649122807144 11
50.105263157896005 46
50.105263157896005 50
50.114035087720566 15
50.114035087720566 48
50.114035087720566 56
50.12280701754513 37
50.157894736843375 6
50.166666666667936 12
50.19298245614162 11
50.263157894738114 27
50.2894736842118 11
50.34210526315917 0
50.35964912280829 28
50.38596491228198 11
50.43859649122935 10
50.482456140352156 11
50.5175438596504 25
50.578947368422334 11
50.67543859649251 11
50.71052631579076 20
50.736842105264444 36
50.77192982456269 7
50.77192982456269 11
50.78070175438725 3
50.8157894736855 54
50.82456140351006 47
50.83333333333462 24
50.850877192983745 17
50.86842105263287 11
50.88596491228199 6
50.92105263158024 43
50.93859649122936 9
50.94736842105392 2
50.96491228070305 11
50.99122807017673 42
51.061403508773225 11
51.1578947368434 11
51.20175438596621 4
51.21052631579077 12
51.25438596491358 11
51.280701754387266 38
51.31578947368551 30
51.324561403510074 15
51.35087719298376 11
51.44736842105394 11
51.50877192982587 52
51.543859649124116 11
51.55263157894868 29
51.56140350877324 32
51.57894736842236 7
51.61403508772061 6
51.62280701754517 49
51.63157894736973 24
51.640350877194294 11
51.649122807018855 46
51.66666666666798 33
51.67543859649254 17
51.73684210526447 11
51.78070175438728 36
51.83333333333465 11
51.8684210526329 25
51.92982456140483 11
51.94736842105395 41
51.9824561403522 16
51.9824561403522 57
52.02631578947501 11
52.10526315789606 42
52.11403508772062 3
52.122807017545185 11
52.14035087719431 48
52.14912280701887 53
52.21929824561536 11
52.25438596491361 12
52.30701754386098 23
52.31578947368554 11
52.342105263159226 6
52.385964912282034 7
52.385964912282034 22
52.41228070175572 11
52.42982456140484 24
52.500000000001336 17
52.5087719298259 11
52.51754385965046 50
52.53508771929958 15
52.605263157896076 11
52.61403508772064 55
52.649122807018884 9
52.69298245614169 47
52.701754385966254 11
52.79824561403643 11
52.82456140351012 0
52.82456140351012 36
52.89473684210661 11
52.99122807017679 11
53.01754385965047 1
53.05263157894872 14
53.07017543859784 6
53.08771929824697 11
53.14035087719434 20
53.1491228070189 34
53.184210526317145 11
53.192982456141706 7
53.21929824561539 25
53.21929824561539 42
53.22807017543995 24
53.28070175438732 11
53.298245614036446 12
53.32456140351013 5
53.32456140351013 17
53.33333333333469 4
53.342105263159254 43
53.35964912280838 27
53.3771929824575 11
53.447368421053994 3
53.47368421052768 11
53.51754385965049 39
53.57017543859786 11
53.59649122807154 30
53.666666666668036 11
53.74561403508909 15
53.763157894738214 11
53.79824561403646 6
53.80701754386102 56
53.85964912280839 11
53.868421052632954 29
53.868421052632954 36
53.95614035087857 11
54.00000000000138 7
54.02631578947506 24
54.05263157894875 11
54.12280701754524 48
54.14912280701893 11
54.14912280701893 17
54.245614035089105 11
54.28947368421191 10
54.33333333333472 42
54.34210526315928 11
54.34210526315928 12
54.34210526315928 44
54.359649122808406 9
54.359649122808406 35
54.43859649122946 2
54.43859649122946 11
54.52631578947508 6
54.53508771929964 11
54.561403508773324 47
54.570175438597886 25
54.63157894736982 11
54.68421052631719 49
54.728070175439996 11
54.780701754387366 3
54.780701754387366 16
54.80701754386105 7
54.824561403510174 11
54.824561403510174 24
54.91228070175579 36
54.92105263158035 11
54.929824561404914 50
54.9561403508786 15
54.96491228070316 41
54.97368421052772 17
54.97368421052772 46
55.01754385965053 11
55.0701754385979 37
55.11403508772071 11
55.14035087719439 52
55.19298245614176 19
55.21052631579089 11
55.254385964913695 6
55.307017543861065 11
55.35087719298387 28
55.38596491228212 12
55.40350877193124 11
55.421052631580366 1
55.44736842105405 42
55.464912280703174 4
55.50000000000142 11
55.55263157894879 54
55.570175438597914 20
55.5964912280716 11
55.622807017545284 7
55.622807017545284 24
55.69298245614178 11
55.70175438596634 26
55.7105263157909 29
55.75438596491371 57
55.780701754387394 32
55.789473684211956 11
55.79824561403652 17
55.8245614035102 27
55.86842105263301 30
55.885964912282134 11
55.92105263158038 25
55.95614035087863 36
55.98245614035231 6
55.98245614035231 11
56.07017543859793 9
56.07017543859793 33
56.07894736842249 11
56.11403508772074 3
56.14912280701898 48
56.16666666666811 15
56.17543859649267 11
56.22807017544004 23
56.27192982456285 11
56.32456140351022 46
56.368421052633025 11
56.421052631580395 24
56.429824561404956 12
56.429824561404956 47
56.43859649122952 7
56.4649122807032 0
56.4649122807032 11
56.55263157894882 14
56.56140350877338 11
56.56140350877338 42
56.62280701754531 17
56.65789473684356 11
56.70175438596637 22
56.71052631579093 6
56.75438596491374 11
56.81578947368567 55
56.850877192983916 11
56.8771929824576 39
56.947368421054094 11
57.000000000001464 36
57.04385964912427 11
57.14035087719445 11
57.219298245615505 24
57.23684210526463 11
57.24561403508919 7
57.271929824562875 25
57.29824561403656 1
57.33333333333481 11
57.34210526315937 34
57.34210526315937 50
57.377192982457615 15
57.429824561404985 11
57.438596491229546 6
57.44736842105411 3
57.44736842105411 17
57.47368421052779 12
57.52631578947516 11
57.57894736842253 16
57.596491228071656 4
57.62280701754534 11
57.68421052631727 42
57.71929824561552 11
57.745614035089204 41
57.745614035089204 49
57.78070175438745 9
57.8157894736857 11
57.912280701755876 11
57.929824561405 2
57.93859649122956 8
57.97368421052781 46
58.00000000000149 20
58.008771929826054 11
58.017543859650615 24
58.0438596491243 36
58.05263157894886 7
58.10526315789623 11
58.13157894736992 48
58.14035087719448 10
58.16666666666816 6
58.20175438596641 11
58.2719298245629 17
58.2719298245629 27
58.28947368421203 47
58.29824561403659 11
58.31578947368571 1
58.39473684210677 11
58.39473684210677 44
58.491228070176945 11
58.51754385965063 12
58.58771929824712 11
58.58771929824712 15
58.62280701754537 25
58.67543859649274 56
58.6842105263173 11
58.78070175438748 3
58.78070175438748 11
58.7982456140366 42
58.815789473685726 24
58.859649122808534 7
58.868421052633096 43
58.87719298245766 11
58.89473684210678 6
58.912280701755904 30
58.973684210527836 11
58.9824561403524 38
59.070175438598014 11
59.08771929824714 36
59.0964912280717 17
59.16666666666819 11
59.26315789473837 11
59.35964912280855 11
59.35964912280855 57
59.45614035087873 11
59.48245614035241 9
59.552631578948905 11
59.561403508773466 12
59.57894736842259 39
59.614035087720836 24
59.6228070175454 6
59.63157894736996 29
59.64912280701908 5
59.64912280701908 11
59.666666666668206 7
59.72807017544014 4
59.74561403508926 11
59.75438596491382 50
59.79824561403663 15
59.815789473685754 46
59.84210526315944 11
59.91228070175593 42
59.921052631580494 17
59.93859649122962 11
59.973684210527864 25
