0.0 14
0.017543859649122806 7
0.02631578947368421 6
0.02631578947368421 35
0.06140350877192982 1
0.06140350877192982 15
0.08771929824561403 58
0.11403508771929824 31
0.16666666666666666 41
0.20175438596491227 39
0.26315789473684215 0
0.2719298245614036 34
0.2719298245614036 47
0.28947368421052644 59
0.29824561403508787 27
0.35087719298245645 57
0.3596491228070179 53
0.41228070175438647 56
0.42982456140350933 5
0.42982456140350933 28
0.4473684210526322 36
0.4736842105263165 50
0.5175438596491236 29
0.5175438596491236 37
0.5614035087719308 40
0.6578947368421065 5
0.6929824561403523 20
0.7017543859649137 42
0.7543859649122823 7
0.7543859649122823 16
0.7807017543859666 6
0.8684210526315809 45
0.9912280701754409 25
1.0087719298245637 8
1.0087719298245637 24
1.1315789473684237 23
1.1842105263157923 22
1.1929824561403537 10
1.2017543859649151 18
1.2456140350877223 36
1.3596491228070209 18
1.3771929824561437 15
1.403508771929828 2
1.4122807017543895 3
1.482456140350881 7
1.5350877192982495 6
1.5789473684210567 17
1.6140350877193024 48
1.6578947368421095 5
1.666666666666671 9
1.7017543859649167 59
1.7105263157894781 4
1.8771929824561453 24
1.9385964912280753 11
2.0438596491228114 36
2.0438596491228114 42
2.070175438596495 47
2.078947368421056 43
2.2105263157894743 7
2.245614035087719 11
2.289473684210525 6
2.456140350877188 29
2.5964912280701675 18
2.6315789473684124 0
2.692982456140341 15
2.7192982456140244 54
2.7280701754385857 33
2.736842105263147 41
2.7543859649122693 24
2.7719298245613917 59
2.780701754385953 39
2.8421052631578814 36
2.859649122807004 25
2.912280701754371 3
2.9385964912280547 7
2.999999999999983 18
3.043859649122789 6
3.245614035087697 11
3.289473684210503 50
3.5087719298245332 20
3.5526315789473393 11
3.5526315789473393 57
3.587719298245584 27
3.622807017543829 24
3.6403508771929514 36
3.6491228070175126 8
3.6491228070175126 18
3.6491228070175126 26
3.666666666666635 7
3.666666666666635 14
3.745614035087686 16
3.754385964912247 11
3.789473684210492 4
3.798245614035053 6
3.8070175438596143 48
3.8596491228069816 47
3.9473684210525937 1
3.999999999999961 15
4.052631578947331 18
4.0614035087718925 31
4.078947368421016 59
4.0877192982455774 11
4.105263157894701 58
4.140350877192947 17
4.184210526315756 9
4.192982456140317 25
4.201754385964879 5
4.324561403508742 5
4.350877192982427 43
4.394736842105235 7
4.412280701754359 3
4.438596491228044 36
4.47368421052629 34
4.4912280701754135 24
4.552631578947345 6
4.57894736842103 18
4.6666666666666465 11
4.859649122807003 56
4.938596491228058 2
4.956140350877181 42
4.982456140350866 53
5.043859649122798 35
5.105263157894729 17
5.105263157894729 23
5.1228070175438525 7
5.201754385964907 11
5.236842105263154 36
5.289473684210524 41
5.307017543859647 6
5.307017543859647 15
5.315789473684209 29
5.359649122807017 24
5.368421052631579 0
5.403508771929825 22
5.412280701754387 28
5.447368421052634 45
5.491228070175442 37
5.5263157894736885 25
5.543859649122812 1
5.605263157894743 39
5.605263157894743 44
5.649122807017552 47
5.719298245614045 11
5.7280701754386065 5
5.815789473684223 18
5.85087719298247 7
5.868421052631593 4
5.912280701754401 3
5.938596491228086 59
5.9824561403508945 5
6.017543859649141 50
6.035087719298264 36
6.061403508771949 6
6.105263157894758 27
6.114035087719319 43
6.149122807017566 5
6.228070175438621 24
6.245614035087744 8
6.315789473684237 18
6.333333333333361 29
6.482456140350909 48
6.578947368421087 7
6.6140350877193335 15
6.657894736842142 17
6.719298245614073 1
6.736842105263197 16
6.8157894736842515 6
6.8157894736842515 9
6.833333333333375 36
6.85964912280706 25
6.9649122807018 42
7.096491228070224 24
7.298245614035142 14
7.307017543859704 7
7.412280701754444 3
7.438596491228129 47
7.570175438596554 6
7.587719298245677 29
7.631578947368485 36
7.6491228070176085 17
7.666666666666732 31
7.692982456140417 5
7.76315789473691 20
7.92105263157902 15
7.929824561403581 33
7.964912280701828 24
7.97368421052639 40
8.008771929824636 4
8.035087719298321 7
8.07894736842113 39
8.07894736842113 41
8.096491228070253 43
8.096491228070253 57
8.192982456140431 25
8.324561403508856 6
8.333333333333417 11
8.429824561403596 36
8.438596491228157 26
8.473684210526404 2
8.482456140350966 17
8.491228070175527 56
8.543859649122897 0
8.684210526315884 34
8.763157894736938 7
8.833333333333432 24
8.842105263157993 42
8.859649122807117 11
8.868421052631678 29
8.912280701754487 3
9.078947368421158 6
9.08771929824572 23
9.096491228070281 1
9.096491228070281 59
9.149122807017651 48
9.175438596491336 54
9.219298245614144 47
9.228070175438706 15
9.228070175438706 36
9.236842105263268 44
9.30701754385976 50
9.377192982456254 17
9.394736842105377 45
9.473684210526432 11
9.491228070175556 7
9.526315789473802 25
9.614035087719419 22
9.701754385965035 24
9.72807017543872 16
9.83333333333346 6
9.903508771929953 29
9.912280701754515 44
9.973684210526446 53
10.026315789473816 36
10.09649122807031 4
10.114035087719433 8
10.140350877193118 11
10.219298245614173 7
10.280701754386104 41
10.403508771929967 28
10.41228070175453 3
10.447368421052776 58
10.464912280701899 37
10.491228070175584 20
10.535087719298392 15
10.570175438596639 24
10.570175438596639 35
10.587719298245762 6
10.649122807017694 11
10.701754385965064 27
10.824561403508927 36
10.859649122807173 11
10.859649122807173 25
10.929824561403667 14
10.94736842105279 7
11.008771929824722 47
11.017543859649283 43
11.05263157894753 31
11.1052631578949 0
11.15789473684227 48
11.219298245614201 29
11.31578947368438 5
11.342105263158064 6
11.438596491228243 24
11.526315789473859 59
11.622807017544037 36
11.675438596491407 7
11.842105263158079 15
11.912280701754572 3
12.00877192982475 2
12.043859649122997 39
12.06140350877212 57
12.096491228070366 6
12.175438596491421 4
12.192982456140545 25
12.254385964912476 42
12.2719298245616 11
12.298245614035284 40
12.307017543859846 24
12.385964912280901 18
12.403508771930024 7
12.421052631579148 36
12.421052631579148 43
12.421052631579148 50
12.456140350877394 17
12.500000000000203 44
12.508771929824764 33
12.508771929824764 41
12.578947368421257 5
12.719298245614244 16
12.75438596491249 56
12.789473684210737 47
12.798245614035299 8
12.850877192982669 6
12.85964912280723 9
12.885964912280915 34
12.973684210526532 10
12.991228070175655 23
13.078947368421272 18
13.131578947368642 7
13.149122807017765 15
13.17543859649145 24
13.219298245614258 36
13.263157894737066 17
13.412280701754614 3
13.526315789473916 25
13.561403508772162 44
13.587719298245847 11
13.60526315789497 6
13.649122807017779 54
13.666666666666902 20
13.824561403509012 22
13.850877192982697 0
13.859649122807259 7
13.92105263157919 42
13.956140350877437 18
13.991228070175683 27
14.017543859649368 36
14.02631578947393 58
14.043859649123053 24
14.061403508772177 17
14.087719298245862 44
14.23684210526341 45
14.254385964912533 1
14.254385964912533 4
14.298245614035341 43
14.359649122807273 6
14.438596491228328 5
14.456140350877451 15
14.508771929824821 31
14.561403508772191 14
14.570175438596753 44
14.587719298245876 7
14.596491228070438 59
14.605263157895 47
14.692982456140616 26
14.7192982456143 5
14.754385964912547 53
14.763157894737109 9
14.780701754386232 50
14.815789473684479 5
14.815789473684479 36
14.82456140350904 29
14.859649122807287 17
14.859649122807287 25
14.868421052631849 41
14.912280701754657 3
14.912280701754657 24
15.114035087719575 6
15.210526315789753 48
15.254385964912561 18
15.315789473684493 7
15.377192982456425 28
15.438596491228356 37
15.491228070175726 57
15.543859649123096 2
15.56140350877222 44
15.61403508771959 36
15.657894736842398 17
15.710526315789767 16
15.719298245614329 11
15.763157894737137 15
15.78070175438626 24
15.83333333333363 43
15.850877192982754 18
15.850877192982754 39
15.868421052631877 1
15.868421052631877 6
16.017543859649425 42
16.04385964912311 7
16.08771929824592 59
16.105263157895042 5
16.19298245614066 25
16.333333333333645 4
16.385964912281015 47
16.4122807017547 3
16.4122807017547 36
16.456140350877508 17
16.491228070175755 0
16.526315789474 27
16.587719298245933 35
16.605263157895056 40
16.62280701754418 6
16.649122807017864 24
16.67543859649155 9
16.701754385965234 5
16.771929824561727 7
16.771929824561727 11
16.877192982456467 23
16.964912280702084 41
17.008771929824892 44
17.026315789474015 18
17.026315789474015 29
17.070175438596824 15
17.175438596491563 11
17.20175438596525 20
17.21052631578981 36
17.245614035088057 17
17.31578947368455 48
17.37719298245648 6
17.412280701754728 33
17.42105263157929 58
17.447368421052975 59
17.456140350877536 11
17.464912280702098 56
17.500000000000345 7
17.517543859649468 24
17.52631578947403 25
17.64035087719333 8
17.666666666667016 45
17.675438596491578 18
17.68421052631614 1
17.754385964912633 34
17.859649122807372 11
17.89473684210562 5
17.912280701754742 3
17.929824561403866 54
18.00877192982492 36
18.026315789474044 22
18.043859649123167 17
18.096491228070537 31
18.131578947368784 6
18.16666666666703 47
18.184210526316154 14
18.228070175438962 7
18.37719298245651 15
18.38596491228107 24
18.38596491228107 57
18.412280701754757 4
18.456140350877565 59
18.578947368421428 9
18.64912280701792 5
18.675438596491606 43
18.70175438596529 16
18.719298245614414 53
18.771929824561784 1
18.80701754386003 29
18.80701754386003 36
18.842105263158277 17
18.8596491228074 25
18.868421052631962 42
18.885964912281086 6
18.929824561403894 5
18.95614035087758 7
19.07017543859688 18
19.078947368421442 2
19.087719298246004 0
19.11403508771969 27
19.245614035088114 5
19.254385964912675 24
19.315789473684607 48
19.412280701754785 3
19.482456140351278 50
19.578947368421456 11
19.60526315789514 36
19.640350877193388 6
19.640350877193388 17
19.666666666667073 41
19.684210526316196 7
19.684210526316196 15
19.719298245614443 39
19.929824561403922 18
19.947368421053046 47
20.0263157894741 26
20.035087719298662 5
20.07894736842147 42
20.12280701754428 24
20.192982456140772 25
20.359649122807443 28
20.39473684210569 6
20.40350877193025 36
20.412280701754813 7
20.412280701754813 37
20.4385964912285 17
20.49122807017587 4
20.49122807017587 44
20.517543859649553 9
20.56140350877236 43
20.596491228070608 8
20.631578947368855 59
20.754385964912718 20
20.754385964912718 23
20.903508771930266 10
20.912280701754828 3
20.92982456140395 58
20.991228070175882 15
20.991228070175882 24
21.14035087719343 7
21.14035087719343 45
21.149122807017992 6
21.201754385965362 36
21.23684210526361 17
21.39473684210572 48
21.40350877193028 5
21.44736842105309 35
21.526315789474143 25
21.526315789474143 40
21.692982456140815 16
21.72807017543906 47
21.754385964912746 42
21.807017543860116 14
21.850877192982924 11
21.859649122807486 24
21.868421052632048 7
21.88596491228117 5
21.903508771930294 6
21.92982456140398 1
22.000000000000473 36
22.000000000000473 36
22.03508771929872 17
22.04385964912328 34
22.122807017544336 59
22.14035087719346 11
22.157894736842582 56
22.184210526316267 33
22.228070175439075 22
22.236842105263637 29
22.29824561403557 15
22.342105263158377 43
22.385964912281185 41
22.41228070175487 3
22.41228070175487 9
22.46491228070224 44
22.57017543859698 4
22.596491228070665 7
22.614035087719788 2
22.63157894736891 50
22.640350877193473 11
22.657894736842596 6
22.72807017543909 24
22.798245614035583 36
22.83333333333383 17
22.84210526315839 5
22.859649122807514 25
22.964912280702254 27
22.982456140351378 0
23.026315789474186 11
23.10526315789524 1
23.15789473684261 8
23.219298245614542 31
23.245614035088227 11
23.30701754386016 42
23.324561403509282 7
23.4122807017549 6
23.429824561404022 57
23.596491228070693 24
23.596491228070693 36
23.605263157895255 15
23.63157894736894 17
23.69298245614087 5
23.754385964912803 44
23.771929824561926 29
23.78947368421105 59
23.859649122807543 54
23.89473684210579 47
23.912280701754913 3
23.982456140351406 39
24.0526315789479 7
24.070175438597023 18
24.1666666666672 6
24.192982456140886 25
24.245614035088256 11
24.254385964912817 53
24.307017543860187 9
24.37719298245668 18
24.394736842105804 36
24.42105263157949 17
24.464912280702297 24
24.53508771929879 20
24.622807017544407 23
24.64912280701809 4
24.68421052631634 16
24.75438596491283 26
24.780701754386516 7
24.85087719298301 42
24.91228070175494 15
24.921052631579503 6
24.921052631579503 43
24.96491228070231 18
24.973684210526873 11
24.991228070175996 41
25.06140350877249 58
25.192982456140914 36
25.2192982456146 17
25.3333333333339 24
25.342105263158462 28
25.38596491228127 37
25.412280701754955 3
25.42982456140408 14
25.447368421053202 5
25.464912280702325 18
25.517543859649695 7
25.526315789474257 25
25.552631578947942 59
25.605263157895312 49
25.605263157895312 50
25.675438596491805 6
25.675438596491805 47
25.70175438596549 45
25.719298245614613 18
25.75438596491286 56
25.991228070176025 36
26.000000000000586 42
26.01754385964971 17
26.114035087719888 48
26.149122807018134 2
26.201754385965504 24
26.219298245614628 15
26.23684210526375 8
26.23684210526375 9
26.245614035088312 7
26.254385964912874 34
26.350877192983052 11
26.350877192983052 43
26.39473684210586 29
26.429824561404107 6
26.429824561404107 22
26.587719298246217 40
26.728070175439203 4
26.780701754386573 18
26.789473684211135 36
26.80701754386026 17
26.80701754386026 35
26.859649122807628 25
26.894736842105875 31
26.912280701754998 3
26.947368421053245 20
26.97368421052693 7
27.000000000000615 5
27.070175438597108 24
27.08771929824623 18
27.13157894736904 59
27.18421052631641 6
27.24561403508834 27
27.254385964912903 11
27.359649122807642 44
27.377192982456766 39
27.412280701755012 57
27.45614035087782 47
27.50000000000063 33
27.526315789474314 15
27.587719298246245 36
27.60526315789537 17
27.622807017544492 29
27.65789473684274 42
27.675438596491862 16
27.701754385965547 7
27.701754385965547 41
27.728070175439232 1
27.81578947368485 0
27.842105263158533 18
27.93859649122871 6
27.93859649122871 24
27.947368421053273 50
28.14035087719363 9
28.192982456141 25
28.228070175439246 48
28.24561403508837 53
28.385964912281356 36
28.40350877193048 17
28.41228070175504 3
28.429824561404164 7
28.491228070176096 23
28.62280701754452 54
28.692982456141014 6
28.78070175438663 1
28.807017543860315 4
28.807017543860315 24
28.833333333334 15
28.833333333334 43
28.84210526315856 49
28.868421052632247 8
28.868421052632247 11
28.868421052632247 42
29.05263157894804 14
29.05263157894804 14
29.114035087719973 58
29.15789473684278 7
29.184210526316466 36
29.20175438596559 17
29.236842105263836 47
29.350877192983138 26
29.447368421053316 6
29.52631578947437 25
29.52631578947437 56
29.552631578948056 29
29.67543859649192 24
29.68421052631648 2
29.692982456141042 18
29.771929824562097 44
29.798245614035782 20
29.850877192983152 27
29.868421052632275 18
29.877192982456837 59
29.8859649122814 7
29.90350877193052 41
29.912280701755083 3
29.95614035087789 11
29.982456140351577 36
30.0000000000007 17
30.017543859649823 42
30.043859649123508 9
30.06140350877263 39
30.140350877193686 15
30.184210526316495 1
30.192982456141056 5
30.192982456141056 11
30.201754385965618 6
30.280701754386673 48
30.289473684211234 50
30.31578947368492 28
30.359649122807728 37
30.37719298245685 5
30.394736842105974 57
30.447368421053344 34
30.508771929825276 44
30.543859649123522 24
30.614035087720016 7
30.614035087720016 31
30.63157894736914 22
30.666666666667385 16
30.780701754386687 36
30.79824561403581 17
30.859649122807742 25
30.885964912281427 4
30.95614035087792 6
31.01754385964985 47
31.12280701754459 29
31.131578947369153 45
31.1666666666674 8
31.1666666666674 42
31.2807017543867 43
31.342105263158633 7
31.412280701755126 3
31.412280701755126 24
31.447368421053373 15
31.48245614035162 44
31.552631578948112 40
31.578947368421797 36
31.59649122807092 17
31.64035087719373 0
31.710526315790222 6
31.719298245614784 5
31.947368421053387 9
31.97368421052707 59
32.070175438597246 7
32.122807017544616 29
32.19298245614111 25
32.24561403508848 33
32.280701754386726 24
32.31578947368497 42
32.35964912280778 23
32.377192982456904 36
32.39473684210603 17
32.46491228070252 6
32.5614035087727 35
32.596491228070946 53
32.60526315789551 5
32.63157894736919 50
32.675438596492 14
32.68421052631656 48
32.701754385965685 20
32.71929824561481 5
32.754385964913055 15
32.798245614035864 7
32.798245614035864 47
32.86842105263236 54
32.9035087719306 1
32.912280701755165 3
32.964912280702535 4
32.9736842105271 39
33.09649122807096 59
33.131578947369206 41
33.14912280701833 24
33.175438596492015 36
33.19298245614114 17
33.21929824561482 2
33.21929824561482 6
33.30701754386044 56
33.315789473685 5
33.32456140350956 18
33.342105263158686 49
33.35964912280781 43
33.36842105263237 58
33.46491228070255 42
33.52631578947448 7
33.52631578947448 25
33.52631578947448 29
33.52631578947448 44
33.657894736842906 16
33.807017543860454 57
33.88596491228151 9
33.88596491228151 26
33.92982456140432 44
33.973684210527125 6
33.973684210527125 18
33.973684210527125 36
33.98245614035169 17
34.01754385964993 24
34.026315789474495 11
34.06140350877274 15
34.192982456141166 0
34.20175438596573 27
34.2543859649131 7
34.2543859649131 59
34.33333333333415 31
34.41228070175521 3
34.4824561403517 44
34.57894736842188 47
34.614035087720126 1
34.614035087720126 42
34.64035087719381 34
34.69298245614118 11
34.710526315790304 48
34.72807017543943 6
34.771929824562235 36
34.7807017543868 17
34.83333333333417 22
34.85964912280785 25
34.88596491228154 24
34.93859649122891 8
34.94736842105347 11
34.97368421052715 50
34.982456140351715 7
35.04385964912365 4
35.07017543859733 5
35.20175438596576 29
35.28947368421137 28
35.33333333333418 37
35.36842105263243 15
35.39473684210611 11
35.48245614035173 6
35.50000000000085 45
35.55263157894822 59
35.570175438597346 36
35.57894736842191 17
35.71052631579033 7
35.75438596491314 11
35.75438596491314 24
35.7631578947377 42
35.78947368421139 9
35.90350877193069 40
35.91228070175525 3
35.9473684210535 1
36.12280701754473 41
36.19298245614122 25
36.21929824561491 44
36.22807017543947 23
36.23684210526403 6
36.2894736842114 43
36.29824561403596 14
36.359649122807895 47
36.368421052632456 36
36.37719298245702 17
36.43859649122895 7
36.45614035087807 57
36.54385964912369 49
36.61403508772018 27
36.622807017544744 24
36.64912280701843 16
36.65789473684299 29
36.66666666666755 44
36.675438596492114 15
36.728070175439484 48
36.75438596491317 2
36.75438596491317 58
36.842105263158786 0
36.91228070175528 42
36.991228070176334 6
37.0438596491237 1
37.08771929824651 11
37.12280701754476 4
37.16666666666757 5
37.16666666666757 7
37.16666666666757 36
37.17543859649213 17
37.19298245614125 20
37.315789473685115 50
37.41228070175529 3
37.421052631579855 54
37.49122807017635 24
37.526315789474594 25
37.65789473684302 53
37.72807017543951 9
37.745614035088636 6
37.7543859649132 31
37.789473684211444 8
37.81578947368513 39
37.82456140350969 43
37.894736842106184 7
37.894736842106184 33
37.96491228070268 36
37.97368421052724 17
37.9824561403518 15
38.000000000000924 5
38.061403508772855 42
38.14035087719391 47
38.28947368421146 29
38.28947368421146 41
38.31578947368514 1
38.35964912280795 24
38.50000000000094 6
38.50000000000094 56
38.596491228071116 26
38.6228070175448 7
38.65789473684305 35
38.7368421052641 48
38.76315789473779 36
38.77192982456235 17
38.77192982456235 18
38.83333333333428 34
38.859649122807966 25
38.912280701755336 3
39.02631578947464 27
39.0350877192992 22
39.070175438597445 5
39.20175438596587 4
39.21052631579043 42
39.228070175439555 24
39.25438596491324 0
39.25438596491324 6
39.280701754386925 15
39.35087719298342 7
39.36842105263254 1
39.47368421052728 43
39.51754385965009 29
39.53508771929921 44
39.5614035087729 36
39.57017543859746 17
39.57017543859746 17
39.63157894736939 9
39.64035087719395 16
39.657894736843076 50
39.74561403508869 49
39.82456140350975 18
39.921052631579926 14
39.921052631579926 47
39.95614035087817 8
40.00877192982554 6
40.078947368422035 7
40.09649122807116 23
40.09649122807116 24
40.184210526316775 44
40.184210526316775 58
40.19298245614134 25
40.236842105264145 39
40.26315789473783 28
40.26315789473783 45
40.289473684211515 2
40.30701754386064 37
40.35964912280801 36
40.35964912280801 42
40.36842105263257 17
40.38596491228169 11
40.41228070175538 3
40.447368421053625 59
40.48245614035187 41
40.508771929825556 20
40.58771929824661 15
40.70175438596591 57
40.763157894737844 6
40.80701754386065 7
40.868421052632584 48
40.921052631579954 40
40.96491228070276 24
40.982456140351886 5
41.0701754385975 43
41.15789473684312 36
41.16666666666768 17
41.184210526316804 29
41.21929824561505 5
41.28070175438698 4
41.43859649122909 27
41.44736842105365 10
41.508771929825585 42
41.51754385965015 6
41.51754385965015 18
41.52631578947471 9
41.52631578947471 25
41.53508771929927 7
41.70175438596594 47
41.833333333334366 24
41.85087719298349 1
41.8947368421063 15
41.91228070175542 3
41.938596491229106 11
41.95614035087823 36
41.96491228070279 17
42.00000000000104 50
42.27192982456245 6
42.27192982456245 7
42.49122807017649 0
42.60526315789579 18
42.631578947369476 16
42.65789473684316 42
42.70175438596597 24
42.736842105264216 8
42.75438596491334 36
42.7631578947379 17
42.77192982456246 29
42.833333333334394 11
42.85964912280808 25
42.8771929824572 48
42.92982456140457 41
42.947368421053696 49
42.98245614035194 54
43.000000000001066 7
43.00877192982563 33
43.02631578947475 6
43.02631578947475 34
43.02631578947475 43
43.061403508773 44
43.08771929824668 31
43.201754385965984 15
43.23684210526423 22
43.254385964913354 5
43.2894736842116 57
43.35087719298353 39
43.359649122808094 4
43.41228070175546 3
43.421052631580025 9
43.48245614035196 47
43.526315789474765 26
43.54385964912389 14
43.55263157894845 36
43.56140350877301 17
43.57017543859757 24
43.64035087719407 35
43.67543859649231 56
43.692982456141436 20
43.692982456141436 59
43.72807017543968 7
43.78070175438705 6
43.80701754386074 42
43.82456140350986 2
43.82456140350986 53
43.850877192983546 27
43.96491228070285 23
43.99122807017653 45
44.01754385965022 5
44.13157894736952 1
44.157894736843204 5
44.19298245614145 25
44.342105263159 50
44.35087719298356 36
44.35964912280812 17
44.43859649122918 24
44.4561403508783 7
44.50877192982567 15
44.535087719299355 6
44.56140350877304 5
44.807017543860766 58
44.82456140350989 43
44.87719298245726 48
44.912280701755506 3
44.93859649122919 29
44.956140350878314 42
45.061403508773054 8
45.14912280701867 36
45.15789473684323 17
45.18421052631692 7
45.228070175439726 41
45.23684210526429 28
45.26315789473797 47
45.280701754387096 37
45.28947368421166 6
45.30701754386078 24
45.324561403509904 9
45.40350877193096 59
45.41228070175552 5
45.438596491229205 4
45.52631578947482 25
45.56140350877307 5
45.56140350877307 18
45.57017543859763 0
45.622807017545 16
45.63157894736956 11
45.64035087719412 10
45.74561403508886 1
45.815789473685356 15
45.87719298245729 57
45.912280701755535 7
45.94736842105378 36
45.95614035087834 17
46.04385964912396 6
46.10526315789589 42
46.1491228070187 49
46.175438596492384 24
46.184210526316946 20
46.263157894738 27
46.41228070175555 3
46.48245614035204 43
46.51754385965029 29
46.64035087719415 7
46.68421052631696 50
46.74561403508889 36
46.75438596491345 17
46.78070175438714 18
46.79824561403626 6
46.85087719298363 39
46.85964912280819 25
46.94736842105381 48
47.04385964912399 24
47.04385964912399 47
47.12280701754504 15
47.16666666666785 14
47.21929824561522 34
47.22807017543978 9
47.25438596491347 42
47.28070175438715 45
47.289473684211714 56
47.3157894736854 41
47.35964912280821 2
47.36842105263277 7
47.43859649122926 22
47.51754385965032 4
47.53508771929944 53
47.543859649124 36
47.552631578948564 6
47.552631578948564 17
47.57017543859769 11
47.58771929824681 31
47.83333333333454 23
47.91228070175559 3
47.91228070175559 24
47.96491228070296 54
48.10526315789595 7
48.15789473684332 18
48.15789473684332 59
48.192982456141564 25
48.23684210526437 0
48.254385964913496 18
48.307017543860866 6
48.34210526315911 17
48.34210526315911 36
48.34210526315911 57
48.403508771931044 42
48.42982456140473 15
48.44736842105385 35
48.53508771929947 29
48.57894736842228 58
48.614035087720524 16
48.70175438596614 5
48.71929824561526 27
48.780701754387195 24
48.82456140351 47
48.833333333334565 7
49.01754385965036 48
49.02631578947492 50
49.03508771929948 11
49.06140350877317 6
49.13157894736966 9
49.14035087719422 17
49.14035087719422 36
49.18421052631703 1
49.18421052631703 33
49.210526315790716 26
49.3508771929837 49
49.39473684210651 5
49.412280701755634 3
49.464912280703004 43
49.526315789474936 11
49.526315789474936 25
49.5350877192995 10
49.55263157894862 42
49.56140350877318 7
49.56140350877318 29
49.59649122807143 4
49.61403508772055 41
49.6491228070188 24
49.684210526317045 44
49.736842105264415 11
49.736842105264415 15
49.7631578947381 39
49.81578947368547 6
49.82456140351003 8
49.894736842106525 40
49.93859649122933 17
49.93859649122933 36
49.97368421052758 59
50.02631578947495 18
50.210526315790744 28
50.22807017543987 1
50.25438596491355 37
50.2894736842118 7
50.368421052632854 44
50.5175438596504 24
50.57017543859777 6
50.60526315789602 47
50.7017543859662 42
50.71929824561532 0
50.736842105264444 17
50.736842105264444 36
50.78947368421181 14
50.85964912280831 25
50.89473684210655 2
50.91228070175568 3
50.91228070175568 45
50.9298245614048 29
51.01754385965042 7
51.01754385965042 48
51.02631578947498 9
51.0438596491241 15
51.13157894736972 27
51.14035087719428 59
51.25438596491358 56
51.271929824562704 43
51.28947368421183 20
51.324561403510074 6
51.36842105263288 50
51.385964912282006 24
51.41228070175569 1
51.41228070175569 5
51.41228070175569 34
51.491228070176746 18
51.52631578947499 17
51.535087719299554 36
51.596491228071486 18
51.60526315789605 16
51.62280701754517 57
51.640350877194294 22
51.67543859649254 4
51.73684210526447 23
51.745614035089034 7
51.85087719298377 42
52.07894736842238 6
52.131578947369746 18
52.14035087719431 59
52.19298245614168 25
52.25438596491361 24
52.27192982456273 44
52.280701754387294 58
52.289473684211856 29
52.3245614035101 17
52.333333333334664 36
52.342105263159226 54
52.35087719298379 15
52.385964912282034 47
52.41228070175572 3
52.47368421052765 7
52.48245614035221 1
52.5087719298259 5
52.552631578948706 49
52.74561403508906 11
52.807017543860994 41
52.83333333333468 6
52.88596491228205 18
52.92982456140486 9
53.00000000000135 42
53.01754385965047 48
53.05263157894872 44
53.12280701754521 17
53.12280701754521 24
53.131578947369775 36
53.17543859649258 39
53.21052631579083 7
53.236842105264515 5
53.394736842106624 8
53.42982456140487 35
53.52631578947505 25
53.54385964912417 27
53.552631578948734 0
53.58771929824698 6
53.657894736843474 15
53.710526315790844 50
53.75438596491365 4
53.815789473685584 59
53.91228070175576 3
53.921052631580324 17
53.929824561404885 36
53.93859649122945 7
53.97368421052769 11
53.99122807017682 24
54.09649122807156 31
54.14912280701893 42
54.14912280701893 57
54.16666666666805 47
54.27192982456279 18
54.307017543861036 44
54.34210526315928 6
54.34210526315928 26
54.403508771931214 40
54.412280701755776 14
54.4298245614049 2
54.44736842105402 33
54.48245614035227 45
54.59649122807157 10
54.59649122807157 16
54.60526315789613 44
54.666666666668064 7
54.70175438596631 5
54.719298245615434 17
54.728070175439996 36
54.75438596491368 43
54.824561403510174 9
54.85964912280842 24
54.85964912280842 25
54.96491228070316 15
54.97368421052772 59
54.991228070176845 1
55.01754385965053 48
55.08771929824702 5
55.08771929824702 53
55.096491228071585 6
55.16666666666808 56
55.19298245614176 28
55.21929824561545 11
55.22807017544001 37
55.2982456140365 29
55.2982456140365 42
55.39473684210668 7
55.412280701755805 3
55.517543859650544 17
55.526315789475106 36
55.5964912280716 39
55.60526315789616 23
55.60526315789616 34
55.728070175440024 24
55.75438596491371 49
55.77192982456283 11
55.833333333334764 4
55.842105263159326 22
55.85087719298389 6
55.885964912282134 5
55.947368421054065 47
55.95614035087863 27
56.052631578948805 50
56.08771929824705 20
56.13157894736986 1
56.13157894736986 7
56.19298245614179 25
56.21929824561548 11
56.27192982456285 15
56.315789473685655 17
56.32456140351022 36
56.39473684210671 58
56.421052631580395 5
56.44736842105408 42
56.45614035087864 41
56.54385964912426 8
56.54385964912426 18
56.59649122807163 24
56.60526315789619 6
56.71052631579093 18
56.71929824561549 9
56.81578947368567 44
56.82456140351023 11
56.85964912280848 7
56.91228070175585 3
57.01754385965059 48
57.02631578947515 59
57.114035087720765 17
57.12280701754533 36
57.19298245614182 54
57.33333333333481 29
57.34210526315937 57
57.35964912280849 6
57.46491228070323 24
57.52631578947516 25
57.57894736842253 15
57.587719298247094 7
57.587719298247094 16
57.596491228071656 42
57.60526315789622 5
57.72807017544008 47
57.912280701755876 4
57.912280701755876 17
57.92105263158044 36
57.964912280703246 2
58.03508771929974 14
58.05263157894886 18
58.09649122807167 11
58.114035087720794 6
58.31578947368571 7
58.333333333334835 24
58.36842105263308 27
58.39473684210677 50
58.41228070175589 0
58.41228070175589 3
58.438596491229575 39
58.4561403508787 59
58.552631578948876 1
58.62280701754537 9
58.62280701754537 31
58.657894736843616 53
58.67543859649274 40
58.710526315790986 17
58.71929824561555 36
58.74561403508923 42
58.815789473685726 35
58.815789473685726 41
58.83333333333485 11
58.859649122808534 25
58.868421052633096 6
58.88596491228222 15
58.89473684210678 26
58.89473684210678 43
58.912280701755904 20
58.92982456140503 45
58.95614035087871 49
59.017543859650644 48
59.03508771929977 33
59.04385964912433 7
59.20175438596644 24
59.47368421052785 23
59.500000000001535 17
59.508771929826096 47
59.51754385965066 36
59.57017543859803 56
59.6228070175454 6
59.63157894736996 1
59.64035087719452 11
59.771929824562946 7
59.79824561403663 34
59.84210526315944 29
59.89473684210681 42
59.91228070175593 3
59.921052631580494 8
59.99122807017699 4
59.99122807017699 11
