0.02631578947368421 26
0.043859649122807015 1
0.07894736842105263 8
0.12280701754385964 43
0.13157894736842105 53
0.14912280701754385 25
0.26315789473684215 54
0.28947368421052644 37
0.3070175438596493 48
0.32456140350877216 14
0.32456140350877216 47
0.3596491228070179 0
0.3947368421052636 7
0.40350877192982504 6
0.4210526315789479 15
0.4210526315789479 44
0.42982456140350933 36
0.49122807017543935 2
0.5526315789473694 11
0.5701754385964922 28
0.6228070175438608 20
0.6315789473684222 50
0.789473684210528 39
0.8157894736842123 45
0.850877192982458 34
0.8771929824561423 58
0.9035087719298266 33
1.0263157894736865 44
1.035087719298248 23
1.0526315789473708 24
1.0614035087719322 16
1.0877192982456165 42
1.096491228070178 22
1.1052631578947394 5
1.1228070175438623 7
1.1403508771929851 6
1.2280701754385994 36
1.2368421052631609 11
1.2982456140350909 27
1.3245614035087752 17
1.482456140350881 25
1.543859649122811 40
1.6403508771929867 55
1.7368421052631624 15
1.789473684210531 43
1.850877192982461 7
1.8771929824561453 6
1.8947368421052682 1
1.9210526315789525 24
2.026315789473689 36
2.114035087719301 47
2.157894736842107 41
2.2631578947368416 29
2.2982456140350864 48
2.315789473684209 42
2.456140350877188 11
2.5877192982456063 7
2.61403508771929 6
2.6754385964912184 11
2.789473684210514 24
2.8157894736841977 25
2.824561403508759 36
2.8421052631578814 17
2.9210526315789322 0
2.956140350877177 10
2.9649122807017383 3
2.9824561403508607 1
3.0526315789473504 15
3.2631578947368194 29
3.280701754385942 39
3.3070175438596254 20
3.3157894736841866 7
3.3508771929824315 6
3.3596491228069927 35
3.456140350877166 57
3.622807017543829 36
3.657894736842074 24
3.6842105263157574 50
3.710526315789441 17
3.7719298245613695 27
3.9035087719297876 47
3.9824561403508385 14
4.026315789473646 42
4.043859649122769 7
4.052631578947331 16
4.070175438596454 53
4.0877192982455774 6
4.096491228070139 1
4.096491228070139 2
4.149122807017509 25
4.333333333333304 44
4.359649122806989 15
4.42105263157892 36
4.447368421052605 8
4.4649122807017285 3
4.499999999999975 11
4.52631578947366 24
4.552631578947345 4
4.587719298245592 48
4.605263157894715 54
4.614035087719277 17
4.6929824561403315 9
4.745614035087701 44
4.771929824561386 7
4.824561403508756 6
5.175438596491222 11
5.184210526315784 29
5.219298245614031 36
5.263157894736839 37
5.2982456140350855 33
5.3508771929824555 1
5.394736842105264 24
5.5000000000000036 7
5.543859649122812 44
5.5526315789473735 28
5.561403508771935 6
5.605263157894743 34
5.666666666666675 15
5.701754385964922 47
5.710526315789483 43
5.824561403508785 20
5.885964912280716 25
5.947368421052648 11
5.947368421052648 55
5.964912280701771 3
5.964912280701771 23
5.9824561403508945 45
6.008771929824579 22
6.017543859649141 26
6.017543859649141 36
6.210526315789497 39
6.228070175438621 0
6.228070175438621 7
6.263157894736867 24
6.298245614035114 6
6.49122807017547 1
6.500000000000032 5
6.666666666666703 41
6.692982456140388 29
6.7894736842105665 5
6.8157894736842515 36
6.824561403508813 4
6.833333333333375 8
6.956140350877238 7
6.973684210526361 15
7.008771929824608 5
7.035087719298293 6
7.0438596491228544 16
7.131578947368471 24
7.2192982456140875 25
7.342105263157951 58
7.350877192982512 10
7.464912280701814 3
7.50000000000006 47
7.578947368421115 17
7.614035087719362 14
7.614035087719362 36
7.631578947368485 2
7.631578947368485 9
7.684210526315855 7
7.771929824561472 6
7.885964912280773 57
7.982456140350951 44
8.000000000000075 24
8.02631578947376 50
8.070175438596568 27
8.157894736842184 42
8.175438596491308 11
8.192982456140431 1
8.263157894736924 40
8.280701754386047 15
8.359649122807102 20
8.412280701754472 7
8.412280701754472 36
8.50877192982465 6
8.552631578947459 25
8.640350877193075 29
8.798245614035185 17
8.868421052631678 24
8.964912280701856 3
8.964912280701856 41
8.991228070175541 43
9.149122807017651 7
9.157894736842213 54
9.210526315789583 36
9.236842105263268 45
9.24561403508783 6
9.315789473684323 47
9.324561403508884 8
9.333333333333446 53
9.473684210526432 42
9.526315789473802 9
9.561403508772049 39
9.587719298245734 15
9.62280701754398 35
9.640350877193104 29
9.736842105263282 24
9.745614035087844 0
9.877192982456268 7
9.88596491228083 25
9.964912280701885 55
9.982456140351008 6
10.000000000000131 5
10.008771929824693 4
10.008771929824693 36
10.035087719298378 16
10.035087719298378 17
10.131578947368556 5
10.166666666666803 1
10.219298245614173 23
10.236842105263296 37
10.245614035087858 22
10.447368421052776 57
10.464912280701899 3
10.482456140351022 43
10.482456140351022 48
10.508771929824707 34
10.535087719298392 28
10.605263157894885 7
10.605263157894885 24
10.63157894736857 42
10.68421052631594 26
10.719298245614187 6
10.754385964912434 20
10.807017543859804 36
10.89473684210542 15
10.964912280701913 33
10.991228070175598 58
11.096491228070338 47
11.166666666666831 2
11.201754385965078 5
11.219298245614201 25
11.245614035087886 14
11.333333333333503 7
11.36842105263175 5
11.447368421052804 29
11.456140350877366 6
11.47368421052649 24
11.561403508772106 11
11.596491228070352 17
11.605263157894914 36
11.622807017544037 1
11.912280701754572 10
11.929824561403695 43
11.964912280701942 3
12.017543859649312 9
12.017543859649312 39
12.026315789473873 50
12.035087719298435 41
12.06140350877212 7
12.149122807017736 4
12.192982456140545 6
12.201754385965106 15
12.201754385965106 42
12.342105263158093 24
12.403508771930024 36
12.552631578947572 25
12.640350877193189 45
12.64912280701775 29
12.798245614035299 7
12.833333333333545 0
12.885964912280915 47
12.929824561403723 6
13.026315789473902 16
13.105263157894957 5
13.12280701754408 27
13.131578947368642 57
13.157894736842326 11
13.201754385965135 36
13.210526315789696 24
13.359649122807244 1
13.464912280701984 3
13.464912280701984 5
13.508771929824793 15
13.526315789473916 7
13.578947368421286 11
13.622807017544094 40
13.666666666666902 6
13.666666666666902 8
13.719298245614272 43
13.789473684210765 11
13.885964912280944 25
13.929824561403752 9
14.000000000000245 36
14.008771929824807 20
14.0789473684213 24
14.0789473684213 41
14.0789473684213 44
14.201754385965163 55
14.23684210526341 4
14.254385964912533 7
14.34210526315815 23
14.377192982456396 5
14.403508771930081 6
14.456140350877451 22
14.543859649123068 29
14.561403508772191 48
14.570175438596753 11
14.701754385965177 2
14.701754385965177 2
14.701754385965177 47
14.77192982456167 50
14.798245614035356 36
14.815789473684479 15
14.87719298245641 14
14.947368421052904 24
14.956140350877465 44
14.964912280702027 3
14.98245614035115 7
14.991228070175712 17
15.052631578947643 34
15.14035087719326 1
15.14035087719326 6
15.210526315789753 37
15.219298245614315 25
15.228070175438877 43
15.359649122807301 26
15.421052631579233 58
15.429824561403795 44
15.50877192982485 28
15.596491228070466 36
15.61403508771959 54
15.67543859649152 11
15.710526315789767 7
15.78070175438626 44
15.815789473684507 24
15.868421052631877 29
15.877192982456439 6
15.921052631579247 33
15.947368421052932 45
15.964912280702055 11
15.964912280702055 42
15.99122807017574 10
16.017543859649425 16
16.122807017544165 15
16.236842105263467 41
16.26315789473715 8
16.280701754386275 57
16.289473684210837 9
16.30701754385996 0
16.31578947368452 4
16.394736842105576 36
16.438596491228385 7
16.46491228070207 3
16.500000000000316 53
16.508771929824878 47
16.535087719298563 17
16.552631578947686 25
16.552631578947686 48
16.614035087719618 6
16.68421052631611 1
16.68421052631611 24
16.68421052631611 35
16.692982456140673 20
17.131578947368755 11
17.15789473684244 29
17.166666666667002 7
17.192982456140687 36
17.350877192982797 6
17.36842105263192 17
17.42982456140385 15
17.552631578947715 24
17.614035087719646 55
17.64035087719333 43
17.84210526315825 5
17.885964912281057 25
17.89473684210562 7
17.95614035087755 11
17.964912280702112 3
17.991228070175797 36
18.035087719298605 27
18.087719298245975 6
18.15789473684247 9
18.175438596491592 17
18.184210526316154 5
18.236842105263523 2
18.27192982456177 29
18.298245614035455 47
18.350877192982825 8
18.394736842105633 4
18.421052631579318 24
18.473684210526688 39
18.500000000000373 14
18.526315789474058 1
18.53508771929862 40
18.622807017544236 7
18.69298245614073 22
18.69298245614073 48
18.736842105263538 15
18.789473684210908 36
18.815789473684593 41
18.824561403509154 6
18.90350877193021 50
18.947368421053017 11
18.96491228070214 17
19.00877192982495 16
19.105263157895127 20
19.21929824561443 25
19.245614035088114 23
19.254385964912675 34
19.289473684210922 24
19.32456140350917 29
19.350877192982853 7
19.456140350877593 43
19.464912280702155 3
19.55263157894777 5
19.561403508772333 6
19.587719298246018 36
19.64912280701795 11
19.719298245614443 1
19.76315789473725 17
19.850877192982868 5
19.85964912280743 26
19.894736842105676 57
19.97368421052673 42
19.97368421052673 45
20.035087719298662 9
20.043859649123224 15
20.07894736842147 7
20.087719298246032 47
20.157894736842525 24
20.18421052631621 37
20.298245614035512 6
20.38596491228113 36
20.429824561403937 53
20.473684210526745 4
20.482456140351307 29
20.49122807017587 28
20.5526315789478 25
20.56140350877236 0
20.56140350877236 17
20.587719298246046 48
20.61403508771973 54
20.640350877193416 8
20.649122807017978 44
20.798245614035526 27
20.807017543860088 7
20.859649122807458 33
20.92982456140395 41
20.964912280702197 3
20.964912280702197 58
21.02631578947413 24
21.03508771929869 6
21.18421052631624 36
21.271929824561855 1
21.35087719298291 15
21.359649122807472 17
21.51754385964958 55
21.535087719298705 7
21.77192982456187 2
21.77192982456187 6
21.87719298245661 47
21.88596491228117 25
21.894736842105733 24
21.912280701754856 9
21.947368421053103 39
21.98245614035135 36
22.000000000000473 16
22.122807017544336 14
22.157894736842582 17
22.219298245614514 35
22.263157894737322 7
22.263157894737322 7
22.429824561403993 5
22.45614035087768 57
22.46491228070224 3
22.50877192982505 6
22.50877192982505 44
22.552631578947857 4
22.657894736842596 1
22.657894736842596 15
22.754385964912775 48
22.763157894737336 24
22.763157894737336 29
22.78070175438646 36
22.89473684210576 22
22.956140350877693 17
23.0000000000005 7
23.04385964912331 43
23.04385964912331 50
23.061403508772433 40
23.09649122807068 11
23.14912280701805 23
23.20175438596542 0
23.219298245614542 25
23.245614035088227 6
23.280701754386474 41
23.403508771930337 27
23.46491228070227 42
23.482456140351392 34
23.57894736842157 36
23.63157894736894 24
23.657894736842625 47
23.728070175439118 7
23.728070175439118 20
23.74561403508824 5
23.754385964912803 17
23.824561403509296 9
23.921052631579474 5
23.964912280702283 3
23.964912280702283 15
23.982456140351406 6
24.087719298246146 29
24.26315789473738 45
24.27192982456194 10
24.37719298245668 36
24.42105263157949 26
24.456140350877735 7
24.464912280702297 58
24.500000000000544 24
24.543859649123352 39
24.552631578947913 1
24.552631578947913 17
24.552631578947913 25
24.58771929824616 53
24.614035087719845 42
24.63157894736897 4
24.719298245614585 6
24.728070175439147 43
24.728070175439147 48
24.75438596491283 11
24.973684210526873 8
24.991228070175996 16
25.105263157895298 55
25.157894736842668 37
25.17543859649179 36
25.184210526316352 7
25.184210526316352 44
25.27192982456197 15
25.307017543860216 2
25.350877192983024 17
25.368421052632147 24
25.447368421053202 47
25.456140350877764 6
25.464912280702325 3
25.473684210526887 28
25.58771929824619 50
25.614035087719873 29
25.69298245614093 9
25.7456140350883 14
25.780701754386545 54
25.850877192983038 41
25.885964912281285 25
25.91228070175497 7
25.947368421053216 1
25.9736842105269 36
25.982456140351463 33
26.149122807018134 17
26.192982456140943 6
26.23684210526375 24
26.578947368421655 15
26.60526315789534 57
26.640350877193587 7
26.684210526316395 48
26.71052631579008 4
26.77192982456201 36
26.92982456140412 6
26.92982456140412 39
26.947368421053245 17
26.964912280702368 3
26.964912280702368 27
26.964912280702368 42
27.105263157895354 24
27.122807017544478 22
27.149122807018163 11
27.219298245614656 25
27.228070175439218 47
27.23684210526378 5
27.324561403509396 40
27.377192982456766 7
27.412280701755012 43
27.570175438597122 9
27.570175438597122 36
27.6666666666673 6
27.745614035088355 17
27.745614035088355 34
27.88596491228134 15
27.964912280702396 35
27.973684210526958 24
27.98245614035152 16
28.017543859649766 8
28.017543859649766 50
28.105263157895383 7
28.14035087719363 23
28.228070175439246 11
28.3070175438603 29
28.368421052632232 36
28.40350877193048 6
28.429824561404164 58
28.46491228070241 3
28.500000000000657 55
28.543859649123466 17
28.552631578948027 25
28.62280701754452 48
28.72807017543926 20
28.789473684211192 4
28.789473684211192 41
28.833333333334 7
28.84210526315856 2
28.84210526315856 2
28.84210526315856 24
28.868421052632247 0
28.88596491228137 53
28.89473684210593 1
28.921052631579617 5
28.921052631579617 45
29.008771929825233 47
29.070175438597165 43
29.140350877193658 6
29.166666666667343 36
29.184210526316466 44
29.192982456141028 15
29.271929824562083 10
29.342105263158576 17
29.36842105263226 14
29.36842105263226 42
29.438596491228754 9
29.473684210527 39
29.561403508772617 7
29.710526315790165 24
29.877192982456837 6
29.8859649122814 25
29.964912280702453 3
29.964912280702453 36
30.122807017544563 8
30.131578947369125 37
30.140350877193686 17
30.245614035088426 27
30.289473684211234 7
30.37719298245685 29
30.394736842105974 1
30.394736842105974 44
30.412280701755098 11
30.447368421053344 28
30.500000000000714 15
30.500000000000714 50
30.517543859649837 26
30.552631578948084 48
30.57894736842177 24
30.614035087720016 6
30.69298245614107 54
30.74561403508844 11
30.763157894737564 36
30.771929824562125 33
30.78947368421125 47
30.868421052632304 4
30.877192982456865 5
30.938596491228797 17
30.938596491228797 17
30.973684210527043 16
31.01754385964985 7
31.149122807018276 43
31.21929824561477 25
31.254385964913016 11
31.307017543860386 9
31.32456140350951 22
31.350877192983194 6
31.38596491228144 42
31.447368421053373 24
31.464912280702496 3
31.561403508772674 36
31.728070175439345 1
31.736842105263907 17
31.74561403508847 7
31.79824561403584 5
31.8070175438604 15
31.842105263158647 20
31.90350877193058 40
31.91228070175514 11
31.91228070175514 29
31.938596491228825 34
32.08771929824637 6
32.15789473684286 44
32.166666666667425 23
32.18421052631655 39
32.2631578947376 45
32.28947368421129 5
32.30701754386041 57
32.31578947368497 24
32.35964912280778 36
32.377192982456904 2
32.482456140351644 7
32.51754385964989 53
32.535087719299014 17
32.55263157894814 25
32.57017543859726 47
32.57017543859726 48
32.66666666666744 58
32.71929824561481 42
32.754385964913055 27
32.82456140350955 6
32.9035087719306 1
32.94736842105341 4
32.964912280702535 3
32.98245614035166 29
32.99122807017622 14
33.10526315789552 50
33.11403508772008 15
33.15789473684289 36
33.184210526316576 24
33.21929824561482 7
33.21929824561482 9
33.24561403508851 5
33.333333333334124 17
33.45614035087799 43
33.56140350877273 6
33.82456140350958 41
33.859649122807824 11
33.87719298245695 42
33.88596491228151 25
33.956140350878 7
33.956140350878 36
33.96491228070256 16
34.05263157894818 24
34.131578947369235 17
34.131578947369235 44
34.245614035088536 0
34.298245614035906 6
34.350877192983276 47
34.3684210526324 5
34.42105263157977 15
34.46491228070258 3
34.552631578948194 8
34.64912280701837 29
34.64912280701837 48
34.68421052631662 7
34.75438596491311 36
34.8947368421061 1
34.921052631579784 24
34.929824561404345 17
34.94736842105347 11
35.02631578947452 4
35.02631578947452 39
35.035087719299085 6
35.035087719299085 57
35.09649122807102 9
35.10526315789558 37
35.10526315789558 43
35.192982456141195 42
35.21929824561488 11
35.21929824561488 25
35.412280701755236 7
35.42982456140436 20
35.42982456140436 28
35.44736842105348 35
35.456140350878044 44
35.52631578947454 22
35.55263157894822 36
35.561403508772784 45
35.58771929824647 11
35.69298245614121 26
35.71052631579033 5
35.719298245614894 27
35.728070175439456 15
35.728070175439456 17
35.73684210526402 50
35.771929824562264 6
35.78947368421139 24
35.91228070175525 2
35.92105263157981 44
35.96491228070262 3
36.10526315789561 23
36.13157894736929 47
36.14035087719385 7
36.14035087719385 34
36.19298245614122 5
36.35087719298333 36
36.37719298245702 54
36.473684210527196 1
36.50877192982544 6
36.526315789474566 17
36.53508771929913 53
36.55263157894825 25
36.56140350877281 58
36.61403508772018 14
36.65789473684299 24
36.71052631579036 55
36.728070175439484 11
36.87719298245703 7
36.894736842106155 29
36.95614035087809 16
37.00877192982546 9
37.01754385965002 40
37.03508771929914 15
37.06140350877283 48
37.105263157895635 4
37.14912280701844 36
37.24561403508862 6
37.324561403509676 17
37.46491228070266 3
37.49122807017635 11
37.526315789474594 24
37.61403508772021 7
37.631578947369334 33
37.82456140350969 20
37.842105263158814 5
37.88596491228162 25
37.894736842106184 41
37.91228070175531 47
37.947368421053554 36
37.9824561403518 6
38.02631578947461 11
38.02631578947461 29
38.07894736842198 0
38.12280701754479 17
38.219298245614965 5
38.23684210526409 43
38.2807017543869 8
38.34210526315883 7
38.34210526315883 15
38.377192982457075 39
38.3947368421062 24
38.44736842105357 27
38.56140350877287 1
38.71929824561498 6
38.745614035088664 36
38.87719298245709 42
38.88596491228165 9
38.9210526315799 17
38.964912280702706 3
38.98245614035183 48
39.00000000000095 45
39.061403508772884 50
39.070175438597445 7
39.08771929824657 5
39.15789473684306 29
39.18421052631675 4
39.21929824561499 25
39.2631578947378 24
39.447368421053596 2
39.45614035087816 6
39.543859649123775 36
39.649122807018514 15
39.69298245614132 47
39.71929824561501 17
39.72807017543957 22
39.78070175438694 57
39.79824561403606 7
39.94736842105361 16
40.00877192982554 23
40.078947368422035 37
40.131578947369405 24
40.175438596492214 41
40.19298245614134 6
40.236842105264145 14
40.342105263158885 36
40.342105263158885 53
40.40350877193082 29
40.41228070175538 28
40.45614035087819 11
40.46491228070275 3
40.47368421052731 43
40.51754385965012 17
40.53508771929924 7
40.552631578948365 25
40.73684210526416 26
40.73684210526416 54
40.79824561403609 9
40.79824561403609 39
40.929824561404516 6
40.9561403508782 15
41.00000000000101 24
41.06140350877294 0
41.078947368422064 42
41.11403508772031 34
41.140350877193995 36
41.184210526316804 44
41.21929824561505 48
41.236842105264174 35
41.26315789473786 4
41.26315789473786 7
41.31578947368523 17
41.41228070175541 40
41.47368421052734 47
41.64035087719401 50
41.64912280701857 5
41.64912280701857 55
41.666666666667695 6
41.74561403508875 29
41.76315789473787 1
41.86842105263261 24
41.877192982457174 27
41.885964912281736 25
41.938596491229106 36
41.96491228070279 3
41.991228070176476 7
42.0087719298256 44
42.11403508772034 17
42.2368421052642 43
42.254385964913325 11
42.26315789473789 15
42.31578947368526 10
42.40350877193087 6
42.517543859650175 20
42.52631578947474 41
42.5350877192993 42
42.631578947369476 8
42.66666666666772 9
42.71929824561509 7
42.736842105264216 24
42.736842105264216 36
42.77192982456246 11
42.842105263158956 33
42.85087719298352 5
42.85087719298352 58
42.91228070175545 17
42.938596491229134 16
42.98245614035194 2
42.991228070176504 44
43.14035087719405 6
43.14035087719405 48
43.16666666666774 39
43.19298245614142 29
43.21929824561511 25
43.254385964913354 47
43.34210526315897 4
43.44736842105371 7
43.46491228070283 3
43.53508771929933 36
43.57017543859757 15
43.578947368422135 1
43.60526315789582 24
43.71052631579056 17
43.736842105264245 0
43.798245614036176 43
43.8157894736853 42
43.842105263158984 5
43.850877192983546 45
43.85964912280811 14
43.87719298245723 6
43.91228070175548 23
43.9298245614046 22
44.052631578948464 50
44.17543859649233 7
44.25438596491338 5
44.29824561403619 11
44.33333333333444 36
44.47368421052742 24
44.49122807017655 29
44.50000000000111 57
44.50877192982567 17
44.535087719299355 9
44.55263157894848 25
44.55263157894848 53
44.61403508772041 6
44.807017543860766 1
44.87719298245726 15
44.903508771930944 7
44.964912280702876 3
44.99122807017656 20
45.03508771929937 47
45.05263157894849 37
45.07894736842218 41
45.114035087720424 42
45.13157894736955 36
45.14912280701867 11
45.24561403508885 48
45.30701754386078 17
45.30701754386078 34
45.34210526315903 24
45.35087719298359 6
45.385964912281835 28
45.40350877193096 55
45.42105263158008 4
45.55263157894851 8
45.61403508772044 26
45.63157894736956 7
45.82456140350992 11
45.88596491228185 25
45.92982456140466 16
45.92982456140466 36
46.04385964912396 1
46.08771929824677 6
46.10526315789589 17
46.16666666666782 39
46.184210526316946 15
46.21052631579063 24
46.263157894738 42
46.27192982456256 0
46.280701754387124 35
46.280701754387124 43
46.35964912280818 7
46.3771929824573 58
46.394736842106425 50
46.41228070175555 9
46.46491228070292 3
46.51754385965029 2
46.51754385965029 54
46.72807017543977 36
46.815789473685385 47
46.824561403509946 6
46.903508771931 11
46.903508771931 17
46.973684210527495 57
46.99122807017662 44
47.078947368422234 24
47.087719298246796 7
47.192982456141536 48
47.21929824561522 25
47.41228070175558 42
47.447368421053824 33
47.48245614035207 14
47.49122807017663 15
47.500000000001194 4
47.52631578947488 36
47.52631578947488 36
47.561403508773125 6
47.62280701754506 20
47.70175438596611 17
47.75438596491348 11
47.80701754386085 41
47.81578947368541 7
47.81578947368541 23
47.92105263158015 43
47.94736842105384 24
47.96491228070296 3
47.982456140352085 44
47.991228070176646 27
48.13157894736963 22
48.298245614036304 6
48.32456140350999 9
48.32456140350999 36
48.38596491228192 45
48.50000000000122 17
48.54385964912403 7
48.55263157894859 25
48.561403508773154 42
48.5964912280714 47
48.70175438596614 29
48.70175438596614 40
48.73684210526439 50
48.79824561403632 15
48.81578947368544 24
48.92105263158018 16
48.96491228070299 11
48.96491228070299 53
49.03508771929948 6
49.1228070175451 36
49.2368421052644 48
49.28070175438721 7
49.29824561403633 17
49.40350877193107 57
49.464912280703004 3
49.49122807017669 39
49.50000000000125 34
49.578947368422305 4
49.684210526317045 24
49.71052631579073 42
49.77192982456266 6
49.79824561403635 44
49.81578947368547 1
49.85964912280828 43
49.88596491228196 25
49.92105263158021 36
50.01754385965039 7
50.02631578947495 37
50.052631578948635 2
50.061403508773196 41
50.09649122807144 17
50.105263157896005 15
50.157894736843375 58
50.23684210526443 8
50.23684210526443 9
50.28070175438724 26
50.2894736842118 5
50.368421052632854 28
50.377192982457416 47
50.50877192982584 6
50.55263157894865 24
50.56140350877321 20
50.59649122807146 11
50.692982456141635 0
50.71929824561532 36
50.745614035089005 7
50.84210526315918 55
50.85964912280831 42
50.89473684210655 17
50.96491228070305 3
50.99122807017673 11
51.008771929825855 54
51.07894736842235 50
51.10526315789603 14
51.14912280701884 48
51.219298245615335 25
51.24561403508902 6
51.31578947368551 11
51.41228070175569 15
51.42105263158025 24
51.429824561404814 5
51.47368421052762 7
51.51754385965043 36
51.65789473684342 4
51.66666666666798 1
51.6842105263171 29
51.692982456141664 17
51.701754385966225 43
51.71929824561535 23
51.81578947368553 27
51.912280701755705 16
51.9824561403522 6
52.00877192982588 42
52.00877192982588 57
52.03508771929957 44
52.08771929824694 41
52.11403508772062 9
52.15789473684343 47
52.20175438596624 7
52.289473684211856 24
52.29824561403642 11
52.31578947368554 36
52.333333333334664 22
52.46491228070309 3
52.491228070176774 17
52.500000000001336 33
52.552631578948706 25
52.71929824561538 6
52.71929824561538 15
52.763157894738185 45
52.78070175438731 39
52.92982456140486 7
53.00877192982591 35
53.04385964912416 0
53.11403508772065 36
53.15789473684346 24
53.15789473684346 42
53.192982456141706 48
53.289473684211885 17
53.36842105263294 53
53.3771929824575 29
53.42105263158031 50
53.456140350878556 6
53.456140350878556 44
53.58771929824698 2
53.657894736843474 7
53.69298245614172 34
53.710526315790844 8
53.73684210526453 4
53.88596491228208 25
53.91228070175576 36
53.93859649122945 47
53.96491228070313 3
53.99122807017682 9
54.02631578947506 15
54.02631578947506 24
54.087719298246995 17
54.09649122807156 11
54.11403508772068 5
54.192982456141735 6
54.245614035089105 20
54.298245614036475 11
54.36842105263297 29
54.38596491228209 7
54.42105263158034 44
54.55263157894876 42
54.561403508773324 43
54.71052631579087 36
54.728070175439996 14
54.728070175439996 27
54.885964912282105 17
54.89473684210667 24
54.89473684210667 40
54.89473684210667 57
54.90350877193123 16
54.929824561404914 5
54.929824561404914 6
55.00000000000141 37
55.00877192982597 55
55.10526315789615 48
55.11403508772071 7
55.21052631579089 39
55.21929824561545 25
55.23684210526457 41
55.33333333333475 11
55.33333333333475 15
55.34210526315931 28
55.464912280703174 3
55.4824561403523 54
55.49122807017686 58
55.50877192982598 36
55.622807017545284 23
55.64912280701897 5
55.66666666666809 6
55.684210526317216 17
55.70175438596634 42
55.71929824561546 47
55.75438596491371 44
55.76315789473827 24
55.76315789473827 50
55.81578947368564 4
55.85087719298389 7
55.85964912280845 11
55.90350877193126 9
55.991228070176874 29
56.008771929826 0
56.03508771929968 43
56.157894736843545 11
56.21929824561548 44
56.30701754386109 36
56.377192982457586 11
56.40350877193127 6
56.482456140352326 17
56.535087719299696 22
56.55263157894882 25
56.578947368422504 7
56.587719298247066 45
56.631578947369874 24
56.640350877194436 15
56.684210526317244 5
56.81578947368567 11
56.850877192983916 42
56.96491228070322 3
57.000000000001464 5
57.01754385965059 26
57.01754385965059 48
57.1052631578962 36
57.12280701754533 2
57.14035087719445 6
57.14035087719445 27
57.166666666668135 20
57.166666666668135 29
57.28070175438744 17
57.30701754386112 7
57.377192982457615 41
57.50000000000148 24
57.50000000000148 47
57.5175438596506 57
57.62280701754534 11
57.65789473684359 39
57.8157894736857 9
57.84210526315938 33
57.87719298245763 6
57.88596491228219 25
57.88596491228219 34
57.89473684210675 4
57.89473684210675 16
57.903508771931314 36
57.94736842105412 15
58.00000000000149 42
58.03508771929974 7
58.03508771929974 7
58.07894736842255 17
58.10526315789623 50
58.19298245614185 10
58.21929824561553 5
58.35087719298396 14
58.36842105263308 24
58.447368421054136 11
58.46491228070326 3
58.50877192982607 0
58.50877192982607 44
58.50877192982607 55
58.51754385965063 8
58.543859649124315 43
58.57894736842256 29
58.61403508772081 6
58.701754385966424 36
58.763157894738356 7
58.87719298245766 17
58.88596491228222 35
58.92982456140503 48
58.99122807017696 1
59.14912280701907 42
59.21929824561556 25
59.21929824561556 58
59.236842105264685 24
59.24561403508925 44
59.25438596491381 15
59.28070175438749 47
59.35087719298399 6
59.49122807017697 7
59.500000000001535 36
59.52631578947522 23
59.552631578948905 27
59.63157894736996 20
59.64035087719452 5
59.67543859649277 17
59.68421052631733 9
59.70175438596645 41
59.72807017544014 54
59.75438596491382 11
59.75438596491382 40
59.88596491228225 29
59.9649122807033 3
59.973684210527864 4
59.973684210527864 37
