0.07017543859649122 59
0.07894736842105263 32
0.08771929824561403 38
0.10526315789473684 12
0.13157894736842105 31
0.14912280701754385 11
0.16666666666666666 0
0.17543859649122806 18
0.19298245614035087 14
0.3070175438596493 15
0.3070175438596493 22
0.31578947368421073 7
0.32456140350877216 6
0.32456140350877216 47
0.342105263157895 48
0.3684210526315793 56
0.37719298245614075 30
0.37719298245614075 40
0.4736842105263165 25
0.4736842105263165 54
0.49122807017543935 24
0.5087719298245622 42
0.5263157894736851 41
0.5263157894736851 57
0.5526315789473694 53
0.5614035087719308 43
0.5964912280701765 5
0.605263157894738 44
0.6315789473684222 50
0.6578947368421065 20
0.7017543859649137 16
0.7456140350877208 23
0.7719298245614051 45
0.8157894736842123 4
0.8421052631578966 58
0.8859649122807037 8
0.912280701754388 1
0.9649122807017566 28
1.0526315789473708 5
1.0526315789473708 7
1.078947368421055 6
1.1666666666666694 26
1.1929824561403537 5
1.2280701754385994 44
1.2543859649122837 36
1.2543859649122837 37
1.2719298245614066 29
1.280701754385968 18
1.3508771929824595 34
1.3596491228070209 24
1.3771929824561437 17
1.482456140350881 59
1.587719298245618 18
1.6228070175438638 15
1.6403508771929867 44
1.7807017543859696 7
1.8070175438596539 6
1.8421052631578996 2
1.9561403508771982 1
2.0175438596491277 27
2.0438596491228114 10
2.0526315789473726 3
2.0964912280701786 39
2.1315789473684235 43
2.149122807017546 9
2.149122807017546 11
2.149122807017546 36
2.149122807017546 47
2.2280701754385968 24
2.3421052631578925 18
2.4736842105263106 5
2.5175438596491166 7
2.535087719298239 6
2.5614035087719227 44
2.6754385964912184 30
2.6842105263157796 12
2.7192982456140244 0
2.7631578947368305 42
2.8859649122806874 25
2.9298245614034935 44
2.9385964912280547 15
2.9385964912280547 59
2.947368421052616 17
2.947368421052616 41
2.999999999999983 8
2.999999999999983 57
3.0263157894736668 4
3.043859649122789 36
3.0964912280701564 24
3.1929824561403297 20
3.245614035087697 7
3.2631578947368194 6
3.2631578947368194 11
3.3947368421052375 3
3.587719298245584 11
3.6140350877192677 16
3.6403508771929514 1
3.657894736842074 29
3.710526315789441 48
3.8157894736841755 12
3.868421052631543 14
3.9385964912280325 36
3.964912280701716 24
3.9736842105262773 7
3.9736842105262773 47
3.9912280701753997 6
4.149122807017509 32
4.245614035087687 15
4.324561403508742 31
4.333333333333304 5
4.333333333333304 59
4.377192982456112 17
4.377192982456112 25
4.403508771929797 9
4.429824561403482 50
4.456140350877167 5
4.552631578947345 22
4.587719298245592 40
4.640350877192962 43
4.701754385964893 7
4.7192982456140165 6
4.7192982456140165 27
4.73684210526314 3
4.833333333333318 24
4.833333333333318 36
4.938596491228058 12
4.938596491228058 18
4.947368421052619 5
5.008771929824551 30
5.061403508771921 41
5.078947368421044 23
5.1228070175438525 38
5.131578947368414 0
5.280701754385962 45
5.307017543859647 58
5.37719298245614 2
5.42982456140351 7
5.447368421052634 6
5.5526315789473735 15
5.58771929824562 5
5.605263157894743 4
5.657894736842113 42
5.69298245614036 34
5.701754385964922 24
5.7280701754386065 36
5.789473684210538 53
5.824561403508785 26
5.90350877192984 20
5.938596491228086 10
5.991228070175456 48
6.008771929824579 28
6.061403508771949 47
6.078947368421073 3
6.1578947368421275 7
6.166666666666689 1
6.166666666666689 12
6.175438596491251 6
6.1842105263158125 5
6.228070175438621 37
6.333333333333361 25
6.3859649122807305 8
6.473684210526347 29
6.526315789473717 16
6.535087719298279 9
6.54385964912284 56
6.570175438596525 24
6.622807017543895 36
6.85964912280706 15
6.885964912280745 7
6.903508771929868 6
6.903508771929868 57
6.938596491228115 50
7.035087719298293 54
7.131578947368471 11
7.228070175438649 41
7.289473684210581 30
7.403508771929882 1
7.4210526315790055 3
7.438596491228129 24
7.4473684210526905 17
7.508771929824622 0
7.508771929824622 14
7.517543859649184 36
7.526315789473745 44
7.614035087719362 7
7.631578947368485 6
7.666666666666732 25
7.684210526315855 31
7.780701754386033 29
7.842105263157965 43
7.8771929824562115 47
7.964912280701828 12
8.166666666666746 15
8.307017543859732 24
8.342105263157979 7
8.359649122807102 6
8.368421052631664 20
8.385964912280787 9
8.40350877192991 42
8.40350877192991 45
8.412280701754472 36
8.429824561403596 11
8.447368421052719 4
8.526315789473774 27
8.596491228070267 8
8.763157894736938 3
8.780701754386062 59
8.798245614035185 22
8.912280701754487 2
9.070175438596596 7
9.070175438596596 18
9.08771929824572 6
9.175438596491336 40
9.184210526315898 24
9.254385964912391 43
9.271929824561514 12
9.30701754385976 36
9.438596491228186 16
9.456140350877309 48
9.456140350877309 57
9.46491228070187 53
9.473684210526432 15
9.491228070175556 50
9.552631578947487 23
9.552631578947487 25
9.57017543859661 30
9.710526315789597 41
9.710526315789597 47
9.798245614035213 7
9.815789473684337 6
9.850877192982583 1
9.982456140351008 38
10.000000000000131 42
10.052631578947501 24
10.087719298245748 59
10.105263157894871 3
10.20175438596505 36
10.289473684210666 17
10.298245614035228 5
10.377192982456283 9
10.41228070175453 29
10.52631578947383 7
10.535087719298392 4
10.543859649122954 6
10.552631578947516 5
10.63157894736857 12
10.657894736842255 0
10.745614035087872 20
10.780701754386119 15
10.798245614035242 32
10.850877192982612 44
10.868421052631735 34
10.912280701754543 43
10.921052631579105 24
11.05263157894753 28
11.096491228070338 36
11.096491228070338 58
11.140350877193146 14
11.149122807017708 17
11.184210526315955 11
11.201754385965078 37
11.201754385965078 42
11.254385964912448 7
11.271929824561571 6
11.394736842105434 11
11.403508771929996 48
11.438596491228243 8
11.447368421052804 3
11.491228070175612 56
11.543859649122982 18
11.570175438596667 47
11.58771929824579 31
11.614035087719476 5
11.666666666666845 27
11.675438596491407 44
11.675438596491407 54
11.789473684210709 24
11.842105263158079 30
11.947368421052818 1
11.947368421052818 11
11.982456140351065 5
11.982456140351065 7
11.991228070175627 36
12.000000000000188 6
12.087719298245805 15
12.096491228070366 26
12.245614035087915 11
12.245614035087915 17
12.245614035087915 25
12.289473684210723 9
12.350877192982654 16
12.403508771930024 59
12.447368421052833 2
12.456140350877394 5
12.552631578947572 43
12.561403508772134 45
12.614035087719504 4
12.64912280701775 42
12.657894736842312 24
12.710526315789682 7
12.728070175438805 6
12.789473684210737 3
12.885964912280915 36
12.903508771930039 39
13.026315789473902 0
13.043859649123025 22
13.052631578947587 11
13.105263157894957 17
13.149122807017765 18
13.201754385965135 10
13.263157894737066 11
13.263157894737066 44
13.394736842105491 15
13.403508771930053 47
13.412280701754614 40
13.4385964912283 7
13.456140350877423 6
13.464912280701984 23
13.508771929824793 53
13.526315789473916 24
13.5526315789476 12
13.561403508772162 20
13.578947368421286 25
13.780701754386204 36
13.833333333333574 5
13.92105263157919 17
13.991228070175683 11
14.096491228070423 9
14.114035087719547 30
14.13157894736867 3
14.140350877193232 1
14.157894736842355 5
14.166666666666917 7
14.18421052631604 6
14.307017543859903 5
14.324561403509026 50
14.39473684210552 24
14.403508771930081 5
14.412280701754643 41
14.421052631579204 8
14.44736842105289 11
14.456140350877451 43
14.561403508772191 59
14.675438596491492 36
14.692982456140616 4
14.701754385965177 15
14.728070175438862 17
14.77192982456167 14
14.894736842105534 7
14.912280701754657 6
14.912280701754657 25
14.98245614035115 57
15.008771929824835 12
15.184210526316068 58
15.236842105263438 47
15.263157894737123 16
15.263157894737123 24
15.289473684210808 56
15.333333333333616 31
15.377192982456425 38
15.473684210526603 3
15.526315789473973 1
15.526315789473973 17
15.552631578947658 48
15.570175438596781 36
15.622807017544151 7
15.640350877193274 6
15.710526315789767 5
15.710526315789767 11
15.771929824561699 34
15.83333333333363 29
15.885964912281 9
15.912280701754685 20
15.921052631579247 0
15.982456140351179 2
16.000000000000302 18
16.008771929824864 15
16.070175438596795 11
16.09649122807048 28
16.09649122807048 59
16.131578947368727 24
16.175438596491535 37
16.20175438596522 54
16.24561403508803 25
16.324561403509083 17
16.350877192982768 7
16.36842105263189 6
16.377192982456453 27
16.385964912281015 30
16.46491228070207 36
16.543859649123124 1
16.605263157895056 5
16.666666666666988 50
16.771929824561727 4
16.815789473684536 3
16.912280701754714 43
17.00000000000033 24
17.061403508772262 47
17.078947368421385 7
17.078947368421385 29
17.09649122807051 6
17.122807017544194 17
17.140350877193317 49
17.21929824561437 8
17.280701754386303 22
17.30701754385999 41
17.31578947368455 15
17.350877192982797 23
17.359649122807358 36
17.412280701754728 26
17.52631578947403 45
17.570175438596838 59
17.5789473684214 25
17.5789473684214 48
17.657894736842454 11
17.68421052631614 9
17.719298245614386 57
17.807017543860002 7
17.815789473684564 18
17.824561403509126 6
17.868421052631934 24
17.912280701754742 17
17.938596491228427 5
17.94736842105299 32
18.00877192982492 42
18.15789473684247 3
18.175438596491592 16
18.236842105263523 11
18.254385964912647 36
18.298245614035455 12
18.307017543860017 20
18.350877192982825 53
18.403508771930195 14
18.49122807017581 44
18.53508771929862 7
18.552631578947743 6
18.622807017544236 15
18.657894736842483 30
18.710526315789853 17
18.719298245614414 31
18.728070175438976 18
18.736842105263538 24
18.771929824561784 29
18.824561403509154 27
18.85087719298284 4
18.8596491228074 1
18.885964912281086 47
18.91228070175477 25
18.96491228070214 43
18.982456140351264 50
19.131578947368812 58
19.149122807017935 36
19.192982456140744 59
19.236842105263552 42
19.263157894737237 7
19.28070175438636 6
19.49122807017584 8
19.5000000000004 3
19.5000000000004 9
19.508771929824963 17
19.517543859649525 2
19.561403508772333 11
19.60526315789514 24
19.666666666667073 0
19.675438596491635 41
19.824561403509183 29
19.9122807017548 40
19.9122807017548 48
19.929824561403922 15
19.991228070175854 7
20.008771929824977 6
20.043859649123224 36
20.245614035088142 25
20.307017543860074 17
20.324561403509197 59
20.350877192982882 34
20.429824561403937 11
20.473684210526745 24
20.631578947368855 42
20.675438596491663 20
20.71929824561447 1
20.71929824561447 7
20.736842105263595 6
20.736842105263595 47
20.842105263158334 3
20.859649122807458 38
20.92982456140395 4
20.92982456140395 30
20.938596491228513 36
21.043859649123252 54
21.08771929824606 16
21.105263157895184 17
21.13157894736887 28
21.149122807017992 37
21.166666666667115 29
21.219298245614485 43
21.23684210526361 15
21.24561403508817 23
21.29824561403554 9
21.34210526315835 24
21.40350877193028 39
21.429824561403965 59
21.44736842105309 7
21.46491228070221 6
21.50000000000046 57
21.51754385964958 22
21.578947368421513 25
21.596491228070636 18
21.66666666666713 44
21.763157894737308 5
21.763157894737308 41
21.807017543860116 8
21.8333333333338 36
21.903508771930294 17
21.956140350877664 27
22.000000000000473 10
22.008771929825034 45
22.026315789474157 14
22.175438596491706 7
22.184210526316267 3
22.19298245614083 6
22.20175438596539 11
22.210526315789952 24
22.271929824561884 0
22.315789473684692 48
22.35087719298294 29
22.482456140351363 12
22.543859649123295 15
22.552631578947857 47
22.701754385965405 17
22.72807017543909 36
22.877192982456638 26
22.903508771930323 7
22.912280701754884 25
22.921052631579446 5
22.921052631579446 6
22.921052631579446 32
22.973684210526816 53
23.008771929825063 4
23.017543859649624 20
23.026315789474186 18
23.026315789474186 59
23.05263157894787 2
23.05263157894787 56
23.078947368421556 24
23.087719298246117 9
23.21052631578998 11
23.21052631578998 30
23.25438596491279 58
23.42105263157946 1
23.500000000000515 17
23.5263157894742 3
23.62280701754438 36
23.63157894736894 7
23.649122807018063 6
23.824561403509296 42
23.85087719298298 15
23.94736842105316 24
24.00000000000053 16
24.00877192982509 59
24.10526315789527 12
24.245614035088256 25
24.298245614035626 17
24.359649122807557 7
24.37719298245668 6
24.394736842105804 47
24.438596491228612 27
24.456140350877735 1
24.517543859649667 36
24.52631578947423 39
24.543859649123352 41
24.552631578947913 34
24.58771929824616 8
24.70175438596546 43
24.815789473684763 24
24.868421052632133 3
24.877192982456695 9
24.921052631579503 11
24.96491228070231 40
25.087719298246174 4
25.087719298246174 7
25.096491228070736 17
25.105263157895298 6
25.11403508771986 57
25.12280701754442 42
25.149122807018106 11
25.157894736842668 15
25.254385964912846 23
25.28070175438653 45
25.394736842105832 59
25.412280701754955 36
25.49122807017601 29
25.49122807017601 30
25.500000000000572 12
25.508771929825134 20
25.561403508772504 18
25.570175438597065 31
25.578947368421627 25
25.64912280701812 14
25.675438596491805 5
25.684210526316367 24
25.75438596491286 22
25.80701754386023 11
25.81578947368479 7
25.833333333333915 6
25.894736842105846 17
26.043859649123394 0
26.07894736842164 18
26.096491228070764 10
26.105263157895326 43
26.12280701754445 37
26.13157894736901 11
26.166666666667258 28
26.210526315790066 3
26.245614035088312 47
26.307017543860244 36
26.33333333333393 11
26.33333333333393 38
26.39473684210586 18
26.464912280702354 15
26.517543859649724 59
26.526315789474285 11
26.54385964912341 7
26.55263157894797 24
26.561403508772532 6
26.587719298246217 2
26.666666666667272 9
26.692982456140957 17
26.77192982456201 58
26.894736842105875 1
26.912280701754998 16
26.912280701754998 25
26.938596491228683 5
27.03508771929886 12
27.061403508772546 11
27.070175438597108 50
27.096491228070793 54
27.166666666667286 4
27.175438596491848 8
27.19298245614097 27
27.201754385965533 32
27.201754385965533 36
27.228070175439218 29
27.254385964912903 11
27.271929824562026 7
27.28947368421115 6
27.324561403509396 5
27.333333333333957 53
27.368421052632204 18
27.421052631579574 5
27.421052631579574 24
27.44736842105326 11
27.491228070176067 17
27.552631578948 3
27.60526315789537 57
27.640350877193615 11
27.76315789473748 30
27.77192982456204 15
27.83333333333397 11
27.850877192983095 20
27.859649122807657 56
27.894736842105903 44
28.000000000000643 7
28.017543859649766 6
28.026315789474328 11
28.078947368421698 1
28.08771929824626 47
28.09649122807082 36
28.09649122807082 42
28.14912280701819 12
28.157894736842753 59
28.219298245614684 11
28.24561403508837 25
28.289473684211178 17
28.289473684211178 24
28.3070175438603 48
28.377192982456794 44
28.41228070175504 11
28.45614035087785 9
28.500000000000657 41
28.605263157895397 11
28.72807017543926 7
28.745614035088384 6
28.77192982456207 0
28.798245614035753 11
28.798245614035753 45
28.89473684210593 3
28.99122807017611 11
28.99122807017611 36
29.078947368421726 15
29.087719298246288 17
29.15789473684278 24
29.15789473684278 40
29.166666666667343 23
29.175438596491905 5
29.184210526316466 11
29.20175438596559 31
29.245614035088398 4
29.26315789473752 12
29.26315789473752 12
29.271929824562083 1
29.271929824562083 14
29.377192982456823 11
29.456140350877877 7
29.473684210527 6
29.52631578947437 34
29.57017543859718 11
29.57894736842174 25
29.63157894736911 18
29.63157894736911 43
29.649122807018234 26
29.657894736842795 39
29.692982456141042 42
29.763157894737535 11
29.824561403509467 16
29.8859649122814 17
29.8859649122814 36
29.90350877193052 47
29.929824561404207 18
29.94736842105333 10
29.95614035087789 11
29.982456140351577 50
29.99122807017614 22
30.026315789474385 24
30.035087719298946 30
30.122807017544563 2
30.149122807018248 11
30.184210526316495 7
30.184210526316495 20
30.201754385965618 6
30.21052631579018 57
30.236842105263865 3
30.254385964912988 9
30.254385964912988 27
30.280701754386673 48
30.280701754386673 59
30.32456140350948 8
30.342105263158604 11
30.37719298245685 12
30.385964912281413 15
30.53508771929896 11
30.605263157895454 41
30.68421052631651 17
30.728070175439317 11
30.780701754386687 36
30.85087719298318 18
30.89473684210599 24
30.912280701755112 7
30.912280701755112 25
30.921052631579673 11
30.929824561404235 6
31.096491228070906 37
31.11403508772003 11
31.12280701754459 42
31.17543859649196 1
31.201754385965646 28
31.201754385965646 53
31.307017543860386 11
31.32456140350951 4
31.412280701755126 58
31.48245614035162 17
31.49122807017618 12
31.500000000000743 11
31.500000000000743 18
31.508771929825304 0
31.578947368421797 3
31.64035087719373 7
31.657894736842852 6
31.666666666667414 18
31.675438596491976 36
31.684210526316537 5
31.6929824561411 11
31.6929824561411 15
31.728070175439345 47
31.763157894737592 24
31.868421052632332 59
31.885964912281455 11
31.894736842106017 32
32.04385964912356 9
32.07894736842181 11
32.24561403508848 25
32.271929824562164 11
32.280701754386726 1
32.280701754386726 17
32.31578947368497 30
32.34210526315866 29
32.35087719298322 50
32.36842105263234 7
32.385964912281466 6
32.46491228070252 11
32.482456140351644 48
32.50000000000077 42
32.51754385964989 20
32.57017543859726 36
32.60526315789551 12
32.63157894736919 24
32.65789473684288 11
32.65789473684288 31
32.675438596492 41
32.72807017543937 39
32.73684210526393 16
32.85087719298323 11
32.89473684210604 14
32.92105263157973 3
32.98245614035166 43
33.00000000000078 15
33.017543859649905 56
33.03508771929903 23
33.03508771929903 23
33.04385964912359 11
33.06140350877271 59
33.07894736842184 17
33.09649122807096 7
33.10526315789552 27
33.11403508772008 6
33.236842105263946 11
33.385964912281494 57
33.40350877193062 4
33.4298245614043 11
33.438596491228864 29
33.46491228070255 36
33.500000000000796 24
33.552631578948166 47
33.57894736842185 25
33.58771929824641 18
33.62280701754466 11
33.657894736842906 2
33.710526315790275 54
33.71929824561484 12
33.79824561403589 10
33.815789473685015 11
33.83333333333414 7
33.8421052631587 6
33.8421052631587 9
33.85087719298326 1
33.87719298245695 17
33.92982456140432 18
33.956140350878 40
34.00877192982537 11
34.026315789474495 18
34.20175438596573 11
34.22807017543941 22
34.26315789473766 3
34.27192982456222 44
34.30701754386047 15
34.35964912280784 36
34.3684210526324 24
34.394736842106084 11
34.456140350878016 26
34.46491228070258 48
34.53508771929907 42
34.57017543859732 6
34.57017543859732 7
34.58771929824644 11
34.596491228071 0
34.596491228071 30
34.666666666667496 17
34.719298245614866 18
34.7807017543868 11
34.79824561403592 53
34.83333333333417 12
34.85087719298329 20
34.90350877193066 50
34.91228070175522 25
34.97368421052715 11
35.16666666666751 11
35.16666666666751 41
35.16666666666751 58
35.236842105264 24
35.236842105264 59
35.254385964913126 36
35.298245614035935 6
35.298245614035935 7
35.33333333333418 39
35.359649122807866 11
35.36842105263243 47
35.39473684210611 44
35.464912280702606 17
35.48245614035173 4
35.5350877192991 29
35.55263157894822 11
35.570175438597346 45
35.59649122807103 8
35.60526315789559 3
35.614035087720154 15
35.63157894736928 9
35.6491228070184 16
35.6491228070184 43
35.69298245614121 44
35.74561403508858 11
35.824561403509634 42
35.938596491228935 11
35.9473684210535 12
36.02631578947455 6
36.02631578947455 7
36.07017543859736 37
36.10526315789561 24
36.13157894736929 11
36.149122807018415 36
36.21052631579035 32
36.23684210526403 28
36.24561403508859 25
36.263157894737716 17
36.32456140350965 11
36.412280701755265 31
36.42982456140439 48
36.517543859650004 11
36.517543859650004 14
36.69298245614124 18
36.71052631579036 11
36.75438596491317 6
36.75438596491317 7
36.76315789473773 29
36.842105263158786 57
36.87719298245703 30
36.90350877193072 11
36.90350877193072 18
36.90350877193072 23
36.92105263157984 15
36.947368421053525 3
36.97368421052721 24
36.97368421052721 38
36.991228070176334 1
37.0438596491237 36
37.06140350877283 12
37.06140350877283 17
37.07017543859739 42
37.09649122807107 11
37.105263157895635 43
37.14912280701844 27
37.18421052631669 20
37.18421052631669 47
37.19298245614125 2
37.28947368421143 11
37.33333333333424 44
37.368421052632485 34
37.421052631579855 9
37.482456140351786 6
37.482456140351786 7
37.482456140351786 11
37.56140350877284 4
37.578947368421964 25
37.60526315789565 18
37.64912280701846 10
37.67543859649214 11
37.71929824561495 41
37.82456140350969 0
37.842105263158814 24
37.85964912280794 17
37.8684210526325 11
37.8684210526325 18
37.93859649122899 36
37.9824561403518 29
38.061403508772855 11
38.17543859649216 12
38.18421052631672 5
38.18421052631672 50
38.2105263157904 1
38.2105263157904 6
38.2105263157904 7
38.22807017543953 15
38.25438596491321 11
38.271929824562335 40
38.28947368421146 3
38.44736842105357 11
38.46491228070269 22
38.51754385965006 43
38.56140350877287 16
38.63157894736936 54
38.640350877193924 11
38.649122807018486 48
38.65789473684305 17
38.71052631579042 24
38.72807017543954 59
38.83333333333428 11
38.83333333333428 36
38.86842105263253 45
38.912280701755336 25
38.93859649122902 6
38.93859649122902 7
39.00000000000095 47
39.02631578947464 11
39.08771929824657 58
39.122807017544815 42
39.1491228070185 30
39.19298245614131 29
39.21929824561499 9
39.21929824561499 11
39.21929824561499 39
39.28947368421149 12
39.34210526315886 5
39.40350877193079 53
39.41228070175535 11
39.447368421053596 8
39.45614035087816 17
39.51754385965009 20
39.53508771929921 15
39.5614035087729 1
39.57894736842202 24
39.605263157895706 11
39.63157894736939 3
39.64035087719395 4
39.66666666666764 6
39.66666666666764 7
39.6754385964922 27
39.701754385965884 49
39.701754385965884 57
39.72807017543957 36
39.73684210526413 5
39.79824561403606 11
39.84210526315887 59
39.87719298245712 5
39.9035087719308 18
39.94736842105361 43
39.99122807017642 11
40.0877192982466 26
40.14035087719397 14
40.14912280701853 31
40.184210526316775 11
40.24561403508871 25
40.25438596491327 17
40.37719298245713 11
40.38596491228169 5
40.394736842106255 6
40.394736842106255 7
40.40350877193082 12
40.447368421053625 24
40.57017543859749 11
40.62280701754486 36
40.64912280701854 0
40.69298245614135 48
40.7280701754396 2
40.763157894737844 11
40.771929824562406 23
40.815789473685214 47
40.8421052631589 15
40.868421052632584 18
40.88596491228171 42
40.91228070175539 50
40.9561403508782 11
40.973684210527324 3
40.973684210527324 32
41.00877192982557 9
41.04385964912382 37
41.05263157894838 17
41.05263157894838 44
41.12280701754487 6
41.12280701754487 7
41.14912280701856 11
41.15789473684312 41
41.245614035088735 5
41.27192982456242 28
41.31578947368523 24
41.34210526315891 11
41.42105263157997 30
41.43859649122909 18
41.47368421052734 16
41.50000000000102 10
41.51754385965015 12
41.51754385965015 36
41.53508771929927 11
41.570175438597516 34
41.570175438597516 43
41.57894736842208 25
41.64912280701857 29
41.719298245615065 4
41.728070175439626 11
41.73684210526419 59
41.80701754386068 18
41.84210526315893 17
41.84210526315893 56
41.85087719298349 6
41.85087719298349 7
41.85087719298349 20
41.85964912280805 39
41.92105263157998 11
41.982456140351914 18
41.991228070176476 8
42.087719298246654 38
42.11403508772034 11
42.149122807018585 15
42.18421052631683 24
42.28070175438701 27
42.307017543860695 11
42.31578947368526 3
42.359649122808065 44
42.36842105263263 45
42.37719298245719 58
42.412280701755435 36
42.50000000000105 11
42.57894736842211 6
42.57894736842211 7
42.57894736842211 18
42.60526315789579 1
42.631578947369476 12
42.631578947369476 17
42.631578947369476 47
42.69298245614141 11
42.70175438596597 22
42.79824561403615 9
42.885964912281764 11
42.90350877193089 29
42.91228070175545 25
42.92105263158001 0
42.92105263158001 42
42.938596491229134 5
42.938596491229134 59
42.991228070176504 57
43.052631578948436 24
43.07894736842212 11
43.149122807018614 18
43.157894736843176 44
43.27192982456248 11
43.307017543860724 6
43.307017543860724 7
43.307017543860724 36
43.359649122808094 53
43.42982456140459 17
43.45614035087827 15
43.46491228070283 11
43.5175438596502 31
43.65789473684319 3
43.65789473684319 11
43.692982456141436 30
43.692982456141436 54
43.745614035088806 12
43.745614035088806 41
43.76315789473793 14
43.798245614036176 4
43.850877192983546 11
43.92105263158004 24
43.956140350878286 43
44.03508771929934 6
44.03508771929934 7
44.0438596491239 11
44.105263157895834 18
44.18421052631689 20
44.20175438596601 36
44.20175438596601 50
44.2280701754397 17
44.23684210526426 11
44.24561403508882 25
44.263157894737944 2
44.29824561403619 44
44.38596491228181 16
44.38596491228181 40
44.429824561404615 11
44.429824561404615 48
44.44736842105374 47
44.59649122807129 9
44.60526315789585 49
44.62280701754497 11
44.640350877194095 23
44.76315789473796 6
44.76315789473796 15
44.77192982456252 7
44.78070175438708 1
44.78070175438708 29
44.78947368421164 24
44.81578947368533 11
44.84210526315901 27
44.859649122808136 12
44.8684210526327 44
45.00000000000112 3
45.008771929825684 11
45.02631578947481 17
45.0964912280713 36
45.10526315789586 18
45.20175438596604 11
45.35087719298359 10
45.35964912280815 18
45.3947368421064 11
45.491228070176575 6
45.5087719298257 7
45.57017543859763 8
45.57894736842219 25
45.58771929824675 11
45.65789473684325 24
45.71929824561518 58
45.754385964913425 26
45.78070175438711 11
45.82456140350992 17
45.84210526315904 44
45.87719298245729 4
45.88596491228185 56
45.964912280702904 30
45.973684210527466 11
45.973684210527466 12
45.98245614035203 32
45.99122807017659 36
46.017543859650274 37
46.05263157894852 42
46.070175438597644 15
46.08771929824677 43
46.16666666666782 11
46.19298245614151 34
46.21929824561519 6
46.236842105264316 7
46.263157894738 1
46.263157894738 47
46.27192982456256 18
46.30701754386081 28
46.342105263159056 3
46.35964912280818 11
46.36842105263274 57
46.385964912281864 9
46.41228070175555 45
46.42982456140467 48
46.51754385965029 20
46.51754385965029 50
46.52631578947485 24
46.543859649123974 0
46.552631578948535 11
46.62280701754503 17
46.74561403508889 11
46.78070175438714 59
46.88596491228188 36
46.89473684210644 41
46.91228070175556 25
46.93859649122925 11
46.93859649122925 22
46.94736842105381 6
46.96491228070293 7
47.00877192982574 39
47.035087719299426 38
47.087719298246796 12
47.131578947369604 11
47.22807017543978 31
47.298245614036276 16
47.32456140350996 11
47.342105263159084 5
47.35964912280821 27
47.37719298245733 15
47.394736842106454 14
47.394736842106454 24
47.42105263158014 17
47.49122807017663 42
47.51754385965032 11
47.543859649124 43
47.67543859649243 5
47.67543859649243 6
47.68421052631699 3
47.69298245614155 7
47.71052631579067 11
47.73684210526436 1
47.771929824562605 44
47.78070175438717 36
47.79824561403629 2
47.80701754386085 49
47.81578947368541 5
47.90350877193103 11
47.92105263158015 29
47.92105263158015 59
47.9561403508784 4
48.06140350877314 53
48.06140350877314 54
48.07894736842226 47
48.096491228071386 11
48.184210526317 9
48.192982456141564 8
48.201754385966126 12
48.21929824561525 17
48.23684210526437 30
48.23684210526437 44
48.245614035088934 25
48.26315789473806 24
48.28947368421174 11
48.403508771931044 6
48.412280701755606 48
48.42105263158017 7
48.4824561403521 11
48.508771929825784 23
48.60526315789596 5
48.675438596492455 11
48.675438596492455 36
48.68421052631702 15
48.85087719298369 20
48.86842105263281 11
49.01754385965036 17
49.01754385965036 42
49.02631578947492 3
49.03508771929948 50
49.06140350877317 11
49.07894736842229 41
49.13157894736966 6
49.13157894736966 24
49.149122807018784 7
49.201754385966154 10
49.254385964913524 11
49.315789473685456 12
49.39473684210651 59
49.44736842105388 11
49.56140350877318 57
49.570175438597744 36
49.578947368422305 25
49.64035087719424 11
49.684210526317045 5
49.71052631579073 1
49.81578947368547 17
49.82456140351003 5
49.83333333333459 11
49.85964912280828 6
49.8771929824574 7
49.894736842106525 47
49.97368421052758 9
49.98245614035214 44
49.9912280701767 15
50.000000000001265 24
50.02631578947495 11
50.02631578947495 43
50.03508771929951 4
50.061403508773196 39
50.07017543859776 27
50.07017543859776 29
50.210526315790744 16
50.219298245615306 11
50.2894736842118 26
50.33333333333461 0
50.368421052632854 3
50.41228070175566 11
50.429824561404786 12
50.46491228070303 36
50.50877192982584 30
50.54385964912409 32
50.587719298246896 6
50.60526315789602 7
50.60526315789602 11
50.61403508772058 17
50.631578947369704 8
50.798245614036375 11
50.86842105263287 24
50.91228070175568 25
50.98245614035217 31
50.99122807017673 11
50.99122807017673 37
51.01754385965042 14
51.01754385965042 40
51.02631578947498 18
51.0438596491241 42
51.10526315789603 58
51.175438596492526 22
51.18421052631709 11
51.18421052631709 20
51.20175438596621 34
51.228070175439896 45
51.23684210526446 18
51.29824561403639 15
51.31578947368551 6
51.333333333334636 2
51.333333333334636 7
51.3421052631592 28
51.35087719298376 50
51.35964912280832 36
51.377192982457444 11
51.41228070175569 17
51.46491228070306 18
51.543859649124116 12
51.5701754385978 11
51.57894736842236 1
51.596491228071486 49
51.62280701754517 41
51.649122807018855 48
51.71052631579079 3
51.71052631579079 47
51.73684210526447 24
51.76315789473816 9
51.76315789473816 11
51.95614035087851 11
52.04385964912413 6
52.06140350877325 7
52.11403508772062 4
52.11403508772062 29
52.14912280701887 11
52.2105263157908 17
52.24561403508905 25
52.25438596491361 36
52.27192982456273 42
52.30701754386098 54
52.342105263159226 11
52.342105263159226 38
52.37719298245747 23
52.45614035087853 5
52.491228070176774 43
52.53508771929958 11
52.57017543859783 44
52.605263157896076 15
52.605263157896076 24
52.649122807018884 59
52.657894736843446 0
52.657894736843446 12
52.701754385966254 53
52.72807017543994 11
52.754385964913624 1
52.77192982456275 6
52.78070175438731 30
52.78947368421187 7
52.807017543860994 8
52.87719298245749 18
52.90350877193117 5
52.921052631580295 11
53.00877192982591 17
53.05263157894872 3
53.05263157894872 10
53.11403508772065 11
53.12280701754521 16
53.1491228070189 36
53.30701754386101 11
53.3771929824575 29
53.447368421053994 42
53.47368421052768 24
53.500000000001364 6
53.500000000001364 11
53.51754385965049 7
53.51754385965049 20
53.52631578947505 47
53.552631578948734 9
53.57894736842242 25
53.58771929824698 5
53.62280701754523 48
53.666666666668036 50
53.69298245614172 11
53.771929824562775 12
53.80701754386102 17
53.877192982457515 56
53.88596491228208 11
53.9035087719312 57
53.91228070175576 15
53.921052631580324 27
53.96491228070313 1
54.04385964912419 36
54.07894736842243 11
54.192982456141735 4
54.21052631579086 5
54.22807017543998 6
54.22807017543998 43
54.245614035089105 7
54.27192982456279 11
54.34210526315928 24
54.39473684210665 3
54.464912280703146 11
54.50000000000139 41
54.517543859650516 58
54.59649122807157 29
54.60526315789613 17
54.622807017545256 42
54.63157894736982 31
54.64035087719438 14
54.6578947368435 11
54.70175438596631 59
54.71052631579087 5
54.78947368421193 32
54.79824561403649 49
54.85087719298386 11
54.85964912280842 44
54.86842105263298 2
54.885964912282105 12
54.91228070175579 25
54.938596491229475 36
54.9561403508786 6
54.97368421052772 8
54.982456140352284 7
55.043859649124215 11
55.05263157894878 30
55.21052631579089 24
55.21929824561545 15
55.23684210526457 11
55.33333333333475 18
55.34210526315931 9
55.34210526315931 47
55.39473684210668 17
55.412280701755805 22
55.42982456140493 11
55.61403508772072 45
55.622807017545284 11
55.64912280701897 43
55.65789473684353 34
55.684210526317216 6
55.7105263157909 7
55.71929824561546 48
55.736842105264586 3
55.79824561403652 42
55.81578947368564 11
55.833333333334764 36
55.85087719298389 20
55.96491228070319 37
55.98245614035231 18
55.98245614035231 50
56.000000000001435 12
56.008771929826 11
56.03508771929968 16
56.07894736842249 24
56.09649122807161 1
56.19298245614179 17
56.20175438596635 11
56.210526315790915 40
56.24561403508916 23
56.24561403508916 25
56.27192982456285 4
56.368421052633025 0
56.377192982457586 53
56.38596491228215 28
56.39473684210671 11
56.41228070175583 6
56.43859649122952 7
56.482456140352326 39
56.526315789475134 15
56.55263157894882 41
56.587719298247066 11
56.72807017544005 18
56.72807017544005 36
56.736842105264614 59
56.78070175438742 11
56.8771929824576 26
56.903508771931286 10
56.947368421054094 24
56.97368421052778 11
56.97368421052778 42
56.9912280701769 17
57.07894736842252 3
57.114035087720765 12
57.14035087719445 6
57.14035087719445 9
57.14035087719445 18
57.15789473684357 27
57.15789473684357 47
57.166666666668135 7
57.166666666668135 11
57.33333333333481 30
57.35964912280849 5
57.35964912280849 11
57.385964912282176 54
57.535087719299725 8
57.55263157894885 11
57.57894736842253 25
57.62280701754534 36
57.6315789473699 1
57.649122807019026 43
57.68421052631727 44
57.68421052631727 48
57.745614035089204 11
57.78947368421201 17
57.8157894736857 24
57.83333333333482 15
57.86842105263307 6
57.89473684210675 7
57.93859649122956 11
58.00000000000149 49
58.13157894736992 11
58.14912280701904 42
58.16666666666816 38
58.18421052631729 20
58.228070175440095 12
58.26315789473834 14
58.2719298245629 58
58.29824561403659 50
58.32456140351027 11
58.333333333334835 18
58.35087719298396 4
58.36842105263308 56
58.40350877193133 2
58.42105263158045 3
58.51754385965063 11
58.51754385965063 36
58.58771929824712 17
58.596491228071685 6
58.62280701754537 7
58.6842105263173 24
58.710526315790986 11
58.71929824561555 31
58.73684210526467 59
58.754385964913794 45
58.84210526315941 1
58.868421052633096 57
58.90350877193134 11
58.912280701755904 25
58.92982456140503 9
58.94736842105415 16
58.973684210527836 47
59.0964912280717 11
59.14035087719451 15
59.15789473684363 44
59.289473684212055 11
59.3245614035103 6
59.342105263159425 12
59.342105263159425 41
59.35087719298399 7
59.35087719298399 42
59.37719298245767 29
59.38596491228223 17
59.41228070175592 36
59.447368421054165 0
59.48245614035241 11
59.552631578948905 24
59.605263157896275 30
59.64035087719452 48
59.64912280701908 22
59.67543859649277 11
59.67543859649277 18
59.763157894738384 3
59.83333333333488 44
59.868421052633124 11
59.89473684210681 43
59.99122807017699 32
