0.0 13
0.017543859649122806 48
0.03508771929824561 30
0.05263157894736842 42
0.05263157894736842 58
0.08771929824561403 47
0.17543859649122806 18
0.17543859649122806 45
0.19298245614035087 27
0.21929824561403508 0
0.2543859649122807 2
0.32456140350877216 26
0.3333333333333336 5
0.37719298245614075 55
0.4210526315789479 7
0.46491228070175505 20
0.46491228070175505 28
0.4824561403508779 23
0.5087719298245622 15
0.5175438596491236 54
0.5350877192982465 22
0.5526315789473694 39
0.5877192982456151 18
0.6315789473684222 25
0.6491228070175451 16
0.6491228070175451 24
0.6842105263157908 31
0.6929824561403523 32
0.7192982456140365 43
0.7543859649122823 1
0.7807017543859666 44
0.8070175438596509 36
0.8157894736842123 37
0.8421052631578966 34
0.9824561403508795 38
1.0614035087719322 53
1.0701754385964937 12
1.2631578947368451 7
1.2719298245614066 41
1.2982456140350909 18
1.3333333333333366 14
1.342105263157898 6
1.3771929824561437 40
1.3947368421052666 46
1.4473684210526352 24
1.4561403508771966 57
1.4912280701754423 29
1.6754385964912324 49
1.7807017543859696 36
1.8245614035087767 1
1.8245614035087767 15
1.9035087719298296 47
2.0526315789473726 48
2.070175438596495 6
2.078947368421056 59
2.0877192982456174 44
2.0964912280701786 7
2.157894736842107 11
2.236842105263158 12
2.245614035087719 18
2.245614035087719 24
2.3421052631578925 30
2.412280701754382 10
2.5964912280701675 44
2.7543859649122693 36
2.7982456140350753 6
2.912280701754371 1
2.9210526315789322 0
2.9210526315789322 25
2.9298245614034935 7
2.9298245614034935 18
2.9824561403508607 29
3.043859649122789 24
3.1315789473684013 20
3.1403508771929625 15
3.2719298245613806 5
3.3421052631578703 41
3.499999999999972 5
3.5175438596490944 18
3.5263157894736556 6
3.622807017543829 56
3.7280701754385634 36
3.7368421052631247 47
3.7368421052631247 59
3.754385964912247 7
3.754385964912247 43
3.7719298245613695 42
3.7807017543859307 50
3.789473684210492 16
3.842105263157859 24
3.842105263157859 27
3.8508771929824204 2
3.92105263157891 45
3.9912280701753997 18
4.122807017543824 48
4.149122807017509 11
4.254385964912249 6
4.31578947368418 31
4.31578947368418 58
4.403508771929797 57
4.412280701754359 55
4.456140350877167 15
4.4912280701754135 23
4.52631578947366 46
4.57894736842103 7
4.640350877192962 24
4.640350877192962 30
4.701754385964893 5
4.701754385964893 36
4.710526315789455 25
4.780701754385948 22
4.780701754385948 59
4.833333333333318 1
4.8947368421052495 39
4.903508771929811 44
4.938596491228058 14
4.982456140350866 6
5.140350877192976 42
5.140350877192976 49
5.236842105263154 11
5.37719298245614 34
5.412280701754387 7
5.438596491228072 18
5.438596491228072 24
5.491228070175442 32
5.5263157894736885 28
5.561403508771935 47
5.631578947368428 11
5.631578947368428 26
5.675438596491237 36
5.684210526315798 5
5.701754385964922 4
5.710526315789483 3
5.710526315789483 6
5.710526315789483 20
5.710526315789483 29
5.74561403508773 41
5.763157894736853 15
5.780701754385976 59
5.789473684210538 37
5.885964912280716 54
5.964912280701771 1
5.973684210526333 46
6.078947368421073 43
6.096491228070196 50
6.236842105263182 24
6.245614035087744 7
6.333333333333361 18
6.3596491228070455 11
6.368421052631607 48
6.4385964912281 6
6.552631578947402 53
6.64912280701758 36
6.657894736842142 16
6.7894736842105665 59
6.8157894736842515 13
6.938596491228115 30
6.9649122807018 38
7.035087719298293 24
7.035087719298293 27
7.0438596491228544 3
7.0438596491228544 11
7.070175438596539 15
7.078947368421101 7
7.122807017543909 42
7.166666666666718 6
7.271929824561457 5
7.271929824561457 25
7.368421052631636 44
7.385964912280759 47
7.438596491228129 11
7.4473684210526905 57
7.543859649122869 45
7.561403508771992 18
7.561403508771992 56
7.6228070175439235 36
7.780701754386033 46
7.833333333333403 24
7.894736842105335 6
7.912280701754458 7
7.964912280701828 29
7.991228070175513 58
8.114035087719376 11
8.149122807017623 4
8.307017543859732 2
8.315789473684294 0
8.35087719298254 48
8.368421052631664 55
8.377192982456226 3
8.377192982456226 15
8.385964912280787 1
8.394736842105349 23
8.438596491228157 42
8.50877192982465 14
8.596491228070267 36
8.622807017543952 6
8.631578947368514 24
8.736842105263253 7
8.763157894736938 12
8.7719298245615 40
8.842105263157993 44
9.000000000000103 59
9.026315789473788 20
9.026315789473788 22
9.14035087719309 31
9.201754385965021 25
9.210526315789583 47
9.219298245614144 30
9.24561403508783 10
9.315789473684323 46
9.324561403508884 11
9.35087719298257 5
9.35087719298257 6
9.429824561403624 24
9.482456140350994 32
9.526315789473802 16
9.535087719298364 11
9.552631578947487 49
9.552631578947487 50
9.561403508772049 7
9.57017543859661 36
9.684210526315912 15
9.692982456140474 1
9.710526315789597 3
9.736842105263282 11
9.807017543859775 44
9.842105263158022 29
9.859649122807145 27
9.877192982456268 12
9.921052631579077 18
9.929824561403638 11
9.99122807017557 57
10.008771929824693 41
10.070175438596625 34
10.078947368421186 6
10.09649122807031 42
10.122807017543995 11
10.228070175438734 4
10.228070175438734 24
10.315789473684351 11
10.315789473684351 48
10.342105263158036 59
10.385964912280844 7
10.41228070175453 5
10.508771929824707 11
10.543859649122954 36
10.561403508772077 28
10.614035087719447 5
10.692982456140502 26
10.701754385965064 11
10.763157894736995 37
10.780701754386119 5
10.807017543859804 6
10.850877192982612 25
10.89473684210542 11
10.991228070175598 12
10.991228070175598 15
11.026315789473845 24
11.043859649122968 3
11.043859649122968 45
11.043859649122968 47
11.087719298245776 11
11.131578947368585 29
11.219298245614201 7
11.280701754386133 11
11.307017543859818 42
11.394736842105434 53
11.42982456140368 20
11.447368421052804 59
11.464912280701927 18
11.47368421052649 11
11.48245614035105 0
11.48245614035105 13
11.500000000000174 30
11.517543859649297 1
11.517543859649297 36
11.53508771929842 6
11.561403508772106 55
11.666666666666845 11
11.824561403508955 24
11.842105263158079 2
11.859649122807202 11
11.868421052631764 50
12.043859649122997 7
12.052631578947558 11
12.070175438596682 14
12.105263157894928 12
12.157894736842298 18
12.210526315789668 5
12.228070175438791 43
12.245614035087915 11
12.254385964912476 58
12.263157894737038 6
12.2719298245616 48
12.298245614035284 15
12.307017543859846 4
12.37719298245634 3
12.37719298245634 23
12.394736842105463 16
12.438596491228271 11
12.456140350877394 41
12.456140350877394 54
12.49122807017564 36
12.517543859649326 29
12.578947368421257 59
12.622807017544066 24
12.631578947368627 11
12.640350877193189 18
12.675438596491436 31
12.780701754386175 5
12.80701754385986 44
12.824561403508984 11
12.85964912280723 27
12.868421052631792 7
12.868421052631792 47
12.991228070175655 6
13.01754385964934 11
13.07017543859671 1
13.140350877193203 10
13.157894736842326 40
13.210526315789696 11
13.219298245614258 12
13.263157894737066 25
13.271929824561628 22
13.33333333333356 42
13.403508771930053 11
13.421052631579176 24
13.464912280701984 36
13.561403508772162 5
13.561403508772162 32
13.596491228070409 11
13.596491228070409 11
13.60526315789497 15
13.692982456140587 7
13.71052631578971 3
13.719298245614272 6
13.780701754386204 20
13.789473684210765 11
13.798245614035327 30
13.807017543859889 46
13.929824561403752 38
13.982456140351122 11
14.087719298245862 0
14.175438596491478 11
14.219298245614286 24
14.23684210526341 29
14.254385964912533 48
14.298245614035341 57
14.307017543859903 50
14.333333333333588 12
14.368421052631835 11
14.368421052631835 43
14.385964912280958 4
14.438596491228328 36
14.44736842105289 6
14.517543859649383 7
14.561403508772191 11
14.684210526316054 47
14.736842105263424 18
14.754385964912547 11
14.798245614035356 34
14.798245614035356 42
14.912280701754657 15
14.947368421052904 11
15.008771929824835 41
15.017543859649397 24
15.043859649123082 3
15.14035087719326 11
15.175438596491507 6
15.175438596491507 45
15.201754385965192 44
15.263157894737123 16
15.333333333333616 11
15.342105263158178 7
15.359649122807301 26
15.368421052631863 5
15.377192982456425 2
15.412280701754671 36
15.438596491228356 55
15.447368421052918 12
15.526315789473973 11
15.605263157895028 28
15.631578947368713 14
15.719298245614329 11
15.736842105263452 37
15.754385964912576 29
15.771929824561699 44
15.78070175438626 59
15.815789473684507 24
15.83333333333363 58
15.903508771930124 6
15.912280701754685 11
15.982456140351179 1
16.008771929824864 46
16.09649122807048 30
16.105263157895042 11
16.122807017544165 20
16.166666666666973 7
16.21052631578978 25
16.21052631578978 44
16.219298245614343 15
16.228070175438905 48
16.298245614035398 11
16.36842105263189 43
16.377192982456453 3
16.385964912281015 36
16.394736842105576 23
16.4122807017547 56
16.456140350877508 49
16.46491228070207 4
16.47368421052663 42
16.491228070175755 11
16.500000000000316 47
16.561403508772248 12
16.614035087719618 24
16.62280701754418 50
16.63157894736874 6
16.68421052631611 11
16.719298245614358 27
16.745614035088042 54
16.815789473684536 31
16.877192982456467 0
16.877192982456467 11
16.99122807017577 7
17.070175438596824 11
17.078947368421385 5
17.087719298245947 41
17.10526315789507 59
17.25438596491262 1
17.26315789473718 11
17.359649122807358 6
17.359649122807358 36
17.412280701754728 24
17.456140350877536 11
17.508771929824906 22
17.52631578947403 15
17.58771929824596 42
17.64035087719333 44
17.649122807017893 11
17.675438596491578 12
17.710526315789824 3
17.710526315789824 57
17.815789473684564 7
17.84210526315825 11
17.859649122807372 46
17.912280701754742 25
17.929824561403866 53
17.991228070175797 39
18.026315789474044 13
18.035087719298605 11
18.043859649123167 5
18.05263157894773 43
18.087719298245975 6
18.131578947368784 16
18.175438596491592 5
18.192982456140715 48
18.21052631578984 24
18.228070175438962 11
18.31578947368458 47
18.3333333333337 36
18.36842105263195 30
18.37719298245651 10
18.421052631579318 11
18.464912280702126 20
18.48245614035125 32
18.517543859649496 29
18.54385964912318 4
18.614035087719675 11
18.64035087719336 7
18.70175438596529 42
18.789473684210908 12
18.80701754386003 11
18.815789473684593 6
18.833333333333716 15
18.91228070175477 2
18.938596491228456 50
18.991228070175826 45
19.000000000000387 11
19.00877192982495 24
19.043859649123196 3
19.192982456140744 11
19.192982456140744 14
19.22807017543899 27
19.245614035088114 55
19.298245614035483 5
19.307017543860045 36
19.34210526315829 34
19.359649122807415 44
19.3859649122811 11
19.3859649122811 41
19.473684210526716 7
19.473684210526716 46
19.54385964912321 6
19.578947368421456 11
19.614035087719703 38
19.640350877193388 1
19.65789473684251 49
19.675438596491635 40
19.771929824561813 11
19.80701754386006 24
19.903508771930237 12
19.9122807017548 0
19.947368421053046 58
19.96491228070217 11
20.13157894736884 47
20.140350877193402 15
20.140350877193402 48
20.157894736842525 11
20.18421052631621 59
20.210526315789895 18
20.210526315789895 43
20.23684210526358 31
20.254385964912704 42
20.271929824561827 6
20.271929824561827 23
20.28070175438639 36
20.298245614035512 7
20.350877192982882 11
20.377192982456567 3
20.543859649123238 11
20.587719298246046 26
20.60526315789517 24
20.622807017544293 4
20.640350877193416 28
20.640350877193416 30
20.71052631578991 37
20.736842105263595 11
20.798245614035526 20
20.92982456140395 11
20.956140350877636 29
21.000000000000444 6
21.000000000000444 16
21.017543859649567 12
21.070175438596937 54
21.122807017544307 7
21.122807017544307 11
21.210526315789924 44
21.254385964912732 36
21.254385964912732 50
21.315789473684664 11
21.368421052632034 42
21.39473684210572 25
21.40350877193028 24
21.44736842105309 15
21.50000000000046 41
21.50877192982502 11
21.526315789474143 46
21.66666666666713 53
21.701754385965376 11
21.710526315789938 3
21.72807017543906 6
21.745614035088185 22
21.745614035088185 43
21.859649122807486 1
21.868421052632048 5
21.87719298245661 44
21.894736842105733 11
21.947368421053103 7
21.947368421053103 47
22.026315789474157 59
22.08771929824609 11
22.08771929824609 48
22.114035087719774 27
22.131578947368897 12
22.20175438596539 24
22.228070175439075 36
22.280701754386445 11
22.35087719298294 44
22.3596491228075 56
22.447368421053117 2
22.45614035087768 6
22.4736842105268 11
22.482456140351363 42
22.552631578947857 5
22.666666666667158 11
22.701754385965405 4
22.745614035088213 14
22.754385964912775 15
22.754385964912775 18
22.763157894737336 57
22.771929824561898 0
22.771929824561898 7
22.84210526315839 13
22.859649122807514 11
22.859649122807514 49
22.912280701754884 30
22.94736842105313 18
23.0000000000005 24
23.017543859649624 25
23.035087719298748 45
23.04385964912331 3
23.05263157894787 11
23.061403508772433 32
23.087719298246117 18
23.131578947368926 20
23.184210526316296 6
23.20175438596542 36
23.228070175439104 44
23.245614035088227 11
23.245614035088227 12
23.429824561404022 58
23.438596491228584 11
23.53508771929876 5
23.57017543859701 50
23.596491228070693 7
23.596491228070693 43
23.614035087719817 46
23.63157894736894 11
23.763157894737365 47
23.79824561403561 24
23.824561403509296 11
23.85087719298298 34
23.859649122807543 42
23.868421052632105 16
23.912280701754913 6
23.95614035087772 5
24.017543859649653 11
24.06140350877246 15
24.096491228070708 59
24.10526315789527 48
24.175438596491762 36
24.192982456140886 40
24.21052631579001 11
24.228070175439132 23
24.254385964912817 1
24.359649122807557 12
24.37719298245668 3
24.403508771930365 11
24.42105263157949 7
24.456140350877735 55
24.59649122807072 11
24.59649122807072 24
24.64035087719353 6
24.64912280701809 39
24.666666666667215 5
24.780701754386516 4
24.789473684211078 11
24.921052631579503 18
24.96491228070231 25
24.973684210526873 42
24.982456140351434 11
25.035087719298804 41
25.052631578947928 5
25.149122807018106 36
25.17543859649179 11
25.254385964912846 0
25.254385964912846 7
25.359649122807586 5
25.368421052632147 6
25.368421052632147 11
25.368421052632147 15
25.38596491228127 43
25.394736842105832 24
25.456140350877764 38
25.464912280702325 20
25.473684210526887 12
25.49122807017601 26
25.49122807017601 30
25.53508771929882 27
25.561403508772504 11
25.58771929824619 47
25.631578947368997 44
25.64912280701812 54
25.675438596491805 28
25.675438596491805 57
25.684210526316367 37
25.71052631579005 3
25.75438596491286 11
25.86842105263216 29
25.885964912281285 50
25.947368421053216 11
25.982456140351463 2
25.982456140351463 22
25.991228070176025 53
26.052631578947956 48
26.061403508772518 49
26.07894736842164 7
26.087719298246203 42
26.096491228070764 6
26.12280701754445 36
26.140350877193573 11
26.192982456140943 24
26.201754385965504 1
26.298245614035682 5
26.298245614035682 14
26.33333333333393 11
26.350877192983052 46
26.421052631579546 59
26.526315789474285 11
26.587719298246217 12
26.675438596491833 15
26.692982456140957 45
26.70175438596552 18
26.71929824561464 11
26.736842105263765 16
26.82456140350938 6
26.842105263158505 18
26.859649122807628 4
26.859649122807628 44
26.903508771930436 7
26.912280701754998 11
26.912280701754998 11
26.912280701754998 29
26.97368421052693 56
26.991228070176053 24
27.043859649123423 3
27.096491228070793 36
27.105263157895354 11
27.29824561403571 11
27.40350877193045 47
27.421052631579574 1
27.491228070176067 11
27.552631578948 6
27.596491228070807 44
27.61403508771993 59
27.684210526316424 11
27.692982456140985 0
27.701754385965547 12
27.728070175439232 7
27.77192982456204 30
27.789473684211163 24
27.798245614035725 20
27.850877192983095 10
27.87719298245678 11
27.98245614035152 15
27.99122807017608 42
28.008771929825205 48
28.070175438597136 11
28.070175438597136 36
28.14035087719363 23
28.157894736842753 32
28.20175438596556 50
28.263157894737493 11
28.280701754386616 6
28.280701754386616 44
28.333333333333986 46
28.377192982456794 3
28.45614035087785 11
28.500000000000657 18
28.552631578948027 7
28.587719298246274 24
28.649122807018205 11
28.649122807018205 11
28.763157894737507 43
28.815789473684877 12
28.815789473684877 44
28.84210526315856 11
28.859649122807685 1
28.921052631579617 39
28.93859649122874 4
29.008771929825233 6
29.017543859649795 5
29.026315789474356 34
29.035087719298918 11
29.04385964912348 36
29.061403508772603 27
29.10526315789541 42
29.114035087719973 18
29.21052631579015 47
29.228070175439274 11
29.25438596491296 55
29.26315789473752 49
29.289473684211206 15
29.31578947368489 58
29.333333333334014 25
29.377192982456823 7
29.385964912281384 24
29.394736842105946 5
29.42105263157963 11
29.51754385964981 2
29.57017543859718 59
29.605263157895426 16
29.614035087719987 11
29.710526315790165 3
29.719298245614727 13
29.73684210526385 6
29.807017543860344 5
29.807017543860344 11
29.807017543860344 40
29.850877192983152 14
29.877192982456837 54
29.8859649122814 31
29.929824561404207 12
29.95614035087789 48
30.0000000000007 11
30.017543859649823 36
30.043859649123508 30
30.070175438597193 5
30.078947368421755 45
30.131578947369125 20
30.184210526316495 24
30.192982456141056 11
30.21052631579018 7
30.21929824561474 22
30.385964912281413 11
30.464912280702467 6
30.57894736842177 11
30.58771929824633 1
30.596491228070892 15
30.657894736842824 37
30.710526315790194 28
30.73684210526388 0
30.74561403508844 18
30.771929824562125 11
30.824561403509495 29
30.84210526315862 5
30.84210526315862 59
30.885964912281427 43
30.94736842105336 38
30.95614035087792 57
30.96491228070248 11
30.96491228070248 50
30.982456140351605 24
30.991228070176167 36
30.991228070176167 42
31.01754385964985 4
31.026315789474413 47
31.035087719298975 7
31.043859649123537 3
31.043859649123537 12
31.157894736842838 11
31.192982456141085 6
31.245614035088455 46
31.350877192983194 11
31.53508771929899 5
31.54385964912355 11
31.605263157895482 41
31.64035087719373 56
31.736842105263907 11
31.780701754386715 24
31.79824561403584 27
31.815789473684962 18
31.824561403509524 26
31.85964912280777 7
31.90350877193058 15
31.90350877193058 48
31.921052631579702 6
31.929824561404264 11
31.929824561404264 18
31.95614035087795 1
31.96491228070251 36
32.008771929825315 23
32.01754385964988 53
32.05263157894812 10
32.10526315789549 42
32.122807017544616 11
32.15789473684286 12
32.166666666667425 44
32.24561403508848 25
32.31578947368497 11
32.31578947368497 30
32.324561403509534 5
32.377192982456904 3
32.46491228070252 20
32.46491228070252 49
32.47368421052708 16
32.50877192982533 11
32.57894736842182 24
32.596491228070946 58
32.649122807018315 6
32.68421052631656 7
32.701754385965685 11
32.84210526315867 47
32.859649122807795 5
32.89473684210604 11
32.93859649122885 36
33.05263157894815 2
33.0877192982464 11
33.09649122807096 4
33.21052631579026 15
33.21929824561482 42
33.236842105263946 43
33.27192982456219 12
33.280701754386754 11
33.280701754386754 50
33.37719298245693 6
33.37719298245693 24
33.40350877193062 14
33.47368421052711 11
33.48245614035167 57
33.491228070176234 46
33.51754385964992 7
33.52631578947448 0
33.64035087719378 44
33.649122807018344 25
33.66666666666747 11
33.710526315790275 3
33.710526315790275 18
33.763157894737645 59
33.859649122807824 11
33.859649122807824 48
33.90350877193063 31
33.91228070175519 18
33.91228070175519 36
33.956140350878 32
33.99122807017625 40
34.05263157894818 1
34.05263157894818 11
34.10526315789555 6
34.14912280701836 55
34.17543859649204 24
34.21052631579029 18
34.22807017543941 54
34.245614035088536 11
34.289473684211345 44
34.342105263158714 7
34.38596491228152 12
34.38596491228152 13
34.43859649122889 11
34.456140350878016 22
34.51754385964995 15
34.51754385964995 45
34.54385964912363 27
34.58771929824644 30
34.62280701754469 34
34.62280701754469 42
34.63157894736925 11
34.657894736842934 47
34.666666666667496 18
34.79824561403592 20
34.824561403509605 11
34.83333333333417 6
34.88596491228154 36
34.8947368421061 18
34.97368421052715 24
35.01754385964996 11
35.04385964912365 3
35.05263157894821 59
35.07017543859733 41
35.09649122807102 44
35.16666666666751 7
35.17543859649207 4
35.21052631579032 11
35.245614035088565 5
35.34210526315874 16
35.403508771930674 11
35.44736842105348 1
35.50000000000085 12
35.561403508772784 6
35.59649122807103 11
35.59649122807103 50
35.63157894736928 37
35.63157894736928 53
35.666666666667524 49
35.69298245614121 44
35.73684210526402 42
35.74561403508858 28
35.771929824562264 24
35.78947368421139 11
35.80701754386051 48
35.824561403509634 15
35.85087719298332 29
35.85964912280788 36
35.877192982457004 23
35.982456140351744 11
36.00000000000087 7
36.11403508772017 59
36.149122807018415 0
36.149122807018415 5
36.1754385964921 11
36.2894736842114 6
36.29824561403596 57
36.315789473685086 26
36.368421052632456 11
36.37719298245702 3
36.42982456140439 25
36.45614035087807 46
36.464912280702634 58
36.473684210527196 47
36.526315789474566 5
36.56140350877281 11
36.570175438597374 24
36.5877192982465 2
36.61403508772018 12
36.728070175439484 39
36.75438596491317 11
36.780701754386854 38
36.82456140350966 7
36.833333333334224 36
36.85087719298335 42
36.85964912280791 30
36.90350877193072 1
36.947368421053525 11
36.95614035087809 14
37.01754385965002 6
37.13157894736932 15
37.13157894736932 20
37.13157894736932 43
37.14035087719388 11
37.17543859649213 44
37.25438596491318 4
37.33333333333424 11
37.33333333333424 29
37.368421052632485 24
37.526315789474594 11
37.640350877193896 31
37.64912280701846 7
37.692982456141266 44
37.71052631579039 3
37.71929824561495 11
37.72807017543951 12
37.745614035088636 6
37.7543859649132 5
37.76315789473776 48
37.80701754386057 36
37.81578947368513 27
37.88596491228162 18
37.91228070175531 11
37.91228070175531 50
37.96491228070268 42
38.000000000000924 18
38.01754385965005 45
38.10526315789566 11
38.12280701754479 46
38.166666666667595 24
38.2105263157904 16
38.2807017543869 47
38.29824561403602 11
38.438596491229006 15
38.47368421052725 6
38.482456140351815 7
38.482456140351815 25
38.491228070176376 11
38.51754385965006 40
38.57894736842199 29
38.67543859649217 0
38.68421052631673 11
38.692982456141294 22
38.71052631579042 41
38.754385964913226 55
38.76315789473779 32
38.78070175438691 36
38.78947368421147 56
38.798245614036034 1
38.84210526315884 12
38.86842105263253 49
38.87719298245709 11
38.93859649122902 34
38.93859649122902 54
38.964912280702706 24
39.04385964912376 3
39.070175438597445 11
39.07894736842201 42
39.13157894736938 30
39.20175438596587 6
39.2631578947378 11
39.30701754386061 7
39.333333333334295 4
39.3771929824571 10
39.45614035087816 11
39.46491228070272 20
39.491228070176405 57
39.500000000000966 18
39.596491228071145 5
39.649122807018514 11
39.710526315790446 48
39.74561403508869 15
39.754385964913254 23
39.754385964913254 36
39.763157894737816 24
39.84210526315887 11
39.85087719298343 53
39.92982456140449 6
39.95614035087817 12
39.99122807017642 18
40.03508771929923 11
40.05263157894835 44
40.06140350877291 59
40.09649122807116 47
40.122807017544844 2
40.131578947369405 7
40.14912280701853 46
40.19298245614134 42
40.22807017543958 1
40.22807017543958 11
40.22807017543958 50
40.26315789473783 5
40.37719298245713 3
40.42105263157994 11
40.48245614035187 18
40.508771929825556 14
40.561403508772926 24
40.605263157895735 37
40.614035087720296 11
40.657894736843105 6
40.719298245615036 27
40.7280701754396 29
40.7280701754396 36
40.78070175438697 28
40.80701754386065 11
40.96491228070276 7
40.973684210527324 39
41.00000000000101 11
41.01754385965013 18
41.04385964912382 43
41.05263157894838 15
41.0701754385975 12
41.078947368422064 16
41.16666666666768 26
41.192982456141365 11
41.21052631579049 18
41.26315789473786 41
41.30701754386067 42
41.35964912280804 24
41.38596491228172 5
41.38596491228172 6
41.38596491228172 11
41.38596491228172 13
41.41228070175541 4
41.41228070175541 30
41.47368421052734 18
41.57894736842208 11
41.57894736842208 45
41.5964912280712 44
41.60526315789576 5
41.65789473684313 48
41.70175438596594 36
41.7105263157905 3
41.771929824562434 11
41.79824561403612 7
41.79824561403612 20
41.80701754386068 5
41.80701754386068 25
41.85964912280805 46
41.90350877193086 47
41.96491228070279 11
42.0087719298256 5
42.0087719298256 31
42.043859649123846 59
42.07017543859753 49
42.11403508772034 6
42.140350877194024 29
42.15789473684315 11
42.15789473684315 24
42.18421052631683 12
42.22807017543964 38
42.254385964913325 1
42.27192982456245 55
42.27192982456245 58
42.28070175438701 57
42.3508771929835 11
42.359649122808065 15
42.412280701755435 44
42.42105263158 42
42.44736842105368 0
42.54385964912386 11
42.54385964912386 50
42.622807017544915 7
42.675438596492285 36
42.684210526316846 43
42.736842105264216 11
42.77192982456246 32
42.842105263158956 6
42.92982456140457 11
42.92982456140457 22
42.95614035087826 24
43.043859649123874 3
43.08771929824668 44
43.12280701754493 11
43.29824561403616 12
43.315789473685285 11
43.44736842105371 7
43.49122807017652 4
43.50877192982564 11
43.57017543859757 6
43.61403508772038 48
43.61403508772038 54
43.62280701754494 23
43.64912280701863 36
43.65789473684319 2
43.66666666666775 15
43.66666666666775 42
43.684210526316875 30
43.701754385966 11
43.71929824561512 47
43.75438596491337 24
43.86842105263267 46
43.894736842106354 11
43.903508771930916 5
43.9298245614046 34
43.947368421053724 16
44.000000000001094 10
44.061403508773026 14
44.08771929824671 11
44.13157894736952 20
44.13157894736952 39
44.24561403508882 29
44.271929824562505 7
44.28070175438707 11
44.29824561403619 6
44.377192982457245 3
44.39473684210637 43
44.41228070175549 12
44.43859649122918 27
44.47368421052742 11
44.55263157894848 24
44.62280701754497 36
44.66666666666778 11
44.6842105263169 25
44.70175438596603 1
44.754385964913396 40
44.78070175438708 42
44.83333333333445 18
44.859649122808136 11
44.859649122808136 50
44.87719298245726 53
44.97368421052744 15
45.008771929825684 56
45.02631578947481 6
45.05263157894849 11
45.10526315789586 7
45.24561403508885 11
45.24561403508885 41
45.271929824562534 49
45.324561403509904 0
45.35087719298359 24
45.40350877193096 29
45.438596491229205 11
45.52631578947482 12
45.53508771929938 47
45.53508771929938 59
45.543859649123945 55
45.56140350877307 48
45.57017543859763 4
45.57017543859763 57
45.57894736842219 37
45.596491228071315 36
45.63157894736956 11
45.71052631579062 3
45.71052631579062 45
45.754385964913425 6
45.815789473685356 28
45.815789473685356 44
45.82456140350992 11
45.89473684210641 42
45.92982456140466 7
45.964912280702904 30
45.964912280702904 46
46.017543859650274 11
46.05263157894852 43
46.1491228070187 24
46.1491228070187 26
46.21052631579063 11
46.280701754387124 15
46.29824561403625 58
46.40350877193099 11
46.45614035087836 31
46.46491228070292 20
46.48245614035204 6
46.57017543859766 36
46.59649122807134 11
46.605263157895905 25
46.64035087719415 12
46.710526315790645 29
46.75438596491345 7
46.7894736842117 11
46.815789473685385 16
46.94736842105381 24
46.982456140352056 11
47.00877192982574 42
47.04385964912399 3
47.087719298246796 18
47.09649122807136 59
47.16666666666785 22
47.17543859649241 11
47.17543859649241 39
47.17543859649241 50
47.192982456141536 2
47.21052631579066 6
47.289473684211714 44
47.289473684211714 46
47.342105263159084 41
47.342105263159084 47
47.36842105263277 11
47.394736842106454 13
47.46491228070295 32
47.49122807017663 23
47.508771929825755 48
47.543859649124 36
47.561403508773125 11
47.58771929824681 7
47.58771929824681 15
47.59649122807137 1
47.614035087720495 14
47.64912280701874 4
47.74561403508892 24
47.75438596491348 11
47.75438596491348 12
47.938596491229276 6
47.94736842105384 11
48.02631578947489 43
48.043859649124016 10
48.043859649124016 57
48.07894736842226 18
48.087719298246824 44
48.12280701754507 42
48.140350877194194 11
48.16666666666788 25
48.23684210526437 0
48.245614035088934 30
48.28070175438718 34
48.33333333333455 11
48.37719298245736 3
48.37719298245736 38
48.412280701755606 7
48.47368421052754 49
48.49122807017666 29
48.517543859650345 36
48.52631578947491 11
48.54385964912403 24
48.66666666666789 6
48.71929824561526 11
48.79824561403632 20
48.80701754386088 5
48.86842105263281 12
48.8947368421065 15
48.91228070175562 11
49.03508771929948 18
49.052631578948606 44
49.06140350877317 46
49.07017543859773 53
49.105263157895976 11
49.157894736843346 47
49.2368421052644 1
49.2368421052644 7
49.2368421052644 42
49.29824561403633 11
49.307017543860894 59
49.34210526315914 24
49.38596491228195 54
49.39473684210651 5
49.39473684210651 6
49.49122807017669 11
49.49122807017669 36
49.49122807017669 50
49.50000000000125 41
49.526315789474936 48
49.570175438597744 43
49.631578947369675 45
49.684210526317045 11
49.684210526317045 16
49.71052631579073 3
49.72807017543985 4
49.75438596491354 40
49.8771929824574 11
49.90350877193109 31
49.98245614035214 12
50.061403508773196 7
50.07017543859776 11
50.07017543859776 25
50.07894736842232 39
50.105263157896005 27
50.12280701754513 6
50.14035087719425 24
50.18421052631706 18
50.20175438596618 15
50.263157894738114 11
50.33333333333461 1
50.35087719298373 42
50.45614035087847 11
50.45614035087847 11
50.46491228070303 36
50.49122807017672 0
50.5175438596504 30
50.54385964912409 55
50.55263157894865 37
50.60526315789602 56
50.631578947369704 46
50.64912280701883 11
50.72807017543988 2
50.78070175438725 5
50.84210526315918 11
50.850877192983745 6
50.850877192983745 28
50.88596491228199 7
50.92105263158024 44
50.9298245614048 59
50.93859649122936 24
50.93859649122936 58
50.96491228070305 47
51.03508771929954 11
51.0438596491241 3
51.09649122807147 12
51.13157894736972 20
51.166666666667965 14
51.228070175439896 11
51.35087719298376 18
51.35964912280832 23
51.40350877193113 22
51.42105263158025 11
51.438596491229376 36
51.46491228070306 42
51.47368421052762 48
51.50877192982587 15
51.57894736842236 6
51.61403508772061 11
51.62280701754517 18
51.67543859649254 49
51.71052631579079 7
51.73684210526447 24
51.745614035089034 26
51.78947368421184 41
51.807017543860965 4
51.807017543860965 11
51.807017543860965 50
51.912280701755705 46
51.964912280703075 43
52.00000000000132 11
52.00000000000132 11
52.11403508772062 18
52.184210526317116 1
52.19298245614168 11
52.2105263157908 12
52.24561403508905 25
52.30701754386098 6
52.35964912280835 10
52.37719298245747 3
52.385964912282034 11
52.385964912282034 13
52.385964912282034 32
52.41228070175572 36
52.42105263158028 57
52.53508771929958 7
52.53508771929958 24
52.552631578948706 16
52.57894736842239 11
52.57894736842239 42
52.657894736843446 27
52.754385964913624 18
52.77192982456275 11
52.78070175438731 47
52.78947368421187 30
52.815789473685555 15
52.89473684210661 0
52.94736842105398 34
52.9649122807031 11
53.0350877192996 6
53.04385964912416 45
53.15789473684346 11
53.27192982456276 53
53.31578947368557 38
53.32456140351013 12
53.33333333333469 24
53.350877192983816 11
53.35964912280838 7
53.38596491228206 36
53.42105263158031 48
53.46491228070312 20
53.46491228070312 46
53.54385964912417 11
53.54385964912417 31
53.64035087719435 18
53.69298245614172 42
53.710526315790844 3
53.73684210526453 11
53.763157894738214 6
53.88596491228208 4
53.929824561404885 11
53.95614035087857 44
54.12280701754524 11
54.12280701754524 15
54.12280701754524 50
54.1315789473698 24
54.18421052631717 7
54.254385964913666 40
54.254385964913666 55
54.26315789473823 2
54.3157894736856 11
54.359649122808406 36
54.43859649122946 12
54.49122807017683 6
54.508771929825954 11
54.508771929825954 59
54.59649122807157 47
54.63157894736982 43
54.675438596492626 58
54.70175438596631 11
54.719298245615434 14
54.75438596491368 54
54.80701754386105 42
54.89473684210667 11
54.92105263158035 49
54.929824561404914 24
55.00877192982597 7
55.043859649124215 3
55.06140350877334 30
55.08771929824702 1
55.08771929824702 11
55.21929824561545 6
55.21929824561545 27
55.22807017544001 0
55.22807017544001 23
55.28070175438738 11
55.2982456140365 18
55.307017543861065 29
55.33333333333475 36
55.368421052632996 48
55.39473684210668 18
55.42982456140493 15
55.43859649122949 16
55.473684210527736 11
55.50000000000142 25
55.50877192982598 41
55.526315789475106 37
55.55263157894879 12
55.631578947369846 57
55.64035087719441 18
55.64035087719441 22
55.66666666666809 11
55.728070175440024 24
55.79824561403652 20
55.833333333334764 7
55.85964912280845 11
55.885964912282134 28
55.92105263158038 42
55.947368421054065 6
55.96491228070319 4
55.96491228070319 46
56.052631578948805 11
56.1228070175453 1
56.24561403508916 11
56.29824561403653 18
56.30701754386109 36
56.35964912280846 39
56.377192982457586 3
56.40350877193127 47
56.43859649122952 11
56.43859649122952 50
56.526315789475134 24
56.587719298247066 18
56.631578947369874 11
56.65789473684356 7
56.66666666666812 12
56.67543859649268 6
56.736842105264614 15
56.789473684211984 18
56.82456140351023 11
56.82456140351023 11
57.01754385965059 11
57.03508771929971 42
57.03508771929971 53
57.04385964912427 32
57.166666666668135 5
57.1754385964927 26
57.20175438596638 31
57.21052631579094 11
57.28070175438744 36
57.28070175438744 59
57.289473684212 56
57.31578947368568 48
57.324561403510245 24
57.33333333333481 30
57.35087719298393 25
57.4035087719313 6
57.4035087719313 11
57.491228070176916 1
57.491228070176916 7
57.596491228071656 11
57.66666666666815 27
57.71052631579096 3
57.78070175438745 12
57.78947368421201 11
57.798245614036574 2
57.87719298245763 45
57.88596491228219 13
57.98245614035237 11
58.0438596491243 4
58.0438596491243 15
58.07894736842255 43
58.09649122807167 0
58.122807017545355 24
58.122807017545355 49
58.13157894736992 6
58.13157894736992 20
58.14912280701904 34
58.14912280701904 42
58.175438596492725 11
58.20175438596641 57
58.21929824561553 47
58.228070175440095 55
58.25438596491378 36
58.2719298245629 14
58.30701754386115 16
58.31578947368571 7
58.36842105263308 11
58.37719298245764 46
58.48245614035238 41
58.500000000001506 1
58.543859649124315 59
58.56140350877344 11
58.605263157896246 10
58.657894736843616 38
58.73684210526467 44
58.754385964913794 11
58.754385964913794 50
58.859649122808534 6
58.89473684210678 12
58.912280701755904 18
58.921052631580466 24
58.92982456140503 40
58.94736842105415 11
58.973684210527836 25
59.04385964912433 3
59.08771929824714 54
59.0964912280717 23
59.14035087719451 7
59.14035087719451 11
59.175438596492754 44
59.20175438596644 58
59.22807017544012 36
59.26315789473837 42
59.26315789473837 48
59.33333333333486 11
59.35087719298399 15
59.52631578947522 11
59.58771929824715 6
59.605263157896275 30
59.719298245615576 11
59.719298245615576 24
59.7368421052647 5
59.824561403510316 59
59.877192982457686 22
59.91228070175593 11
59.9649122807033 7
