0.0 43
0.008771929824561403 20
0.017543859649122806 15
0.08771929824561403 17
0.11403508771929824 27
0.11403508771929824 28
0.13157894736842105 24
0.14035087719298245 16
0.14035087719298245 40
0.16666666666666666 7
0.16666666666666666 12
0.19298245614035087 58
0.23684210526315788 37
0.24561403508771928 25
0.24561403508771928 36
0.24561403508771928 41
0.2543859649122807 47
0.31578947368421073 2
0.342105263157895 3
0.37719298245614075 23
0.5263157894736851 32
0.5877192982456151 42
0.6754385964912294 30
0.7192982456140365 53
0.728070175438598 56
0.7368421052631594 48
0.7543859649122823 22
0.8157894736842123 38
0.9298245614035109 24
0.9561403508771952 33
0.9824561403508795 5
1.0438596491228094 4
1.0701754385964937 7
1.1491228070175465 8
1.280701754385968 5
1.2894736842105294 36
1.2982456140350909 15
1.6578947368421095 43
1.728070175438601 24
1.8070175438596539 46
1.8245614035087767 1
1.8421052631578996 35
1.8947368421052682 7
1.9473684210526367 11
2.1228070175438623 39
2.1403508771929847 47
2.201754385964913 12
2.3333333333333313 36
2.3333333333333313 42
2.526315789473678 24
2.535087719298239 55
2.5526315789473615 57
2.570175438596484 15
2.701754385964902 5
2.7105263157894632 7
2.7192982456140244 27
2.7631578947368305 41
2.859649122807004 1
2.9385964912280547 16
3.035087719298228 17
3.166666666666646 30
3.324561403508748 24
3.333333333333309 46
3.3421052631578703 9
3.377192982456115 36
3.4473684210526048 52
3.5526315789473393 7
3.657894736842074 12
3.666666666666635 43
3.70175438596488 11
3.7719298245613695 20
3.7807017543859307 31
3.798245614035053 5
3.8070175438596143 2
3.842105263157859 15
3.9912280701753997 48
4.017543859649084 47
4.096491228070139 42
4.122807017543824 24
4.149122807017509 58
4.219298245614002 10
4.333333333333304 26
4.36842105263155 34
4.385964912280674 7
4.403508771929797 56
4.42105263157892 25
4.42105263157892 36
4.543859649122783 14
4.552631578947345 6
4.649122807017523 23
4.649122807017523 29
4.885964912280688 3
4.9210526315789345 24
5.017543859649113 1
5.035087719298236 28
5.087719298245606 22
5.087719298245606 41
5.0964912280701675 53
5.105263157894729 15
5.201754385964907 7
5.210526315789469 37
5.228070175438592 42
5.280701754385962 6
5.394736842105264 46
5.464912280701757 36
5.473684210526319 30
5.649122807017552 27
5.719298245614045 24
5.736842105263168 16
5.7543859649122915 43
5.824561403508785 57
5.842105263157908 11
5.859649122807031 5
5.868421052631593 4
5.90350877192984 47
5.912280701754401 25
5.912280701754401 55
6.008771929824579 6
6.017543859649141 7
6.1315789473684426 12
6.1842105263158125 44
6.219298245614059 3
6.245614035087744 20
6.368421052631607 15
6.368421052631607 17
6.368421052631607 33
6.4122807017544154 11
6.482456140350909 42
6.508771929824594 36
6.517543859649155 24
6.526315789473717 11
6.631578947368457 11
6.736842105263197 6
6.736842105263197 11
6.75438596491232 1
6.833333333333375 7
6.833333333333375 11
6.929824561403553 11
6.929824561403553 35
6.938596491228115 9
7.008771929824608 5
7.026315789473731 11
7.035087719298293 38
7.070175438596539 41
7.096491228070224 44
7.122807017543909 11
7.157894736842156 48
7.1929824561404025 46
7.2192982456140875 25
7.228070175438649 11
7.263157894736896 39
7.298245614035142 2
7.298245614035142 32
7.315789473684266 24
7.333333333333389 11
7.385964912280759 12
7.429824561403567 11
7.464912280701814 6
7.526315789473745 11
7.55263157894743 3
7.55263157894743 36
7.6228070175439235 11
7.631578947368485 15
7.6491228070176085 7
7.701754385964978 58
7.719298245614102 11
7.780701754386033 47
7.81578947368428 11
7.8508771929825265 42
7.912280701754458 11
7.982456140350951 44
8.000000000000075 4
8.008771929824636 11
8.087719298245691 14
8.105263157894814 11
8.105263157894814 52
8.114035087719376 24
8.140350877193061 30
8.192982456140431 6
8.201754385964993 11
8.29824561403517 11
8.333333333333417 27
8.394736842105349 11
8.421052631579034 17
8.464912280701842 7
8.526315789473774 25
8.535087719298335 16
8.543859649122897 40
8.596491228070267 36
8.61403508771939 8
8.640350877193075 34
8.736842105263253 46
8.885964912280802 3
8.894736842105363 15
8.912280701754487 24
8.921052631579048 6
8.947368421052733 20
8.947368421052733 26
8.956140350877295 56
9.017543859649226 57
9.157894736842213 23
9.236842105263268 1
9.24561403508783 55
9.271929824561514 7
9.4122807017545 22
9.508771929824679 42
9.552631578947487 48
9.596491228070295 44
9.62280701754398 49
9.62280701754398 50
9.640350877193104 36
9.649122807017665 6
9.649122807017665 47
9.710526315789597 24
9.83333333333346 25
9.964912280701885 28
10.008771929824693 17
10.078947368421186 7
10.14912280701768 11
10.157894736842241 4
10.157894736842241 15
10.184210526315926 37
10.219298245614173 3
10.271929824561543 46
10.280701754386104 53
10.377192982456283 6
10.403508771929967 39
10.41228070175453 1
10.41228070175453 30
10.508771929824707 24
10.52631578947383 43
10.543859649122954 12
10.570175438596639 11
10.570175438596639 41
10.666666666666817 11
10.68421052631594 36
10.710526315789625 44
10.763157894736995 11
10.78947368421068 2
10.859649122807173 11
10.89473684210542 7
10.921052631579105 33
10.938596491228228 19
10.938596491228228 27
10.956140350877352 11
11.05263157894753 11
11.1052631578949 6
11.140350877193146 25
11.149122807017708 11
11.175438596491393 52
11.245614035087886 11
11.307017543859818 24
11.333333333333503 16
11.342105263158064 11
11.42105263157912 15
11.438596491228243 11
11.517543859649297 47
11.53508771929842 11
11.552631578947544 3
11.552631578947544 9
11.561403508772106 48
11.58771929824579 57
11.596491228070352 14
11.710526315789654 7
11.728070175438777 36
11.833333333333517 6
11.877192982456325 38
12.043859649122997 17
12.078947368421243 58
12.105263157894928 24
12.11403508771949 32
12.192982456140545 35
12.298245614035284 4
12.342105263158093 1
12.359649122807216 42
12.412280701754586 12
12.421052631579148 50
12.438596491228271 11
12.447368421052833 25
12.526315789473887 7
12.53508771929845 11
12.561403508772134 6
12.631578947368627 11
12.684210526315997 15
12.728070175438805 11
12.771929824561614 30
12.771929824561614 36
12.824561403508984 11
12.868421052631792 20
12.885964912280915 3
12.903508771930039 24
12.9122807017546 34
12.921052631579162 11
12.938596491228285 55
13.01754385964934 11
13.114035087719518 11
13.12280701754408 39
13.184210526316011 23
13.210526315789696 11
13.289473684210751 6
13.307017543859875 11
13.342105263158121 7
13.394736842105491 47
13.403508771930053 11
13.456140350877423 12
13.500000000000231 11
13.596491228070409 11
13.692982456140587 11
13.701754385965149 24
13.736842105263396 22
13.754385964912519 25
13.76315789473708 48
13.789473684210765 11
13.81578947368445 36
13.833333333333574 42
13.885964912280944 11
13.947368421052875 15
13.982456140351122 11
13.991228070175683 43
13.991228070175683 46
14.017543859649368 6
14.0789473684213 11
14.122807017544108 40
14.13157894736867 16
14.157894736842355 7
14.175438596491478 11
14.219298245614286 3
14.271929824561656 11
14.280701754386218 2
14.368421052631835 11
14.368421052631835 27
14.429824561403766 4
14.464912280702013 11
14.50000000000026 12
14.50000000000026 24
14.55263157894763 10
14.561403508772191 11
14.657894736842369 11
14.66666666666693 9
14.684210526316054 1
14.745614035087986 6
14.754385964912547 11
14.815789473684479 57
14.833333333333602 50
14.850877192982725 11
14.859649122807287 36
14.885964912280972 28
14.947368421052904 11
14.973684210526589 7
15.043859649123082 11
15.061403508772205 25
15.08771929824589 30
15.105263157895013 14
15.14035087719326 11
15.157894736842383 37
15.210526315789753 15
15.236842105263438 11
15.263157894737123 47
15.29824561403537 24
15.315789473684493 20
15.333333333333616 11
15.35087719298274 46
15.429824561403795 11
15.473684210526603 6
15.517543859649411 17
15.526315789473973 11
15.535087719298534 56
15.543859649123096 12
15.552631578947658 3
15.622807017544151 11
15.640350877193274 53
15.649122807017836 43
15.710526315789767 44
15.719298245614329 11
15.789473684210822 7
15.807017543859946 48
15.815789473684507 11
15.885964912281 26
15.903508771930124 36
15.912280701754685 11
16.008771929824864 11
16.09649122807048 24
16.105263157895042 11
16.20175438596522 6
16.20175438596522 11
16.24561403508803 1
16.298245614035398 11
16.36842105263189 25
16.394736842105576 11
16.403508771930138 44
16.46491228070207 58
16.47368421052663 15
16.491228070175755 11
16.535087719298563 32
16.543859649123124 5
16.561403508772248 4
16.587719298245933 11
16.587719298245933 12
16.605263157895056 7
16.605263157895056 8
16.68421052631611 11
16.68421052631611 46
16.754385964912604 49
16.78070175438629 11
16.78947368421085 42
16.815789473684536 55
16.877192982456467 11
16.88596491228103 3
16.89473684210559 24
16.929824561403837 6
16.929824561403837 16
16.94736842105296 36
16.973684210526645 11
17.070175438596824 11
17.140350877193317 47
17.166666666667002 11
17.175438596491563 9
17.245614035088057 50
17.26315789473718 11
17.350877192982797 44
17.359649122807358 11
17.37719298245648 17
17.412280701754728 7
17.456140350877536 11
17.456140350877536 35
17.491228070175783 34
17.552631578947715 11
17.63157894736877 12
17.649122807017893 11
17.649122807017893 52
17.657894736842454 6
17.675438596491578 25
17.675438596491578 25
17.6929824561407 24
17.73684210526351 15
17.74561403508807 11
17.754385964912633 20
17.771929824561756 2
17.78947368421088 48
17.84210526315825 11
17.85087719298281 39
17.938596491228427 11
17.94736842105299 38
17.991228070175797 36
18.017543859649482 30
18.035087719298605 11
18.06140350877229 22
18.131578947368784 11
18.140350877193345 23
18.192982456140715 27
18.2192982456144 3
18.2192982456144 7
18.228070175438962 11
18.245614035088085 46
18.27192982456177 33
18.32456140350914 11
18.3333333333337 43
18.38596491228107 6
18.421052631579318 11
18.49122807017581 24
18.517543859649496 11
18.614035087719675 11
18.614035087719675 14
18.675438596491606 12
18.69298245614073 4
18.710526315789853 11
18.736842105263538 1
18.80701754386003 11
18.90350877193021 11
18.982456140351264 25
19.000000000000387 11
19.000000000000387 15
19.00877192982495 47
19.035087719298634 7
19.035087719298634 36
19.096491228070565 11
19.11403508771969 6
19.16666666666706 44
19.17543859649162 9
19.192982456140744 11
19.28070175438636 42
19.289473684210922 11
19.289473684210922 24
19.3859649122811 11
19.482456140351278 11
19.5000000000004 41
19.55263157894777 3
19.578947368421456 11
19.65789473684251 29
19.65789473684251 50
19.675438596491635 11
19.719298245614443 12
19.719298245614443 46
19.728070175439004 16
19.771929824561813 11
19.798245614035498 48
19.80701754386006 28
19.842105263158306 6
19.850877192982868 7
19.850877192982868 56
19.86842105263199 11
19.885964912281114 49
19.96491228070217 11
19.97368421052673 40
20.061403508772347 11
20.07894736842147 36
20.087719298246032 24
20.096491228070594 58
20.13157894736884 37
20.157894736842525 11
20.192982456140772 20
20.210526315789895 43
20.254385964912704 11
20.263157894737265 15
20.28947368421095 25
20.307017543860074 30
20.350877192982882 11
20.38596491228113 55
20.39473684210569 42
20.44736842105306 11
20.543859649123238 11
20.570175438596923 6
20.640350877193416 11
20.6666666666671 7
20.736842105263595 11
20.76315789473728 12
20.789473684210964 52
20.82456140350921 4
20.833333333333773 11
20.87719298245658 47
20.885964912281143 3
20.885964912281143 24
20.912280701754828 57
20.92982456140395 11
21.02631578947413 11
21.08771929824606 32
21.122807017544307 11
21.122807017544307 36
21.219298245614485 11
21.263157894737294 2
21.28947368421098 17
21.29824561403554 6
21.315789473684664 11
21.41228070175484 11
21.482456140351335 7
21.50877192982502 11
21.526315789474143 15
21.578947368421513 46
21.596491228070636 25
21.605263157895198 11
21.684210526316253 24
21.692982456140815 39
21.701754385965376 11
21.78070175438643 48
21.798245614035554 11
21.798245614035554 42
21.807017543860116 12
21.842105263158363 34
21.894736842105733 11
21.99122807017591 11
22.026315789474157 6
22.04385964912328 27
22.070175438596966 50
22.08771929824609 9
22.08771929824609 11
22.122807017544336 14
22.166666666667144 36
22.184210526316267 11
22.219298245614514 3
22.219298245614514 43
22.2456140350882 26
22.271929824561884 1
22.280701754386445 11
22.29824561403557 7
22.324561403509254 17
22.377192982456624 11
22.385964912281185 22
22.4736842105268 11
22.482456140351363 23
22.482456140351363 24
22.52631578947417 16
22.57017543859698 11
22.596491228070665 30
22.596491228070665 44
22.62280701754435 20
22.62280701754435 41
22.640350877193473 8
22.666666666667158 11
22.745614035088213 47
22.754385964912775 6
22.763157894737336 11
22.78947368421102 15
22.850877192982953 12
22.859649122807514 11
22.868421052632076 33
22.903508771930323 25
22.912280701754884 42
22.94736842105313 49
22.956140350877693 4
22.956140350877693 11
23.008771929825063 44
23.05263157894787 11
23.05263157894787 35
23.10526315789524 7
23.14912280701805 11
23.175438596491734 17
23.21052631578998 36
23.245614035088227 11
23.26315789473735 38
23.280701754386474 24
23.342105263158405 11
23.438596491228584 11
23.456140350877707 57
23.482456140351392 6
23.53508771929876 11
23.552631578947885 3
23.63157894736894 11
23.728070175439118 11
23.771929824561926 48
23.824561403509296 11
23.89473684210579 12
23.912280701754913 7
23.921052631579474 11
23.982456140351406 9
24.00877192982509 17
24.017543859649653 11
24.026315789474214 42
24.0526315789479 15
24.078947368421584 24
24.11403508771983 11
24.175438596491762 55
24.21052631579001 6
24.21052631579001 11
24.21052631579001 25
24.245614035088256 1
24.254385964912817 36
24.307017543860187 11
24.37719298245668 40
24.403508771930365 11
24.48245614035142 50
24.500000000000544 11
24.500000000000544 44
24.508771929825105 27
24.59649122807072 11
24.63157894736897 47
24.64035087719353 43
24.6929824561409 11
24.719298245614585 7
24.728070175439147 28
24.75438596491283 2
24.75438596491283 56
24.789473684211078 11
24.8070175438602 41
24.842105263158448 17
24.877192982456695 24
24.885964912281256 3
24.885964912281256 11
24.885964912281256 30
24.938596491228626 6
24.938596491228626 12
24.96491228070231 44
24.982456140351434 11
25.052631578947928 20
25.078947368421613 11
25.087719298246174 4
25.105263157895298 37
25.140350877193544 42
25.17543859649179 11
25.27192982456197 11
25.27192982456197 11
25.298245614035654 36
25.315789473684777 15
25.32456140350934 16
25.368421052632147 11
25.403508771930394 53
25.43859649122864 39
25.464912280702325 11
25.517543859649695 25
25.526315789474257 32
25.53508771929882 7
25.561403508772504 11
25.58771929824619 44
25.614035087719873 14
25.65789473684268 11
25.666666666667243 6
25.666666666667243 17
25.675438596491805 24
25.70175438596549 58
25.7456140350883 48
25.75438596491286 11
25.850877192983038 11
25.92105263157953 57
25.947368421053216 11
25.982456140351463 12
26.008771929825148 49
26.043859649123394 1
26.043859649123394 11
26.114035087719888 34
26.140350877193573 11
26.210526315790066 44
26.219298245614628 3
26.23684210526375 11
26.254385964912874 42
26.33333333333393 11
26.34210526315849 36
26.350877192983052 7
26.39473684210586 6
26.39473684210586 29
26.412280701754984 43
26.429824561404107 11
26.473684210526915 24
26.5000000000006 47
26.526315789474285 11
26.526315789474285 17
26.526315789474285 23
26.578947368421655 15
26.622807017544464 11
26.64912280701815 5
26.70175438596552 22
26.71929824561464 11
26.81578947368482 11
26.81578947368482 41
26.82456140350938 25
26.894736842105875 50
26.912280701754998 11
27.008771929825176 11
27.0263157894743 12
27.105263157895354 11
27.122807017544478 6
27.1403508771936 27
27.166666666667286 7
27.166666666667286 30
27.201754385965533 11
27.219298245614656 4
27.271929824562026 24
27.29824561403571 11
27.359649122807642 52
27.368421052632204 42
27.377192982456766 17
27.385964912281327 36
27.39473684210589 11
27.482456140351506 20
27.491228070176067 11
27.552631578948 3
27.552631578948 3
27.552631578948 44
27.578947368421684 33
27.587719298246245 11
27.684210526316424 11
27.728070175439232 48
27.77192982456204 1
27.7807017543866 11
27.807017543860287 31
27.83333333333397 15
27.850877192983095 6
27.87719298245678 11
27.973684210526958 10
27.973684210526958 11
27.98245614035152 7
28.052631578948013 43
28.070175438597136 11
28.070175438597136 12
28.070175438597136 24
28.078947368421698 9
28.122807017544506 16
28.122807017544506 35
28.131578947369068 25
28.14912280701819 39
28.166666666667314 11
28.20175438596556 17
28.228070175439246 26
28.24561403508837 2
28.263157894737493 11
28.35964912280767 11
28.368421052632232 47
28.429824561404164 36
28.45614035087785 11
28.482456140351534 42
28.552631578948027 11
28.578947368421712 6
28.649122807018205 11
28.684210526316452 55
28.745614035088384 11
28.798245614035753 7
28.84210526315856 11
28.868421052632247 24
28.88596491228137 3
28.93859649122874 11
29.017543859649795 17
29.035087719298918 11
29.04385964912348 53
29.078947368421726 38
29.09649122807085 15
29.114035087719973 12
29.114035087719973 14
29.131578947369096 11
29.14912280701822 49
29.228070175439274 11
29.30701754386033 6
29.30701754386033 50
29.31578947368489 41
29.324561403509453 11
29.350877192983138 4
29.41228070175507 46
29.42105263157963 11
29.438596491228754 25
29.438596491228754 30
29.473684210527 36
29.51754385964981 11
29.587719298246302 27
29.596491228070864 42
29.614035087719987 7
29.614035087719987 11
29.649122807018234 28
29.666666666667357 24
29.67543859649192 43
29.710526315790165 11
29.710526315790165 48
29.763157894737535 58
29.807017543860344 9
29.807017543860344 11
29.84210526315859 17
29.89473684210596 56
29.90350877193052 11
29.912280701755083 20
30.0000000000007 11
30.035087719298946 6
30.078947368421755 37
30.096491228070878 11
30.15789473684281 12
30.192982456141056 11
30.21929824561474 3
30.236842105263865 47
30.289473684211234 11
30.359649122807728 15
30.385964912281413 11
30.385964912281413 34
30.403508771930536 23
30.42982456140422 7
30.464912280702467 24
30.47368421052703 40
30.48245614035159 11
30.48245614035159 32
30.517543859649837 36
30.57894736842177 11
30.666666666667385 17
30.675438596491947 11
30.710526315790194 42
30.74561403508844 25
30.763157894737564 6
30.771929824562125 11
30.824561403509495 44
30.824561403509495 46
30.868421052632304 11
30.921052631579673 16
30.96491228070248 11
31.01754385964985 22
31.06140350877266 11
31.157894736842838 11
31.201754385965646 12
31.245614035088455 7
31.254385964913016 11
31.263157894737578 24
31.263157894737578 43
31.289473684211263 29
31.350877192983194 11
31.447368421053373 11
31.48245614035162 4
31.49122807017618 6
31.49122807017618 17
31.526315789474427 9
31.54385964912355 11
31.552631578948112 3
31.561403508772674 36
31.622807017544606 15
31.64035087719373 11
31.684210526316537 48
31.719298245614784 30
31.719298245614784 50
31.728070175439345 1
31.736842105263907 2
31.736842105263907 11
31.824561403509524 42
31.833333333334085 11
31.929824561404264 11
31.95614035087795 44
32.02631578947444 11
32.035087719299 27
32.05263157894812 25
32.061403508772685 7
32.061403508772685 24
32.08771929824637 52
32.09649122807093 41
32.122807017544616 11
32.122807017544616 47
32.14035087719374 46
32.19298245614111 10
32.21052631579023 49
32.219298245614794 6
32.219298245614794 11
32.219298245614794 33
32.24561403508848 12
32.31578947368497 11
32.31578947368497 17
32.34210526315866 20
32.41228070175515 11
32.50877192982533 11
32.60526315789551 11
32.60526315789551 36
32.61403508772007 14
32.701754385965685 11
32.798245614035864 11
32.859649122807795 24
32.87719298245692 7
32.88596491228148 3
32.88596491228148 15
32.89473684210604 11
32.93859649122885 42
32.94736842105341 6
32.99122807017622 11
33.0877192982464 11
33.14035087719377 17
33.184210526316576 11
33.24561403508851 9
33.280701754386754 11
33.289473684211316 12
33.29824561403588 58
33.315789473685 43
33.35964912280781 25
33.37719298245693 11
33.37719298245693 35
33.394736842106056 44
33.47368421052711 11
33.543859649123604 39
33.57017543859729 11
33.6140350877201 4
33.649122807018344 36
33.657894736842906 24
33.66666666666747 11
33.66666666666747 48
33.67543859649203 6
33.69298245614115 7
33.71929824561484 16
33.763157894737645 11
33.859649122807824 11
33.87719298245695 1
33.956140350878 11
33.96491228070256 17
33.99122807017625 47
34.05263157894818 11
34.05263157894818 42
34.078947368421865 8
34.131578947369235 50
34.1403508771938 44
34.14912280701836 11
34.14912280701836 15
34.21929824561485 3
34.245614035088536 11
34.33333333333415 12
34.342105263158714 11
34.394736842106084 23
34.403508771930646 6
34.43859649122889 11
34.456140350878016 24
34.500000000000824 7
34.51754385964995 32
34.53508771929907 11
34.57894736842188 28
34.605263157895564 57
34.63157894736925 11
34.657894736842934 34
34.666666666667496 25
34.69298245614118 36
34.72807017543943 11
34.771929824562235 20
34.78947368421136 17
34.824561403509605 11
34.824561403509605 43
34.921052631579784 11
34.94736842105347 9
35.01754385964996 11
35.05263157894821 37
35.07017543859733 55
35.11403508772014 11
35.11403508772014 56
35.13157894736926 6
35.15789473684295 29
35.16666666666751 42
35.21052631579032 11
35.21052631579032 52
35.21052631579032 53
35.22807017543944 2
35.22807017543944 30
35.236842105264 41
35.254385964913126 24
35.27192982456225 49
35.307017543860496 7
35.307017543860496 11
35.32456140350962 26
35.32456140350962 44
35.33333333333418 22
35.33333333333418 27
35.37719298245699 12
35.403508771930674 11
35.412280701755236 15
35.4210526315798 40
35.50000000000085 11
35.55263157894822 3
35.59649122807103 11
35.614035087720154 17
35.64035087719384 48
35.69298245614121 11
35.73684210526402 36
35.74561403508858 4
35.78947368421139 11
35.85964912280788 6
35.85964912280788 47
35.877192982457004 31
35.885964912281565 11
35.97368421052718 25
35.982456140351744 11
36.05263157894824 10
36.05263157894824 24
36.07894736842192 11
36.11403508772017 7
36.11403508772017 14
36.1754385964921 11
36.27192982456228 11
36.28070175438684 42
36.32456140350965 46
36.368421052632456 11
36.421052631579826 12
36.43859649122895 17
36.464912280702634 11
36.517543859650004 16
36.54385964912369 50
36.56140350877281 11
36.5877192982465 6
36.64035087719387 44
36.65789473684299 9
36.65789473684299 11
36.675438596492114 15
36.675438596492114 33
36.684210526316676 58
36.71929824561492 38
36.75438596491317 11
36.780701754386854 36
36.85087719298335 11
36.85087719298335 24
36.885964912281594 3
36.9298245614044 7
36.947368421053525 11
36.95614035087809 43
37.0438596491237 11
37.08771929824651 39
37.14035087719388 11
37.20175438596581 20
37.21929824561494 1
37.23684210526406 11
37.263157894737745 17
37.28070175438687 25
37.315789473685115 6
37.33333333333424 11
37.38596491228161 44
37.39473684210617 42
37.429824561404416 11
37.46491228070266 12
37.50000000000091 30
37.526315789474594 11
37.61403508772021 48
37.62280701754477 11
37.64912280701846 24
37.71929824561495 11
37.72807017543951 47
37.745614035088636 7
37.7543859649132 46
37.78070175438688 27
37.81578947368513 11
37.82456140350969 36
37.87719298245706 4
37.91228070175531 11
37.92982456140443 45
37.93859649122899 15
38.008771929825485 11
38.04385964912373 6
38.08771929824654 17
38.10526315789566 11
38.20175438596584 11
38.219298245614965 3
38.25438596491321 29
38.26315789473777 23
38.29824561403602 11
38.33333333333427 49
38.36842105263251 9
38.3947368421062 11
38.44736842105357 24
38.46491228070269 8
38.491228070176376 11
38.5087719298255 12
38.5087719298255 12
38.535087719299185 52
38.55263157894831 7
38.55263157894831 32
38.587719298246554 11
38.587719298246554 25
38.60526315789568 55
38.68421052631673 11
38.71929824561498 2
38.745614035088664 35
38.754385964913226 1
38.77192982456235 6
38.78070175438691 11
38.83333333333428 57
38.86842105263253 36
38.87719298245709 11
38.912280701755336 17
38.92982456140446 34
38.956140350878144 50
38.97368421052727 11
38.98245614035183 56
39.070175438597445 11
39.070175438597445 46
39.16666666666762 11
39.16666666666762 43
39.20175438596587 15
39.21929824561499 42
39.24561403508868 24
39.2631578947378 11
39.31578947368517 16
39.35964912280798 7
39.35964912280798 11
39.45614035087816 11
39.500000000000966 6
39.500000000000966 28
39.552631578948336 3
39.552631578948336 11
39.552631578948336 12
39.58771929824658 48
39.605263157895706 47
39.61403508772027 5
39.61403508772027 14
39.63157894736939 20
39.649122807018514 11
39.649122807018514 22
39.73684210526413 17
39.74561403508869 11
39.78070175438694 30
39.78070175438694 53
39.807017543860624 29
39.84210526315887 11
39.89473684210624 25
39.9035087719308 10
39.912280701755364 36
39.93859649122905 11
40.00877192982554 1
40.00877192982554 4
40.026315789474666 37
40.03508771929923 11
40.04385964912379 24
40.070175438597474 9
40.131578947369405 11
40.16666666666765 7
40.2017543859659 58
40.22807017543958 6
40.22807017543958 11
40.28070175438695 27
40.28070175438695 44
40.32456140350976 11
40.33333333333432 42
40.42105263157994 11
40.46491228070275 15
40.51754385965012 11
40.561403508772926 17
40.59649122807117 12
40.614035087720296 11
40.614035087720296 46
40.710526315790474 11
40.80701754386065 11
40.8421052631589 24
40.88596491228171 3
40.90350877193083 11
40.9561403508782 6
40.9561403508782 36
40.982456140351886 7
41.00000000000101 11
41.00877192982557 26
41.026315789474694 1
41.09649122807119 11
41.184210526316804 33
41.192982456141365 11
41.20175438596593 25
41.28947368421154 11
41.3684210526326 50
41.38596491228172 11
41.38596491228172 17
41.39473684210628 49
41.46491228070278 40
41.47368421052734 47
41.4824561403519 11
41.561403508772955 48
41.57894736842208 11
41.5964912280712 43
41.60526315789576 42
41.64035087719401 12
41.64035087719401 24
41.666666666667695 39
41.675438596492256 11
41.68421052631682 6
41.728070175439626 15
41.771929824562434 11
41.780701754386996 9
41.780701754386996 41
41.79824561403612 7
41.86842105263261 11
41.92105263157998 46
41.96491228070279 11
42.00000000000104 36
42.00000000000104 36
42.06140350877297 11
42.06140350877297 20
42.11403508772034 16
42.140350877194024 4
42.149122807018585 55
42.15789473684315 11
42.15789473684315 23
42.21052631579052 2
42.21052631579052 17
42.21929824561508 3
42.254385964913325 11
42.27192982456245 44
42.307017543860695 29
42.3508771929835 11
42.412280701755435 6
42.43859649122912 24
42.44736842105368 11
42.50877192982561 25
42.54385964912386 11
42.58771929824667 32
42.61403508772035 7
42.64035087719404 11
42.684210526316846 12
42.71929824561509 42
42.728070175439655 27
42.736842105264216 11
42.7631578947379 1
42.833333333334394 11
42.92982456140457 11
42.991228070176504 15
43.02631578947475 11
43.03508771929931 17
43.043859649123874 36
43.105263157895806 14
43.12280701754493 11
43.14035087719405 6
43.16666666666774 52
43.201754385965984 34
43.210526315790545 5
43.21929824561511 11
43.23684210526423 24
43.28070175438704 30
43.315789473685285 11
43.32456140350985 31
43.32456140350985 57
43.34210526315897 47
43.41228070175546 11
43.42982456140459 7
43.49122807017652 9
43.50877192982564 11
43.53508771929933 48
43.55263157894845 3
43.60526315789582 11
43.701754385966 11
43.72807017543968 12
43.75438596491337 10
43.78070175438705 50
43.798245614036176 11
43.80701754386074 38
43.8157894736853 25
43.85964912280811 17
43.86842105263267 6
43.894736842106354 11
43.93859649122916 43
43.96491228070285 22
43.99122807017653 11
43.99122807017653 42
44.03508771929934 24
44.03508771929934 58
44.08771929824671 11
44.08771929824671 36
44.18421052631689 11
44.24561403508882 7
44.25438596491338 15
44.271929824562505 4
44.271929824562505 41
44.28070175438707 11
44.28947368421163 46
44.368421052632684 1
44.377192982457245 11
44.40350877193093 35
44.40350877193093 56
44.421052631580054 28
44.4561403508783 49
44.47368421052742 11
44.49122807017655 20
44.5701754385976 11
44.59649122807129 6
44.66666666666778 11
44.6842105263169 17
44.70175438596603 29
44.76315789473796 11
44.77192982456252 12
44.83333333333445 24
44.859649122808136 11
44.88596491228182 3
44.912280701755506 16
44.956140350878314 11
45.00000000000112 37
45.05263157894849 11
45.061403508773054 7
45.10526315789586 42
45.122807017544986 25
45.13157894736955 36
45.14912280701867 11
45.175438596492356 27
45.20175438596604 9
45.2105263157906 47
45.24561403508885 11
45.24561403508885 44
45.324561403509904 6
45.34210526315903 11
45.42105263158008 55
45.438596491229205 11
45.5087719298257 17
45.5087719298257 48
45.5087719298257 53
45.51754385965026 15
45.52631578947482 26
45.53508771929938 11
45.55263157894851 30
45.57017543859763 1
45.622807017545 33
45.63157894736956 11
45.63157894736956 24
45.65789473684325 8
45.68421052631693 40
45.701754385966055 2
45.72807017543974 11
45.815789473685356 12
45.82456140350992 11
45.868421052632726 7
45.868421052632726 57
45.921052631580096 11
46.00000000000115 39
46.017543859650274 11
46.017543859650274 23
46.05263157894852 6
46.11403508772045 11
46.175438596492384 36
46.19298245614151 50
46.21052631579063 11
46.21929824561519 3
46.21929824561519 42
46.30701754386081 11
46.333333333334494 17
46.333333333334494 46
46.35964912280818 41
46.40350877193099 4
46.40350877193099 11
46.42982456140467 24
46.42982456140467 25
46.500000000001165 11
46.59649122807134 11
46.605263157895905 14
46.62280701754503 32
46.6754385964924 7
46.68421052631696 1
46.69298245614152 11
46.78070175438714 6
46.78070175438714 15
46.7894736842117 11
46.83333333333451 31
46.85964912280819 12
46.88596491228188 11
46.903508771931 9
46.921052631580125 20
46.982456140352056 11
47.078947368422234 11
47.078947368422234 47
47.15789473684329 17
47.17543859649241 11
47.21929824561522 36
47.22807017543978 24
47.27192982456259 11
47.33333333333452 42
47.36842105263277 11
47.46491228070295 11
47.47368421052751 34
47.48245614035207 7
47.48245614035207 48
47.500000000001194 29
47.508771929825755 6
47.51754385965032 49
47.552631578948564 3
47.561403508773125 11
47.60526315789593 10
47.62280701754506 27
47.64035087719418 44
47.6578947368433 11
47.666666666667865 58
47.71052631579067 16
47.73684210526436 25
47.75438596491348 11
47.824561403509975 30
47.85087719298366 11
47.877192982457345 43
47.90350877193103 12
47.94736842105384 11
47.982456140352085 17
47.991228070176646 46
48.02631578947489 24
48.035087719299455 1
48.043859649124016 11
48.043859649124016 15
48.12280701754507 44
48.140350877194194 11
48.23684210526437 6
48.23684210526437 11
48.26315789473806 36
48.28070175438718 22
48.28070175438718 22
48.298245614036304 7
48.33333333333455 11
48.42982456140473 11
48.43859649122929 39
48.44736842105385 42
48.52631578947491 11
48.53508771929947 4
48.58771929824684 5
48.60526315789596 50
48.614035087720524 9
48.622807017545085 11
48.71929824561526 11
48.80701754386088 17
48.81578947368544 11
48.82456140351 24
48.86842105263281 55
48.885964912281935 3
48.91228070175562 11
48.938596491229305 47
48.947368421053866 12
48.96491228070299 6
49.0087719298258 11
49.043859649124045 25
49.105263157895976 11
49.11403508772054 7
49.19298245614159 2
49.201754385966154 11
49.29824561403633 11
49.307017543860894 15
49.307017543860894 36
49.34210526315914 28
49.3508771929837 20
49.39473684210651 11
49.421052631580196 41
49.45614035087844 48
49.49122807017669 11
49.56140350877318 42
49.58771929824687 11
49.622807017545114 24
49.631578947369675 17
49.684210526317045 11
49.69298245614161 6
49.75438596491354 35
49.75438596491354 53
49.78070175438722 11
49.81578947368547 38
49.8771929824574 11
49.8771929824574 23
49.92982456140477 7
49.92982456140477 26
49.97368421052758 11
49.97368421052758 37
49.9912280701767 12
50.061403508773196 33
50.07017543859776 11
50.07017543859776 27
50.09649122807144 30
50.105263157896005 14
50.166666666667936 11
50.1754385964925 52
50.20175438596618 1
50.219298245615306 3
50.263157894738114 11
50.30701754386092 57
50.324561403510046 9
50.35087719298373 25
50.35087719298373 36
50.35964912280829 11
50.421052631580224 6
50.421052631580224 24
50.45614035087847 11
50.45614035087847 17
50.49122807017672 46
50.50877192982584 16
50.55263157894865 11
50.57017543859777 15
50.578947368422334 49
50.59649122807146 43
50.64912280701883 11
50.66666666666795 4
50.67543859649251 42
50.745614035089005 7
50.745614035089005 11
50.80701754386094 47
50.84210526315918 11
50.85964912280831 40
50.86842105263287 32
50.93859649122936 11
51.01754385965042 50
51.03508771929954 11
51.03508771929954 12
51.13157894736972 11
51.14912280701884 6
51.219298245615335 24
51.219298245615335 24
51.228070175439896 11
51.280701754387266 17
51.324561403510074 11
51.377192982457444 41
51.39473684210657 36
51.42105263158025 11
51.429824561404814 48
51.4561403508785 10
51.51754385965043 11
51.51754385965043 44
51.55263157894868 3
51.56140350877324 7
51.61403508772061 11
51.65789473684342 25
51.71052631579079 11
51.745614035089034 34
51.78070175438728 20
51.78947368421184 42
51.807017543860965 11
51.83333333333465 15
51.87719298245746 6
51.88596491228202 44
51.90350877193114 11
52.00000000000132 11
52.017543859650445 24
52.03508771929957 9
52.05263157894869 39
52.07894736842238 12
52.0964912280715 11
52.10526315789606 17
52.122807017545185 1
52.19298245614168 11
52.25438596491361 58
52.289473684211856 11
52.35087719298379 55
52.37719298245747 7
52.37719298245747 30
52.385964912282034 11
52.438596491229404 36
52.48245614035221 11
52.51754385965046 27
52.57894736842239 11
52.596491228071514 22
52.605263157896076 6
52.67543859649257 11
52.67543859649257 47
52.68421052631713 2
52.77192982456275 11
52.79824561403643 4
52.815789473685555 24
52.83333333333468 46
52.868421052632925 11
52.88596491228205 3
52.90350877193117 42
52.90350877193117 44
52.92982456140486 17
52.9649122807031 11
52.9649122807031 25
53.06140350877328 11
53.07017543859784 52
53.09649122807153 15
53.12280701754521 12
53.131578947369775 31
53.15789473684346 11
53.192982456141706 7
53.25438596491364 11
53.30701754386101 16
53.33333333333469 6
53.33333333333469 41
53.350877192983816 11
53.403508771931186 48
53.42982456140487 50
53.42982456140487 53
53.447368421053994 11
53.48245614035224 1
53.48245614035224 36
53.52631578947505 29
53.54385964912417 11
53.605263157896104 14
53.614035087720666 24
53.614035087720666 24
53.64035087719435 11
53.64035087719435 49
53.73684210526453 11
53.73684210526453 23
53.74561403508909 9
53.75438596491365 17
53.7894736842119 56
53.83333333333471 11
53.929824561404885 11
54.00877192982594 7
54.0175438596505 42
54.02631578947506 11
54.06140350877331 6
54.12280701754524 11
54.16666666666805 12
54.21052631579086 20
54.21052631579086 57
54.21929824561542 3
54.21929824561542 11
54.26315789473823 28
54.27192982456279 25
54.3157894736856 11
54.32456140351016 26
54.359649122808406 15
54.412280701755776 11
54.412280701755776 24
54.50000000000139 33
54.508771929825954 11
54.52631578947508 36
54.561403508773324 47
54.57894736842245 17
54.60526315789613 11
54.666666666668064 30
54.70175438596631 11
54.78947368421193 6
54.79824561403649 11
54.824561403510174 7
54.877192982457544 35
54.89473684210667 11
54.90350877193123 32
54.929824561404914 4
54.94736842105404 37
54.96491228070316 27
54.991228070176845 11
55.043859649124215 1
55.08771929824702 11
55.13157894736983 42
55.1842105263172 11
55.21052631579089 12
55.21052631579089 24
55.22807017544001 40
55.28070175438738 11
55.28947368421194 41
55.307017543861065 10
55.37719298245756 11
55.37719298245756 48
55.40350877193124 17
55.45614035087861 9
55.473684210527736 11
55.49122807017686 55
55.50000000000142 46
55.517543859650544 6
55.55263157894879 3
55.56140350877335 44
55.570175438597914 11
55.570175438597914 36
55.578947368422476 25
55.622807017545284 15
55.64035087719441 7
55.66666666666809 11
55.76315789473827 11
55.842105263159326 50
55.85964912280845 11
55.95614035087863 8
55.95614035087863 11
56.008771929826 24
56.01754385965056 34
56.02631578947512 58
56.052631578948805 11
56.105263157896175 16
56.14912280701898 11
56.17543859649267 2
56.22807017544004 17
56.24561403508916 6
56.24561403508916 11
56.24561403508916 42
56.25438596491372 12
56.27192982456285 38
56.34210526315934 11
56.429824561404956 47
56.43859649122952 11
56.44736842105408 7
56.49122807017689 43
56.526315789475134 1
56.535087719299696 11
56.61403508772075 36
56.631578947369874 11
56.640350877194436 20
56.70175438596637 49
56.72807017544005 11
56.80701754386111 24
56.82456140351023 11
56.88596491228216 3
56.88596491228216 15
56.88596491228216 25
56.91228070175585 22
56.92105263158041 11
56.947368421054094 30
56.97368421052778 6
57.01754385965059 11
57.052631578948834 17
57.061403508773395 4
57.1052631578962 14
57.114035087720765 11
57.15789473684357 9
57.21052631579094 11
57.24561403508919 41
57.25438596491375 7
57.29824561403656 12
57.30701754386112 11
57.35087719298393 48
57.35964912280849 42
57.4035087719313 11
57.41228070175586 27
57.50000000000148 11
57.596491228071656 11
57.596491228071656 31
57.60526315789622 24
57.61403508772078 23
57.65789473684359 36
57.65789473684359 44
57.66666666666815 57
57.692982456141834 11
57.701754385966396 6
57.71929824561552 52
57.78947368421201 11
57.87719298245763 17
57.88596491228219 11
57.98245614035237 11
58.02631578947518 29
58.061403508773424 7
58.07894736842255 11
58.14912280701904 15
58.175438596492725 11
58.19298245614185 25
58.21929824561553 3
58.25438596491378 50
58.2719298245629 11
58.29824561403659 46
58.30701754386115 47
58.3421052631594 12
58.36842105263308 11
58.40350877193133 1
58.40350877193133 24
58.42982456140501 6
58.46491228070326 11
58.47368421052782 42
58.56140350877344 11
58.657894736843616 11
58.657894736843616 43
58.69298245614186 53
58.701754385966424 17
58.701754385966424 36
58.71929824561555 26
58.754385964913794 11
58.85087719298397 11
58.868421052633096 9
58.87719298245766 7
58.90350877193134 16
58.93859649122959 32
58.93859649122959 33
58.94736842105415 11
59.04385964912433 11
59.070175438598014 20
59.0964912280717 39
59.14035087719451 11
59.15789473684363 6
59.15789473684363 10
59.16666666666819 44
59.184210526317315 28
59.19298245614188 4
59.20175438596644 24
59.20175438596644 41
59.21929824561556 30
59.236842105264685 11
59.33333333333486 11
59.33333333333486 48
59.38596491228223 12
59.41228070175592 15
59.42982456140504 11
59.500000000001535 25
59.52631578947522 11
59.52631578947522 17
59.53508771929978 58
59.552631578948905 3
59.58771929824715 42
59.605263157896275 55
59.6228070175454 11
59.666666666668206 2
59.69298245614189 7
59.719298245615576 11
59.74561403508926 36
59.74561403508926 56
59.763157894738384 49
59.815789473685754 11
59.85964912280856 27
59.88596491228225 6
59.91228070175593 11
59.921052631580494 37
