0.0 14
0.0 32
0.0 58
0.017543859649122806 2
0.017543859649122806 20
0.07894736842105263 22
0.08771929824561403 45
0.09649122807017543 53
0.11403508771929824 15
0.11403508771929824 41
0.14035087719298245 57
0.18421052631578946 43
0.21052631578947367 40
0.2543859649122807 12
0.26315789473684215 34
0.2719298245614036 39
0.32456140350877216 7
0.32456140350877216 26
0.3333333333333336 28
0.3333333333333336 35
0.3333333333333336 36
0.3333333333333336 50
0.342105263157895 6
0.342105263157895 37
0.35087719298245645 47
0.35087719298245645 54
0.41228070175438647 38
0.4210526315789479 16
0.4473684210526322 18
0.4473684210526322 24
0.5263157894736851 31
0.5350877192982465 25
0.5789473684210537 4
0.5877192982456151 30
0.7192982456140365 27
0.8947368421052652 18
0.9035087719298266 23
0.9298245614035109 48
0.9912280701754409 1
1.0263157894736865 59
1.096491228070178 7
1.1052631578947394 6
1.2280701754385994 36
1.3157894736842137 24
1.3596491228070209 18
1.4298245614035123 15
1.5526315789473724 5
1.649122807017548 10
1.666666666666671 3
1.6929824561403553 5
1.6929824561403553 18
1.8596491228070224 7
1.8684210526315839 5
1.8684210526315839 6
1.973684210526321 18
2.0000000000000053 43
2.026315789473689 42
2.078947368421056 12
2.1228070175438623 36
2.1754385964912295 47
2.1842105263157907 24
2.201754385964913 0
2.3421052631578925 56
2.5964912280701675 7
2.6403508771929736 6
2.701754385964902 1
2.745614035087708 15
2.7631578947368305 29
2.780701754385953 59
2.8421052631578814 41
2.8859649122806874 30
2.9210526315789322 11
2.947368421052616 4
2.991228070175422 48
3.0087719298245443 3
3.0175438596491055 36
3.0526315789473504 24
3.078947368421034 20
3.1754385964912073 5
3.289473684210503 17
3.333333333333309 7
3.368421052631554 6
3.368421052631554 39
3.41228070175436 16
3.491228070175411 58
3.5087719298245332 18
3.5526315789473393 2
3.63157894736839 18
3.675438596491196 14
3.675438596491196 50
3.70175438596488 57
3.745614035087686 44
3.8157894736841755 45
3.8508771929824204 12
3.885964912280665 42
3.9035087719297876 18
3.912280701754349 36
3.92105263157891 24
3.999999999999961 47
4.017543859649084 18
4.052631578947331 15
4.0614035087718925 7
4.0877192982455774 53
4.096491228070139 6
4.096491228070139 32
4.114035087719262 43
4.157894736842071 18
4.157894736842071 31
4.228070175438564 27
4.280701754385934 44
4.2894736842104955 17
4.350877192982427 3
4.36842105263155 5
4.36842105263155 22
4.4649122807017285 1
4.587719298245592 34
4.780701754385948 59
4.78947368421051 24
4.798245614035071 0
4.798245614035071 7
4.798245614035071 29
4.807017543859633 36
4.824561403508756 6
4.859649122807003 26
4.938596491228058 11
4.991228070175428 18
4.999999999999989 40
5.026315789473674 4
5.061403508771921 12
5.131578947368414 48
5.175438596491222 30
5.210526315789469 11
5.307017543859647 42
5.315789473684209 37
5.359649122807017 15
5.37719298245614 28
5.421052631578949 11
5.5263157894736885 7
5.543859649122812 20
5.5526315789473735 6
5.614035087719305 1
5.631578947368428 17
5.649122807017552 43
5.657894736842113 24
5.69298245614036 3
5.701754385964922 36
5.763157894736853 38
5.868421052631593 47
5.885964912280716 10
5.912280701754401 11
5.9824561403508945 54
6.105263157894758 11
6.254385964912306 7
6.280701754385991 6
6.307017543859676 25
6.403508771929854 16
6.403508771929854 23
6.4122807017544154 29
6.500000000000032 17
6.508771929824594 12
6.508771929824594 35
6.526315789473717 11
6.526315789473717 24
6.552631578947402 59
6.59649122807021 36
6.605263157894772 18
6.666666666666703 15
6.719298245614073 11
6.745614035087758 41
6.780701754386005 27
6.91228070175443 11
6.982456140350923 7
6.982456140350923 57
7.008771929824608 6
7.026315789473731 5
7.035087719298293 3
7.087719298245663 2
7.105263157894786 4
7.105263157894786 11
7.122807017543909 44
7.298245614035142 11
7.315789473684266 14
7.324561403508827 0
7.368421052631636 48
7.394736842105321 24
7.4210526315790055 5
7.456140350877252 30
7.482456140350937 18
7.491228070175499 11
7.491228070175499 36
7.50000000000006 44
7.526315789473745 45
7.6491228070176085 50
7.6754385964912935 31
7.6754385964912935 47
7.684210526315855 11
7.71052631578954 7
7.736842105263225 6
7.754385964912348 29
7.8508771929825265 44
7.8771929824562115 11
7.938596491228143 17
7.97368421052639 15
8.070175438596568 11
8.263157894736924 11
8.263157894736924 18
8.263157894736924 24
8.333333333333417 44
8.377192982456226 3
8.385964912280787 36
8.438596491228157 7
8.45614035087728 11
8.464912280701842 6
8.482456140350966 32
8.552631578947459 20
8.56140350877202 1
8.578947368421144 59
8.587719298245705 12
8.649122807017637 11
8.657894736842199 22
8.7719298245615 42
8.842105263157993 11
8.973684210526418 18
8.98245614035098 34
9.03508771929835 11
9.03508771929835 53
9.131578947368528 24
9.166666666666774 7
9.184210526315898 4
9.19298245614046 6
9.228070175438706 11
9.280701754386076 15
9.280701754386076 36
9.394736842105377 16
9.403508771929939 17
9.421052631579062 11
9.447368421052747 58
9.482456140350994 18
9.51754385964924 5
9.543859649122926 47
9.605263157894857 59
9.614035087719419 11
9.719298245614159 3
9.72807017543872 5
9.736842105263282 12
9.736842105263282 30
9.745614035087844 29
9.789473684210652 41
9.807017543859775 11
9.824561403508898 26
9.903508771929953 7
9.921052631579077 6
10.000000000000131 11
10.000000000000131 24
10.052631578947501 48
10.175438596491365 36
10.192982456140488 11
10.192982456140488 43
10.228070175438734 40
10.289473684210666 37
10.298245614035228 54
10.36842105263172 18
10.385964912280844 11
10.385964912280844 23
10.385964912280844 42
10.41228070175453 25
10.42105263157909 28
10.464912280701899 5
10.517543859649269 17
10.5789473684212 11
10.587719298245762 15
10.614035087719447 39
10.622807017544009 2
10.640350877193132 7
10.649122807017694 6
10.657894736842255 0
10.771929824561557 11
10.850877192982612 12
10.868421052631735 24
10.903508771929982 20
10.94736842105279 14
10.964912280701913 11
11.061403508772091 3
11.070175438596653 36
11.15789473684227 11
11.21052631578964 45
11.26315789473701 4
11.298245614035256 27
11.350877192982626 11
11.36842105263175 7
11.36842105263175 47
11.377192982456311 6
11.394736842105434 1
11.403508771929996 35
11.42982456140368 57
11.447368421052804 5
11.491228070175612 44
11.517543859649297 10
11.543859649122982 11
11.561403508772106 17
11.649122807017722 59
11.710526315789654 38
11.728070175438777 43
11.736842105263339 11
11.736842105263339 24
11.7456140350879 25
11.894736842105448 15
11.929824561403695 11
11.964912280701942 12
11.964912280701942 36
12.035087719298435 30
12.096491228070366 7
12.105263157894928 6
12.105263157894928 41
12.122807017544051 11
12.157894736842298 31
12.201754385965106 56
12.236842105263353 50
12.315789473684408 11
12.315789473684408 29
12.32456140350897 48
12.385964912280901 16
12.403508771930024 3
12.508771929824764 11
12.605263157894942 24
12.631578947368627 5
12.657894736842312 18
12.70175438596512 11
12.719298245614244 58
12.789473684210737 1
12.824561403508984 7
12.833333333333545 6
12.85964912280723 36
12.877192982456354 5
12.894736842105477 11
12.903508771930039 42
12.947368421052847 22
13.043859649123025 5
13.078947368421272 12
13.087719298245833 11
13.096491228070395 32
13.096491228070395 53
13.192982456140573 47
13.201754385965135 15
13.245614035087943 20
13.28070175438619 11
13.342105263158121 4
13.394736842105491 5
13.403508771930053 17
13.447368421052861 25
13.473684210526546 11
13.473684210526546 24
13.561403508772162 6
13.561403508772162 7
13.570175438596724 5
13.666666666666902 11
13.666666666666902 34
13.745614035087957 3
13.754385964912519 36
13.76315789473708 18
13.850877192982697 1
13.859649122807259 11
13.947368421052875 0
13.964912280701999 57
14.052631578947615 11
14.157894736842355 2
14.166666666666917 43
14.192982456140601 12
14.245614035087971 11
14.263157894737095 42
14.28947368421078 6
14.28947368421078 7
14.298245614035341 23
14.307017543859903 30
14.307017543859903 41
14.315789473684465 18
14.34210526315815 24
14.34210526315815 26
14.368421052631835 17
14.438596491228328 11
14.508771929824821 15
14.570175438596753 44
14.578947368421314 14
14.631578947368684 11
14.649122807017807 36
14.780701754386232 25
14.82456140350904 11
14.938596491228342 27
15.017543859649397 6
15.017543859649397 7
15.017543859649397 11
15.026315789473959 39
15.052631578947643 48
15.070175438596767 47
15.078947368421328 45
15.08771929824589 3
15.166666666666945 18
15.210526315789753 11
15.210526315789753 24
15.263157894737123 37
15.307017543859931 12
15.377192982456425 16
15.40350877193011 11
15.421052631579233 4
15.464912280702041 28
15.473684210526603 54
15.535087719298534 44
15.543859649123096 36
15.587719298245904 20
15.596491228070466 11
15.701754385965206 5
15.745614035088014 6
15.745614035088014 7
15.789473684210822 11
15.815789473684507 15
15.956140350877494 17
15.982456140351179 11
15.982456140351179 40
16.000000000000302 29
16.078947368421357 5
16.078947368421357 24
16.114035087719603 25
16.14912280701785 58
16.175438596491535 11
16.219298245614343 31
16.24561403508803 44
16.26315789473715 56
16.36842105263189 11
16.42105263157926 12
16.429824561403823 3
16.438596491228385 36
16.456140350877508 42
16.47368421052663 6
16.482456140351193 7
16.500000000000316 10
16.561403508772248 11
16.587719298245933 30
16.614035087719618 50
16.72807017543892 18
16.745614035088042 1
16.754385964912604 11
16.88596491228103 47
16.94736842105296 11
16.94736842105296 24
16.956140350877522 18
17.00000000000033 17
17.017543859649454 49
17.04385964912314 43
17.078947368421385 35
17.122807017544194 15
17.140350877193317 11
17.15789473684244 0
17.20175438596525 6
17.21052631578981 7
17.228070175438933 22
17.333333333333673 11
17.333333333333673 36
17.37719298245648 53
17.385964912281043 38
17.447368421052975 25
17.500000000000345 4
17.52631578947403 11
17.53508771929859 12
17.64035087719333 5
17.6929824561407 2
17.6929824561407 57
17.719298245614386 11
17.728070175438948 27
17.754385964912633 48
17.763157894737194 41
17.771929824561756 3
17.807017543860002 59
17.815789473684564 24
17.877192982456496 1
17.912280701754742 11
17.921052631579304 20
17.929824561403866 6
17.938596491228427 7
18.05263157894773 29
18.087719298245975 32
18.096491228070537 5
18.1052631578951 11
18.184210526316154 23
18.21052631578984 14
18.228070175438962 36
18.236842105263523 44
18.298245614035455 11
18.342105263158263 5
18.36842105263195 16
18.42982456140388 15
18.49122807017581 11
18.64035087719336 45
18.64912280701792 12
18.657894736842483 6
18.666666666667044 7
18.684210526316168 11
18.684210526316168 24
18.70175438596529 44
18.710526315789853 47
18.728070175438976 5
18.780701754386346 25
18.833333333333716 5
18.8596491228074 30
18.877192982456524 11
18.938596491228456 59
18.95614035087758 42
18.95614035087758 50
19.043859649123196 17
19.07017543859688 11
19.11403508771969 3
19.12280701754425 36
19.21929824561443 26
19.254385964912675 29
19.263157894737237 11
19.298245614035483 43
19.315789473684607 44
19.3859649122811 6
19.403508771930223 7
19.42982456140391 18
19.456140350877593 11
19.464912280702155 1
19.55263157894777 24
19.578947368421456 4
19.640350877193388 18
19.64912280701795 11
19.736842105263566 15
19.76315789473725 12
19.842105263158306 11
19.850877192982868 58
19.877192982456553 0
19.938596491228484 31
19.956140350877607 59
20.000000000000416 48
20.01754385964954 18
20.01754385964954 36
20.035087719298662 11
20.114035087719717 6
20.114035087719717 25
20.13157894736884 7
20.201754385965334 17
20.22807017543902 11
20.23684210526358 37
20.254385964912704 20
20.263157894737265 5
20.271929824561827 18
20.421052631579375 11
20.421052631579375 24
20.45614035087762 3
20.45614035087762 54
20.50877192982499 28
20.535087719298676 47
20.61403508771973 11
20.631578947368855 34
20.71052631578991 29
20.736842105263595 18
20.780701754386403 40
20.807017543860088 11
20.842105263158334 6
20.850877192982896 18
20.859649122807458 7
20.87719298245658 12
20.912280701754828 36
20.92105263157939 27
20.956140350877636 41
21.000000000000444 11
21.043859649123252 15
21.13157894736887 30
21.1929824561408 11
21.219298245614485 53
21.228070175439047 2
21.28947368421098 24
21.359649122807472 16
21.377192982456595 59
21.385964912281157 11
21.44736842105309 25
21.50877192982502 22
21.57017543859695 6
21.578947368421513 11
21.587719298246075 7
21.649122807018006 56
21.657894736842568 4
21.745614035088185 44
21.77192982456187 11
21.798245614035554 3
21.807017543860116 36
21.8333333333338 14
21.921052631579418 18
21.921052631579418 43
21.964912280702226 11
21.99122807017591 12
22.026315789474157 50
22.04385964912328 35
22.061403508772404 23
22.08771929824609 5
22.105263157895212 17
22.157894736842582 11
22.157894736842582 24
22.2456140350882 32
22.2456140350882 42
22.280701754386445 57
22.29824561403557 6
22.324561403509254 7
22.333333333333815 48
22.35087719298294 11
22.35087719298294 15
22.3596491228075 47
22.438596491228555 18
22.543859649123295 11
22.587719298246103 20
22.692982456140843 59
22.701754385965405 36
22.73684210526365 11
22.754385964912775 44
22.78070175438646 25
22.798245614035583 39
22.859649122807514 0
22.929824561404008 11
23.026315789474186 6
23.026315789474186 24
23.05263157894787 7
23.087719298246117 18
23.10526315789524 12
23.122807017544364 11
23.140350877193487 3
23.14912280701805 38
23.219298245614542 17
23.289473684211035 5
23.31578947368472 11
23.35964912280753 1
23.4122807017549 30
23.482456140351392 27
23.482456140351392 42
23.500000000000515 5
23.508771929825077 11
23.57017543859701 43
23.57894736842157 41
23.596491228070693 36
23.657894736842625 15
23.701754385965433 11
23.710526315789995 44
23.710526315789995 59
23.73684210526368 4
23.754385964912803 6
23.780701754386488 7
23.89473684210579 11
23.89473684210579 24
23.929824561404036 31
24.087719298246146 11
24.140350877193516 17
24.140350877193516 25
24.175438596491762 47
24.21929824561457 12
24.280701754386502 11
24.350877192982995 16
24.47368421052686 11
24.48245614035142 3
24.48245614035142 6
24.491228070175982 36
24.508771929825105 7
24.5789473684216 58
24.58771929824616 45
24.59649122807072 48
24.622807017544407 5
24.666666666667215 11
24.74561403508827 5
24.74561403508827 29
24.763157894737393 2
24.763157894737393 24
24.85964912280757 11
24.921052631579503 20
24.947368421053188 42
24.96491228070231 15
24.982456140351434 53
24.991228070175996 40
25.052631578947928 11
25.052631578947928 59
25.06140350877249 43
25.06140350877249 57
25.210526315790037 6
25.210526315790037 18
25.210526315790037 37
25.245614035088284 7
25.245614035088284 11
25.27192982456197 26
25.315789473684777 54
25.3333333333339 12
25.38596491228127 36
25.43859649122864 11
25.456140350877764 14
25.473684210526887 25
25.526315789474257 39
25.54385964912338 28
25.622807017544435 1
25.631578947368997 11
25.631578947368997 24
25.65789473684268 41
25.684210526316367 30
25.71052631579005 50
25.789473684211107 22
25.81578947368479 4
25.824561403509353 3
25.824561403509353 11
25.938596491228655 6
25.938596491228655 23
25.982456140351463 7
25.991228070176025 47
26.01754385964971 11
26.043859649123394 10
26.210526315790066 11
26.245614035088312 5
26.263157894737436 17
26.271929824561997 15
26.28070175438656 36
26.298245614035682 32
26.403508771930422 11
26.44736842105323 12
26.5000000000006 24
26.54385964912341 42
26.59649122807078 11
26.622807017544464 44
26.666666666667272 6
26.684210526316395 43
26.70175438596552 1
26.71929824561464 7
26.789473684211135 11
26.789473684211135 27
26.80701754386026 25
26.81578947368482 59
26.850877192983067 34
26.894736842105875 5
26.98245614035149 11
27.166666666667286 3
27.175438596491848 11
27.175438596491848 36
27.18421052631641 48
27.254385964912903 5
27.254385964912903 20
27.271929824562026 35
27.34210526315852 16
27.368421052632204 11
27.368421052632204 24
27.39473684210589 6
27.45614035087782 7
27.56140350877256 11
27.56140350877256 12
27.570175438597122 18
27.578947368421684 15
27.6666666666673 17
27.754385964912917 11
27.807017543860287 47
27.86842105263222 58
27.87719298245678 59
27.894736842105903 4
27.947368421053273 11
27.964912280702396 30
28.026315789474328 31
28.070175438597136 29
28.070175438597136 36
28.105263157895383 50
28.122807017544506 6
28.14035087719363 11
28.14035087719363 11
28.14035087719363 25
28.157894736842753 38
28.192982456141 7
28.236842105263808 24
28.289473684211178 45
28.29824561403574 2
28.29824561403574 43
28.333333333333986 11
28.50877192982522 3
28.526315789474342 11
28.543859649123466 57
28.67543859649189 12
28.7192982456147 11
28.77192982456207 17
28.850877192983123 6
28.88596491228137 15
28.912280701755055 11
28.92982456140418 7
28.956140350877863 1
28.964912280702425 36
29.04385964912348 59
29.078947368421726 14
29.10526315789541 11
29.10526315789541 24
29.298245614035768 11
29.298245614035768 53
29.350877192983138 18
29.42105263157963 0
29.456140350877877 40
29.473684210527 25
29.491228070176124 11
29.57894736842174 6
29.587719298246302 20
29.63157894736911 18
29.657894736842795 7
29.657894736842795 17
29.68421052631648 11
29.73684210526385 41
29.771929824562097 29
29.78070175438666 42
29.78947368421122 12
29.807017543860344 23
29.850877192983152 3
29.859649122807713 36
29.877192982456837 11
29.912280701755083 18
29.973684210527015 4
29.973684210527015 24
30.070175438597193 11
30.070175438597193 22
30.096491228070878 47
30.184210526316495 37
30.192982456141056 15
30.236842105263865 30
30.26315789473755 11
30.307017543860358 6
30.333333333334043 16
30.385964912281413 7
30.403508771930536 59
30.447368421053344 43
30.456140350877906 11
30.57894736842177 17
30.57894736842177 17
30.57894736842177 28
30.6403508771937 50
30.649122807018262 11
30.754385964913002 36
30.807017543860372 18
30.807017543860372 25
30.815789473684934 44
30.84210526315862 11
30.84210526315862 24
30.90350877193055 12
30.921052631579673 29
31.035087719298975 6
31.035087719298975 11
31.11403508772003 7
31.12280701754459 32
31.1666666666674 44
31.192982456141085 3
31.22807017543933 11
31.245614035088455 57
31.27192982456214 27
31.2807017543867 5
31.359649122807756 18
31.37719298245688 17
31.412280701755126 54
31.421052631579688 11
31.500000000000743 15
31.58771929824636 18
31.58771929824636 31
31.614035087720044 11
31.622807017544606 39
31.622807017544606 42
31.631578947369167 45
31.64912280701829 36
31.710526315790222 24
31.719298245614784 34
31.763157894737592 6
31.8070175438604 11
31.833333333334085 2
31.833333333334085 56
31.85087719298321 7
31.894736842106017 41
31.91228070175514 47
31.921052631579702 20
31.95614035087795 48
32.00000000000075 11
32.01754385964988 12
32.05263157894812 4
32.08771929824637 58
32.14035087719374 25
32.166666666667425 0
32.18421052631655 35
32.19298245614111 11
32.228070175439356 17
32.385964912281466 11
32.45614035087796 18
32.46491228070252 1
32.491228070176206 6
32.50877192982533 30
32.535087719299014 3
32.543859649123576 36
32.57894736842182 7
32.57894736842182 11
32.57894736842182 24
32.63157894736919 59
32.701754385965685 14
32.77192982456218 11
32.807017543860425 15
32.964912280702535 11
32.99122807017622 18
33.02631578947447 17
33.03508771929903 50
33.11403508772008 44
33.131578947369206 12
33.15789473684289 11
33.21929824561482 6
33.280701754386754 53
33.29824561403588 26
33.30701754386044 7
33.30701754386044 49
33.32456140350956 16
33.35087719298325 11
33.438596491228864 36
33.447368421053426 24
33.47368421052711 25
33.543859649123604 11
33.56140350877273 42
33.57894736842185 38
33.596491228070974 43
33.63157894736922 18
33.67543859649203 23
33.7280701754394 47
33.73684210526396 11
33.85087719298326 17
33.87719298245695 3
33.92982456140432 11
33.94736842105344 1
33.94736842105344 6
34.026315789474495 59
34.03508771929906 7
34.08771929824643 39
34.11403508772011 5
34.11403508772011 15
34.12280701754467 11
34.131578947369235 4
34.245614035088536 12
34.2543859649131 20
34.2543859649131 20
34.31578947368503 11
34.31578947368503 24
34.33333333333415 36
34.350877192983276 22
34.508771929825386 11
34.57894736842188 27
34.64035087719381 0
34.67543859649206 6
34.67543859649206 17
34.70175438596574 11
34.73684210526399 44
34.763157894737674 7
34.7807017543868 30
34.80701754386048 25
34.8947368421061 11
35.087719298246455 11
35.15789473684295 37
35.18421052631663 24
35.20175438596576 41
35.21929824561488 3
35.22807017543944 36
35.28070175438681 11
35.359649122807866 12
35.36842105263243 2
35.38596491228155 48
35.403508771930674 6
35.4210526315798 15
35.47368421052717 11
35.49122807017629 7
35.50000000000085 17
35.54385964912366 47
35.60526315789559 59
35.614035087720154 28
35.614035087720154 32
35.666666666667524 11
35.71052631579033 43
35.75438596491314 54
35.7631578947377 50
35.833333333334195 1
35.85964912280788 11
35.85964912280788 56
35.90350877193069 58
35.929824561404374 45
35.97368421052718 57
36.05263157894824 11
36.05263157894824 24
36.12280701754473 36
36.13157894736929 6
36.14035087719385 25
36.14035087719385 42
36.21052631579035 4
36.21929824561491 7
36.24561403508859 11
36.307017543860525 40
36.315789473685086 16
36.32456140350965 14
36.32456140350965 17
36.43859649122895 11
36.473684210527196 12
36.517543859650004 49
36.56140350877281 3
36.570175438597374 31
36.5877192982465 20
36.61403508772018 59
36.631578947369306 11
36.728070175439484 15
36.780701754386854 44
36.82456140350966 11
36.85964912280791 6
36.92105263157984 24
36.95614035087809 7
37.01754385965002 11
37.01754385965002 36
37.052631578948265 30
37.07017543859739 1
37.12280701754476 29
37.14912280701844 17
37.157894736843005 27
37.210526315790375 11
37.25438596491318 35
37.27192982456231 39
37.35964912280792 47
37.40350877193073 11
37.40350877193073 48
37.421052631579855 43
37.473684210527225 25
37.49122807017635 5
37.54385964912372 23
37.54385964912372 53
37.578947368421964 5
37.587719298246526 6
37.587719298246526 12
37.59649122807109 11
37.692982456141266 7
37.692982456141266 44
37.789473684211444 11
37.789473684211444 24
37.798245614036006 18
37.903508771930746 3
37.91228070175531 36
37.97368421052724 17
37.9824561403518 11
38.02631578947461 0
38.03508771929917 5
38.03508771929917 15
38.0964912280711 44
38.114035087720225 1
38.17543859649216 11
38.28947368421146 4
38.30701754386058 59
38.31578947368514 6
38.36842105263251 11
38.42105263157988 7
38.543859649123746 18
38.56140350877287 11
38.56140350877287 34
38.6228070175448 44
38.63157894736936 22
38.65789473684305 24
38.701754385965856 12
38.71052631579042 41
38.754385964913226 11
38.78947368421147 42
38.798245614036034 17
38.807017543860596 5
38.807017543860596 25
38.807017543860596 36
38.903508771930774 2
38.9210526315799 20
38.9210526315799 29
38.94736842105358 11
39.0350877192992 18
39.04385964912376 6
39.14035087719394 11
39.1491228070185 7
39.15789473684306 45
39.175438596492185 47
39.18421052631675 26
39.20175438596587 44
39.24561403508868 3
39.24561403508868 58
39.27192982456236 59
39.30701754386061 16
39.333333333334295 11
39.333333333334295 30
39.34210526315886 15
39.35964912280798 5
39.385964912281665 1
39.385964912281665 48
39.42982456140447 57
39.51754385965009 50
39.52631578947465 11
39.52631578947465 24
39.62280701754483 17
39.701754385965884 36
39.71929824561501 11
39.77192982456238 6
39.815789473685186 12
39.87719298245712 7
39.89473684210624 43
39.912280701755364 11
39.94736842105361 14
39.973684210527296 56
39.99122807017642 49
40.017543859650104 18
40.0877192982466 10
40.10526315789572 11
40.131578947369405 37
40.14035087719397 25
40.184210526316775 27
40.21052631579046 52
40.29824561403608 11
40.36842105263257 4
40.38596491228169 29
40.394736842106255 24
40.394736842106255 31
40.4298245614045 18
40.43859649122906 17
40.49122807017643 11
40.500000000000995 6
40.58771929824661 3
40.59649122807117 36
40.614035087720296 7
40.64912280701854 15
40.64912280701854 28
40.67543859649223 32
40.68421052631679 11
40.73684210526416 5
40.73684210526416 42
40.877192982457146 11
40.91228070175539 39
40.929824561404516 12
40.93859649122908 44
40.99122807017645 47
41.0701754385975 11
41.12280701754487 18
41.21052631579049 5
41.22807017543961 6
41.22807017543961 40
41.2543859649133 20
41.26315789473786 11
41.26315789473786 17
41.26315789473786 24
41.31578947368523 5
41.350877192983475 7
41.35964912280804 48
41.41228070175541 23
41.456140350878215 11
41.47368421052734 25
41.47368421052734 44
41.49122807017646 36
41.508771929825585 53
41.5964912280712 38
41.60526315789576 30
41.63157894736945 0
41.64912280701857 11
41.780701754386996 29
41.78947368421156 44
41.833333333334366 50
41.84210526315893 11
41.8947368421063 18
41.929824561404544 3
41.95614035087823 6
41.95614035087823 15
42.035087719299284 11
42.043859649123846 12
42.07894736842209 7
42.087719298246654 5
42.087719298246654 17
42.13157894736946 24
42.22807017543964 11
42.28947368421157 5
42.298245614036134 16
42.307017543860695 57
42.31578947368526 1
42.33333333333438 42
42.38596491228175 36
42.412280701755435 41
42.42105263158 11
42.43859649122912 2
42.44736842105368 4
42.61403508772035 11
42.66666666666772 43
42.684210526316846 6
42.80701754386071 7
42.80701754386071 11
42.80701754386071 25
42.80701754386071 47
42.81578947368527 59
42.91228070175545 17
42.91228070175545 22
43.000000000001066 11
43.000000000001066 24
43.07894736842212 54
43.157894736843176 12
43.19298245614142 11
43.19298245614142 49
43.201754385965984 58
43.22807017543967 35
43.22807017543967 45
43.263157894737915 15
43.27192982456248 3
43.28070175438704 36
43.29824561403616 48
43.32456140350985 29
43.34210526315897 18
43.38596491228178 11
43.41228070175546 6
43.46491228070283 34
43.48245614035196 44
43.50000000000108 27
43.53508771929933 7
43.57017543859757 14
43.578947368422135 11
43.5877192982467 20
43.736842105264245 17
43.77192982456249 11
43.77192982456249 11
43.82456140350986 1
43.86842105263267 24
43.88596491228179 5
43.88596491228179 30
43.947368421053724 26
43.96491228070285 11
44.13157894736952 59
44.14035087719408 6
44.14035087719408 25
44.14912280701864 50
44.157894736843204 11
44.166666666667766 31
44.17543859649233 36
44.271929824562505 7
44.271929824562505 12
44.324561403509875 39
44.35087719298356 11
44.35087719298356 11
44.46491228070286 56
44.47368421052742 10
44.52631578947479 4
44.54385964912392 11
44.56140350877304 17
44.5701754385976 15
44.61403508772041 3
44.62280701754497 47
44.640350877194095 43
44.65789473684322 18
44.73684210526427 11
44.73684210526427 24
44.77192982456252 32
44.798245614036205 5
44.8684210526327 6
44.92982456140463 11
45.008771929825684 7
45.070175438597616 36
45.10526315789586 0
45.10526315789586 37
45.122807017544986 11
45.14035087719411 1
45.20175438596604 41
45.26315789473797 48
45.280701754387096 23
45.28947368421166 16
45.31578947368534 11
45.35964912280815 17
45.385964912281835 12
45.429824561404644 42
45.47368421052745 25
45.5087719298257 11
45.52631578947482 5
45.58771929824675 44
45.596491228071315 6
45.60526315789588 24
45.68421052631693 28
45.68421052631693 53
45.701754385966055 11
45.7368421052643 7
45.76315789473799 18
45.84210526315904 40
45.87719298245729 15
45.89473684210641 11
45.921052631580096 20
45.95614035087834 3
45.964912280702904 36
45.973684210527466 2
46.070175438597644 5
46.08771929824677 11
46.15789473684326 17
46.15789473684326 30
46.280701754387124 11
46.31578947368537 43
46.32456140350993 6
46.342105263159056 1
46.394736842106425 49
46.438596491229234 47
46.46491228070292 7
46.46491228070292 50
46.47368421052748 11
46.47368421052748 24
46.500000000001165 12
46.53508771929941 18
46.53508771929941 59
46.605263157895905 4
46.63157894736959 57
46.64912280701871 5
46.66666666666784 11
46.69298245614152 42
46.71929824561521 27
46.763157894738015 44
46.80701754386082 25
46.85087719298363 58
46.85964912280819 11
46.85964912280819 36
46.982456140352056 17
47.05263157894855 6
47.05263157894855 11
47.15789473684329 38
47.184210526316974 15
47.192982456141536 7
47.2017543859661 22
47.21052631579066 14
47.22807017543978 48
47.245614035088906 11
47.298245614036276 3
47.33333333333452 54
47.342105263159084 24
47.35964912280821 29
47.43859649122926 11
47.447368421053824 41
47.48245614035207 44
47.57894736842225 18
47.59649122807137 31
47.614035087720495 12
47.63157894736962 11
47.71052631579067 0
47.75438596491348 36
47.78070175438717 6
47.80701754386085 17
47.824561403509975 11
47.92105263158015 7
47.96491228070296 45
48.01754385965033 11
48.140350877194194 25
48.15789473684332 18
48.21052631579069 11
48.21052631579069 24
48.254385964913496 20
48.254385964913496 47
48.28070175438718 16
48.403508771931044 11
48.42982456140473 30
48.49122807017666 15
48.508771929825784 6
48.5964912280714 11
48.614035087720524 26
48.63157894736965 5
48.63157894736965 17
48.64035087719421 3
48.64035087719421 59
48.64912280701877 7
48.64912280701877 36
48.68421052631702 4
48.7105263157907 29
48.728070175439825 12
48.780701754387195 50
48.78947368421176 11
48.79824561403632 35
48.98245614035211 11
49.052631578948606 1
49.052631578948606 57
49.07894736842229 24
49.149122807018784 23
49.17543859649247 11
49.18421052631703 48
49.2368421052644 6
49.24561403508896 27
49.29824561403633 44
49.368421052632826 11
49.37719298245739 7
49.44736842105388 42
49.45614035087844 17
49.473684210527566 5
49.473684210527566 25
49.50877192982581 2
49.54385964912406 36
49.56140350877318 11
49.570175438597744 53
49.64035087719424 49
49.75438596491354 11
49.789473684211785 5
49.79824561403635 15
49.82456140351003 56
49.842105263159155 12
49.947368421053895 11
49.947368421053895 24
49.96491228070302 6
49.98245614035214 0
49.98245614035214 3
50.07017543859776 47
50.07894736842232 37
50.105263157896005 7
50.13157894736969 40
50.14035087719425 11
50.14035087719425 59
50.25438596491355 58
50.271929824562676 18
50.28070175438724 17
50.33333333333461 11
50.429824561404786 41
50.43859649122935 36
50.526315789474964 11
50.587719298246896 20
50.60526315789602 34
50.692982456141635 6
50.7017543859662 30
50.71929824561532 11
50.71929824561532 28
50.76315789473813 4
50.80701754386094 25
50.8157894736855 24
50.83333333333462 7
50.83333333333462 14
50.91228070175568 11
50.956140350878485 12
50.97368421052761 44
51.07894736842235 1
51.09649122807147 50
51.10526315789603 11
51.10526315789603 15
51.10526315789603 17
51.14035087719428 48
51.219298245615335 5
51.271929824562704 16
51.29824561403639 11
51.324561403510074 3
51.333333333334636 36
51.36842105263288 18
51.42105263158025 6
51.482456140352184 22
51.491228070176746 11
51.56140350877324 7
51.65789473684342 27
51.65789473684342 43
51.6842105263171 11
51.6842105263171 24
51.745614035089034 18
51.807017543860965 32
51.807017543860965 54
51.87719298245746 11
51.87719298245746 44
51.88596491228202 47
51.92982456140483 17
52.017543859650445 38
52.05263157894869 59
52.070175438597815 11
52.070175438597815 12
52.0964912280715 31
52.14035087719431 25
52.14912280701887 6
52.16666666666799 18
52.228070175439925 36
52.25438596491361 57
52.26315789473817 11
52.29824561403642 7
52.41228070175572 15
52.45614035087853 11
52.53508771929958 0
52.552631578948706 24
52.56140350877327 1
52.61403508772064 41
52.649122807018884 11
52.66666666666801 3
52.754385964913624 17
52.84210526315924 4
52.84210526315924 11
52.84210526315924 49
52.87719298245749 6
52.87719298245749 45
52.921052631580295 20
52.973684210527665 30
53.01754385965047 23
53.026315789475035 7
53.0350877192996 11
53.04385964912416 2
53.09649122807153 48
53.12280701754521 36
53.184210526317145 12
53.22807017543995 11
53.236842105264515 43
53.27192982456276 5
53.41228070175575 50
53.42105263158031 11
53.42105263158031 24
53.42982456140487 29
53.47368421052768 25
53.4912280701768 58
53.57894736842242 17
53.605263157896104 6
53.614035087720666 11
53.70175438596628 1
53.70175438596628 47
53.719298245615406 15
53.75438596491365 7
53.80701754386102 11
53.85087719298383 59
53.877192982457515 35
54.00000000000138 11
54.00877192982594 3
54.0175438596505 36
54.09649122807156 18
54.11403508772068 5
54.192982456141735 11
54.26315789473823 16
54.28947368421191 24
54.298245614036475 12
54.33333333333472 6
54.34210526315928 26
54.36842105263297 27
54.37719298245753 17
54.37719298245753 56
54.38596491228209 11
54.456140350878584 14
54.48245614035227 7
54.57894736842245 11
54.71052631579087 43
54.771929824562804 11
54.80701754386105 25
54.91228070175579 36
54.92105263158035 4
54.96491228070316 11
55.00000000000141 0
55.02631578947509 15
55.043859649124215 42
55.05263157894878 37
55.06140350877334 6
55.096491228071585 29
55.10526315789615 53
55.11403508772071 48
55.13157894736983 44
55.15789473684352 11
55.15789473684352 24
55.201754385966325 17
55.21052631579089 7
55.24561403508913 30
55.254385964913695 20
55.32456140351019 10
55.35087719298387 3
55.35087719298387 11
55.412280701755805 12
55.517543859650544 47
55.54385964912423 11
55.7105263157909 5
55.728070175440024 50
55.736842105264586 11
55.75438596491371 28
55.76315789473827 22
55.789473684211956 6
55.80701754386108 36
55.894736842106695 57
55.92982456140494 11
55.938596491229504 7
55.96491228070319 18
56.000000000001435 17
56.02631578947512 24
56.043859649124244 34
56.043859649124244 49
56.1228070175453 11
56.14035087719442 25
56.14035087719442 43
56.14912280701898 39
56.22807017544004 41
56.24561403508916 42
56.315789473685655 11
56.33333333333478 15
56.50877192982601 11
56.51754385965057 6
56.526315789475134 12
56.55263157894882 44
56.578947368422504 2
56.631578947369874 32
56.66666666666812 7
56.684210526317244 18
56.692982456141806 3
56.70175438596637 11
56.70175438596637 36
56.78070175438742 27
56.82456140351023 17
56.894736842106724 11
56.894736842106724 24
56.92105263158041 23
56.96491228070322 18
56.96491228070322 38
56.96491228070322 44
57.000000000001464 4
57.008771929826025 40
57.07017543859796 48
57.08771929824708 11
57.13157894736989 54
57.24561403508919 6
57.24561403508919 58
57.25438596491375 16
57.28070175438744 11
57.324561403510245 47
57.4035087719313 7
57.42105263158042 42
57.47368421052779 11
57.47368421052779 25
57.52631578947516 30
57.587719298247094 20
57.587719298247094 43
57.596491228071656 36
57.640350877194464 12
57.640350877194464 15
57.649122807019026 17
57.66666666666815 11
57.76315789473833 24
57.76315789473833 45
57.84210526315938 0
57.859649122808506 11
57.929824561405 31
57.93859649122956 1
57.97368421052781 6
58.03508771929974 3
58.0438596491243 50
58.05263157894886 11
58.07894736842255 14
58.13157894736992 7
58.24561403508922 11
58.438596491229575 11
58.438596491229575 17
58.491228070176945 36
58.63157894736993 11
58.63157894736993 24
58.657894736843616 42
58.701754385966424 6
58.754385964913794 12
58.807017543861164 25
58.815789473685726 18
58.82456140351029 11
58.859649122808534 7
58.94736842105415 15
58.9824561403524 41
59.017543859650644 11
59.026315789475206 48
59.078947368422575 4
59.14035087719451 47
59.184210526317315 18
59.210526315791 11
59.22807017544012 17
59.24561403508925 49
59.37719298245767 3
59.38596491228223 1
59.38596491228223 36
59.40350877193136 11
59.41228070175592 35
59.42982456140504 6
59.42982456140504 57
59.500000000001535 24
59.58771929824715 7
59.59649122807171 11
59.614035087720836 53
59.68421052631733 59
59.7368421052647 44
59.78947368421207 11
59.79824561403663 30
59.85964912280856 5
59.868421052633124 12
59.921052631580494 20
59.982456140352426 11
