0.03508771929824561 39
0.07894736842105263 27
0.08771929824561403 50
0.10526315789473684 56
0.11403508771929824 47
0.12280701754385964 30
0.18421052631578946 43
0.19298245614035087 46
0.20175438596491227 28
0.280701754385965 36
0.32456140350877216 20
0.46491228070175505 41
0.6228070175438608 3
0.666666666666668 32
0.728070175438598 48
0.7368421052631594 44
0.7456140350877208 26
0.7719298245614051 24
0.7807017543859666 14
0.789473684210528 2
0.789473684210528 12
0.8421052631578966 0
0.850877192982458 22
0.9210526315789495 9
0.9385964912280723 15
0.9473684210526337 7
0.973684210526318 6
1.0263157894736865 16
1.157894736842108 57
1.1754385964912308 44
1.219298245614038 38
1.2631578947368451 35
1.3596491228070209 36
1.3947368421052666 10
1.403508771929828 51
1.4736842105263195 42
1.5000000000000038 55
1.526315789473688 17
1.587719298245618 24
1.6403508771929867 46
1.7017543859649167 6
1.728070175438601 33
1.7631578947368467 7
1.7631578947368467 34
1.7807017543859696 25
1.8771929824561453 44
1.9824561403508825 43
1.991228070175444 47
2.0438596491228114 3
2.1666666666666683 15
2.3859649122806985 24
2.4298245614035046 6
2.4385964912280658 36
2.491228070175433 50
2.578947368421045 7
2.666666666666657 23
2.666666666666657 52
2.6842105263157796 30
2.780701754385953 42
2.8508771929824426 48
2.9736842105262995 54
3.087719298245595 11
3.087719298245595 25
3.114035087719279 4
3.157894736842085 6
3.1842105263157685 24
3.201754385964891 20
3.2192982456140133 5
3.368421052631554 3
3.3859649122806763 15
3.4035087719297987 7
3.4473684210526048 53
3.499999999999972 0
3.5175438596490944 36
3.5964912280701453 27
3.710526315789441 57
3.754385964912247 1
3.877192982456104 47
3.885964912280665 6
3.9736842105262773 41
3.9824561403508385 24
4.008771929824523 37
4.096491228070139 12
4.149122807017509 43
4.184210526315756 39
4.210526315789441 7
4.254385964912249 11
4.2631578947368105 44
4.280701754385934 2
4.324561403508742 14
4.36842105263155 11
4.394736842105235 25
4.47368421052629 11
4.57894736842103 11
4.57894736842103 56
4.596491228070153 36
4.605263157894715 15
4.605263157894715 46
4.614035087719277 6
4.657894736842085 42
4.675438596491208 11
4.6929824561403315 3
4.771929824561386 11
4.780701754385948 24
4.8684210526315645 11
4.964912280701743 11
4.982456140350866 48
4.991228070175428 16
5.017543859649113 7
5.061403508771921 5
5.061403508771921 11
5.061403508771921 50
5.157894736842099 11
5.201754385964907 22
5.245614035087716 4
5.245614035087716 28
5.254385964912277 11
5.342105263157894 6
5.368421052631579 30
5.508771929824565 26
5.543859649122812 1
5.578947368421058 24
5.657894736842113 12
5.666666666666675 11
5.675438596491237 36
5.701754385964922 25
5.74561403508773 47
5.763157894736853 11
5.807017543859661 55
5.815789473684223 15
5.815789473684223 52
5.824561403508785 51
5.833333333333346 7
5.859649122807031 11
5.894736842105278 0
5.912280701754401 10
5.9561403508772095 11
6.017543859649141 3
6.052631578947388 11
6.070175438596511 6
6.105263157894758 27
6.1315789473684426 44
6.140350877193004 38
6.149122807017566 11
6.245614035087744 11
6.342105263157922 11
6.350877192982484 34
6.377192982456169 24
6.4385964912281 11
6.535087719298279 11
6.535087719298279 42
6.570175438596525 1
6.631578947368457 11
6.640350877193018 7
6.64912280701758 43
6.692982456140388 39
6.728070175438635 11
6.75438596491232 33
6.75438596491232 36
6.763157894736882 32
6.798245614035128 6
6.8157894736842515 20
6.824561403508813 11
6.824561403508813 11
6.921052631578991 11
6.929824561403553 12
6.938596491228115 40
6.9649122807018 41
7.008771929824608 25
7.0175438596491695 11
7.026315789473731 15
7.114035087719348 11
7.175438596491279 24
7.210526315789526 11
7.307017543859704 11
7.342105263157951 3
7.342105263157951 44
7.377192982456197 4
7.403508771929882 11
7.4473684210526905 7
7.50000000000006 11
7.526315789473745 6
7.561403508771992 57
7.570175438596554 50
7.596491228070239 11
7.631578947368485 30
7.65789473684217 47
7.692982456140417 11
7.728070175438663 46
7.754385964912348 8
7.771929824561472 2
7.789473684210595 11
7.789473684210595 16
7.833333333333403 14
7.833333333333403 36
7.885964912280773 11
7.97368421052639 24
7.982456140350951 11
8.017543859649198 48
8.07894736842113 11
8.175438596491308 11
8.201754385964993 56
8.23684210526324 15
8.254385964912363 6
8.254385964912363 7
8.271929824561486 11
8.315789473684294 25
8.368421052631664 11
8.45614035087728 5
8.464912280701842 11
8.464912280701842 12
8.491228070175527 9
8.500000000000089 23
8.56140350877202 11
8.605263157894829 54
8.622807017543952 0
8.657894736842199 11
8.66666666666676 3
8.684210526315884 43
8.754385964912377 11
8.7719298245615 24
8.850877192982555 11
8.912280701754487 36
8.947368421052733 11
8.98245614035098 6
9.017543859649226 37
9.043859649122911 11
9.061403508772035 7
9.114035087719405 44
9.14035087719309 11
9.184210526315898 53
9.236842105263268 11
9.254385964912391 27
9.30701754385976 35
9.324561403508884 52
9.333333333333446 11
9.429824561403624 11
9.447368421052747 15
9.508771929824679 4
9.51754385964924 44
9.526315789473802 11
9.526315789473802 22
9.543859649122926 47
9.57017543859661 24
9.596491228070295 41
9.62280701754398 11
9.62280701754398 25
9.710526315789597 6
9.719298245614159 11
9.815789473684337 11
9.824561403508898 42
9.83333333333346 20
9.850877192982583 12
9.868421052631707 7
9.912280701754515 11
9.99122807017557 3
9.99122807017557 36
10.008771929824693 11
10.026315789473816 46
10.09649122807031 26
10.105263157894871 11
10.20175438596505 11
10.289473684210666 28
10.298245614035228 11
10.36842105263172 24
10.394736842105406 11
10.429824561403652 17
10.438596491228214 6
10.491228070175584 5
10.491228070175584 11
10.543859649122954 34
10.587719298245762 11
10.587719298245762 16
10.657894736842255 15
10.666666666666817 30
10.675438596491379 7
10.68421052631594 11
10.692982456140502 55
10.745614035087872 51
10.771929824561557 50
10.780701754386119 11
10.877192982456297 11
10.877192982456297 44
10.929824561403667 25
10.973684210526475 11
11.070175438596653 1
11.070175438596653 36
11.1052631578949 10
11.1052631578949 11
11.131578947368585 9
11.15789473684227 38
11.166666666666831 6
11.166666666666831 24
11.166666666666831 48
11.201754385965078 11
11.26315789473701 2
11.298245614035256 11
11.307017543859818 43
11.31578947368438 3
11.31578947368438 12
11.342105263158064 14
11.394736842105434 11
11.394736842105434 42
11.42105263157912 47
11.464912280701927 57
11.491228070175612 7
11.491228070175612 11
11.58771929824579 11
11.64035087719316 4
11.675438596491407 8
11.684210526315969 11
11.754385964912462 32
11.780701754386147 11
11.868421052631764 15
11.877192982456325 11
11.885964912280887 33
11.894736842105448 6
11.964912280701942 24
11.973684210526503 11
12.070175438596682 11
12.140350877193175 52
12.149122807017736 36
12.16666666666686 11
12.236842105263353 25
12.263157894737038 11
12.298245614035284 7
12.298245614035284 23
12.359649122807216 11
12.456140350877394 11
12.552631578947572 11
12.622807017544066 6
12.622807017544066 27
12.640350877193189 3
12.64912280701775 11
12.692982456140559 5
12.745614035087929 11
12.763157894737052 24
12.80701754385986 12
12.842105263158107 11
12.85964912280723 1
12.885964912280915 39
12.938596491228285 11
12.938596491228285 30
12.938596491228285 43
13.035087719298463 11
13.078947368421272 15
13.105263157894957 7
13.12280701754408 53
13.131578947368642 11
13.157894736842326 20
13.17543859649145 50
13.22807017543882 11
13.22807017543882 36
13.324561403508998 11
13.33333333333356 47
13.350877192982683 6
13.350877192982683 44
13.38596491228093 16
13.38596491228093 16
13.421052631579176 11
13.517543859649354 11
13.54385964912304 25
13.561403508772162 24
13.614035087719532 11
13.65789473684234 40
13.71052631578971 11
13.771929824561642 4
13.807017543859889 11
13.850877192982697 22
13.850877192982697 56
13.877192982456382 44
13.903508771930067 11
13.92105263157919 7
13.964912280701999 3
13.982456140351122 12
14.000000000000245 11
14.02631578947393 37
14.0789473684213 6
14.096491228070423 11
14.192982456140601 11
14.280701754386218 54
14.28947368421078 11
14.28947368421078 15
14.307017543859903 36
14.359649122807273 24
14.385964912280958 11
14.403508771930081 57
14.421052631579204 51
14.482456140351136 11
14.578947368421314 11
14.578947368421314 41
14.675438596491492 11
14.736842105263424 7
14.754385964912547 2
14.77192982456167 11
14.807017543859917 6
14.815789473684479 46
14.850877192982725 14
14.850877192982725 25
14.868421052631849 11
14.964912280702027 11
15.061403508772205 11
15.061403508772205 48
15.157894736842383 11
15.157894736842383 24
15.201754385965192 47
15.210526315789753 34
15.289473684210808 3
15.29824561403537 43
15.307017543859931 27
15.324561403509055 28
15.359649122807301 45
15.385964912280986 36
15.438596491228356 10
15.438596491228356 11
15.491228070175726 12
15.500000000000288 15
15.535087719298534 6
15.535087719298534 11
15.552631578947658 7
15.578947368421343 50
15.61403508771959 26
15.622807017544151 20
15.631578947368713 11
15.72807017543889 11
15.763157894737137 44
15.824561403509069 11
15.903508771930124 4
15.921052631579247 11
15.956140350877494 24
16.017543859649425 11
16.114035087719603 11
16.15789473684241 25
16.184210526316097 16
16.21052631578978 11
16.228070175438905 0
16.236842105263467 52
16.25438596491259 17
16.26315789473715 6
16.30701754385996 11
16.35964912280733 7
16.403508771930138 11
16.42105263157926 42
16.438596491228385 1
16.46491228070207 36
16.500000000000316 11
16.552631578947686 46
16.596491228070494 11
16.596491228070494 41
16.614035087719618 3
16.666666666666988 8
16.692982456140673 11
16.710526315789796 15
16.745614035088042 9
16.754385964912604 24
16.78947368421085 11
16.807017543859974 38
16.88596491228103 11
16.982456140351207 11
16.99122807017577 6
17.008771929824892 43
17.078947368421385 11
17.078947368421385 47
17.166666666667002 7
17.175438596491563 11
17.184210526316125 55
17.228070175438933 30
17.27192982456174 11
17.36842105263192 11
17.412280701754728 32
17.42982456140385 33
17.464912280702098 11
17.464912280702098 25
17.500000000000345 48
17.543859649123153 36
17.552631578947715 24
17.561403508772276 11
17.657894736842454 11
17.719298245614386 6
17.754385964912633 11
17.815789473684564 39
17.85087719298281 11
17.912280701754742 23
17.921052631579304 15
17.938596491228427 3
17.94736842105299 11
17.964912280702112 12
17.973684210526674 7
18.026315789474044 19
18.035087719298605 4
18.043859649123167 11
18.06140350877229 20
18.096491228070537 42
18.1052631578951 27
18.140350877193345 11
18.175438596491592 22
18.236842105263523 11
18.245614035088085 2
18.3333333333337 11
18.350877192982825 24
18.359649122807387 14
18.42982456140388 11
18.447368421053003 6
18.526315789474058 11
18.622807017544236 11
18.622807017544236 36
18.64912280701792 9
18.666666666667044 49
18.675438596491606 5
18.719298245614414 11
18.728070175438976 17
18.771929824561784 5
18.771929824561784 25
18.780701754386346 7
18.815789473684593 11
18.833333333333716 56
18.85087719298284 29
18.885964912281086 0
18.91228070175477 11
18.921052631579332 46
18.947368421053017 47
18.982456140351264 16
18.982456140351264 54
19.00877192982495 11
19.035087719298634 37
19.096491228070565 12
19.105263157895127 11
19.131578947368812 15
19.149122807017935 24
19.17543859649162 6
19.201754385965305 11
19.210526315789867 51
19.236842105263552 50
19.263157894737237 3
19.263157894737237 35
19.298245614035483 11
19.33333333333373 57
19.39473684210566 11
19.42982456140391 34
19.49122807017584 11
19.535087719298648 48
19.587719298246018 7
19.587719298246018 11
19.622807017544265 41
19.666666666667073 42
19.684210526316196 11
19.70175438596532 36
19.76315789473725 17
19.780701754386374 11
19.877192982456553 11
19.903508771930237 6
19.9122807017548 30
19.947368421053046 24
19.97368421052673 11
20.000000000000416 31
20.008771929824977 40
20.07017543859691 11
20.07894736842147 25
20.166666666667087 4
20.166666666667087 11
20.166666666667087 43
20.22807017543902 12
20.263157894737265 11
20.34210526315832 15
20.359649122807443 11
20.359649122807443 28
20.39473684210569 7
20.421052631579375 9
20.45614035087762 11
20.482456140351307 44
20.49122807017587 8
20.50000000000043 20
20.543859649123238 46
20.5526315789478 11
20.587719298246046 3
20.622807017544293 17
20.631578947368855 6
20.649122807017978 11
20.745614035088156 11
20.745614035088156 24
20.780701754386403 36
20.789473684210964 52
20.81578947368465 47
20.842105263158334 11
20.92982456140395 42
20.938596491228513 11
20.938596491228513 27
21.03508771929869 11
21.13157894736887 11
21.201754385965362 7
21.228070175439047 11
21.24561403508817 44
21.315789473684664 5
21.324561403509225 11
21.359649122807472 0
21.359649122807472 6
21.359649122807472 12
21.385964912281157 25
21.421052631579403 11
21.438596491228527 55
21.46491228070221 17
21.473684210526773 32
21.51754385964958 11
21.535087719298705 48
21.543859649123267 24
21.552631578947828 15
21.61403508771976 11
21.61403508771976 23
21.640350877193445 50
21.710526315789938 11
21.736842105263623 2
21.78070175438643 16
21.807017543860116 11
21.859649122807486 14
21.859649122807486 36
21.87719298245661 53
21.903508771930294 11
21.912280701754856 3
22.000000000000473 11
22.008771929825034 7
22.08771929824609 6
22.08771929824609 43
22.09649122807065 11
22.131578947368897 9
22.157894736842582 46
22.19298245614083 11
22.271929824561884 42
22.289473684211007 11
22.29824561403557 4
22.29824561403557 17
22.342105263158377 24
22.35087719298294 1
22.377192982456624 30
22.385964912281185 11
22.421052631579432 39
22.482456140351363 11
22.491228070175925 12
22.491228070175925 12
22.491228070175925 22
22.57894736842154 11
22.649122807018035 5
22.67543859649172 11
22.67543859649172 51
22.68421052631628 47
22.692982456140843 25
22.692982456140843 26
22.72807017543909 10
22.763157894737336 15
22.771929824561898 11
22.815789473684706 6
22.815789473684706 7
22.868421052632076 11
22.93859649122857 20
22.93859649122857 36
22.964912280702254 11
22.964912280702254 41
23.061403508772433 11
23.114035087719802 56
23.122807017544364 17
23.140350877193487 24
23.15789473684261 11
23.236842105263666 3
23.245614035088227 49
23.25438596491279 11
23.350877192982967 11
23.447368421053145 11
23.482456140351392 8
23.482456140351392 38
23.508771929825077 54
23.51754385964964 48
23.543859649123323 6
23.543859649123323 11
23.614035087719817 27
23.62280701754438 7
23.62280701754438 12
23.6403508771935 11
23.6403508771935 46
23.73684210526368 11
23.833333333333858 11
23.85087719298298 9
23.929824561404036 11
23.938596491228598 24
23.94736842105316 17
23.973684210526844 15
24.00000000000053 25
24.017543859649653 36
24.026315789474214 11
24.035087719298776 43
24.043859649123338 37
24.043859649123338 50
24.122807017544392 11
24.184210526316324 33
24.21929824561457 11
24.254385964912817 42
24.26315789473738 57
24.27192982456194 6
24.31578947368475 11
24.31578947368475 34
24.412280701754927 11
24.42982456140405 4
24.42982456140405 7
24.508771929825105 11
24.552631578947913 47
24.561403508772475 3
24.5789473684216 16
24.605263157895283 11
24.70175438596546 11
24.719298245614585 30
24.736842105263708 24
24.75438596491283 12
24.771929824561955 17
24.79824561403564 11
24.842105263158448 44
24.894736842105818 11
24.91228070175494 46
24.929824561404065 0
24.991228070175996 11
25.000000000000558 6
25.087719298246174 11
25.096491228070736 36
25.140350877193544 5
25.184210526316352 11
25.184210526316352 15
25.22807017543916 2
25.236842105263722 7
25.27192982456197 39
25.27192982456197 44
25.28070175438653 11
25.307017543860216 25
25.32456140350934 23
25.359649122807586 14
25.368421052632147 20
25.37719298245671 11
25.394736842105832 28
25.447368421053202 40
25.473684210526887 11
25.53508771929882 24
25.53508771929882 32
25.53508771929882 48
25.561403508772504 9
25.570175438597065 11
25.59649122807075 17
25.666666666667243 11
25.69298245614093 42
25.728070175439175 6
25.736842105263737 43
25.76315789473742 11
25.798245614035668 41
25.8596491228076 11
25.885964912281285 3
25.885964912281285 12
25.894736842105846 29
25.956140350877778 1
25.956140350877778 11
25.982456140351463 35
26.043859649123394 7
26.052631578947956 11
26.149122807018134 11
26.17543859649182 36
26.245614035088312 11
26.263157894737436 55
26.307017543860244 19
26.307017543860244 49
26.33333333333393 24
26.33333333333393 27
26.34210526315849 11
26.39473684210586 15
26.421052631579546 17
26.421052631579546 47
26.43859649122867 11
26.44736842105323 50
26.456140350877792 6
26.535087719298847 11
26.561403508772532 4
26.570175438597094 52
26.578947368421655 51
26.60526315789534 57
26.614035087719902 25
26.631578947369025 11
26.728070175439203 11
26.789473684211135 56
26.798245614035697 44
26.80701754386026 22
26.80701754386026 42
26.82456140350938 11
26.850877192983067 7
26.92105263157956 11
27.017543859649738 11
27.017543859649738 12
27.0263157894743 30
27.114035087719916 11
27.13157894736904 24
27.18421052631641 6
27.210526315790094 3
27.210526315790094 11
27.24561403508834 17
27.254385964912903 36
27.29824561403571 43
27.307017543860272 11
27.333333333333957 9
27.333333333333957 44
27.377192982456766 16
27.40350877193045 11
27.421052631579574 46
27.50000000000063 11
27.50877192982519 26
27.517543859649752 48
27.596491228070807 11
27.60526315789537 15
27.6666666666673 7
27.692982456140985 11
27.789473684211163 11
27.798245614035725 20
27.807017543860287 29
27.83333333333397 10
27.88596491228134 11
27.912280701755027 6
27.921052631579588 25
27.92982456140415 24
27.98245614035152 11
28.070175438597136 17
28.078947368421698 11
28.14912280701819 12
28.175438596491876 11
28.271929824562054 11
28.289473684211178 47
28.315789473684863 0
28.333333333333986 36
28.333333333333986 44
28.368421052632232 11
28.46491228070241 11
28.473684210526972 7
28.51754385964978 34
28.535087719298904 3
28.56140350877259 11
28.61403508771996 42
28.640350877193644 6
28.657894736842767 11
28.692982456141014 4
28.7192982456147 2
28.72807017543926 24
28.754385964912945 11
28.763157894737507 38
28.78070175438663 27
28.815789473684877 15
28.815789473684877 43
28.850877192983123 11
28.850877192983123 50
28.859649122807685 14
28.89473684210593 17
28.9473684210533 11
29.04385964912348 9
29.04385964912348 11
29.05263157894804 37
29.114035087719973 54
29.140350877193658 11
29.140350877193658 23
29.140350877193658 23
29.175438596491905 41
29.228070175439274 25
29.236842105263836 11
29.271929824562083 57
29.280701754386644 7
29.280701754386644 12
29.31578947368489 52
29.324561403509453 30
29.333333333334014 11
29.36842105263226 6
29.36842105263226 49
29.385964912281384 33
29.394736842105946 5
29.41228070175507 36
29.429824561404192 11
29.500000000000686 48
29.52631578947437 11
29.52631578947437 24
29.57894736842174 55
29.596491228070864 32
29.596491228070864 39
29.62280701754455 11
29.710526315790165 5
29.719298245614727 11
29.719298245614727 17
29.72807017543929 42
29.815789473684905 11
29.859649122807713 3
29.912280701755083 11
30.00877192982526 11
30.026315789474385 15
30.087719298246316 7
30.096491228070878 6
30.10526315789544 11
30.15789473684281 47
30.175438596491933 16
30.201754385965618 11
30.228070175439303 20
30.298245614035796 11
30.307017543860358 46
30.32456140350948 24
30.394736842105974 11
30.412280701755098 12
30.42982456140422 28
30.491228070176152 11
30.491228070176152 36
30.53508771929896 25
30.543859649123522 17
30.58771929824633 11
30.68421052631651 11
30.763157894737564 9
30.780701754386687 11
30.824561403509495 4
30.824561403509495 6
30.877192982456865 11
30.90350877193055 7
30.95614035087792 44
30.973684210527043 11
31.00000000000073 0
31.07017543859722 11
31.07017543859722 35
31.12280701754459 22
31.12280701754459 24
31.1666666666674 11
31.184210526316523 3
31.22807017543933 27
31.236842105263893 15
31.254385964913016 50
31.263157894737578 11
31.359649122807756 11
31.368421052632318 17
31.456140350877934 11
31.48245614035162 43
31.49122807017618 48
31.54385964912355 12
31.552631578948112 6
31.552631578948112 11
31.570175438597236 36
31.614035087720044 30
31.64912280701829 11
31.710526315790222 7
31.74561403508847 11
31.789473684211277 10
31.842105263158647 11
31.842105263158647 25
31.885964912281455 26
31.894736842106017 44
31.921052631579702 24
31.938596491228825 11
31.96491228070251 41
32.00000000000075 42
32.02631578947444 47
32.035087719299 11
32.13157894736918 11
32.19298245614111 17
32.21052631579023 2
32.228070175439356 11
32.25438596491304 46
32.280701754386726 6
32.324561403509534 11
32.35964912280778 14
32.42105263157971 11
32.429824561404274 49
32.4473684210534 15
32.4473684210534 51
32.47368421052708 9
32.50877192982533 3
32.51754385964989 7
32.51754385964989 11
32.61403508772007 11
32.649122807018315 36
32.65789473684288 20
32.675438596492 12
32.68421052631656 8
32.71052631579025 11
32.71052631579025 34
32.71929824561481 24
32.77192982456218 56
32.807017543860425 11
32.86842105263236 55
32.88596491228148 23
32.9035087719306 11
32.95614035087797 4
32.9736842105271 16
33.00000000000078 11
33.00877192982534 6
33.017543859649905 17
33.0877192982464 43
33.09649122807096 11
33.11403508772008 42
33.14912280701833 25
33.15789473684289 39
33.19298245614114 11
33.289473684211316 11
33.32456140350956 7
33.385964912281494 11
33.48245614035167 11
33.48245614035167 29
33.48245614035167 48
33.51754385964992 24
33.57894736842185 11
33.649122807018344 0
33.657894736842906 15
33.657894736842906 50
33.67543859649203 11
33.67543859649203 27
33.7280701754394 36
33.73684210526396 6
33.77192982456221 11
33.807017543860454 12
33.83333333333414 3
33.8421052631587 17
33.868421052632385 11
33.87719298245695 41
33.89473684210607 47
33.96491228070256 11
33.99122807017625 40
34.06140350877274 11
34.06140350877274 37
34.09649122807099 57
34.131578947369235 7
34.15789473684292 11
34.17543859649204 9
34.22807017543941 42
34.22807017543941 54
34.236842105263975 53
34.2543859649131 11
34.31578947368503 24
34.33333333333415 30
34.350877192983276 11
34.394736842106084 46
34.447368421053454 11
34.456140350878016 25
34.46491228070258 6
34.54385964912363 11
34.552631578948194 32
34.596491228071 33
34.64035087719381 11
34.666666666667496 17
34.73684210526399 11
34.80701754386048 36
34.824561403509605 38
34.83333333333417 11
34.84210526315873 44
34.868421052632414 15
34.868421052632414 43
34.929824561404345 11
34.93859649122891 7
34.93859649122891 12
35.02631578947452 11
35.087719298246455 4
35.087719298246455 20
35.11403508772014 24
35.1228070175447 11
35.15789473684295 3
35.192982456141195 6
35.21929824561488 11
35.31578947368506 11
35.34210526315874 42
35.403508771930674 44
35.412280701755236 11
35.43859649122892 22
35.456140350878044 48
35.464912280702606 28
35.47368421052717 1
35.49122807017629 17
35.49122807017629 49
35.508771929825414 11
35.60526315789559 11
35.70175438596577 2
35.70175438596577 11
35.73684210526402 10
35.74561403508858 7
35.7631578947377 25
35.7631578947377 47
35.771929824562264 16
35.79824561403595 11
35.85964912280788 14
35.885964912281565 9
35.885964912281565 36
35.89473684210613 11
35.91228070175525 24
35.92105263157981 6
35.97368421052718 44
35.991228070176305 11
36.0614035087728 50
36.07017543859736 12
36.07017543859736 52
36.07894736842192 15
36.08771929824648 11
36.096491228071045 46
36.18421052631666 11
36.18421052631666 31
36.28070175438684 11
36.28070175438684 27
36.315789473685086 17
36.37719298245702 11
36.421052631579826 41
36.45614035087807 42
36.473684210527196 11
36.48245614035176 3
36.517543859650004 1
36.517543859650004 57
36.56140350877281 7
36.570175438597374 11
36.578947368421936 23
36.60526315789562 30
36.64035087719387 43
36.64912280701843 6
36.66666666666755 11
36.69298245614124 26
36.71052631579036 24
36.76315789473773 11
36.780701754386854 56
36.85964912280791 11
36.90350877193072 34
36.90350877193072 39
36.95614035087809 11
36.96491228070265 36
37.052631578948265 11
37.07017543859739 25
37.14035087719388 17
37.14912280701844 11
37.20175438596581 12
37.21929824561494 4
37.24561403508862 11
37.28947368421143 15
37.3421052631588 11
37.377192982457046 6
37.377192982457046 7
37.43859649122898 11
37.43859649122898 48
37.473684210527225 44
37.50877192982547 24
37.51754385965003 20
37.535087719299156 11
37.5701754385974 42
37.59649122807109 9
37.60526315789565 35
37.631578947369334 11
37.631578947369334 47
37.692982456141266 0
37.72807017543951 11
37.80701754386057 3
37.82456140350969 11
37.92105263157987 11
37.96491228070268 17
38.01754385965005 11
38.04385964912373 36
38.07894736842198 44
38.10526315789566 6
38.114035087720225 11
38.18421052631672 7
38.20175438596584 46
38.2105263157904 11
38.30701754386058 11
38.30701754386058 24
38.33333333333427 12
38.377192982457075 25
38.40350877193076 11
38.46491228070269 50
38.50000000000094 11
38.50000000000094 15
38.55263157894831 49
38.57017543859743 16
38.596491228071116 11
38.61403508772024 32
38.649122807018486 54
38.692982456141294 11
38.72807017543954 27
38.78947368421147 11
38.78947368421147 17
38.83333333333428 6
38.87719298245709 30
38.88596491228165 11
38.88596491228165 51
38.98245614035183 11
38.99122807017639 7
39.070175438597445 37
39.07894736842201 11
39.08771929824657 57
39.10526315789569 24
39.122807017544815 36
39.13157894736938 3
39.175438596492185 11
39.175438596492185 33
39.19298245614131 2
39.19298245614131 52
39.23684210526412 42
39.27192982456236 11
39.30701754386061 9
39.35087719298342 4
39.35964912280798 14
39.36842105263254 11
39.46491228070272 11
39.46491228070272 12
39.46491228070272 48
39.500000000000966 47
39.5614035087729 6
39.5614035087729 11
39.61403508772027 17
39.657894736843076 8
39.657894736843076 11
39.68421052631676 10
39.68421052631676 25
39.710526315790446 15
39.754385964913254 11
39.754385964913254 22
39.77192982456238 1
39.79824561403606 7
39.85087719298343 11
39.89473684210624 46
39.9035087719308 24
39.94736842105361 11
39.94736842105361 20
40.04385964912379 11
40.070175438597474 0
40.14035087719397 11
40.2017543859659 36
40.236842105264145 11
40.25438596491327 39
40.289473684211515 6
40.29824561403608 23
40.33333333333432 11
40.4298245614045 11
40.43859649122906 17
40.45614035087819 3
40.500000000000995 28
40.52631578947468 11
40.59649122807117 12
40.59649122807117 41
40.605263157895735 7
40.62280701754486 11
40.64035087719398 42
40.70175438596591 24
40.719298245615036 11
40.815789473685214 11
40.868421052632584 50
40.91228070175539 11
40.921052631579954 15
40.99122807017645 25
40.99122807017645 43
41.00000000000101 1
41.00877192982557 9
41.00877192982557 11
41.01754385965013 6
41.09649122807119 34
41.10526315789575 11
41.20175438596593 11
41.20175438596593 55
41.245614035088735 27
41.26315789473786 17
41.28070175438698 36
41.298245614036105 11
41.3684210526326 16
41.3684210526326 47
41.39473684210628 11
41.39473684210628 40
41.41228070175541 7
41.43859649122909 48
41.44736842105365 26
41.4824561403519 4
41.49122807017646 11
41.50000000000102 24
41.508771929825585 46
41.58771929824664 11
41.614035087720325 49
41.666666666667695 53
41.68421052631682 11
41.68421052631682 31
41.728070175439626 12
41.728070175439626 30
41.74561403508875 6
41.75438596491331 42
41.780701754386996 3
41.780701754386996 11
41.877192982457174 11
41.90350877193086 29
41.97368421052735 11
42.02631578947472 8
42.07017543859753 11
42.087719298246654 17
42.13157894736946 15
42.16666666666771 11
42.21052631579052 19
42.21929824561508 7
42.26315789473789 11
42.298245614036134 24
42.298245614036134 25
42.359649122808065 11
42.359649122808065 36
42.37719298245719 20
42.45614035087824 11
42.47368421052737 6
42.54385964912386 52
42.55263157894842 11
42.6491228070186 11
42.675438596492285 32
42.684210526316846 2
42.69298245614141 43
42.71052631579053 9
42.74561403508878 11
42.842105263158956 11
42.85964912280808 12
42.85964912280808 14
42.86842105263264 42
42.91228070175545 17
42.938596491229134 11
42.98245614035194 46
43.02631578947475 7
43.03508771929931 11
43.07894736842212 0
43.096491228071244 24
43.105263157895806 3
43.13157894736949 11
43.201754385965984 6
43.21929824561511 45
43.22807017543967 11
43.23684210526423 47
43.27192982456248 50
43.32456140350985 11
43.34210526315897 15
43.41228070175546 48
43.421052631580025 11
43.43859649122915 36
43.5175438596502 11
43.59649122807126 38
43.60526315789582 25
43.61403508772038 4
43.61403508772038 11
43.61403508772038 33
43.631578947369505 10
43.65789473684319 44
43.71052631579056 11
43.736842105264245 17
43.75438596491337 54
43.789473684211615 1
43.80701754386074 11
43.83333333333442 7
43.894736842106354 24
43.903508771930916 11
43.9298245614046 6
43.93859649122916 35
43.956140350878286 27
43.98245614035197 23
43.98245614035197 42
43.99122807017653 12
44.000000000001094 11
44.000000000001094 30
44.000000000001094 39
44.07017543859759 22
44.07894736842215 37
44.09649122807127 11
44.166666666667766 16
44.19298245614145 11
44.28947368421163 11
44.30701754386075 44
44.38596491228181 11
44.421052631580054 9
44.429824561404615 3
44.482456140351985 11
44.49122807017655 56
44.51754385965023 36
44.54385964912392 15
44.54385964912392 51
44.56140350877304 17
44.57894736842216 11
44.587719298246725 43
44.640350877194095 7
44.65789473684322 6
44.65789473684322 57
44.67543859649234 11
44.67543859649234 49
44.692982456141465 24
44.77192982456252 11
44.807017543860766 20
44.8684210526327 11
44.8684210526327 55
44.912280701755506 25
44.964912280702876 11
45.061403508773054 11
45.0964912280713 42
45.10526315789586 44
45.10526315789586 47
45.122807017544986 12
45.15789473684323 11
45.25438596491341 11
45.28947368421166 34
45.35087719298359 11
45.385964912281835 6
45.385964912281835 17
45.385964912281835 48
45.44736842105377 11
45.45614035087833 7
45.491228070176575 24
45.51754385965026 0
45.52631578947482 41
45.53508771929938 5
45.53508771929938 28
45.543859649123945 11
45.596491228071315 36
45.64035087719412 11
45.67543859649237 50
45.7368421052643 11
45.74561403508886 4
45.74561403508886 46
45.754385964913425 3
45.754385964913425 15
45.83333333333448 11
45.92982456140466 11
46.026315789474836 11
46.11403508772045 6
46.122807017545014 11
46.131578947369576 9
46.15789473684326 26
46.175438596492384 2
46.21052631579063 17
46.21052631579063 42
46.21929824561519 11
46.21929824561519 25
46.25438596491344 12
46.263157894738 7
46.280701754387124 30
46.289473684211686 24
46.31578947368537 11
46.35964912280818 14
46.40350877193099 27
46.41228070175555 11
46.50877192982573 11
46.605263157895905 11
46.6754385964924 1
46.6754385964924 36
46.70175438596608 11
46.79824561403626 11
46.84210526315907 6
46.868421052632755 58
46.89473684210644 11
46.96491228070293 15
46.96491228070293 16
46.973684210527495 47
46.99122807017662 11
47.035087719299426 17
47.07017543859767 7
47.078947368422234 3
47.087719298246796 11
47.087719298246796 24
47.184210526316974 11
47.236842105264344 20
47.27192982456259 39
47.28070175438715 11
47.32456140350996 42
47.36842105263277 48
47.37719298245733 11
47.38596491228189 12
47.47368421052751 11
47.52631578947488 25
47.57017543859769 6
47.57017543859769 11
47.57894736842225 10
47.666666666667865 11
47.70175438596611 23
47.73684210526436 49
47.75438596491348 36
47.76315789473804 11
47.771929824562605 44
47.78070175438717 52
47.8421052631591 9
47.85964912280822 11
47.85964912280822 17
47.877192982457345 4
47.885964912281906 7
47.885964912281906 8
47.885964912281906 24
47.9561403508784 11
47.97368421052752 53
48.05263157894858 11
48.05263157894858 32
48.07894736842226 50
48.096491228071386 33
48.096491228071386 41
48.149122807018756 11
48.17543859649244 15
48.192982456141564 54
48.245614035088934 11
48.298245614036304 6
48.298245614036304 43
48.32456140350999 51
48.34210526315911 11
48.38596491228192 22
48.403508771931044 3
48.43859649122929 11
48.43859649122929 42
48.517543859650345 12
48.53508771929947 11
48.63157894736965 11
48.68421052631702 17
48.68421052631702 24
48.69298245614158 7
48.728070175439825 11
48.82456140351 11
48.833333333334565 25
48.833333333334565 36
48.84210526315913 47
48.85964912280825 27
48.92105263158018 11
48.92105263158018 29
48.96491228070299 35
49.01754385965036 11
49.02631578947492 6
49.052631578948606 46
49.08771929824685 37
49.11403508772054 11
49.210526315790716 11
49.307017543860894 11
49.38596491228195 15
49.39473684210651 48
49.40350877193107 11
49.48245614035213 24
49.48245614035213 34
49.50000000000125 7
49.50000000000125 11
49.50877192982581 17
49.54385964912406 9
49.55263157894862 42
49.59649122807143 11
49.6491228070188 12
49.66666666666792 2
49.66666666666792 20
49.675438596492484 30
49.69298245614161 11
49.72807017543985 3
49.75438596491354 6
49.7631578947381 16
49.789473684211785 11
49.85964912280828 14
49.88596491228196 11
49.91228070175565 36
49.947368421053895 55
49.98245614035214 11
50.008771929825826 4
50.008771929825826 43
50.07894736842232 11
50.09649122807144 0
50.14035087719425 25
50.1754385964925 11
50.271929824562676 11
50.28070175438724 24
50.30701754386092 7
50.324561403510046 17
50.368421052632854 11
50.46491228070303 11
50.482456140352156 6
50.482456140352156 50
50.56140350877321 11
50.57017543859777 28
50.59649122807146 15
50.640350877194265 26
50.65789473684339 11
50.66666666666795 42
50.71052631579076 47
50.75438596491357 11
50.78070175438725 12
50.8157894736855 49
50.850877192983745 11
50.94736842105392 11
50.99122807017673 36
51.0438596491241 11
51.05263157894866 3
51.07894736842235 24
51.114035087720595 7
51.14035087719428 11
51.14912280701884 17
51.1578947368434 44
51.21052631579077 6
51.23684210526446 11
51.25438596491358 9
51.30701754386095 27
51.333333333334636 11
51.377192982457444 48
51.42105263158025 23
51.429824561404814 11
51.44736842105394 25
51.46491228070306 43
51.52631578947499 10
51.52631578947499 11
51.62280701754517 11
51.66666666666798 57
51.6842105263171 46
51.71929824561535 11
51.78070175438728 42
51.798245614036404 38
51.807017543860965 15
51.81578947368553 11
51.87719298245746 24
51.912280701755705 11
51.912280701755705 12
51.92105263158027 7
51.93859649122939 6
51.95614035087851 30
51.97368421052764 17
51.97368421052764 41
52.00877192982588 11
52.070175438597815 36
52.070175438597815 53
52.0964912280715 20
52.10526315789606 11
52.14035087719431 4
52.20175438596624 11
52.20175438596624 32
52.29824561403642 11
52.37719298245747 3
52.394736842106596 11
52.447368421053966 0
52.491228070176774 11
52.500000000001336 33
52.56140350877327 16
52.57894736842239 47
52.58771929824695 11
52.63157894736976 8
52.66666666666801 6
52.67543859649257 24
52.68421052631713 11
52.701754385966254 22
52.701754385966254 22
52.72807017543994 7
52.754385964913624 25
52.78070175438731 11
52.79824561403643 17
52.87719298245749 11
52.88596491228205 50
52.89473684210661 42
52.95614035087854 9
52.973684210527665 11
52.99122807017679 51
53.01754385965047 15
53.01754385965047 52
53.04385964912416 12
53.07017543859784 11
53.1491228070189 36
53.15789473684346 2
53.16666666666802 11
53.2631578947382 11
53.35964912280838 11
53.35964912280838 14
53.394736842106624 6
53.403508771931186 48
53.447368421053994 5
53.456140350878556 11
53.47368421052768 24
53.53508771929961 7
53.552631578948734 11
53.62280701754523 17
53.64912280701891 11
53.6754385964926 34
53.70175438596628 3
53.74561403508909 11
53.75438596491365 27
53.80701754386102 55
53.84210526315927 11
53.85087719298383 46
53.88596491228208 1
53.89473684210664 49
53.93859649122945 11
54.035087719299625 11
54.04385964912419 29
54.06140350877331 25
54.087719298246995 39
54.09649122807156 37
54.12280701754524 6
54.1315789473698 11
54.140350877194365 57
54.17543859649261 12
54.2017543859663 35
54.22807017543998 11
54.22807017543998 15
54.22807017543998 36
54.23684210526454 30
54.27192982456279 4
54.27192982456279 24
54.32456140351016 11
54.34210526315928 7
54.42105263158034 11
54.43859649122946 54
54.44736842105402 17
54.44736842105402 47
54.517543859650516 11
54.52631578947508 20
54.614035087720694 11
54.6578947368435 9
54.71052631579087 11
54.73684210526456 41
54.74561403508912 43
54.75438596491368 42
54.80701754386105 11
54.85087719298386 6
54.90350877193123 11
54.96491228070316 44
55.00000000000141 11
55.02631578947509 3
55.03508771929965 26
55.0701754385979 24
55.096491228071585 11
55.13157894736983 5
55.14035087719439 23
55.15789473684352 7
55.1842105263172 29
55.19298245614176 11
55.27192982456282 17
55.28947368421194 11
55.28947368421194 50
55.307017543861065 12
55.307017543861065 36
55.359649122808435 16
55.368421052632996 25
55.38596491228212 11
55.38596491228212 48
55.43859649122949 15
55.473684210527736 0
55.473684210527736 10
55.4824561403523 11
55.4824561403523 46
55.578947368422476 6
55.578947368422476 11
55.60526315789616 28
55.675438596492654 11
55.684210526317216 44
55.77192982456283 11
55.86842105263301 11
55.86842105263301 24
55.86842105263301 42
55.96491228070319 7
55.96491228070319 11
56.06140350877337 11
56.08771929824705 45
56.09649122807161 17
56.157894736843545 11
56.20175438596635 27
56.25438596491372 11
56.30701754386109 6
56.30701754386109 47
56.3508771929839 3
56.3508771929839 11
56.35964912280846 51
56.368421052633025 9
56.38596491228215 36
56.40350877193127 4
56.43859649122952 12
56.44736842105408 11
56.51754385965057 30
56.54385964912426 11
56.640350877194436 11
56.649122807019 2
56.649122807019 15
56.66666666666812 24
56.67543859649268 25
56.736842105264614 11
56.77192982456286 7
56.83333333333479 11
56.85964912280848 14
56.92105263158041 17
56.92982456140497 11
56.956140350878655 20
56.97368421052778 49
56.98245614035234 57
57.01754385965059 22
57.02631578947515 11
57.03508771929971 6
57.07017543859796 39
57.12280701754533 11
57.219298245615505 11
57.31578947368568 11
57.324561403510245 55
57.36842105263305 48
57.41228070175586 11
57.46491228070323 24
57.46491228070323 36
57.50877192982604 11
57.535087719299725 32
57.56140350877341 38
57.57017543859797 12
57.57894736842253 7
57.60526315789622 11
57.60526315789622 33
57.67543859649271 3
57.692982456141834 50
57.692982456141834 53
57.701754385966396 11
57.745614035089204 17
57.76315789473833 6
57.798245614036574 11
57.859649122808506 0
57.859649122808506 15
57.86842105263307 34
57.89473684210675 11
57.98245614035237 25
57.99122807017693 11
58.07894736842255 9
58.08771929824711 11
58.1578947368436 16
58.175438596492725 47
58.18421052631729 11
58.24561403508922 5
58.26315789473834 24
58.280701754387465 11
58.37719298245764 11
58.385964912282205 7
58.42105263158045 42
58.47368421052782 11
58.491228070176945 6
58.53508771929975 4
58.543859649124315 36
58.570175438598 11
58.570175438598 17
58.649122807019054 27
58.66666666666818 11
58.69298245614186 41
58.701754385966424 12
58.710526315790986 1
58.71929824561555 43
58.763157894738356 11
58.7982456140366 30
58.83333333333485 40
58.85087719298397 58
58.859649122808534 11
58.859649122808534 23
58.95614035087871 11
59.00000000000152 3
59.05263157894889 11
59.06140350877345 24
59.070175438598014 15
59.10526315789626 37
59.14912280701907 11
59.19298245614188 7
59.21929824561556 6
59.22807017544012 56
59.24561403508925 11
59.289473684212055 25
59.30701754386118 54
59.342105263159425 11
59.342105263159425 48
59.38596491228223 20
59.394736842106795 17
59.42105263158048 10
59.42982456140504 26
59.4385964912296 11
59.53508771929978 11
59.53508771929978 42
59.6228070175454 36
59.63157894736996 11
59.69298245614189 51
59.72807017544014 11
59.78947368421207 9
59.824561403510316 11
59.83333333333488 12
59.83333333333488 12
59.850877192984 29
59.85964912280856 24
59.921052631580494 11
59.94736842105418 6
