0.008771929824561403 11
0.043859649122807015 14
0.043859649122807015 22
0.05263157894736842 35
0.07017543859649122 53
0.09649122807017543 32
0.11403508771929824 55
0.15789473684210525 15
0.17543859649122806 12
0.17543859649122806 58
0.21929824561403508 3
0.26315789473684215 36
0.2719298245614036 44
0.29824561403508787 9
0.3070175438596493 7
0.31578947368421073 6
0.32456140350877216 2
0.3859649122807022 28
0.41228070175438647 23
0.41228070175438647 25
0.42982456140350933 24
0.4824561403508779 42
0.5438596491228079 17
0.5614035087719308 16
0.6140350877192994 1
0.6842105263157908 48
0.6842105263157908 52
0.7456140350877208 39
0.7543859649122823 47
0.8333333333333351 26
0.8859649122807037 46
1.017543859649125 27
1.0438596491228094 6
1.1052631578947394 43
1.1315789473684237 7
1.2105263157894766 33
1.219298245614038 57
1.2280701754385994 24
1.2456140350877223 34
1.2894736842105294 38
1.3070175438596523 36
1.342105263157898 30
1.4298245614035123 15
1.6754385964912324 4
1.7192982456140395 12
1.728070175438601 11
1.7719298245614081 6
1.8245614035087767 3
1.8421052631578996 44
1.9035087719298296 56
1.9473684210526367 7
2.0000000000000053 10
2.026315789473689 24
2.1403508771929847 5
2.289473684210525 41
2.3070175438596476 20
2.3421052631578925 46
2.3508771929824537 31
2.3508771929824537 36
2.4649122807017494 17
2.491228070175433 25
2.4999999999999942 6
2.5438596491228003 5
2.570175438596484 54
2.622807017543851 47
2.657894736842096 5
2.701754385964902 15
2.7280701754385857 11
2.7543859649122693 9
2.7631578947368305 7
2.824561403508759 24
2.912280701754371 42
3.157894736842085 3
3.2280701754385746 6
3.2719298245613806 1
3.3947368421052375 36
3.464912280701727 55
3.5263157894736556 12
3.5526315789473393 37
3.578947368421023 7
3.578947368421023 11
3.5964912280701453 14
3.622807017543829 24
3.63157894736839 29
3.657894736842074 30
3.6842105263157574 11
3.710526315789441 52
3.789473684210492 11
3.789473684210492 27
3.8070175438596143 4
3.8157894736841755 2
3.842105263157859 25
3.885964912280665 11
3.956140350877155 6
3.9736842105262773 15
3.9824561403508385 11
4.0350877192982075 57
4.078947368421016 11
4.131578947368386 48
4.175438596491194 11
4.2368421052631255 44
4.245614035087687 46
4.271929824561372 11
4.36842105263155 11
4.394736842105235 7
4.403508771929797 22
4.438596491228044 36
4.4649122807017285 11
4.4912280701754135 3
4.499999999999975 47
4.535087719298222 39
4.561403508771907 11
4.657894736842085 11
4.675438596491208 24
4.68421052631577 6
4.754385964912263 11
4.763157894736825 16
4.780701754385948 12
4.807017543859633 32
4.850877192982441 11
4.8684210526315645 17
4.877192982456126 40
4.947368421052619 11
5.043859649122798 11
5.061403508771921 44
5.140350877192976 11
5.192982456140346 25
5.210526315789469 7
5.236842105263154 11
5.245614035087716 15
5.245614035087716 42
5.2982456140350855 1
5.333333333333332 11
5.333333333333332 28
5.412280701754387 6
5.42982456140351 11
5.42982456140351 43
5.456140350877195 58
5.473684210526319 24
5.48245614035088 36
5.5263157894736885 11
5.622807017543867 11
5.719298245614045 11
5.815789473684223 11
5.824561403508785 3
5.964912280701771 12
5.964912280701771 35
6.026315789473703 7
6.043859649122826 41
6.087719298245634 30
6.140350877193004 6
6.149122807017566 48
6.219298245614059 38
6.271929824561429 24
6.324561403508799 34
6.350877192982484 1
6.350877192982484 23
6.3596491228070455 27
6.377192982456169 47
6.4385964912281 33
6.508771929824594 15
6.526315789473717 36
6.54385964912284 25
6.631578947368457 46
6.666666666666703 42
6.675438596491265 9
6.684210526315827 55
6.70175438596495 20
6.842105263157936 7
6.868421052631621 6
6.877192982456183 56
6.929824561403553 54
6.9912280701754845 57
7.000000000000046 8
7.070175438596539 24
7.078947368421101 11
7.096491228070224 4
7.114035087719348 12
7.114035087719348 14
7.157894736842156 3
7.157894736842156 39
7.175438596491279 11
7.271929824561457 11
7.289473684210581 17
7.307017543859704 2
7.368421052631636 11
7.464912280701814 11
7.561403508771992 11
7.561403508771992 16
7.570175438596554 36
7.596491228070239 6
7.6491228070176085 7
7.65789473684217 11
7.754385964912348 11
7.771929824561472 15
7.8508771929825265 11
7.86842105263165 24
7.894736842105335 25
7.947368421052705 11
7.947368421052705 44
8.008771929824636 41
8.043859649122883 11
8.140350877193061 11
8.140350877193061 42
8.263157894736924 47
8.324561403508856 6
8.45614035087728 7
8.45614035087728 48
8.491228070175527 3
8.552631578947459 30
8.56140350877202 9
8.56140350877202 17
8.61403508771939 36
8.66666666666676 24
8.66666666666676 29
8.675438596491322 37
8.684210526315884 10
8.701754385965007 11
8.728070175438692 22
8.798245614035185 11
8.894736842105363 11
8.92982456140361 58
8.947368421052733 26
8.991228070175541 11
9.000000000000103 5
9.000000000000103 12
9.03508771929835 15
9.052631578947473 6
9.08771929824572 11
9.122807017543966 27
9.184210526315898 11
9.228070175438706 4
9.24561403508783 25
9.271929824561514 7
9.271929824561514 46
9.280701754386076 11
9.2982456140352 53
9.35087719298257 43
9.368421052631692 8
9.377192982456254 11
9.394736842105377 20
9.46491228070187 24
9.473684210526432 11
9.57017543859661 11
9.578947368421172 32
9.596491228070295 17
9.657894736842227 36
9.666666666666789 11
9.745614035087844 1
9.763157894736967 11
9.78070175438609 6
9.824561403508898 3
9.859649122807145 11
9.921052631579077 57
9.956140350877323 11
10.04385964912294 12
10.052631578947501 11
10.078947368421186 7
10.131578947368556 47
10.14912280701768 11
10.245614035087858 11
10.263157894736981 24
10.263157894736981 28
10.298245614035228 15
10.30701754385979 9
10.315789473684351 39
10.342105263158036 11
10.35964912280716 16
10.377192982456283 42
10.41228070175453 52
10.438596491228214 11
10.447368421052776 17
10.508771929824707 6
10.508771929824707 55
10.535087719298392 11
10.596491228070324 25
10.596491228070324 34
10.622807017544009 14
10.63157894736857 11
10.63157894736857 44
10.701754385965064 36
10.728070175438749 11
10.73684210526331 48
10.798245614035242 2
10.824561403508927 11
10.885964912280858 7
10.921052631579105 11
10.938596491228228 46
11.017543859649283 11
11.043859649122968 44
11.061403508772091 24
11.087719298245776 12
11.114035087719461 11
11.122807017544023 40
11.122807017544023 41
11.140350877193146 45
11.149122807017708 30
11.15789473684227 3
11.201754385965078 54
11.21052631578964 11
11.236842105263324 6
11.236842105263324 43
11.271929824561571 56
11.280701754386133 17
11.307017543859818 11
11.333333333333503 38
11.359649122807188 4
11.403508771929996 11
11.500000000000174 11
11.543859649122982 35
11.561403508772106 15
11.596491228070352 11
11.675438596491407 44
11.69298245614053 11
11.701754385965092 7
11.710526315789654 27
11.7456140350879 36
11.789473684210709 11
11.859649122807202 24
11.877192982456325 42
11.885964912280887 11
11.912280701754572 20
11.947368421052818 25
11.964912280701942 6
11.982456140351065 11
12.000000000000188 47
12.026315789473873 23
12.070175438596682 9
12.078947368421243 11
12.105263157894928 17
12.131578947368613 12
12.175438596491421 11
12.2719298245616 11
12.368421052631778 11
12.385964912280901 46
12.464912280701956 11
12.49122807017564 3
12.517543859649326 7
12.526315789473887 58
12.561403508772134 11
12.657894736842312 11
12.657894736842312 24
12.692982456140559 6
12.70175438596512 1
12.75438596491249 11
12.789473684210737 36
12.824561403508984 15
12.850877192982669 11
12.85964912280723 44
12.929824561403723 17
12.947368421052847 11
13.043859649123025 11
13.043859649123025 48
13.052631578947587 22
13.140350877193203 11
13.157894736842326 16
13.17543859649145 12
13.236842105263381 11
13.298245614035313 25
13.33333333333356 7
13.33333333333356 11
13.412280701754614 44
13.421052631579176 6
13.429824561403738 11
13.456140350877423 24
13.49122807017567 4
13.526315789473916 11
13.622807017544094 11
13.622807017544094 37
13.649122807017779 57
13.719298245614272 11
13.745614035087957 10
13.754385964912519 17
13.798245614035327 9
13.81578947368445 11
13.824561403509012 3
13.833333333333574 36
13.850877192982697 32
13.877192982456382 47
13.912280701754629 11
13.912280701754629 30
13.982456140351122 46
14.008771929824807 11
14.052631578947615 41
14.087719298245862 15
14.105263157894985 11
14.13157894736867 14
14.149122807017793 6
14.149122807017793 7
14.201754385965163 11
14.201754385965163 33
14.219298245614286 12
14.228070175438848 42
14.254385964912533 24
14.271929824561656 55
14.28947368421078 2
14.298245614035341 11
14.359649122807273 20
14.39473684210552 11
14.412280701754643 1
14.491228070175698 11
14.578947368421314 17
14.587719298245876 11
14.596491228070438 44
14.649122807017807 25
14.657894736842369 43
14.684210526316054 11
14.736842105263424 27
14.780701754386232 11
14.87719298245641 6
14.87719298245641 11
14.87719298245641 36
14.894736842105534 34
14.938596491228342 29
14.964912280702027 7
14.973684210526589 11
15.043859649123082 48
15.052631578947643 24
15.070175438596767 11
15.157894736842383 3
15.166666666666945 11
15.184210526316068 28
15.263157894737123 11
15.263157894737123 12
15.35087719298274 15
15.359649122807301 11
15.40350877193011 17
15.429824561403795 8
15.45614035087748 11
15.50877192982485 9
15.552631578947658 11
15.605263157895028 6
15.622807017544151 4
15.649122807017836 11
15.684210526316082 19
15.745614035088014 11
15.771929824561699 7
15.771929824561699 47
15.824561403509069 42
15.842105263158192 11
15.850877192982754 24
15.921052631579247 36
15.921052631579247 53
15.93859649122837 11
15.956140350877494 16
16.000000000000302 25
16.026315789473987 1
16.03508771929855 11
16.122807017544165 56
16.122807017544165 57
16.131578947368727 11
16.14035087719329 40
16.228070175438905 11
16.228070175438905 17
16.298245614035398 39
16.30701754385996 12
16.324561403509083 11
16.333333333333645 6
16.4122807017547 35
16.42105263157926 11
16.491228070175755 3
16.51754385964944 11
16.57894736842137 7
16.596491228070494 31
16.614035087719618 11
16.614035087719618 15
16.649122807017864 24
16.67543859649155 23
16.710526315789796 11
16.798245614035412 20
16.807017543859974 11
16.903508771930152 11
16.964912280702084 36
17.00000000000033 11
17.0526315789477 17
17.061403508772262 6
17.087719298245947 48
17.09649122807051 11
17.10526315789507 26
17.166666666667002 44
17.192982456140687 11
17.21929824561437 9
17.289473684210865 11
17.350877192982797 12
17.350877192982797 25
17.385964912281043 7
17.385964912281043 11
17.385964912281043 22
17.447368421052975 24
17.48245614035122 11
17.5789473684214 11
17.64035087719333 14
17.649122807017893 47
17.675438596491578 11
17.754385964912633 4
17.771929824561756 11
17.780701754386318 2
17.780701754386318 58
17.78947368421088 6
17.78947368421088 52
17.824561403509126 3
17.868421052631934 11
17.877192982456496 15
17.877192982456496 17
17.885964912281057 32
17.964912280702112 11
17.973684210526674 55
18.00000000000036 44
18.00877192982492 36
18.06140350877229 11
18.15789473684247 11
18.201754385965277 7
18.228070175438962 27
18.228070175438962 30
18.245614035088085 24
18.254385964912647 11
18.31578947368458 42
18.350877192982825 11
18.394736842105633 12
18.447368421053003 11
18.49122807017581 10
18.517543859649496 6
18.54385964912318 11
18.570175438596866 37
18.64035087719336 11
18.684210526316168 46
18.70175438596529 17
18.70175438596529 25
18.736842105263538 11
18.736842105263538 29
18.75438596491266 16
18.833333333333716 11
18.929824561403894 9
18.929824561403894 11
18.982456140351264 49
19.01754385964951 7
19.026315789474072 11
19.043859649123196 24
19.052631578947757 36
19.078947368421442 48
19.12280701754425 11
19.140350877193374 15
19.157894736842497 3
19.17543859649162 34
19.21929824561443 11
19.236842105263552 20
19.245614035088114 6
19.315789473684607 11
19.34210526315829 44
19.412280701754785 11
19.43859649122847 12
19.5000000000004 43
19.508771929824963 11
19.526315789474086 17
19.526315789474086 47
19.59649122807058 38
19.60526315789514 11
19.70175438596532 11
19.798245614035498 11
19.833333333333744 7
19.842105263158306 24
19.85964912280743 44
19.885964912281114 4
19.894736842105676 11
19.97368421052673 6
19.991228070175854 11
20.052631578947786 25
20.052631578947786 45
20.087719298246032 11
20.096491228070594 36
20.105263157895156 28
20.18421052631621 11
20.28070175438639 11
20.350877192982882 17
20.377192982456567 11
20.40350877193025 15
20.40350877193025 39
20.473684210526745 11
20.482456140351307 12
20.49122807017587 3
20.570175438596923 11
20.622807017544293 57
20.631578947368855 1
20.631578947368855 44
20.640350877193416 9
20.640350877193416 24
20.649122807017978 7
20.6666666666671 11
20.701754385965348 6
20.745614035088156 5
20.76315789473728 11
20.807017543860088 46
20.859649122807458 11
20.859649122807458 23
20.956140350877636 11
21.052631578947814 11
21.070175438596937 52
21.070175438596937 54
21.08771929824606 48
21.114035087719746 33
21.14035087719343 36
21.149122807017992 11
21.149122807017992 14
21.175438596491677 17
21.24561403508817 11
21.271929824561855 2
21.280701754386417 27
21.34210526315835 11
21.39473684210572 47
21.40350877193028 25
21.429824561403965 6
21.438596491228527 11
21.438596491228527 24
21.46491228070221 7
21.482456140351335 30
21.526315789474143 12
21.535087719298705 11
21.552631578947828 16
21.631578947368883 11
21.66666666666713 15
21.67543859649169 20
21.692982456140815 42
21.692982456140815 50
21.710526315789938 22
21.72807017543906 11
21.82456140350924 3
21.82456140350924 11
21.903508771930294 58
21.921052631579418 11
22.000000000000473 17
22.017543859649596 4
22.017543859649596 11
22.09649122807065 43
22.114035087719774 11
22.157894736842582 6
22.184210526316267 36
22.210526315789952 11
22.236842105263637 24
22.280701754386445 7
22.30701754386013 11
22.3596491228075 9
22.394736842105747 46
22.40350877193031 11
22.438596491228555 10
22.438596491228555 41
22.500000000000487 11
22.57017543859698 12
22.596491228070665 11
22.596491228070665 35
22.692982456140843 11
22.710526315789966 1
22.754385964912775 25
22.78947368421102 11
22.798245614035583 55
22.824561403509268 17
22.8859649122812 6
22.8859649122812 11
22.929824561404008 15
22.982456140351378 11
23.0000000000005 44
23.017543859649624 40
23.026315789474186 32
23.035087719298748 24
23.078947368421556 11
23.078947368421556 42
23.087719298246117 48
23.09649122807068 7
23.140350877193487 56
23.15789473684261 3
23.175438596491734 11
23.192982456140857 49
23.228070175439104 36
23.26315789473735 47
23.271929824561912 11
23.298245614035597 39
23.36842105263209 11
23.456140350877707 34
23.46491228070227 11
23.51754385964964 37
23.561403508772447 11
23.605263157895255 53
23.614035087719817 6
23.614035087719817 12
23.614035087719817 12
23.6403508771935 57
23.649122807018063 17
23.657894736842625 11
23.74561403508824 30
23.754385964912803 11
23.78947368421105 1
23.833333333333858 24
23.85087719298298 11
23.877192982456666 26
23.912280701754913 7
23.921052631579474 44
23.94736842105316 11
24.043859649123338 11
24.070175438597023 9
24.070175438597023 52
24.10526315789527 20
24.10526315789527 25
24.10526315789527 50
24.140350877193516 11
24.149122807018077 4
24.184210526316324 43
24.192982456140886 15
24.192982456140886 42
24.236842105263694 11
24.27192982456194 36
24.333333333333872 11
24.342105263158434 6
24.350877192982995 16
24.42982456140405 11
24.47368421052686 17
24.491228070175982 3
24.52631578947423 11
24.622807017544407 11
24.63157894736897 24
24.64912280701809 14
24.657894736842653 12
24.68421052631634 38
24.719298245614585 11
24.728070175439147 7
24.728070175439147 23
24.763157894737393 2
24.771929824561955 44
24.780701754386516 8
24.780701754386516 46
24.815789473684763 11
24.91228070175494 11
25.00877192982512 11
25.035087719298804 28
25.07017543859705 6
25.07017543859705 48
25.105263157895298 11
25.131578947368983 47
25.16666666666723 27
25.201754385965476 11
25.201754385965476 44
25.22807017543916 1
25.298245614035654 11
25.298245614035654 17
25.315789473684777 36
25.342105263158462 41
25.359649122807586 42
25.394736842105832 11
25.42982456140408 24
25.456140350877764 15
25.456140350877764 25
25.49122807017601 11
25.53508771929882 7
25.58771929824619 11
25.605263157895312 33
25.684210526316367 11
25.70175438596549 12
25.719298245614613 39
25.76315789473742 5
25.771929824561983 9
25.780701754386545 11
25.798245614035668 6
25.824561403509353 3
25.877192982456723 11
25.938596491228655 43
25.9736842105269 11
26.035087719298833 22
26.07017543859708 11
26.12280701754445 17
26.166666666667258 11
26.22807017543919 24
26.254385964912874 49
26.263157894737436 11
26.271929824561997 1
26.28070175438656 4
26.28947368421112 10
26.34210526315849 7
26.34210526315849 55
26.359649122807614 11
26.359649122807614 36
26.359649122807614 58
26.3859649122813 46
26.456140350877792 11
26.473684210526915 42
26.517543859649724 31
26.517543859649724 50
26.526315789474285 6
26.526315789474285 30
26.535087719298847 20
26.55263157894797 11
26.64912280701815 11
26.71929824561464 15
26.745614035088327 11
26.745614035088327 12
26.80701754386026 25
26.842105263158505 11
26.938596491228683 11
26.947368421053245 17
27.000000000000615 47
27.0263157894743 24
27.03508771929886 11
27.043859649123423 48
27.061403508772546 32
27.13157894736904 11
27.149122807018163 16
27.157894736842724 3
27.157894736842724 7
27.228070175439218 11
27.254385964912903 6
27.307017543860272 1
27.324561403509396 11
27.40350877193045 36
27.421052631579574 11
27.482456140351506 9
27.517543859649752 11
27.552631578948 43
27.56140350877256 35
27.587719298246245 42
27.61403508771993 11
27.631578947369054 54
27.71052631579011 11
27.728070175439232 34
27.77192982456204 17
27.789473684211163 12
27.807017543860287 11
27.81578947368485 44
27.82456140350941 24
27.894736842105903 46
27.903508771930465 11
27.921052631579588 40
27.973684210526958 7
27.98245614035152 6
27.98245614035152 15
28.000000000000643 11
28.061403508772575 57
28.09649122807082 11
28.14912280701819 14
28.157894736842753 25
28.192982456141 11
28.25438596491293 2
28.289473684211178 11
28.385964912281356 11
28.40350877193048 1
28.41228070175504 4
28.447368421053287 36
28.46491228070241 37
28.482456140351534 11
28.491228070176096 3
28.500000000000657 44
28.578947368421712 11
28.596491228070835 17
28.596491228070835 23
28.62280701754452 24
28.67543859649189 11
28.701754385965575 42
28.710526315790137 6
28.77192982456207 11
28.789473684211192 7
28.815789473684877 30
28.833333333334 12
28.868421052632247 11
28.868421052632247 27
28.868421052632247 47
28.92982456140418 50
28.93859649122874 52
28.964912280702425 11
28.964912280702425 20
29.017543859649795 48
29.061403508772603 11
29.15789473684278 11
29.192982456141028 9
29.245614035088398 15
29.25438596491296 11
29.298245614035768 41
29.324561403509453 49
29.350877192983138 11
29.42105263157963 17
29.42105263157963 24
29.438596491228754 6
29.447368421053316 11
29.491228070176124 36
29.508771929825247 25
29.543859649123494 11
29.561403508772617 53
29.605263157895426 7
29.640350877193672 11
29.719298245614727 43
29.73684210526385 11
29.815789473684905 42
29.824561403509467 3
29.83333333333403 11
29.877192982456837 12
29.929824561404207 11
29.93859649122877 46
29.94736842105333 16
29.95614035087789 28
30.026315789474385 11
30.070175438597193 39
30.10526315789544 33
30.122807017544563 11
30.140350877193686 10
30.149122807018248 58
30.16666666666737 6
30.21929824561474 11
30.21929824561474 24
30.245614035088426 17
30.31578947368492 11
30.350877192983166 22
30.36842105263229 55
30.412280701755098 11
30.42105263157966 7
30.438596491228783 1
30.508771929825276 11
30.508771929825276 15
30.53508771929896 36
30.543859649123522 4
30.596491228070892 26
30.605263157895454 11
30.701754385965632 11
30.728070175439317 47
30.74561403508844 44
30.79824561403581 11
30.859649122807742 25
30.89473684210599 6
30.89473684210599 11
30.90350877193055 9
30.921052631579673 12
30.929824561404235 42
30.991228070176167 11
30.991228070176167 48
31.01754385964985 24
31.07017543859722 17
31.087719298246345 11
31.096491228070906 32
31.157894736842838 3
31.184210526316523 11
31.236842105263893 7
31.2807017543867 11
31.298245614035825 30
31.298245614035825 43
31.33333333333407 5
31.342105263158633 50
31.37719298245688 11
31.394736842106003 20
31.473684210527058 11
31.517543859649866 1
31.561403508772674 57
31.570175438597236 11
31.578947368421797 36
31.622807017544606 6
31.64912280701829 14
31.666666666667414 11
31.675438596491976 41
31.74561403508847 2
31.763157894737592 11
31.771929824562154 15
31.815789473684962 24
31.85964912280777 11
31.894736842106017 17
31.95614035087795 11
31.96491228070251 12
32.00000000000075 34
32.04385964912356 42
32.05263157894812 7
32.05263157894812 11
32.13157894736918 52
32.1491228070183 11
32.18421052631655 38
32.21052631579023 25
32.24561403508848 11
32.31578947368497 31
32.34210526315866 11
32.35087719298322 6
32.385964912281466 49
32.438596491228836 11
32.438596491228836 27
32.46491228070252 23
32.491228070176206 3
32.535087719299014 11
32.61403508772007 9
32.61403508772007 24
32.61403508772007 47
32.62280701754463 36
32.63157894736919 11
32.675438596492 4
32.68421052631656 56
32.71929824561481 17
32.72807017543937 11
32.745614035088494 16
32.745614035088494 35
32.82456140350955 11
32.86842105263236 7
32.92105263157973 11
32.94736842105341 40
32.964912280702535 48
33.00877192982534 12
33.017543859649905 11
33.03508771929903 15
33.07894736842184 6
33.11403508772008 11
33.14912280701833 53
33.15789473684289 42
33.16666666666745 46
33.19298245614114 1
33.21052631579026 11
33.30701754386044 11
33.40350877193062 11
33.41228070175518 24
33.41228070175518 37
33.500000000000796 11
33.543859649123604 17
33.552631578948166 54
33.56140350877273 25
33.57894736842185 30
33.596491228070974 11
33.66666666666747 36
33.68421052631659 7
33.69298245614115 11
33.754385964913084 50
33.78947368421133 11
33.807017543860454 6
33.82456140350958 3
33.82456140350958 20
33.88596491228151 11
33.98245614035169 11
33.99122807017625 10
34.05263157894818 12
34.078947368421865 11
34.17543859649204 11
34.21052631579029 24
34.236842105263975 55
34.27192982456222 11
34.298245614035906 15
34.298245614035906 58
34.32456140350959 9
34.350877192983276 42
34.3684210526324 11
34.3684210526324 17
34.37719298245696 43
34.46491228070258 11
34.4824561403517 47
34.500000000000824 7
34.53508771929907 6
34.561403508772756 11
34.58771929824644 39
34.657894736842934 11
34.666666666667496 22
34.710526315790304 36
34.75438596491311 11
34.80701754386048 4
34.84210526315873 8
34.85087719298329 11
34.877192982456975 28
34.91228070175522 25
34.93859649122891 48
34.94736842105347 11
34.97368421052715 46
35.0087719298254 24
35.04385964912365 11
35.09649122807102 12
35.13157894736926 32
35.140350877193825 11
35.14912280701839 14
35.15789473684295 3
35.17543859649207 44
35.192982456141195 17
35.22807017543944 27
35.236842105264 2
35.236842105264 11
35.26315789473769 6
35.307017543860496 7
35.33333333333418 11
35.38596491228155 5
35.42982456140436 11
35.44736842105348 49
35.464912280702606 42
35.52631578947454 11
35.54385964912366 16
35.561403508772784 15
35.622807017544716 11
35.68421052631665 44
35.719298245614894 11
35.75438596491314 36
35.80701754386051 1
35.80701754386051 24
35.81578947368507 11
35.885964912281565 30
35.91228070175525 11
35.991228070176305 6
36.00877192982543 11
36.01754385964999 17
36.03508771929911 9
36.10526315789561 11
36.11403508772017 7
36.14035087719385 12
36.16666666666754 44
36.16666666666754 50
36.201754385965785 11
36.254385964913155 20
36.263157894737716 25
36.28070175438684 34
36.28070175438684 52
36.2894736842114 43
36.29824561403596 11
36.35087719298333 47
36.368421052632456 23
36.39473684210614 11
36.49122807017632 3
36.49122807017632 11
36.578947368421936 42
36.5877192982465 11
36.60526315789562 24
36.684210526316676 11
36.71929824561492 6
36.780701754386854 11
36.79824561403598 36
36.82456140350966 1
36.82456140350966 15
36.833333333334224 33
36.842105263158786 17
36.87719298245703 11
36.885964912281594 41
36.90350877193072 57
36.91228070175528 48
36.92105263157984 7
36.938596491228964 4
36.97368421052721 11
37.052631578948265 19
37.07017543859739 11
37.16666666666757 11
37.18421052631669 12
37.263157894737745 11
37.29824561403599 46
37.315789473685115 39
37.35964912280792 11
37.40350877193073 24
37.40350877193073 38
37.44736842105354 6
37.4561403508781 11
37.55263157894828 11
37.5701754385974 55
37.61403508772021 25
37.64912280701846 11
37.66666666666758 17
37.692982456141266 42
37.736842105264074 7
37.745614035088636 9
37.745614035088636 11
37.745614035088636 58
37.82456140350969 3
37.83333333333425 35
37.842105263158814 10
37.842105263158814 11
37.842105263158814 36
37.850877192983376 53
37.8684210526325 1
37.93859649122899 11
37.9824561403518 44
38.03508771929917 11
38.08771929824654 15
38.114035087720225 29
38.13157894736935 11
38.17543859649216 6
38.18421052631672 30
38.18421052631672 30
38.20175438596584 24
38.219298245614965 47
38.22807017543953 11
38.22807017543953 12
38.324561403509705 11
38.34210526315883 16
38.35964912280795 37
38.42105263157988 11
38.491228070176376 17
38.5087719298255 49
38.51754385965006 11
38.535087719299185 26
38.55263157894831 7
38.57894736842199 27
38.57894736842199 50
38.61403508772024 11
38.649122807018486 14
38.65789473684305 56
38.67543859649217 5
38.68421052631673 8
38.68421052631673 20
38.71052631579042 11
38.72807017543954 2
38.807017543860596 11
38.807017543860596 42
38.88596491228165 36
38.89473684210621 48
38.903508771930774 6
38.903508771930774 11
38.964912280702706 25
38.98245614035183 22
39.00000000000095 11
39.00000000000095 24
39.02631578947464 1
39.070175438597445 4
39.09649122807113 11
39.15789473684306 3
39.16666666666762 44
39.19298245614131 11
39.27192982456236 12
39.28947368421149 11
39.31578947368517 17
39.35087719298342 15
39.35087719298342 29
39.35964912280798 7
39.385964912281665 11
39.447368421053596 9
39.48245614035184 11
39.552631578948336 44
39.57894736842202 11
39.61403508772027 43
39.63157894736939 6
39.6754385964922 11
39.77192982456238 11
39.79824561403606 24
39.79824561403606 28
39.868421052632556 11
39.921052631579926 42
39.92982456140449 36
39.92982456140449 44
39.964912280702734 11
40.06140350877291 11
40.070175438597474 1
40.10526315789572 47
40.14035087719397 17
40.15789473684309 11
40.16666666666765 7
40.16666666666765 57
40.25438596491327 11
40.26315789473783 23
40.3157894736852 12
40.3157894736852 25
40.35087719298345 11
40.35964912280801 6
40.41228070175538 44
40.43859649122906 5
40.447368421053625 11
40.47368421052731 30
40.49122807017643 3
40.5438596491238 11
40.552631578948365 34
40.59649122807117 24
40.614035087720296 15
40.64035087719398 11
40.73684210526416 11
40.83333333333434 11
40.91228070175539 5
40.921052631579954 48
40.929824561404516 11
40.96491228070276 8
40.96491228070276 17
40.973684210527324 7
40.973684210527324 36
40.99122807017645 50
41.00877192982557 46
41.026315789474694 11
41.035087719299256 42
41.087719298246625 6
41.087719298246625 44
41.11403508772031 20
41.12280701754487 11
41.140350877193995 16
41.14912280701856 9
41.15789473684312 27
41.20175438596593 4
41.21929824561505 11
41.31578947368523 11
41.32456140350979 41
41.35964912280804 12
41.39473684210628 24
41.41228070175541 11
41.508771929825585 11
41.508771929825585 11
41.570175438597516 49
41.60526315789576 11
41.63157894736945 43
41.666666666667695 25
41.69298245614138 10
41.70175438596594 11
41.7105263157905 1
41.75438596491331 39
41.780701754386996 7
41.78947368421156 17
41.79824561403612 11
41.79824561403612 53
41.81578947368524 6
41.824561403509804 3
41.877192982457174 15
41.8947368421063 11
41.97368421052735 47
41.991228070176476 11
42.01754385965016 36
42.01754385965016 44
42.035087719299284 52
42.087719298246654 11
42.149122807018585 14
42.149122807018585 42
42.18421052631683 11
42.192982456141394 24
42.21929824561508 2
42.2368421052642 32
42.28070175438701 11
42.28070175438701 54
42.28947368421157 33
42.307017543860695 58
42.37719298245719 11
42.40350877193087 12
42.47368421052737 11
42.54385964912386 6
42.54385964912386 57
42.570175438597545 11
42.57894736842211 55
42.58771929824667 7
42.61403508772035 17
42.66666666666772 11
42.7631578947379 11
42.85087719298352 9
42.85964912280808 11
42.90350877193089 48
42.95614035087826 11
42.96491228070282 35
42.991228070176504 24
43.01754385965019 25
43.052631578948436 11
43.061403508773 36
43.061403508773 36
43.07894736842212 1
43.14035087719405 15
43.149122807018614 11
43.157894736843176 3
43.19298245614142 8
43.24561403508879 5
43.24561403508879 11
43.263157894737915 42
43.27192982456248 6
43.28070175438704 43
43.307017543860724 22
43.307017543860724 37
43.33333333333441 4
43.34210526315897 11
43.39473684210634 7
43.39473684210634 56
43.4035087719309 50
43.43859649122915 11
43.43859649122915 17
43.44736842105371 12
43.53508771929933 11
43.54385964912389 20
43.59649122807126 5
43.631578947369505 11
43.72807017543968 11
43.77192982456249 38
43.789473684211615 24
43.8157894736853 30
43.82456140350986 11
43.842105263158984 47
43.92105263158004 11
43.93859649122916 16
44.000000000001094 6
44.01754385965022 11
44.02631578947478 5
44.105263157895834 36
44.114035087720396 11
44.157894736843204 23
44.166666666667766 46
44.20175438596601 7
44.210526315790574 11
44.219298245615136 41
44.263157894737944 17
44.30701754386075 11
44.342105263159 44
44.35964912280812 29
44.368421052632684 25
44.377192982457245 42
44.40350877193093 11
44.40350877193093 15
44.44736842105374 1
44.49122807017655 3
44.49122807017655 12
44.50000000000111 11
44.55263157894848 9
44.587719298246725 24
44.59649122807129 11
44.63157894736953 49
44.692982456141465 11
44.71929824561515 28
44.72807017543971 6
44.78947368421164 11
44.82456140350989 34
44.88596491228182 11
44.88596491228182 43
44.88596491228182 48
44.88596491228182 57
44.982456140352 11
44.99122807017656 27
45.008771929825684 7
45.05263157894849 44
45.070175438597616 39
45.07894736842218 11
45.08771929824674 17
45.08771929824674 17
45.14912280701867 36
45.175438596492356 11
45.271929824562534 11
45.36842105263271 11
45.385964912281835 24
45.45614035087833 6
45.46491228070289 4
45.46491228070289 11
45.491228070176575 42
45.53508771929938 12
45.543859649123945 10
45.56140350877307 11
45.649122807018685 14
45.65789473684325 11
45.66666666666781 15
45.71052631579062 2
45.71052631579062 47
45.71929824561518 25
45.7368421052643 26
45.7368421052643 58
45.754385964913425 11
45.815789473685356 50
45.82456140350992 3
45.82456140350992 7
45.8508771929836 11
45.912280701755535 17
45.94736842105378 11
45.973684210527466 20
46.04385964912396 11
46.10526315789589 30
46.14035087719414 11
46.184210526316946 6
46.184210526316946 24
46.19298245614151 36
46.236842105264316 11
46.263157894738 9
46.333333333334494 11
46.42982456140467 11
46.52631578947485 11
46.57894736842222 8
46.57894736842222 12
46.62280701754503 11
46.63157894736959 7
46.71929824561521 11
46.73684210526433 16
46.73684210526433 17
46.815789473685385 11
46.91228070175556 6
46.91228070175556 11
46.91228070175556 48
46.929824561404686 15
46.96491228070293 1
46.982456140352056 24
46.99122807017662 42
47.00877192982574 11
47.07017543859767 25
47.10526315789592 11
47.15789473684329 3
47.2017543859661 11
47.21929824561522 33
47.22807017543978 44
47.236842105264344 36
47.298245614036276 11
47.394736842106454 11
47.43859649122926 7
47.49122807017663 11
47.508771929825755 43
47.552631578948564 17
47.58771929824681 11
47.59649122807137 4
47.59649122807137 47
47.62280701754506 12
47.62280701754506 22
47.64035087719418 6
47.64912280701874 32
47.68421052631699 11
47.71052631579067 49
47.75438596491348 46
47.78070175438717 11
47.78070175438717 24
47.877192982457345 11
47.89473684210647 55
47.96491228070296 9
47.97368421052752 11
48.05263157894858 23
48.0701754385977 11
48.10526315789595 42
48.16666666666788 11
48.192982456141564 15
48.201754385966126 1
48.22807017543981 29
48.22807017543981 50
48.245614035088934 7
48.254385964913496 37
48.26315789473806 11
48.28070175438718 36
48.359649122808236 11
48.3684210526328 5
48.3684210526328 6
48.37719298245736 17
48.38596491228192 30
48.403508771931044 20
48.42105263158017 25
48.456140350878414 11
48.464912280702976 5
48.49122807017666 3
48.55263157894859 11
48.57894736842228 24
48.64912280701877 11
48.64912280701877 57
48.65789473684333 35
48.66666666666789 12
48.728070175439825 52
48.74561403508895 11
48.78947368421176 39
48.84210526315913 11
48.8947368421065 48
48.938596491229305 11
49.03508771929948 11
49.06140350877317 7
49.096491228071415 6
49.096491228071415 34
49.13157894736966 11
49.13157894736966 40
49.149122807018784 14
49.201754385966154 2
49.201754385966154 17
49.22807017543984 11
49.29824561403633 5
49.32456140351002 11
49.32456140351002 36
49.37719298245739 24
49.39473684210651 10
49.421052631580196 1
49.421052631580196 11
49.44736842105388 43
49.45614035087844 15
49.45614035087844 42
49.464912280703004 47
49.517543859650374 11
49.5350877192995 16
49.55263157894862 46
49.61403508772055 11
49.6491228070188 28
49.66666666666792 58
49.675438596492484 9
49.71052631579073 11
49.71052631579073 12
49.72807017543985 4
49.77192982456266 25
49.80701754386091 11
49.82456140351003 3
49.82456140351003 6
49.8771929824574 7
49.90350877193109 11
50.000000000001265 11
50.02631578947495 17
50.09649122807144 11
50.105263157896005 27
50.1754385964925 24
50.18421052631706 26
50.19298245614162 11
50.210526315790744 38
50.2894736842118 11
50.368421052632854 36
50.38596491228198 11
50.482456140352156 11
50.526315789474964 56
50.55263157894865 6
50.57017543859777 42
50.578947368422334 11
50.640350877194265 50
50.66666666666795 30
50.67543859649251 11
50.692982456141635 7
50.71929824561532 15
50.75438596491357 12
50.76315789473813 1
50.77192982456269 11
50.77192982456269 49
50.83333333333462 20
50.850877192983745 17
50.86842105263287 11
50.86842105263287 48
50.96491228070305 11
50.97368421052761 24
51.061403508773225 11
51.122807017545156 25
51.14912280701884 43
51.1578947368434 3
51.1578947368434 11
51.25438596491358 11
51.280701754387266 6
51.35087719298376 11
51.35087719298376 47
51.385964912282006 9
51.41228070175569 36
51.41228070175569 52
51.44736842105394 11
51.50877192982587 7
51.543859649124116 11
51.587719298246924 44
51.640350877194294 11
51.67543859649254 17
51.67543859649254 53
51.6842105263171 42
51.73684210526447 11
51.77192982456272 24
51.798245614036404 12
51.798245614036404 55
51.81578947368553 32
51.83333333333465 11
51.84210526315921 57
51.859649122808335 1
51.859649122808335 4
51.92982456140483 11
51.94736842105395 22
51.964912280703075 54
51.9824561403522 15
52.00877192982588 6
52.00877192982588 23
52.017543859650445 33
52.02631578947501 11
52.122807017545185 11
52.21929824561536 11
52.280701754387294 41
52.31578947368554 11
52.3245614035101 7
52.333333333334664 16
52.41228070175572 11
52.45614035087853 36
52.47368421052765 25
52.491228070176774 3
52.500000000001336 17
52.5087719298259 11
52.57017543859783 24
52.605263157896076 11
52.649122807018884 14
52.69298245614169 2
52.701754385966254 11
52.72807017543994 43
52.7368421052645 6
52.78070175438731 27
52.79824561403643 11
52.79824561403643 42
52.84210526315924 12
52.84210526315924 48
52.89473684210661 11
52.91228070175573 1
52.94736842105398 30
52.99122807017679 11
53.05263157894872 50
53.08771929824697 11
53.09649122807153 9
53.14035087719434 7
53.184210526317145 11
53.20175438596627 37
53.21929824561539 47
53.245614035089076 8
53.245614035089076 10
53.245614035089076 15
53.2631578947382 20
53.28070175438732 11
53.32456140351013 17
53.36842105263294 24
53.36842105263294 29
53.36842105263294 34
53.3771929824575 11
53.46491228070312 6
53.47368421052768 11
53.500000000001364 36
53.57017543859786 11
53.63157894736979 39
53.666666666668036 11
53.710526315790844 46
53.763157894738214 11
53.824561403510145 3
53.824561403510145 25
53.83333333333471 49
53.85964912280839 11
53.88596491228208 12
53.91228070175576 42
53.94736842105401 7
53.95614035087857 11
53.99122807017682 4
54.05263157894875 11
54.14912280701893 11
54.14912280701893 17
54.16666666666805 24
54.192982456141735 6
54.21929824561542 43
54.245614035089105 11
54.34210526315928 11
54.43859649122946 11
54.464912280703146 40
54.508771929825954 15
54.517543859650516 44
54.53508771929964 11
54.5438596491242 36
54.570175438597886 28
54.614035087720694 1
54.63157894736982 11
54.71052631579087 52
54.728070175439996 11
54.75438596491368 7
54.79824561403649 9
54.80701754386105 35
54.81578947368561 48
54.824561403510174 11
54.92105263158035 6
54.92105263158035 11
54.929824561404914 12
54.96491228070316 24
54.97368421052772 17
55.01754385965053 11
55.02631578947509 42
55.08771929824702 47
55.10526315789615 57
55.11403508772071 11
55.13157894736983 16
55.15789473684352 3
55.15789473684352 38
55.17543859649264 25
55.21052631579089 11
55.22807017544001 30
55.307017543861065 11
55.40350877193124 11
55.464912280703174 50
55.50000000000142 11
55.570175438597914 7
55.58771929824704 36
55.5964912280716 11
55.64912280701897 6
55.69298245614178 11
55.69298245614178 20
55.76315789473827 24
55.77192982456283 15
55.789473684211956 11
55.79824561403652 17
55.85087719298389 32
55.885964912282134 11
55.90350877193126 23
55.90350877193126 46
55.90350877193126 55
55.92982456140494 27
55.97368421052775 12
55.98245614035231 11
56.008771929826 1
56.07894736842249 11
56.1228070175453 4
56.14912280701898 14
56.17543859649267 11
56.18421052631723 2
56.263157894738285 22
56.27192982456285 11
56.28070175438741 26
56.34210526315934 58
56.368421052633025 11
56.377192982457586 6
56.38596491228215 7
56.4649122807032 11
56.4649122807032 39
56.49122807017689 3
56.50000000000145 33
56.50877192982601 9
56.526315789475134 25
56.535087719299696 54
56.54385964912426 29
56.56140350877338 11
56.56140350877338 24
56.60526315789619 41
56.62280701754531 17
56.62280701754531 42
56.631578947369874 36
56.65789473684356 11
56.75438596491374 11
56.789473684211984 48
56.850877192983916 11
56.894736842106724 49
56.91228070175585 43
56.947368421054094 11
56.947368421054094 47
57.01754385965059 12
57.03508771929971 15
57.04385964912427 11
57.09649122807164 10
57.1052631578962 6
57.14035087719445 11
57.14912280701901 44
57.20175438596638 7
57.23684210526463 11
57.33333333333481 11
57.35964912280849 24
57.385964912282176 46
57.429824561404985 11
57.44736842105411 17
57.50877192982604 30
57.52631578947516 11
57.62280701754534 11
57.640350877194464 34
57.66666666666815 57
57.67543859649271 36
57.71929824561552 11
57.73684210526464 42
57.8157894736857 11
57.82456140351026 3
57.83333333333482 6
57.86842105263307 1
57.87719298245763 25
57.87719298245763 50
57.912280701755876 11
57.929824561405 16
58.008771929826054 11
58.017543859650615 7
58.061403508773424 12
58.10526315789623 11
58.122807017545355 20
58.14912280701904 37
58.1578947368436 24
58.20175438596641 11
58.21929824561553 9
58.25438596491378 4
58.2719298245629 17
58.29824561403659 11
58.29824561403659 15
58.39473684210677 11
58.39473684210677 27
58.438596491229575 45
58.491228070176945 11
58.56140350877344 6
58.58771929824712 11
58.6842105263173 11
58.71929824561555 36
58.74561403508923 43
58.77192982456292 48
58.78070175438748 11
58.78947368421204 41
58.815789473685726 47
58.83333333333485 7
58.85087719298397 42
58.87719298245766 11
58.89473684210678 1
58.95614035087871 24
58.973684210527836 11
59.070175438598014 11
59.0964912280717 17
59.10526315789626 12
59.14035087719451 8
59.15789473684363 3
59.16666666666819 11
59.21929824561556 46
59.22807017544012 25
59.22807017544012 53
59.26315789473837 11
59.289473684212055 6
59.35964912280855 11
59.45614035087873 11
59.49122807017697 28
59.552631578948905 11
59.561403508773466 15
59.64035087719452 7
59.64912280701908 11
59.64912280701908 14
59.67543859649277 2
59.74561403508926 11
59.75438596491382 24
59.763157894738384 36
59.78947368421207 30
59.79824561403663 23
59.84210526315944 11
59.90350877193137 44
59.921052631580494 9
59.921052631580494 17
59.93859649122962 11
59.95614035087874 49
59.9649122807033 42
