0.07017543859649122 27
0.07017543859649122 37
0.13157894736842105 38
0.14912280701754385 3
0.15789473684210525 33
0.19298245614035087 28
0.19298245614035087 44
0.19298245614035087 54
0.20175438596491227 36
0.2543859649122807 23
0.26315789473684215 35
0.2719298245614036 47
0.3070175438596493 30
0.3333333333333336 42
0.35087719298245645 1
0.35087719298245645 2
0.37719298245614075 15
0.3859649122807022 22
0.43859649122807076 32
0.4561403508771936 52
0.46491228070175505 43
0.4736842105263165 24
0.5263157894736851 7
0.6491228070175451 55
0.789473684210528 39
1.0000000000000022 14
1.0087719298245637 6
1.0438596491228094 0
1.0438596491228094 48
1.0438596491228094 53
1.219298245614038 11
1.2456140350877223 4
1.2456140350877223 36
1.280701754385968 24
1.342105263157898 7
1.3947368421052666 26
1.4122807017543895 34
1.482456140350881 3
1.5175438596491266 57
1.5614035087719338 1
1.605263157894741 15
1.7368421052631624 6
1.7368421052631624 40
1.7456140350877238 41
1.9473684210526367 46
2.0877192982456174 24
2.0877192982456174 24
2.1403508771929847 47
2.157894736842107 7
2.157894736842107 43
2.289473684210525 36
2.3859649122806985 12
2.4649122807017494 6
2.4649122807017494 20
2.61403508771929 42
2.736842105263147 16
2.8157894736841977 3
2.824561403508759 15
2.824561403508759 49
2.824561403508759 50
2.8859649122806874 24
2.9736842105262995 7
3.0964912280701564 48
3.1929824561403297 6
3.298245614035064 30
3.333333333333309 36
3.377192982456115 9
3.4473684210526048 1
3.666666666666635 46
3.6842105263157574 12
3.6842105263157574 24
3.789473684210492 7
3.842105263157859 2
3.868421052631543 41
3.92105263157891 6
4.017543859649084 47
4.026315789473646 42
4.0350877192982075 15
4.149122807017509 0
4.350877192982427 27
4.377192982456112 36
4.4912280701754135 11
4.552631578947345 14
4.587719298245592 33
4.596491228070153 7
4.614035087719277 23
4.614035087719277 24
4.622807017543838 57
4.649122807017523 6
4.710526315789455 22
4.956140350877181 3
4.956140350877181 5
4.956140350877181 11
4.964912280701743 4
5.008771929824551 20
5.017543859649113 37
5.061403508771921 44
5.175438596491222 46
5.192982456140346 28
5.236842105263154 32
5.245614035087716 15
5.271929824561401 9
5.271929824561401 39
5.315789473684209 38
5.37719298245614 6
5.403508771929825 7
5.412280701754387 24
5.421052631578949 36
5.421052631578949 48
5.53508771929825 16
5.53508771929825 44
5.578947368421058 30
5.657894736842113 52
5.833333333333346 29
5.859649122807031 56
5.894736842105278 47
5.9298245614035245 35
5.9561403508772095 54
6.043859649122826 1
6.105263157894758 6
6.1315789473684426 55
6.1578947368421275 11
6.210526315789497 7
6.210526315789497 24
6.289473684210552 3
6.456140350877224 15
6.464912280701785 36
6.464912280701785 43
6.728070175438635 42
6.798245614035128 0
6.833333333333375 6
7.008771929824608 24
7.0175438596491695 7
7.184210526315841 57
7.333333333333389 2
7.368421052631636 41
7.491228070175499 46
7.508771929824622 36
7.561403508771992 6
7.640350877193047 3
7.666666666666732 15
7.684210526315855 9
7.692982456140417 10
7.771929824561472 48
7.780701754386033 47
7.807017543859718 24
7.8245614035088416 7
7.947368421052705 42
8.070175438596568 14
8.096491228070253 43
8.122807017543938 44
8.219298245614116 20
8.228070175438678 1
8.28947368421061 6
8.333333333333417 16
8.368421052631664 29
8.526315789473774 30
8.535087719298335 31
8.552631578947459 36
8.552631578947459 39
8.605263157894829 24
8.631578947368514 7
8.640350877193075 11
8.649122807017637 4
8.649122807017637 34
8.657894736842199 27
8.684210526315884 23
8.87719298245624 15
8.973684210526418 3
9.017543859649226 6
9.03508771929835 22
9.175438596491336 12
9.228070175438706 11
9.271929824561514 5
9.333333333333446 1
9.333333333333446 11
9.394736842105377 32
9.403508771929939 24
9.429824561403624 46
9.438596491228186 11
9.447368421052747 7
9.535087719298364 11
9.596491228070295 36
9.631578947368542 11
9.649122807017665 47
9.72807017543872 11
9.745614035087844 6
9.745614035087844 41
9.745614035087844 57
9.807017543859775 9
9.824561403508898 11
9.850877192982583 45
9.859649122807145 48
9.88596491228083 40
9.921052631579077 11
9.9385964912282 17
9.964912280701885 37
10.017543859649255 11
10.087719298245748 15
10.114035087719433 11
10.166666666666803 26
10.192982456140488 28
10.20175438596505 24
10.210526315789611 11
10.245614035087858 0
10.25438596491242 7
10.30701754385979 3
10.30701754385979 11
10.403508771929967 1
10.403508771929967 11
10.47368421052646 6
10.500000000000146 11
10.508771929824707 38
10.596491228070324 11
10.640350877193132 36
10.657894736842255 44
10.692982456140502 11
10.745614035087872 54
10.780701754386119 4
10.78947368421068 11
10.798245614035242 29
10.807017543859804 12
10.824561403508927 2
10.824561403508927 30
10.885964912280858 11
10.982456140351037 11
10.991228070175598 42
11.00000000000016 24
11.061403508772091 7
11.078947368421215 11
11.1052631578949 44
11.131578947368585 16
11.175438596491393 11
11.184210526315955 39
11.201754385965078 6
11.271929824561571 11
11.298245614035256 15
11.36842105263175 11
11.412280701754558 52
11.464912280701927 11
11.491228070175612 17
11.517543859649297 47
11.543859649122982 35
11.561403508772106 11
11.578947368421229 14
11.64035087719316 3
11.657894736842284 11
11.684210526315969 36
11.728070175438777 5
11.736842105263339 43
11.7456140350879 9
11.754385964912462 11
11.79824561403527 24
11.85087719298264 11
11.868421052631764 7
11.894736842105448 46
11.929824561403695 6
12.105263157894928 12
12.131578947368613 11
12.228070175438791 11
12.32456140350897 11
12.421052631579148 11
12.508771929824764 15
12.517543859649326 11
12.54385964912301 56
12.561403508772134 1
12.587719298245819 42
12.59649122807038 24
12.614035087719504 11
12.631578947368627 0
12.64912280701775 48
12.657894736842312 6
12.666666666666874 5
12.675438596491436 7
12.70175438596512 17
12.710526315789682 11
12.728070175438805 36
12.80701754385986 11
12.877192982456354 34
12.903508771930039 11
12.9122807017546 4
12.973684210526532 3
12.973684210526532 27
12.991228070175655 10
13.000000000000217 11
13.052631578947587 55
13.096491228070395 11
13.096491228070395 41
13.157894736842326 12
13.157894736842326 23
13.192982456140573 11
13.254385964912505 43
13.289473684210751 11
13.289473684210751 30
13.342105263158121 57
13.359649122807244 20
13.359649122807244 22
13.38596491228093 6
13.38596491228093 11
13.38596491228093 47
13.394736842105491 24
13.482456140351108 7
13.482456140351108 11
13.578947368421286 11
13.675438596491464 11
13.719298245614272 15
13.771929824561642 11
13.771929824561642 36
13.81578947368445 44
13.859649122807259 42
13.86842105263182 11
13.929824561403752 16
13.964912280701999 11
14.061403508772177 11
14.0789473684213 52
14.114035087719547 6
14.157894736842355 11
14.192982456140601 24
14.228070175438848 32
14.254385964912533 11
14.28947368421078 7
14.307017543859903 3
14.315789473684465 2
14.350877192982711 11
14.44736842105289 11
14.543859649123068 11
14.61403508771956 48
14.640350877193246 11
14.640350877193246 44
14.675438596491492 46
14.736842105263424 11
14.77192982456167 26
14.815789473684479 36
14.833333333333602 11
14.842105263158164 6
14.894736842105534 1
14.912280701754657 37
14.92982456140378 11
14.92982456140378 15
14.991228070175712 24
15.026315789473959 11
15.043859649123082 4
15.08771929824589 14
15.096491228070452 40
15.105263157895013 7
15.114035087719575 0
15.122807017544137 11
15.19298245614063 28
15.219298245614315 11
15.263157894737123 47
15.315789473684493 11
15.368421052631863 42
15.412280701754671 11
15.50877192982485 11
15.570175438596781 6
15.605263157895028 11
15.640350877193274 3
15.684210526316082 30
15.701754385965206 11
15.719298245614329 57
15.789473684210822 24
15.798245614035384 11
15.859649122807316 36
15.894736842105562 11
15.912280701754685 7
15.99122807017574 11
16.008771929824864 44
16.08771929824592 11
16.14035087719329 15
16.14035087719329 41
16.184210526316097 11
16.228070175438905 1
16.26315789473715 9
16.26315789473715 12
16.280701754386275 11
16.298245614035398 6
16.377192982456453 11
16.456140350877508 39
16.47368421052663 11
16.482456140351193 20
16.508771929824878 35
16.543859649123124 43
16.57017543859681 11
16.587719298245933 24
16.666666666666988 11
16.710526315789796 17
16.719298245614358 7
16.719298245614358 7
16.72807017543892 16
16.72807017543892 16
16.763157894737166 11
16.859649122807344 11
16.903508771930152 36
16.956140350877522 11
16.956140350877522 45
16.973684210526645 3
16.973684210526645 56
17.026315789474015 6
17.0526315789477 11
17.078947368421385 46
17.140350877193317 47
17.14912280701788 11
17.175438596491563 4
17.21052631578981 33
17.245614035088057 11
17.245614035088057 34
17.25438596491262 25
17.25438596491262 25
17.350877192982797 15
17.385964912281043 24
17.464912280702098 23
17.53508771929859 7
17.657894736842454 0
17.68421052631614 22
17.701754385965263 54
17.74561403508807 38
17.754385964912633 6
17.807017543860002 2
17.807017543860002 55
17.90350877193018 48
17.94736842105299 36
18.00877192982492 30
18.096491228070537 10
18.11403508771966 11
18.184210526316154 24
18.192982456140715 44
18.21052631578984 11
18.307017543860017 3
18.307017543860017 11
18.342105263158263 7
18.403508771930195 11
18.48245614035125 6
18.500000000000373 11
18.561403508772305 15
18.59649122807055 11
18.59649122807055 14
18.605263157895113 25
18.666666666667044 8
18.69298245614073 11
18.728070175438976 29
18.789473684210908 11
18.789473684210908 43
18.79824561403547 42
18.885964912281086 11
18.982456140351264 11
18.982456140351264 24
18.991228070175826 36
19.01754385964951 47
19.078947368421442 11
19.078947368421442 46
19.078947368421442 57
19.105263157895127 32
19.149122807017935 7
19.17543859649162 11
19.210526315789867 6
19.2719298245618 11
19.307017543860045 4
19.368421052631977 11
19.464912280702155 11
19.526315789474086 16
19.55263157894777 9
19.561403508772333 11
19.631578947368826 20
19.640350877193388 3
19.65789473684251 11
19.75438596491269 11
19.771929824561813 15
19.780701754386374 24
19.850877192982868 11
19.85964912280743 37
19.938596491228484 6
19.947368421053046 11
19.956140350877607 7
20.035087719298662 36
20.043859649123224 11
20.140350877193402 11
20.166666666667087 12
20.192982456140772 28
20.23684210526358 11
20.28070175438639 42
20.315789473684635 30
20.33333333333376 11
20.368421052632005 44
20.429824561403937 11
20.526315789474115 11
20.535087719298676 1
20.578947368421485 24
20.622807017544293 11
20.640350877193416 26
20.649122807017978 25
20.6666666666671 6
20.71929824561447 11
20.736842105263595 39
20.76315789473728 7
20.81578947368465 11
20.894736842105704 47
20.912280701754828 11
20.956140350877636 8
20.97368421052676 3
20.98245614035132 15
20.991228070175882 48
21.008771929825006 11
21.02631578947413 17
21.052631578947814 40
21.070175438596937 46
21.0789473684215 36
21.105263157895184 11
21.157894736842554 55
21.166666666667115 0
21.201754385965362 11
21.228070175439047 12
21.28947368421098 9
21.29824561403554 2
21.29824561403554 11
21.377192982456595 24
21.39473684210572 6
21.39473684210572 11
21.438596491228527 4
21.491228070175897 11
21.57017543859695 7
21.587719298246075 11
21.649122807018006 27
21.684210526316253 11
21.736842105263623 57
21.78070175438643 11
21.815789473684678 41
21.8333333333338 33
21.8333333333338 42
21.87719298245661 11
21.88596491228117 34
21.973684210526788 11
22.000000000000473 25
22.008771929825034 22
22.070175438596966 11
22.09649122807065 14
22.09649122807065 20
22.122807017544336 6
22.122807017544336 36
22.166666666667144 11
22.175438596491706 24
22.19298245614083 15
22.263157894737322 11
22.271929824561884 10
22.271929824561884 12
22.30701754386013 3
22.324561403509254 16
22.3596491228075 11
22.377192982456624 7
22.45614035087768 11
22.552631578947857 11
22.605263157895227 23
22.649122807018035 11
22.719298245614528 52
22.745614035088213 11
22.771929824561898 47
22.84210526315839 11
22.84210526315839 53
22.850877192982953 6
22.877192982456638 19
22.93859649122857 11
22.973684210526816 24
23.0000000000005 48
23.035087719298748 11
23.04385964912331 31
23.05263157894787 9
23.09649122807068 30
23.131578947368926 11
23.140350877193487 32
23.166666666667172 36
23.175438596491734 29
23.184210526316296 7
23.228070175439104 11
23.236842105263666 38
23.289473684211035 1
23.31578947368472 12
23.324561403509282 11
23.350877192982967 25
23.403508771930337 15
23.42105263157946 11
23.46491228070227 46
23.51754385964964 11
23.57017543859701 4
23.57894736842157 6
23.614035087719817 11
23.6403508771935 3
23.710526315789995 11
23.73684210526368 8
23.73684210526368 35
23.763157894737365 54
23.771929824561926 24
23.807017543860173 11
23.807017543860173 39
23.885964912281228 43
23.90350877193035 11
23.991228070175968 7
24.00000000000053 11
24.096491228070708 0
24.096491228070708 11
24.192982456140886 11
24.21052631579001 36
24.289473684211064 11
24.307017543860187 6
24.359649122807557 12
24.37719298245668 44
24.385964912281242 11
24.48245614035142 11
24.508771929825105 56
24.53508771929879 20
24.570175438597037 24
24.5789473684216 11
24.614035087719845 15
24.614035087719845 29
24.64035087719353 47
24.675438596491777 11
24.70175438596546 25
24.771929824561955 11
24.789473684211078 2
24.79824561403564 7
24.79824561403564 9
24.8070175438602 37
24.824561403509325 42
24.868421052632133 11
24.95614035087775 1
24.96491228070231 11
24.973684210526873 3
25.01754385964968 27
25.035087719298804 6
25.06140350877249 11
25.12280701754442 16
25.157894736842668 11
25.17543859649179 28
25.254385964912846 11
25.254385964912846 36
25.350877192983024 11
25.368421052632147 24
25.368421052632147 30
25.403508771930394 12
25.412280701754955 52
25.447368421053202 11
25.54385964912338 11
25.59649122807075 14
25.605263157895312 7
25.64035087719356 11
25.675438596491805 43
25.70175438596549 4
25.736842105263737 11
25.76315789473742 6
25.780701754386545 49
25.824561403509353 15
25.824561403509353 55
25.833333333333915 11
25.8596491228076 26
25.885964912281285 57
25.894736842105846 48
25.894736842105846 50
25.929824561404093 11
26.02631578947427 11
26.052631578947956 25
26.087719298246203 34
26.087719298246203 40
26.12280701754445 11
26.166666666667258 24
26.201754385965504 44
26.219298245614628 11
26.263157894737436 1
26.263157894737436 5
26.271929824561997 46
26.298245614035682 36
26.307017543860244 3
26.315789473684806 11
26.324561403509367 22
26.412280701754984 11
26.421052631579546 7
26.44736842105323 12
26.49122807017604 6
26.508771929825162 11
26.508771929825162 47
26.60526315789534 11
26.65789473684271 29
26.70175438596552 11
26.736842105263765 23
26.798245614035697 11
26.894736842105875 11
26.964912280702368 24
26.97368421052693 20
26.991228070176053 11
27.03508771929886 15
27.08771929824623 11
27.18421052631641 11
27.19298245614097 0
27.210526315790094 19
27.219298245614656 6
27.228070175439218 7
27.271929824562026 53
27.280701754386588 11
27.315789473684834 1
27.34210526315852 36
27.377192982456766 11
27.40350877193045 25
27.473684210526944 11
27.473684210526944 32
27.491228070176067 12
27.517543859649752 17
27.552631578948 39
27.570175438597122 11
27.640350877193615 3
27.65789473684274 30
27.6666666666673 11
27.745614035088355 46
27.76315789473748 11
27.76315789473748 24
27.83333333333397 4
27.859649122807657 11
27.87719298245678 48
27.921052631579588 16
27.947368421053273 6
27.956140350877835 11
27.99122807017608 41
28.03508771929889 7
28.03508771929889 43
28.052631578948013 11
28.078947368421698 9
28.122807017544506 33
28.14912280701819 11
28.24561403508837 11
28.24561403508837 15
28.263157894737493 44
28.280701754386616 2
28.29824561403574 42
28.3070175438603 50
28.342105263158548 11
28.377192982456794 47
28.385964912281356 36
28.385964912281356 38
28.438596491228726 11
28.473684210526972 27
28.51754385964978 57
28.535087719298904 11
28.535087719298904 12
28.543859649123466 17
28.56140350877259 24
28.631578947369082 11
28.67543859649189 6
28.72807017543926 11
28.754385964912945 25
28.763157894737507 54
28.82456140350944 11
28.84210526315856 7
28.921052631579617 11
28.973684210526987 3
29.017543859649795 11
29.09649122807085 14
29.114035087719973 11
29.21052631579015 11
29.298245614035768 35
29.30701754386033 11
29.3596491228077 24
29.403508771930507 6
29.403508771930507 11
29.403508771930507 20
29.41228070175507 42
29.429824561404192 36
29.456140350877877 15
29.500000000000686 11
29.57894736842174 12
29.596491228070864 11
29.657894736842795 7
29.692982456141042 11
29.754385964912974 37
29.78947368421122 11
29.868421052632275 1
29.8859649122814 11
29.94736842105333 30
29.964912280702453 4
29.982456140351577 11
29.99122807017614 48
30.017543859649823 39
30.043859649123508 0
30.078947368421755 11
30.10526315789544 25
30.131578947369125 6
30.15789473684281 10
30.15789473684281 24
30.16666666666737 28
30.175438596491933 5
30.175438596491933 11
30.245614035088426 47
30.27192982456211 11
30.280701754386673 34
30.307017543860358 3
30.333333333334043 45
30.36842105263229 11
30.464912280702467 7
30.464912280702467 11
30.47368421052703 36
30.517543859649837 44
30.561403508772646 11
30.614035087720016 9
30.622807017544577 12
30.649122807018262 22
30.657894736842824 11
30.666666666667385 15
30.719298245614755 16
30.754385964913002 11
30.85087719298318 11
30.859649122807742 6
30.885964912281427 23
30.90350877193055 26
30.94736842105336 11
30.95614035087792 24
31.043859649123537 11
31.12280701754459 55
31.140350877193715 11
31.236842105263893 11
31.236842105263893 43
31.27192982456214 7
31.33333333333407 11
31.421052631579688 41
31.42982456140425 11
31.456140350877934 25
31.517543859649866 36
31.526315789474427 11
31.552631578948112 57
31.58771929824636 6
31.622807017544606 11
31.631578947369167 27
31.64035087719373 3
31.666666666667414 12
31.70175438596566 44
31.719298245614784 11
31.75438596491303 24
31.771929824562154 2
31.815789473684962 11
31.833333333334085 20
31.868421052632332 42
31.877192982456894 15
31.885964912281455 50
31.91228070175514 11
31.947368421053387 52
32.008771929825315 11
32.01754385964988 46
32.04385964912356 1
32.07894736842181 7
32.09649122807093 4
32.10526315789549 11
32.114035087720055 47
32.18421052631655 44
32.20175438596567 11
32.23684210526392 30
32.29824561403585 11
32.30701754386041 48
32.31578947368497 6
32.35964912280778 0
32.39473684210603 11
32.438596491228836 9
32.491228070176206 11
32.55263157894814 24
32.55263157894814 44
32.5614035087727 36
32.587719298246384 11
32.596491228070946 14
32.68421052631656 11
32.71052631579025 12
32.78070175438674 11
32.807017543860425 25
32.85087719298323 19
32.87719298245692 11
32.88596491228148 7
32.94736842105341 39
32.9736842105271 3
32.9736842105271 11
33.04385964912359 6
33.070175438597275 11
33.0877192982464 15
33.14912280701833 1
33.16666666666745 11
33.2017543859657 40
33.21052631579026 32
33.21929824561482 33
33.26315789473763 11
33.35087719298325 24
33.35964912280781 11
33.35964912280781 38
33.45614035087799 11
33.491228070176234 43
33.51754385964992 16
33.552631578948166 11
33.605263157895536 36
33.649122807018344 11
33.69298245614115 7
33.7280701754394 46
33.74561403508852 11
33.754385964913084 12
33.77192982456221 6
33.8421052631587 11
33.859649122807824 42
33.89473684210607 44
33.93859649122888 11
33.98245614035169 47
34.00000000000081 57
34.03508771929906 11
34.10526315789555 10
34.131578947369235 11
34.14912280701836 24
34.15789473684292 25
34.184210526316605 31
34.21929824561485 9
34.22807017543941 4
34.22807017543941 11
34.26315789473766 20
34.298245614035906 15
34.298245614035906 48
34.298245614035906 50
34.30701754386047 3
34.32456140350959 11
34.42105263157977 11
34.47368421052714 34
34.500000000000824 6
34.500000000000824 7
34.508771929825386 30
34.51754385964995 11
34.614035087720126 11
34.64912280701837 36
34.657894736842934 41
34.69298245614118 17
34.70175438596574 5
34.70175438596574 37
34.710526315790304 11
34.72807017543943 1
34.75438596491311 23
34.79824561403592 12
34.80701754386048 11
34.88596491228154 55
34.90350877193066 11
34.929824561404345 27
34.94736842105347 24
34.96491228070259 22
35.00000000000084 11
35.05263157894821 8
35.09649122807102 11
35.15789473684295 28
35.192982456141195 11
35.22807017543944 6
35.26315789473769 2
35.28947368421137 11
35.307017543860496 7
35.38596491228155 11
35.43859649122892 43
35.44736842105348 42
35.456140350878044 19
35.47368421052717 35
35.48245614035173 11
35.508771929825414 15
35.508771929825414 25
35.5350877192991 0
35.57894736842191 11
35.64035087719384 3
35.675438596492086 11
35.69298245614121 36
35.74561403508858 24
35.771929824562264 11
35.84210526315876 12
35.86842105263244 11
35.86842105263244 47
35.938596491228935 9
35.95614035087806 6
35.96491228070262 11
36.05263157894824 1
36.0614035087728 11
36.096491228071045 14
36.11403508772017 7
36.15789473684298 11
36.254385964913155 11
36.2894736842114 48
36.315789473685086 16
36.35087719298333 11
36.359649122807895 4
36.44736842105351 11
36.54385964912369 11
36.54385964912369 24
36.56140350877281 42
36.64035087719387 11
36.684210526316676 6
36.69298245614124 20
36.71929824561492 15
36.736842105264046 11
36.736842105264046 36
36.736842105264046 36
36.780701754386854 30
36.79824561403598 57
36.8157894736851 50
36.833333333334224 11
36.85964912280791 25
36.885964912281594 12
36.92105263157984 7
36.9298245614044 11
36.97368421052721 3
36.991228070176334 56
37.02631578947458 11
37.12280701754476 11
37.14912280701844 29
37.14912280701844 54
37.16666666666757 53
37.19298245614125 43
37.21929824561494 11
37.23684210526406 39
37.24561403508862 32
37.263157894737745 1
37.28070175438687 41
37.30701754386055 49
37.315789473685115 11
37.3421052631588 24
37.3421052631588 44
37.41228070175529 6
37.41228070175529 11
37.50877192982547 11
37.60526315789565 11
37.66666666666758 33
37.67543859649214 42
37.70175438596583 9
37.70175438596583 11
37.72807017543951 7
37.736842105264074 47
37.78070175438688 36
37.798245614036006 11
37.894736842106184 11
37.92982456140443 12
37.92982456140443 15
37.99122807017636 11
38.052631578948294 10
38.08771929824654 11
38.08771929824654 46
38.14035087719391 6
38.14035087719391 24
38.15789473684303 0
38.18421052631672 11
38.2105263157904 25
38.2807017543869 11
38.30701754386058 3
38.34210526315883 8
38.377192982457075 11
38.45614035087813 40
38.47368421052725 11
38.47368421052725 48
38.491228070176376 1
38.491228070176376 4
38.535087719299185 7
38.57017543859743 11
38.65789473684305 23
38.66666666666761 11
38.66666666666761 34
38.701754385965856 43
38.754385964913226 2
38.76315789473779 11
38.78947368421147 42
38.82456140350972 36
38.859649122807966 11
38.86842105263253 6
38.93859649122902 24
38.956140350878144 11
38.97368421052727 12
38.99122807017639 38
39.05263157894832 11
39.061403508772884 30
39.114035087720254 16
39.122807017544815 20
39.14035087719394 15
39.1491228070185 11
39.228070175439555 50
39.24561403508868 11
39.280701754386925 22
39.333333333334295 27
39.34210526315886 7
39.34210526315886 11
39.41228070175535 9
39.438596491229035 11
39.447368421053596 57
39.46491228070272 55
39.53508771929921 11
39.5614035087729 25
39.596491228071145 6
39.596491228071145 14
39.605263157895706 47
39.63157894736939 11
39.64035087719395 3
39.649122807018514 37
39.72807017543957 11
39.73684210526413 24
39.82456140350975 11
39.868421052632556 36
39.87719298245712 26
39.9035087719308 42
39.912280701755364 29
39.921052631579926 11
40.017543859650104 11
40.017543859650104 12
40.070175438597474 41
40.11403508772028 11
40.14912280701853 7
40.14912280701853 28
40.19298245614134 52
40.21052631579046 11
40.30701754386064 11
40.32456140350976 6
40.35087719298345 15
40.36842105263257 49
40.40350877193082 11
40.447368421053625 48
40.45614035087819 39
40.500000000000995 11
40.53508771929924 24
40.59649122807117 11
40.62280701754486 4
40.67543859649223 46
40.69298245614135 11
40.78947368421153 11
40.79824561403609 43
40.824561403509776 45
40.88596491228171 11
40.91228070175539 25
40.91228070175539 36
40.96491228070276 7
40.973684210527324 3
40.982456140351886 11
41.01754385965013 42
41.05263157894838 6
41.06140350877294 12
41.06140350877294 12
41.078947368422064 11
41.15789473684312 9
41.17543859649224 11
41.27192982456242 11
41.28070175438698 32
41.298245614036105 44
41.33333333333435 24
41.34210526315891 30
41.3684210526326 11
41.42105263157997 54
41.43859649122909 53
41.46491228070278 11
41.46491228070278 47
41.55263157894839 20
41.561403508772955 11
41.561403508772955 15
41.64035087719401 50
41.65789473684313 11
41.68421052631682 44
41.7105263157905 1
41.75438596491331 11
41.780701754386996 6
41.780701754386996 7
41.81578947368524 5
41.85087719298349 11
41.91228070175542 16
41.94736842105367 11
41.95614035087823 36
42.00000000000104 10
42.01754385965016 35
42.02631578947472 46
42.043859649123846 11
42.10526315789578 12
42.11403508772034 44
42.13157894736946 24
42.13157894736946 42
42.140350877194024 11
42.2368421052642 11
42.245614035088764 2
42.26315789473789 25
42.307017543860695 3
42.32456140350982 41
42.33333333333438 11
42.36842105263263 33
42.38596491228175 56
42.412280701755435 48
42.42982456140456 11
42.49122807017649 43
42.50877192982561 6
42.52631578947474 11
42.55263157894842 23
42.59649122807123 7
42.622807017544915 11
42.71929824561509 11
42.75438596491334 4
42.77192982456246 15
42.81578947368527 11
42.85087719298352 57
42.85964912280808 34
42.86842105263264 0
42.90350877193089 9
42.91228070175545 11
42.92982456140457 24
42.92982456140457 29
43.000000000001066 36
43.00877192982563 11
43.07017543859756 27
43.096491228071244 14
43.105263157895806 11
43.149122807018614 12
43.201754385965984 11
43.23684210526423 6
43.24561403508879 42
43.29824561403616 11
43.33333333333441 47
43.39473684210634 11
43.4035087719309 7
43.42982456140459 46
43.42982456140459 49
43.49122807017652 11
43.5877192982467 11
43.59649122807126 17
43.59649122807126 22
43.61403508772038 25
43.62280701754494 30
43.631578947369505 31
43.64035087719407 3
43.64912280701863 39
43.684210526316875 11
43.72807017543968 24
43.78070175438705 11
43.8157894736853 40
43.87719298245723 11
43.947368421053724 52
43.96491228070285 6
43.97368421052741 11
43.98245614035197 15
43.98245614035197 20
44.0438596491239 36
44.052631578948464 50
44.07017543859759 11
44.166666666667766 11
44.19298245614145 12
44.210526315790574 7
44.263157894737944 11
44.33333333333444 38
44.35964912280812 11
44.39473684210637 48
44.4561403508783 11
44.52631578947479 24
44.55263157894848 11
44.59649122807129 37
44.64912280701866 9
44.64912280701866 11
44.692982456141465 6
44.71052631579059 16
44.745614035088835 11
44.84210526315901 11
44.88596491228182 4
44.912280701755506 43
44.93859649122919 11
44.956140350878314 42
44.964912280702876 25
44.97368421052744 3
45.017543859650246 7
45.03508771929937 11
45.08771929824674 36
45.13157894736955 11
45.13157894736955 17
45.13157894736955 46
45.14035087719411 28
45.19298245614148 15
45.19298245614148 15
45.19298245614148 47
45.228070175439726 11
45.23684210526429 12
45.31578947368534 32
45.324561403509904 11
45.324561403509904 24
45.377192982457274 44
45.42105263158008 6
45.42105263158008 11
45.438596491229205 0
45.47368421052745 29
45.51754385965026 11
45.61403508772044 11
45.71052631579062 11
45.7368421052643 2
45.807017543860795 11
45.82456140350992 7
45.8508771929836 41
45.89473684210641 30
45.90350877193097 11
45.94736842105378 10
46.00000000000115 11
46.00877192982571 17
46.070175438597644 42
46.09649122807133 11
46.122807017545014 1
46.122807017545014 24
46.131578947369576 36
46.1491228070187 6
46.16666666666782 55
46.19298245614151 11
46.280701754387124 12
46.289473684211686 11
46.30701754386081 3
46.30701754386081 26
46.31578947368537 25
46.32456140350993 27
46.36842105263274 9
46.36842105263274 48
46.385964912281864 11
46.394736842106425 53
46.40350877193099 15
46.41228070175555 20
46.41228070175555 29
46.42105263158011 23
46.42105263158011 39
46.46491228070292 50
46.47368421052748 57
46.48245614035204 11
46.491228070176604 49
46.57894736842222 11
46.59649122807134 14
46.63157894736959 7
46.6754385964924 11
46.77192982456258 11
46.78070175438714 33
46.85087719298363 17
46.868421052632755 11
46.877192982457316 6
46.877192982457316 56
46.921052631580125 24
46.96491228070293 11
47.0175438596503 4
47.05263157894855 34
47.06140350877311 11
47.06140350877311 47
47.078947368422234 46
47.15789473684329 11
47.17543859649241 36
47.184210526316974 42
47.21052631579066 5
47.22807017543978 54
47.236842105264344 35
47.25438596491347 11
47.32456140350996 12
47.350877192983646 11
47.43859649122926 7
47.447368421053824 11
47.49122807017663 43
47.508771929825755 16
47.543859649124 11
47.60526315789593 6
47.614035087720495 15
47.64035087719418 3
47.64035087719418 11
47.666666666667865 25
47.68421052631699 17
47.719298245615235 24
47.73684210526436 11
47.771929824562605 31
47.83333333333454 11
47.885964912281906 1
47.91228070175559 22
47.929824561404715 11
48.02631578947489 11
48.043859649124016 0
48.07894736842226 9
48.12280701754507 11
48.16666666666788 30
48.192982456141564 40
48.21929824561525 11
48.21929824561525 36
48.245614035088934 7
48.298245614036304 42
48.31578947368543 11
48.33333333333455 6
48.34210526315911 48
48.3684210526328 12
48.412280701755606 11
48.508771929825784 11
48.508771929825784 17
48.517543859650345 24
48.53508771929947 41
48.60526315789596 11
48.69298245614158 46
48.70175438596614 11
48.76315789473807 44
48.77192982456263 27
48.79824561403632 11
48.82456140351 15
48.84210526315913 20
48.87719298245737 50
48.8947368421065 11
48.90350877193106 52
48.92982456140474 47
48.97368421052755 3
48.991228070176675 11
49.000000000001236 39
49.0087719298258 57
49.01754385965036 25
49.052631578948606 7
49.06140350877317 6
49.08771929824685 11
49.105263157895976 45
49.149122807018784 4
49.18421052631703 11
49.22807017543984 2
49.263157894738086 36
49.28070175438721 11
49.315789473685456 24
49.33333333333458 17
49.3508771929837 32
49.368421052632826 38
49.37719298245739 11
49.412280701755634 12
49.412280701755634 42
49.412280701755634 43
49.45614035087844 8
49.473684210527566 11
49.54385964912406 37
49.55263157894862 49
49.570175438597744 11
49.66666666666792 11
49.7631578947381 11
49.77192982456266 1
49.78070175438722 9
49.789473684211785 6
49.85964912280828 7
49.85964912280828 11
49.894736842106525 10
49.95614035087846 11
50.03508771929951 15
50.052631578948635 11
50.09649122807144 14
50.114035087720566 24
50.13157894736969 28
50.13157894736969 28
50.14912280701881 11
50.157894736843375 17
50.24561403508899 11
50.28070175438724 23
50.30701754386092 3
50.30701754386092 16
50.30701754386092 36
50.324561403510046 48
50.34210526315917 11
50.368421052632854 25
50.429824561404786 55
50.43859649122935 11
50.43859649122935 30
50.45614035087847 12
50.5175438596504 6
50.526315789474964 42
50.535087719299526 11
50.631578947369704 11
50.66666666666795 7
50.72807017543988 11
50.798245614036375 47
50.82456140351006 11
50.91228070175568 24
50.92105263158024 11
50.956140350878485 46
50.98245614035217 17
51.01754385965042 11
51.114035087720595 11
51.1578947368434 43
51.166666666667965 26
51.21052631579077 11
51.219298245615335 27
51.228070175439896 33
51.24561403508902 6
51.24561403508902 15
51.24561403508902 34
51.271929824562704 20
51.280701754387266 4
51.28947368421183 50
51.30701754386095 11
51.35087719298376 36
51.40350877193113 11
51.47368421052762 7
51.482456140352184 9
51.50000000000131 11
51.50000000000131 12
51.50877192982587 39
51.57894736842236 19
51.596491228071486 11
51.640350877194294 3
51.640350877194294 42
51.692982456141664 11
51.692982456141664 54
51.71052631579079 24
51.71929824561535 25
51.71929824561535 53
51.754385964913595 0
51.78947368421184 11
51.807017543860965 17
51.88596491228202 11
51.97368421052764 6
51.9824561403522 11
52.00877192982588 41
52.07894736842238 11
52.175438596492555 11
52.228070175439925 22
52.228070175439925 52
52.27192982456273 11
52.280701754387294 7
52.29824561403642 48
52.36842105263291 11
52.385964912282034 46
52.394736842106596 36
52.45614035087853 15
52.45614035087853 44
52.46491228070309 11
52.5087719298259 24
52.543859649124144 12
52.56140350877327 11
52.61403508772064 49
52.63157894736976 17
52.657894736843446 11
52.657894736843446 47
52.67543859649257 56
52.701754385966254 6
52.71929824561538 2
52.71929824561538 30
52.754385964913624 11
52.754385964913624 42
52.8508771929838 11
52.92982456140486 1
52.94736842105398 11
52.973684210527665 3
52.973684210527665 3
53.04385964912416 11
53.05263157894872 57
53.07017543859784 25
53.08771929824697 7
53.10526315789609 16
53.14035087719434 11
53.192982456141706 9
53.236842105264515 11
53.30701754386101 24
53.31578947368557 43
53.33333333333469 11
53.41228070175575 4
53.42982456140487 6
53.42982456140487 11
53.43859649122943 36
53.456140350878556 17
53.52631578947505 11
53.58771929824698 12
53.59649122807154 14
53.62280701754523 11
53.666666666668036 15
53.70175438596628 20
53.70175438596628 50
53.719298245615406 11
53.815789473685584 11
53.824561403510145 32
53.84210526315927 10
53.868421052632954 42
53.88596491228208 40
53.89473684210664 7
53.91228070175576 11
54.00877192982594 11
54.087719298246995 1
54.10526315789612 11
54.10526315789612 24
54.15789473684349 6
54.17543859649261 23
54.2017543859663 11
54.21929824561542 41
54.28070175438735 17
54.28070175438735 48
54.298245614036475 11
54.307017543861036 3
54.39473684210665 11
54.42105263158034 25
54.48245614035227 36
54.49122807017683 11
54.49122807017683 37
54.52631578947508 47
54.570175438597886 39
54.570175438597886 44
54.58771929824701 5
54.58771929824701 11
54.63157894736982 12
54.68421052631719 11
54.71052631579087 7
54.719298245615434 27
54.780701754387366 11
54.877192982457544 11
54.877192982457544 15
54.885964912282105 6
54.90350877193123 9
54.90350877193123 24
54.938596491229475 35
54.94736842105404 55
54.97368421052772 11
54.97368421052772 38
54.982456140352284 42
55.00000000000141 30
55.0701754385979 11
55.10526315789615 17
55.12280701754527 28
55.16666666666808 11
55.1842105263172 44
55.26315789473826 11
55.33333333333475 1
55.359649122808435 11
55.39473684210668 0
55.43859649122949 34
55.45614035087861 11
55.517543859650544 7
55.526315789475106 36
55.526315789475106 53
55.54385964912423 4
55.55263157894879 11
55.61403508772072 6
55.631578947369846 33
55.64035087719441 3
55.64912280701897 11
55.675438596492654 12
55.675438596492654 49
55.70175438596634 24
55.71929824561546 46
55.74561403508915 11
55.77192982456283 25
55.842105263159326 11
55.90350877193126 16
55.92982456140494 17
55.938596491229504 11
56.01754385965056 26
56.03508771929968 11
56.08771929824705 15
56.09649122807161 42
56.11403508772074 50
56.13157894736986 11
56.13157894736986 20
56.210526315790915 2
56.210526315790915 19
56.22807017544004 11
56.25438596491372 48
56.29824561403653 8
56.32456140351022 7
56.32456140351022 11
56.34210526315934 6
56.39473684210671 47
56.421052631580395 11
56.49122807017689 44
56.50000000000145 24
56.51754385965057 11
56.54385964912426 22
56.57017543859794 36
56.60526315789619 9
56.61403508772075 11
56.631578947369874 31
56.640350877194436 1
56.71052631579093 11
56.71929824561549 12
56.745614035089176 52
56.75438596491374 17
56.80701754386111 11
56.903508771931286 11
56.903508771931286 29
56.92982456140497 44
56.97368421052778 3
56.9912280701769 41
57.000000000001464 11
57.02631578947515 54
57.03508771929971 57
57.07017543859796 6
57.09649122807164 11
57.09649122807164 14
57.12280701754533 25
57.13157894736989 7
57.13157894736989 56
57.166666666668135 27
57.19298245614182 11
57.21052631579094 42
57.271929824562875 30
57.289473684212 11
57.29824561403656 15
57.29824561403656 24
57.385964912282176 11
57.39473684210674 39
57.482456140352355 11
57.57894736842253 11
57.57894736842253 17
57.61403508772078 36
57.67543859649271 4
57.67543859649271 11
57.76315789473833 12
57.77192982456289 11
57.78947368421201 10
57.798245614036574 6
57.859649122808506 32
57.86842105263307 11
57.87719298245763 44
57.93859649122956 7
57.964912280703246 11
58.03508771929974 23
58.061403508773424 11
58.09649122807167 24
58.1578947368436 11
58.16666666666816 55
58.19298245614185 43
58.23684210526466 48
58.25438596491378 11
58.26315789473834 47
58.28947368421203 0
58.30701754386115 3
58.30701754386115 9
58.32456140351027 42
58.333333333334835 44
58.35087719298396 11
58.40350877193133 1
58.40350877193133 17
58.447368421054136 11
58.47368421052782 25
58.50877192982607 15
58.52631578947519 6
58.52631578947519 50
58.543859649124315 11
58.56140350877344 20
58.64035087719449 11
58.657894736843616 36
58.701754385966424 16
58.73684210526467 11
58.73684210526467 49
58.74561403508923 7
58.807017543861164 12
58.83333333333485 11
58.89473684210678 24
58.92982456140503 11
59.026315789475206 11
59.122807017545384 11
59.21929824561556 11
59.22807017544012 17
59.25438596491381 6
59.25438596491381 44
59.31578947368574 11
59.41228070175592 11
59.4385964912296 37
59.4385964912296 42
59.508771929826096 11
59.54385964912434 30
59.552631578948905 7
59.605263157896275 11
59.614035087720836 27
59.63157894736996 34
59.64035087719452 3
59.64912280701908 53
59.67543859649277 44
59.69298245614189 24
59.70175438596645 2
59.70175438596645 11
59.70175438596645 36
59.719298245615576 15
59.79824561403663 11
59.80701754386119 4
59.824561403510316 25
59.850877192984 12
59.89473684210681 11
59.93859649122962 41
59.982456140352426 6
59.99122807017699 11
