0.03508771929824561 5
0.07017543859649122 48
0.09649122807017543 50
0.12280701754385964 9
0.13157894736842105 46
0.14035087719298245 47
0.17543859649122806 38
0.21052631578947367 43
0.2543859649122807 12
0.3596491228070179 35
0.43859649122807076 15
0.49122807017543935 0
0.5087719298245622 7
0.5087719298245622 56
0.5526315789473694 39
0.5701754385964922 37
0.5877192982456151 36
0.5877192982456151 57
0.6754385964912294 23
0.7192982456140365 28
0.7368421052631594 52
0.7543859649122823 54
0.7631578947368437 53
0.8070175438596509 26
0.8333333333333351 42
0.8421052631578966 55
0.9649122807017566 14
0.973684210526318 6
0.9824561403508795 44
1.0263157894736865 22
1.1403508771929851 16
1.157894736842108 34
1.1842105263157923 24
1.3245614035087752 7
1.3859649122807052 41
1.4561403508771966 46
1.6578947368421095 15
1.666666666666671 36
1.6929824561403553 44
1.7017543859649167 6
1.7192982456140395 3
1.728070175438601 2
1.8333333333333381 33
1.8596491228070224 27
1.8859649122807067 11
1.9298245614035139 4
1.991228070175444 24
2.0087719298245665 47
2.1403508771929847 7
2.289473684210525 42
2.4298245614035046 6
2.5087719298245554 43
2.5175438596491166 9
2.5175438596491166 44
2.61403508771929 25
2.745614035087708 36
2.789473684210514 24
2.877192982456126 15
2.90350877192981 50
2.956140350877177 7
2.9824561403508607 46
3.0263157894736668 1
3.1315789473684013 0
3.157894736842085 6
3.4035087719297987 48
3.587719298245584 24
3.6403508771929514 39
3.7368421052631247 12
3.7631578947368083 7
3.7631578947368083 44
3.798245614035053 10
3.8157894736841755 57
3.8245614035087367 3
3.8245614035087367 36
3.877192982456104 47
3.885964912280665 6
3.9736842105262773 25
3.999999999999961 42
4.096491228070139 15
4.096491228070139 20
4.122807017543824 31
4.201754385964879 30
4.2631578947368105 44
4.385964912280674 24
4.47368421052629 32
4.508771929824537 14
4.561403508771907 11
4.570175438596468 7
4.614035087719277 4
4.614035087719277 6
4.73684210526314 11
4.745614035087701 53
4.798245614035071 43
4.84210526315788 44
4.850877192982441 11
4.903508771929811 36
4.947368421052619 8
4.956140350877181 16
5.043859649122798 55
5.087719298245606 27
5.149122807017537 3
5.184210526315784 24
5.201754385964907 40
5.201754385964907 46
5.210526315789469 35
5.236842105263154 1
5.236842105263154 2
5.315789473684209 15
5.315789473684209 42
5.342105263157894 6
5.37719298245614 7
5.37719298245614 22
5.37719298245614 48
5.412280701754387 25
5.517543859649127 12
5.517543859649127 50
5.5526315789473735 11
5.578947368421058 37
5.605263157894743 5
5.649122807017552 23
5.657894736842113 11
5.710526315789483 38
5.719298245614045 28
5.7543859649122915 11
5.7543859649122915 47
5.771929824561415 34
5.85087719298247 11
5.947368421052648 11
5.9824561403508945 24
5.9824561403508945 36
6.043859649122826 11
6.070175438596511 6
6.078947368421073 26
6.140350877193004 11
6.1842105263158125 7
6.192982456140374 54
6.236842105263182 11
6.333333333333361 11
6.394736842105292 1
6.429824561403539 11
6.473684210526347 3
6.500000000000032 30
6.526315789473717 11
6.526315789473717 15
6.5877192982456485 41
6.622807017543895 11
6.631578947368457 5
6.631578947368457 46
6.719298245614073 11
6.745614035087758 4
6.745614035087758 42
6.780701754386005 24
6.798245614035128 6
6.8157894736842515 11
6.85964912280706 17
6.85964912280706 25
6.91228070175443 11
6.9649122807018 9
6.9912280701754845 7
7.008771929824608 11
7.008771929824608 29
7.061403508771978 36
7.105263157894786 0
7.105263157894786 11
7.105263157894786 44
7.114035087719348 12
7.131578947368471 57
7.201754385964964 11
7.289473684210581 20
7.298245614035142 11
7.394736842105321 11
7.403508771929882 43
7.403508771929882 52
7.491228070175499 11
7.526315789473745 6
7.578947368421115 24
7.587719298245677 11
7.596491228070239 44
7.6052631578948 56
7.640350877193047 47
7.6491228070176085 8
7.684210526315855 11
7.736842105263225 15
7.754385964912348 16
7.754385964912348 16
7.780701754386033 11
7.798245614035157 3
7.798245614035157 7
7.8771929824562115 11
7.964912280701828 5
7.97368421052639 11
8.017543859649198 14
8.02631578947376 46
8.070175438596568 11
8.096491228070253 42
8.114035087719376 39
8.140350877193061 36
8.149122807017623 1
8.166666666666746 11
8.254385964912363 6
8.35087719298254 44
8.377192982456226 24
8.543859649122897 32
8.605263157894829 7
8.728070175438692 2
8.842105263157993 50
8.903508771929925 41
8.947368421052733 15
8.964912280701856 30
8.98245614035098 6
9.166666666666774 48
9.175438596491336 24
9.219298245614144 36
9.24561403508783 42
9.254385964912391 3
9.4122807017545 7
9.500000000000117 31
9.508771929824679 47
9.710526315789597 6
9.710526315789597 22
9.763157894736967 46
9.771929824561528 17
9.771929824561528 25
9.88596491228083 40
9.9385964912282 27
9.964912280701885 9
9.973684210526446 24
10.017543859649255 0
10.078947368421186 57
10.09649122807031 1
10.122807017543995 23
10.131578947368556 12
10.157894736842241 15
10.157894736842241 15
10.219298245614173 7
10.228070175438734 20
10.298245614035228 36
10.438596491228214 6
10.52631578947383 52
10.552631578947516 16
10.587719298245762 37
10.622807017544009 43
10.649122807017694 19
10.719298245614187 28
10.73684210526331 55
10.771929824561557 24
10.84210526315805 11
10.850877192982612 4
10.859649122807173 3
10.868421052631735 39
10.938596491228228 11
11.026315789473845 7
11.035087719298406 11
11.096491228070338 42
11.131578947368585 11
11.166666666666831 6
11.184210526315955 38
11.228070175438763 11
11.245614035087886 30
11.333333333333503 41
11.333333333333503 54
11.36842105263175 15
11.377192982456311 36
11.377192982456311 36
11.385964912280873 47
11.526315789473859 14
11.570175438596667 24
11.596491228070352 48
11.728070175438777 1
11.833333333333517 7
11.885964912280887 11
11.894736842105448 6
12.052631578947558 5
12.184210526315983 3
12.21929824561423 2
12.342105263158093 50
12.368421052631778 24
12.37719298245634 42
12.37719298245634 44
12.421052631579148 34
12.456140350877394 36
12.578947368421257 15
12.578947368421257 33
12.622807017544066 6
12.622807017544066 32
12.640350877193189 9
12.64912280701775 7
12.666666666666874 25
12.684210526315997 26
12.684210526315997 46
12.719298245614244 0
12.75438596491249 17
13.149122807017765 44
13.166666666666888 24
13.17543859649145 52
13.254385964912505 47
13.350877192982683 6
13.350877192982683 16
13.368421052631806 57
13.447368421052861 27
13.456140350877423 7
13.456140350877423 31
13.500000000000231 12
13.526315789473916 30
13.535087719298478 36
13.614035087719532 20
13.614035087719532 43
13.622807017544094 44
13.719298245614272 42
13.780701754386204 10
13.789473684210765 3
13.789473684210765 15
13.798245614035327 11
13.807017543859889 4
13.894736842105505 11
13.903508771930067 48
13.929824561403752 1
13.956140350877437 23
13.964912280701999 24
13.991228070175683 11
14.000000000000245 35
14.02631578947393 25
14.035087719298492 22
14.0789473684213 6
14.0789473684213 8
14.087719298245862 11
14.18421052631604 11
14.263157894737095 7
14.280701754386218 11
14.377192982456396 11
14.473684210526574 11
14.535087719298506 46
14.570175438596753 11
14.61403508771956 36
14.657894736842369 9
14.66666666666693 11
14.763157894737109 11
14.763157894737109 24
14.807017543859917 6
14.859649122807287 11
14.87719298245641 12
14.903508771930095 41
14.956140350877465 11
15.000000000000274 15
15.000000000000274 42
15.03508771929852 14
15.052631578947643 11
15.070175438596767 7
15.114035087719575 3
15.114035087719575 5
15.122807017544137 47
15.149122807017822 11
15.245614035088 11
15.280701754386246 44
15.342105263158178 11
15.385964912280986 25
15.438596491228356 11
15.535087719298534 6
15.535087719298534 11
15.56140350877222 24
15.596491228070466 37
15.631578947368713 11
15.692982456140644 36
15.710526315789767 2
15.719298245614329 28
15.719298245614329 54
15.719298245614329 57
15.72807017543889 11
15.798245614035384 30
15.824561403509069 11
15.83333333333363 17
15.877192982456439 7
15.921052631579247 11
15.93859649122837 4
16.017543859649425 11
16.114035087719603 11
16.131578947368727 38
16.14912280701785 16
16.184210526316097 1
16.21052631578978 11
16.21052631578978 15
16.25438596491259 27
16.26315789473715 6
16.26315789473715 52
16.30701754385996 11
16.35964912280733 24
16.403508771930138 11
16.429824561403823 42
16.438596491228385 3
16.47368421052663 9
16.500000000000316 11
16.587719298245933 12
16.596491228070494 11
16.62280701754418 34
16.63157894736874 55
16.657894736842426 32
16.692982456140673 7
16.692982456140673 11
16.710526315789796 46
16.745614035088042 25
16.763157894737166 17
16.771929824561727 36
16.78947368421085 11
16.84210526315822 48
16.88596491228103 11
16.921052631579276 44
16.964912280702084 5
16.982456140351207 11
16.99122807017577 6
16.99122807017577 47
17.04385964912314 20
17.078947368421385 11
17.10526315789507 40
17.15789473684244 24
17.175438596491563 11
17.27192982456174 11
17.31578947368455 1
17.36842105263192 11
17.42105263157929 15
17.464912280702098 11
17.508771929824906 7
17.517543859649468 43
17.561403508772276 11
17.622807017544208 17
17.657894736842454 11
17.719298245614386 6
17.763157894737194 3
17.833333333333687 12
17.85087719298281 36
17.859649122807372 11
17.885964912281057 33
17.95614035087755 0
17.95614035087755 11
17.95614035087755 24
18.05263157894773 11
18.070175438596852 4
18.087719298245975 30
18.087719298245975 39
18.1052631578951 25
18.1052631578951 42
18.149122807017907 11
18.16666666666703 44
18.245614035088085 11
18.31578947368458 7
18.342105263158263 11
18.359649122807387 22
18.403508771930195 1
18.42982456140388 26
18.43859649122844 11
18.447368421053003 6
18.456140350877565 56
18.464912280702126 57
18.53508771929862 11
18.54385964912318 14
18.54385964912318 14
18.631578947368798 11
18.631578947368798 15
18.719298245614414 23
18.728070175438976 11
18.75438596491266 24
18.824561403509154 11
18.8596491228074 9
18.868421052631962 47
18.877192982456524 27
18.885964912281086 17
18.921052631579332 11
18.921052631579332 53
18.929824561403894 36
18.929824561403894 48
18.947368421053017 16
18.947368421053017 46
19.043859649123196 52
19.087719298246004 3
19.12280701754425 7
19.131578947368812 49
19.131578947368812 50
19.17543859649162 6
19.201754385965305 2
19.44736842105303 43
19.464912280702155 10
19.464912280702155 25
19.482456140351278 11
19.54385964912321 12
19.55263157894777 24
19.578947368421456 11
19.64912280701795 20
19.64912280701795 42
19.675438596491635 11
19.719298245614443 17
19.771929824561813 11
19.824561403509183 41
19.842105263158306 15
19.86842105263199 11
19.903508771930237 6
19.929824561403922 7
19.96491228070217 11
20.008771929824977 36
20.061403508772347 11
20.087719298246032 54
20.157894736842525 11
20.201754385965334 4
20.254385964912704 11
20.271929824561827 0
20.350877192982882 11
20.350877192982882 24
20.377192982456567 30
20.412280701754813 3
20.44736842105306 11
20.543859649123238 11
20.543859649123238 17
20.587719298246046 9
20.587719298246046 55
20.60526315789517 37
20.631578947368855 6
20.631578947368855 44
20.640350877193416 11
20.692982456140786 32
20.71052631578991 28
20.736842105263595 7
20.736842105263595 11
20.736842105263595 47
20.82456140350921 25
20.833333333333773 11
20.842105263158334 58
20.885964912281143 42
20.92105263157939 48
20.92982456140395 11
20.947368421053074 34
21.02631578947413 11
21.03508771929869 39
21.052631578947814 15
21.08771929824606 36
21.122807017544307 11
21.149122807017992 24
21.1929824561408 57
21.219298245614485 11
21.228070175439047 12
21.29824561403554 1
21.315789473684664 11
21.359649122807472 6
21.368421052632034 17
21.41228070175484 11
21.50877192982502 11
21.50877192982502 38
21.535087719298705 50
21.543859649123267 7
21.578947368421513 27
21.605263157895198 11
21.701754385965376 11
21.736842105263623 3
21.745614035088185 16
21.798245614035554 11
21.894736842105733 11
21.947368421053103 24
21.99122807017591 11
22.03508771929872 41
22.04385964912328 14
22.052631578947842 29
22.08771929824609 6
22.08771929824609 11
22.09649122807065 20
22.166666666667144 36
22.184210526316267 11
22.184210526316267 25
22.19298245614083 17
22.263157894737322 15
22.280701754386445 11
22.30701754386013 9
22.333333333333815 4
22.35087719298294 7
22.377192982456624 11
22.438596491228555 56
22.4736842105268 11
22.543859649123295 1
22.57017543859698 11
22.57017543859698 49
22.605263157895227 47
22.614035087719788 43
22.657894736842596 30
22.666666666667158 11
22.68421052631628 22
22.692982456140843 2
22.745614035088213 24
22.745614035088213 42
22.763157894737336 11
22.815789473684706 6
22.83333333333383 33
22.859649122807514 11
22.929824561404008 48
22.956140350877693 11
23.017543859649624 17
23.05263157894787 11
23.061403508772433 3
23.14912280701805 11
23.166666666667172 7
23.236842105263666 23
23.245614035088227 11
23.245614035088227 36
23.324561403509282 35
23.342105263158405 11
23.47368421052683 15
23.543859649123323 6
23.543859649123323 24
23.543859649123323 25
23.596491228070693 5
23.763157894737365 26
23.763157894737365 44
23.807017543860173 46
23.84210526315842 17
23.868421052632105 52
23.90350877193035 1
23.982456140351406 7
24.017543859649653 10
24.035087719298776 9
24.035087719298776 11
24.096491228070708 12
24.131578947368954 11
24.15789473684264 0
24.228070175439132 11
24.27192982456194 6
24.289473684211064 39
24.32456140350931 11
24.32456140350931 36
24.342105263158434 24
24.385964912281242 3
24.42105263157949 11
24.464912280702297 4
24.47368421052686 47
24.517543859649667 11
24.543859649123352 16
24.543859649123352 20
24.59649122807072 57
24.605263157895283 50
24.614035087719845 11
24.622807017544407 41
24.63157894736897 43
24.666666666667215 17
24.68421052631634 15
24.710526315790023 5
24.710526315790023 11
24.789473684211078 7
24.8070175438602 11
24.90350877193038 11
24.90350877193038 25
24.938596491228626 30
25.000000000000558 6
25.000000000000558 11
25.01754385964968 27
25.096491228070736 1
25.096491228070736 11
25.140350877193544 24
25.192982456140914 11
25.22807017543916 12
25.22807017543916 34
25.289473684211092 11
25.37719298245671 32
25.38596491228127 11
25.394736842105832 46
25.403508771930394 36
25.48245614035145 11
25.49122807017601 17
25.54385964912338 14
25.578947368421627 11
25.59649122807075 7
25.59649122807075 42
25.614035087719873 37
25.675438596491805 11
25.70175438596549 28
25.71052631579005 3
25.728070175439175 6
25.7456140350883 9
25.771929824561983 11
25.80701754386023 5
25.86842105263216 11
25.894736842105846 15
25.938596491228655 24
25.96491228070234 11
26.01754385964971 48
26.01754385964971 49
26.061403508772518 11
26.157894736842696 11
26.18421052631638 2
26.18421052631638 8
26.23684210526375 1
26.254385964912874 11
26.263157894737436 25
26.315789473684806 17
26.34210526315849 47
26.350877192983052 11
26.359649122807614 12
26.403508771930422 7
26.44736842105323 11
26.456140350877792 6
26.482456140351477 36
26.54385964912341 11
26.59649122807078 4
26.640350877193587 11
26.666666666667272 44
26.736842105263765 11
26.736842105263765 24
26.736842105263765 38
26.798245614035697 55
26.833333333333943 11
26.833333333333943 41
26.92982456140412 11
26.938596491228683 56
26.956140350877806 45
26.98245614035149 20
27.000000000000615 22
27.0263157894743 11
27.03508771929886 3
27.105263157895354 15
27.122807017544478 11
27.1403508771936 17
27.18421052631641 6
27.210526315790094 7
27.219298245614656 11
27.219298245614656 30
27.254385964912903 46
27.315789473684834 11
27.34210526315852 16
27.377192982456766 1
27.412280701755012 11
27.44736842105326 9
27.44736842105326 23
27.491228070176067 12
27.50877192982519 11
27.535087719298875 24
27.535087719298875 53
27.56140350877256 36
27.60526315789537 11
27.61403508771993 0
27.622807017544492 25
27.640350877193615 39
27.6666666666673 44
27.701754385965547 11
27.789473684211163 27
27.798245614035725 11
27.894736842105903 11
27.894736842105903 29
27.912280701755027 6
27.964912280702396 10
27.964912280702396 17
27.99122807017608 11
28.017543859649766 7
28.017543859649766 48
28.08771929824626 11
28.184210526316438 11
28.210526315790123 47
28.280701754386616 11
28.315789473684863 15
28.333333333333986 24
28.35964912280767 3
28.368421052632232 44
28.377192982456794 11
28.473684210526972 11
28.57017543859715 11
28.578947368421712 54
28.62280701754452 12
28.640350877193644 6
28.640350877193644 36
28.66666666666733 11
28.7192982456147 42
28.72807017543926 4
28.736842105263822 26
28.745614035088384 50
28.763157894737507 11
28.789473684211192 17
28.82456140350944 7
28.859649122807685 11
28.956140350877863 11
28.982456140351548 25
28.982456140351548 46
29.00000000000067 44
29.04385964912348 14
29.05263157894804 11
29.09649122807085 49
29.131578947369096 24
29.14912280701822 11
29.15789473684278 9
29.166666666667343 29
29.219298245614713 1
29.245614035088398 11
29.342105263158576 11
29.3596491228077 33
29.36842105263226 6
29.41228070175507 20
29.438596491228754 11
29.500000000000686 30
29.52631578947437 15
29.535087719298932 11
29.596491228070864 44
29.614035087719987 17
29.63157894736911 7
29.63157894736911 11
29.640350877193672 5
29.67543859649192 2
29.68421052631648 3
29.719298245614727 36
29.72807017543929 11
29.754385964912974 12
29.824561403509467 11
29.90350877193052 42
29.921052631579645 11
29.929824561404207 24
29.982456140351577 43
30.017543859649823 11
30.026315789474385 48
30.035087719298946 57
30.078947368421755 47
30.096491228070878 6
30.11403508772 11
30.140350877193686 16
30.192982456141056 39
30.192982456141056 52
30.21052631579018 11
30.245614035088426 40
30.254385964912988 32
30.307017543860358 11
30.342105263158604 25
30.36842105263229 46
30.385964912281413 1
30.403508771930536 11
30.438596491228783 17
30.447368421053344 7
30.500000000000714 11
30.596491228070892 11
30.605263157895454 34
30.622807017544577 37
30.69298245614107 11
30.701754385965632 28
30.728070175439317 24
30.73684210526388 15
30.74561403508844 27
30.78947368421125 11
30.79824561403581 36
30.824561403509495 6
30.859649122807742 4
30.868421052632304 9
30.885964912281427 11
30.885964912281427 12
30.95614035087792 5
30.982456140351605 11
31.00877192982529 3
31.078947368421783 11
31.149122807018276 50
31.17543859649196 11
31.192982456141085 31
31.245614035088455 23
31.254385964913016 55
31.263157894737578 7
31.263157894737578 17
31.27192982456214 11
31.315789473684948 22
31.342105263158633 29
31.368421052632318 11
31.464912280702496 11
31.526315789474427 24
31.552631578948112 6
31.561403508772674 11
31.59649122807092 43
31.631578947369167 42
31.657894736842852 11
31.666666666667414 53
31.70175438596566 25
31.75438596491303 11
31.75438596491303 41
31.789473684211277 30
31.842105263158647 0
31.842105263158647 20
31.85087719298321 11
31.877192982456894 36
31.91228070175514 10
31.947368421053387 11
31.947368421053387 15
31.947368421053387 38
31.947368421053387 47
32.00000000000075 48
32.01754385964988 12
32.04385964912356 11
32.070175438597246 7
32.08771929824637 17
32.14035087719374 11
32.15789473684286 49
32.166666666667425 5
32.23684210526392 11
32.280701754386726 6
32.29824561403585 8
32.324561403509534 24
32.333333333334096 3
32.333333333334096 11
32.429824561404274 11
32.50000000000077 45
32.52631578947445 11
32.543859649123576 14
32.55263157894814 1
32.57017543859726 9
32.62280701754463 11
32.640350877193754 29
32.71929824561481 11
32.81578947368499 11
32.86842105263236 54
32.87719298245692 5
32.87719298245692 7
32.88596491228148 39
32.912280701755165 11
32.912280701755165 17
32.912280701755165 44
32.93859649122885 16
32.95614035087797 36
32.99122807017622 4
33.00877192982534 6
33.00877192982534 11
33.06140350877271 25
33.10526315789552 11
33.10526315789552 26
33.122807017544645 24
33.14912280701833 12
33.15789473684289 15
33.16666666666745 2
33.2017543859657 11
33.21052631579026 42
33.29824561403588 11
33.394736842106056 11
33.491228070176234 11
33.552631578948166 50
33.58771929824641 11
33.596491228070974 5
33.657894736842906 3
33.68421052631659 7
33.68421052631659 11
33.73684210526396 6
33.73684210526396 17
33.74561403508852 41
33.78070175438677 11
33.815789473685015 47
33.87719298245695 11
33.89473684210607 29
33.89473684210607 33
33.91228070175519 44
33.921052631579755 24
33.921052631579755 24
33.92982456140432 1
33.973684210527125 11
33.973684210527125 48
34.03508771929906 36
34.06140350877274 30
34.0701754385973 11
34.078947368421865 46
34.16666666666748 11
34.192982456141166 27
34.26315789473766 11
34.27192982456222 9
34.27192982456222 20
34.28070175438678 12
34.289473684211345 32
34.32456140350959 44
34.35964912280784 11
34.3684210526324 15
34.42105263157977 25
34.456140350878016 11
34.46491228070258 6
34.500000000000824 7
34.552631578948194 11
34.552631578948194 35
34.561403508772756 17
34.62280701754469 43
34.64912280701837 11
34.67543859649206 57
34.719298245614866 24
34.74561403508855 11
34.824561403509605 34
34.84210526315873 11
34.88596491228154 44
34.921052631579784 42
34.93859649122891 11
34.982456140351715 3
35.035087719299085 11
35.07894736842189 58
35.11403508772014 36
35.1228070175447 4
35.1228070175447 52
35.13157894736926 11
35.192982456141195 6
35.21929824561488 49
35.22807017543944 11
35.298245614035935 23
35.31578947368506 7
35.32456140350962 11
35.359649122807866 29
35.38596491228155 17
35.412280701755236 12
35.412280701755236 39
35.4210526315798 11
35.44736842105348 55
35.48245614035173 8
35.517543859649976 11
35.517543859649976 24
35.57894736842191 15
35.614035087720154 11
35.63157894736928 22
35.63157894736928 37
35.68421052631665 47
35.69298245614121 28
35.71052631579033 11
35.73684210526402 16
35.780701754386826 25
35.80701754386051 11
35.85964912280788 10
35.90350877193069 11
35.92105263157981 6
35.95614035087806 48
35.95614035087806 50
35.97368421052718 9
36.00000000000087 11
36.043859649123675 14
36.096491228071045 11
36.11403508772017 42
36.12280701754473 7
36.1754385964921 43
36.19298245614122 11
36.19298245614122 36
36.21052631579035 17
36.27192982456228 44
36.2894736842114 11
36.307017543860525 3
36.315789473685086 24
36.34210526315877 30
36.38596491228158 11
36.48245614035176 11
36.517543859650004 41
36.54385964912369 12
36.578947368421936 11
36.59649122807106 0
36.64912280701843 6
36.65789473684299 2
36.675438596492114 11
36.7017543859658 20
36.74561403508861 53
36.77192982456229 11
36.780701754386854 38
36.789473684211416 15
36.86842105263247 11
36.9298245614044 7
36.96491228070265 11
36.98245614035177 46
37.03508771929914 17
37.052631578948265 57
37.06140350877283 11
37.1140350877202 24
37.14035087719388 25
37.157894736843005 11
37.2280701754395 42
37.25438596491318 4
37.25438596491318 11
37.27192982456231 36
37.35087719298336 11
37.377192982457046 6
37.44736842105354 11
37.54385964912372 11
37.55263157894828 47
37.631578947369334 3
37.640350877193896 11
37.67543859649214 12
37.684210526316704 9
37.684210526316704 44
37.70175438596583 1
37.71052631579039 27
37.736842105264074 7
37.736842105264074 11
37.798245614036006 52
37.83333333333425 11
37.85964912280794 17
37.91228070175531 24
37.92982456140443 11
37.93859649122899 48
38.000000000000924 15
38.02631578947461 11
38.0964912280711 45
38.10526315789566 6
38.114035087720225 8
38.12280701754479 11
38.15789473684303 40
38.219298245614965 11
38.2807017543869 49
38.31578947368514 11
38.34210526315883 42
38.35087719298339 36
38.35964912280795 50
38.41228070175532 11
38.50000000000094 25
38.5087719298255 11
38.535087719299185 16
38.535087719299185 46
38.543859649123746 7
38.57017543859743 39
38.60526315789568 11
38.6228070175448 30
38.68421052631673 5
38.68421052631673 17
38.701754385965856 11
38.71052631579042 24
38.798245614036034 11
38.807017543860596 12
38.83333333333428 6
38.83333333333428 41
38.89473684210621 11
38.956140350878144 3
38.99122807017639 11
39.008771929825514 33
39.02631578947464 34
39.05263157894832 32
39.08771929824657 11
39.13157894736938 0
39.13157894736938 20
39.16666666666762 23
39.175438596492185 43
39.18421052631675 11
39.21052631579043 15
39.23684210526412 54
39.280701754386925 11
39.32456140350973 1
39.35087719298342 7
39.3771929824571 11
39.385964912281665 4
39.385964912281665 9
39.41228070175535 47
39.42982456140447 36
39.45614035087816 42
39.47368421052728 11
39.50877192982553 17
39.50877192982553 24
39.543859649123775 14
39.5614035087729 6
39.57017543859746 11
39.657894736843076 26
39.66666666666764 11
39.763157894737816 11
39.807017543860624 10
39.859649122807994 11
39.859649122807994 25
39.921052631579926 48
39.93859649122905 12
39.94736842105361 22
39.95614035087817 11
40.00000000000098 5
40.05263157894835 11
40.14912280701853 2
40.14912280701853 11
40.15789473684309 7
40.19298245614134 29
40.24561403508871 11
40.28070175438695 3
40.289473684211515 6
40.30701754386064 24
40.33333333333432 17
40.342105263158885 11
40.42105263157994 15
40.43859649122906 11
40.508771929825556 36
40.53508771929924 11
40.57017543859749 42
40.63157894736942 11
40.64035087719398 37
40.64035087719398 56
40.657894736843105 57
40.68421052631679 28
40.7280701754396 11
40.763157894737844 50
40.79824561403609 46
40.824561403509776 11
40.88596491228171 1
40.89473684210627 35
40.90350877193083 30
40.921052631579954 11
40.921052631579954 44
40.96491228070276 7
40.973684210527324 43
41.01754385965013 6
41.01754385965013 11
41.0701754385975 12
41.09649122807119 9
41.10526315789575 24
41.11403508772031 11
41.14912280701856 52
41.15789473684312 17
41.21052631579049 11
41.21929824561505 25
41.22807017543961 39
41.27192982456242 47
41.30701754386067 11
41.33333333333435 16
41.34210526315891 49
41.403508771930845 11
41.50000000000102 11
41.51754385965015 4
41.54385964912383 27
41.561403508772955 20
41.58771929824664 36
41.5964912280712 11
41.60526315789576 3
41.63157894736945 15
41.68421052631682 42
41.69298245614138 11
41.74561403508875 6
41.780701754386996 7
41.78947368421156 11
41.877192982457174 44
41.885964912281736 11
41.885964912281736 48
41.90350877193086 24
41.982456140351914 11
41.982456140351914 17
42.07894736842209 11
42.13157894736946 46
42.17543859649227 11
42.201754385965955 12
42.254385964913325 55
42.27192982456245 0
42.27192982456245 11
42.36842105263263 11
42.464912280702805 11
42.47368421052737 6
42.48245614035193 53
42.56140350877298 11
42.570175438597545 40
42.57894736842211 25
42.58771929824667 7
42.61403508772035 43
42.65789473684316 11
42.66666666666772 36
42.675438596492285 41
42.70175438596597 24
42.71052631579053 1
42.75438596491334 11
42.79824561403615 42
42.80701754386071 9
42.80701754386071 17
42.842105263158956 15
42.85087719298352 11
42.92982456140457 3
42.947368421053696 11
42.991228070176504 23
43.043859649123874 11
43.043859649123874 14
43.08771929824668 32
43.13157894736949 47
43.14035087719405 11
43.16666666666774 50
43.1754385964923 29
43.201754385965984 6
43.21929824561511 34
43.23684210526423 11
43.33333333333441 11
43.33333333333441 12
43.33333333333441 12
43.39473684210634 7
43.42982456140459 11
43.42982456140459 33
43.50000000000108 24
43.526315789474765 11
43.59649122807126 44
43.62280701754494 11
43.631578947369505 17
43.64035087719407 2
43.64912280701863 4
43.71929824561512 8
43.71929824561512 11
43.745614035088806 36
43.75438596491337 10
43.8157894736853 11
43.842105263158984 46
43.85964912280811 48
43.91228070175548 11
43.91228070175548 42
43.9298245614046 6
43.9298245614046 57
43.93859649122916 25
43.956140350878286 5
43.99122807017653 20
44.008771929825656 11
44.02631578947478 1
44.052631578948464 15
44.052631578948464 26
44.105263157895834 11
44.13157894736952 16
44.20175438596601 7
44.20175438596601 11
44.25438596491338 3
44.271929824562505 22
44.29824561403619 11
44.29824561403619 24
44.377192982457245 54
44.39473684210637 11
44.40350877193093 49
44.4561403508783 17
44.46491228070286 12
44.49122807017655 11
44.50877192982567 9
44.56140350877304 44
44.587719298246725 11
44.65789473684322 6
44.6842105263169 5
44.6842105263169 11
44.78070175438708 11
44.82456140350989 36
44.87719298245726 11
44.92982456140463 45
44.97368421052744 11
45.00000000000112 47
45.008771929825684 7
45.070175438597616 0
45.070175438597616 11
45.070175438597616 43
45.07894736842218 42
45.0964912280713 24
45.166666666667794 11
45.26315789473797 11
45.26315789473797 15
45.280701754387096 17
45.29824561403622 25
45.35964912280815 11
45.385964912281835 6
45.45614035087833 11
45.50000000000114 56
45.55263157894851 11
45.57017543859763 50
45.57894736842219 3
45.58771929824675 55
45.596491228071315 12
45.649122807018685 11
45.649122807018685 37
45.68421052631693 28
45.71929824561518 52
45.74561403508886 11
45.78070175438711 4
45.815789473685356 7
45.83333333333448 48
45.84210526315904 11
45.89473684210641 24
45.90350877193097 36
45.93859649122922 11
45.964912280702904 27
46.0350877192994 11
46.070175438597644 8
46.078947368422206 39
46.10526315789589 17
46.11403508772045 6
46.131578947369576 11
46.19298245614151 42
46.21052631579063 9
46.228070175439754 11
46.236842105264316 1
46.32456140350993 11
46.42105263158011 11
46.42105263158011 20
46.47368421052748 15
46.51754385965029 11
46.543859649123974 14
46.61403508772047 11
46.62280701754503 7
46.64912280701871 30
46.657894736843275 25
46.69298245614152 24
46.710526315790645 11
46.71929824561521 57
46.72807017543977 12
46.763157894738015 38
46.80701754386082 11
46.80701754386082 23
46.84210526315907 6
46.85087719298363 41
46.868421052632755 47
46.903508771931 3
46.903508771931 11
46.929824561404686 16
46.929824561404686 17
46.94736842105381 46
46.982456140352056 36
47.00000000000118 11
47.0175438596503 44
47.09649122807136 11
47.09649122807136 35
47.131578947369604 2
47.192982456141536 11
47.289473684211714 11
47.30701754386084 42
47.38596491228189 11
47.41228070175558 34
47.4298245614047 7
47.43859649122926 43
47.46491228070295 1
47.46491228070295 40
47.46491228070295 49
47.48245614035207 11
47.49122807017663 24
47.53508771929944 32
47.57017543859769 6
47.57894736842225 11
47.67543859649243 11
47.68421052631699 15
47.70175438596611 10
47.75438596491348 17
47.771929824562605 11
47.80701754386085 48
47.8421052631591 33
47.85964912280822 12
47.86842105263278 11
47.91228070175559 4
47.91228070175559 9
47.96491228070296 11
47.97368421052752 50
48.01754385965033 25
48.06140350877314 11
48.06140350877314 36
48.07894736842226 31
48.15789473684332 11
48.22807017543981 3
48.23684210526437 7
48.254385964913496 11
48.28947368421174 24
48.298245614036304 6
48.350877192983674 11
48.42105263158017 42
48.44736842105385 11
48.54385964912403 0
48.54385964912403 11
48.57894736842228 17
48.58771929824684 22
48.64035087719421 11
48.66666666666789 44
48.73684210526439 11
48.75438596491351 47
48.833333333334565 11
48.85087719298369 20
48.8947368421065 15
48.92105263158018 30
48.92982456140474 11
48.938596491229305 41
48.991228070176675 12
49.02631578947492 6
49.02631578947492 11
49.043859649124045 7
49.06140350877317 54
49.07894736842229 26
49.08771929824685 24
49.1228070175451 11
49.14035087719422 36
49.21929824561528 11
49.28947368421177 1
49.315789473685456 11
49.37719298245739 25
49.40350877193107 17
49.412280701755634 11
49.50877192982581 11
49.5350877192995 42
49.55263157894862 3
49.60526315789599 11
49.622807017545114 9
49.675438596492484 45
49.70175438596617 11
49.71052631579073 43
49.72807017543985 16
49.75438596491354 6
49.789473684211785 48
49.79824561403635 11
49.82456140351003 39
49.82456140351003 52
49.85087719298372 7
49.88596491228196 24
49.894736842106525 11
49.947368421053895 27
49.9912280701767 11
50.04385964912407 4
50.04385964912407 14
50.08771929824688 11
50.105263157896005 15
50.12280701754513 12
50.18421052631706 11
50.219298245615306 36
50.22807017543987 17
50.271929824562676 46
50.28070175438724 11
50.377192982457416 11
50.377192982457416 50
50.43859649122935 57
50.473684210527594 11
50.482456140352156 6
50.526315789474964 49
50.57017543859777 11
50.587719298246896 23
50.61403508772058 47
50.62280701754514 2
50.64912280701883 42
50.65789473684339 5
50.65789473684339 7
50.65789473684339 37
50.66666666666795 11
50.67543859649251 28
50.684210526317074 24
50.71052631579076 56
50.736842105264444 25
50.76315789473813 11
50.85964912280831 11
50.87719298245743 3
50.956140350878485 11
51.05263157894866 1
51.05263157894866 11
51.05263157894866 17
51.14912280701884 11
51.19298245614165 30
51.21052631579077 6
51.24561403508902 11
51.25438596491358 12
51.280701754387266 20
51.29824561403639 36
51.31578947368551 15
51.333333333334636 9
51.3421052631592 11
51.39473684210657 43
51.438596491229376 11
51.47368421052762 7
51.482456140352184 24
51.535087719299554 11
51.5701754385978 32
51.60526315789605 34
51.63157894736973 11
51.649122807018855 10
51.72807017543991 11
51.76315789473816 42
51.81578947368553 48
51.82456140351009 11
51.87719298245746 17
51.92105263158027 11
51.93859649122939 6
51.93859649122939 41
51.97368421052764 29
52.017543859650445 11
52.07894736842238 46
52.0964912280715 25
52.11403508772062 11
52.175438596492555 4
52.20175438596624 3
52.2105263157908 11
52.24561403508905 33
52.25438596491361 38
52.25438596491361 55
52.280701754387294 1
52.280701754387294 24
52.289473684211856 7
52.30701754386098 11
52.37719298245747 36
52.385964912282034 12
52.40350877193116 11
52.48245614035221 47
52.500000000001336 11
52.52631578947502 15
52.52631578947502 16
52.52631578947502 44
52.596491228071514 11
52.66666666666801 6
52.68421052631713 39
52.69298245614169 11
52.701754385966254 17
52.74561403508906 40
52.78070175438731 50
52.78947368421187 11
52.87719298245749 42
52.88596491228205 11
52.90350877193117 22
52.98245614035223 11
53.04385964912416 9
53.078947368422405 11
53.078947368422405 24
53.10526315789609 7
53.17543859649258 11
53.17543859649258 35
53.25438596491364 57
53.2631578947382 43
53.27192982456276 0
53.27192982456276 11
53.27192982456276 53
53.33333333333469 8
53.36842105263294 11
53.394736842106624 6
53.42105263158031 27
53.447368421053994 44
53.456140350878556 25
53.456140350878556 36
53.46491228070312 11
53.47368421052768 30
53.51754385965049 12
53.52631578947505 3
53.52631578947505 17
53.54385964912417 14
53.561403508773296 11
53.58771929824698 49
53.657894736843474 11
53.710526315790844 20
53.73684210526453 15
53.75438596491365 11
53.7894736842119 48
53.85087719298383 11
53.877192982457515 24
53.89473684210664 41
53.91228070175576 7
53.94736842105401 11
53.99122807017682 42
54.04385964912419 11
54.10526315789612 44
54.11403508772068 2
54.12280701754524 6
54.140350877194365 11
54.23684210526454 11
54.307017543861036 4
54.3157894736856 46
54.33333333333472 11
54.350877192983845 17
54.350877192983845 47
54.359649122808406 23
54.39473684210665 54
54.4298245614049 11
54.52631578947508 11
54.53508771929964 36
54.622807017545256 11
54.64912280701894 12
54.675438596492626 24
54.719298245615434 7
54.719298245615434 11
54.74561403508912 9
54.81578947368561 11
54.81578947368561 25
54.85087719298386 3
54.85087719298386 6
54.86842105263298 1
54.91228070175579 11
54.94736842105404 15
54.94736842105404 56
55.00877192982597 11
55.10526315789615 11
55.10526315789615 42
55.17543859649264 17
55.1842105263172 50
55.201754385966325 11
55.2982456140365 11
55.2982456140365 39
55.32456140351019 16
55.33333333333475 26
55.39473684210668 11
55.473684210527736 24
55.49122807017686 11
55.526315789475106 7
55.578947368422476 6
55.58771929824704 11
55.58771929824704 46
55.5964912280716 10
55.60526315789616 32
55.61403508772072 36
55.66666666666809 28
55.66666666666809 37
55.684210526317216 11
55.69298245614178 31
55.74561403508915 5
55.74561403508915 30
55.77192982456283 48
55.780701754387394 11
55.780701754387394 12
55.79824561403652 34
55.85087719298389 41
55.85087719298389 55
55.87719298245757 11
55.87719298245757 27
55.97368421052775 11
56.000000000001435 17
56.07017543859793 11
56.1228070175453 1
56.14035087719442 20
56.157894736843545 15
56.16666666666811 11
56.17543859649267 3
56.17543859649267 25
56.18421052631723 43
56.210526315790915 47
56.21929824561548 42
56.21929824561548 52
56.263157894738285 11
56.27192982456285 24
56.30701754386109 6
56.34210526315934 7
56.35964912280846 11
56.43859649122952 4
56.44736842105408 0
56.45614035087864 9
56.45614035087864 11
56.55263157894882 11
56.649122807019 11
56.649122807019 33
56.649122807019 49
56.692982456141806 36
56.745614035089176 11
56.77192982456286 57
56.82456140351023 17
56.842105263159354 11
56.850877192983916 53
56.91228070175585 12
56.93859649122953 8
56.93859649122953 11
57.03508771929971 6
57.03508771929971 11
57.04385964912427 14
57.07017543859796 24
57.13157894736989 11
57.14912280701901 7
57.219298245615505 22
57.22807017544007 11
57.31578947368568 1
57.324561403510245 11
57.33333333333481 42
57.35087719298393 38
57.35087719298393 46
57.36842105263305 15
57.42105263158042 11
57.50000000000148 3
57.5175438596506 11
57.535087719299725 25
57.543859649124286 44
57.587719298247094 50
57.60526315789622 2
57.61403508772078 11
57.649122807019026 17
57.71052631579096 11
57.754385964913766 48
57.76315789473833 6
57.77192982456289 36
57.807017543861136 11
57.86842105263307 24
57.903508771931314 11
57.956140350878684 7
58.00000000000149 11
58.017543859650615 30
58.0438596491243 12
58.07894736842255 47
58.09649122807167 11
58.122807017545355 16
58.14035087719448 23
58.1578947368436 9
58.19298245614185 11
58.28947368421203 11
58.35964912280852 29
58.37719298245764 44
58.385964912282205 11
58.47368421052782 17
58.48245614035238 11
58.491228070176945 6
58.491228070176945 43
58.500000000001506 42
58.52631578947519 27
58.570175438598 4
58.570175438598 20
58.57894736842256 11
58.57894736842256 15
58.66666666666818 24
58.67543859649274 11
58.763157894738356 7
58.77192982456292 11
58.82456140351029 3
58.85087719298397 36
58.868421052633096 11
58.89473684210678 25
58.89473684210678 54
58.964912280703274 11
59.03508771929977 39
59.06140350877345 11
59.15789473684363 1
59.15789473684363 11
59.175438596492754 12
59.21929824561556 6
59.21929824561556 35
59.25438596491381 11
59.26315789473837 57
59.29824561403662 17
59.35087719298399 11
59.40350877193136 8
59.447368421054165 11
59.46491228070329 24
59.47368421052785 56
59.54385964912434 10
59.54385964912434 11
59.57017543859803 7
59.58771929824715 0
59.614035087720836 42
59.64035087719452 11
59.710526315791014 49
59.7368421052647 11
59.78070175438751 46
59.78070175438751 48
59.78947368421207 15
59.83333333333488 11
59.85964912280856 9
59.929824561405056 11
59.929824561405056 36
59.93859649122962 47
59.94736842105418 6
59.99122807017699 34
59.99122807017699 50
