0.017543859649122806 55
0.08771929824561403 35
0.08771929824561403 52
0.17543859649122806 14
0.21052631578947367 2
0.23684210526315788 27
0.26315789473684215 5
0.3333333333333336 15
0.3596491228070179 28
0.3684210526315793 36
0.4210526315789479 3
0.42982456140350933 16
0.4473684210526322 46
0.4824561403508779 7
0.49122807017543935 19
0.5000000000000008 33
0.5087719298245622 6
0.5175438596491236 47
0.5877192982456151 43
0.6140350877192994 48
0.6491228070175451 54
0.7982456140350894 29
0.8070175438596509 22
0.8070175438596509 37
0.8157894736842123 57
0.8333333333333351 26
1.017543859649125 30
1.017543859649125 42
1.0614035087719322 34
1.1315789473684237 38
1.2280701754385994 0
1.2368421052631609 6
1.2543859649122837 1
1.2982456140350909 7
1.4473684210526352 36
1.5000000000000038 41
1.5614035087719338 15
1.5701754385964952 10
1.5701754385964952 40
1.5964912280701795 23
1.6315789473684252 24
1.6578947368421095 12
1.7192982456140395 4
1.7368421052631624 31
1.7456140350877238 3
1.7456140350877238 32
1.9649122807017596 6
2.114035087719301 7
2.1315789473684235 42
2.2543859649122804 44
2.280701754385964 50
2.412280701754382 47
2.4298245614035046 24
2.447368421052627 11
2.491228070175433 39
2.491228070175433 46
2.526315789473678 36
2.570175438596484 11
2.578947368421045 53
2.6754385964912184 11
2.692982456140341 6
2.692982456140341 44
2.780701754385953 11
2.780701754385953 15
2.9298245614034935 7
2.9298245614034935 43
2.947368421052616 17
2.9649122807017383 25
3.0526315789473504 8
3.070175438596473 3
3.1315789473684013 9
3.210526315789452 44
3.2280701754385746 16
3.2280701754385746 24
3.3421052631578703 30
3.368421052631554 11
3.421052631578921 6
3.4473684210526048 48
3.456140350877166 56
3.4736842105262884 42
3.6052631578947065 36
3.6140350877192677 55
3.6842105263157574 12
3.70175438596488 2
3.70175438596488 11
3.70175438596488 20
3.7280701754385634 14
3.7368421052631247 7
3.745614035087686 52
3.798245614035053 11
3.8508771929824204 4
3.8947368421052264 11
3.9824561403508385 17
3.9912280701753997 11
3.9912280701753997 15
4.026315789473646 24
4.0877192982455774 11
4.131578947368386 5
4.149122807017509 6
4.184210526315756 11
4.2631578947368105 57
4.280701754385934 11
4.2894736842104955 47
4.324561403508742 25
4.377192982456112 11
4.394736842105235 3
4.47368421052629 11
4.543859649122783 7
4.570175438596468 11
4.6666666666666465 11
4.68421052631577 36
4.745614035087701 43
4.763157894736825 11
4.771929824561386 44
4.824561403508756 24
4.859649122807003 11
4.877192982456126 6
4.938596491228058 0
4.956140350877181 11
5.043859649122798 50
5.052631578947359 11
5.087719298245606 9
5.087719298245606 54
5.140350877192976 22
5.149122807017537 11
5.184210526315784 39
5.201754385964907 15
5.245614035087716 11
5.342105263157894 11
5.3508771929824555 7
5.37719298245614 28
5.438596491228072 11
5.5000000000000036 17
5.5263157894736885 27
5.605263157894743 6
5.622807017543867 24
5.719298245614045 3
5.74561403508773 12
5.763157894736853 11
5.763157894736853 36
5.815789473684223 37
5.833333333333346 40
5.859649122807031 11
5.912280701754401 42
5.9561403508772095 11
5.9824561403508945 4
6.008771929824579 48
6.026315789473703 16
6.052631578947388 11
6.149122807017566 11
6.1578947368421275 7
6.166666666666689 47
6.245614035087744 11
6.254385964912306 38
6.289473684210552 43
6.333333333333361 6
6.342105263157922 11
6.342105263157922 44
6.3596491228070455 20
6.377192982456169 46
6.394736842105292 17
6.4122807017544154 15
6.4385964912281 11
6.4385964912281 35
6.456140350877224 24
6.456140350877224 30
6.535087719298279 11
6.5614035087719635 23
6.631578947368457 11
6.657894736842142 32
6.728070175438635 11
6.824561403508813 11
6.842105263157936 36
6.921052631578991 9
6.9649122807018 7
6.9649122807018 57
7.0438596491228544 3
7.061403508771978 6
7.114035087719348 26
7.131578947368471 29
7.149122807017594 41
7.157894736842156 25
7.1929824561404025 2
7.2456140350877725 14
7.254385964912334 12
7.254385964912334 24
7.280701754386019 11
7.342105263157951 34
7.368421052631636 44
7.377192982456197 11
7.429824561403567 17
7.464912280701814 53
7.473684210526375 11
7.570175438596554 11
7.6228070175439235 15
7.6491228070176085 0
7.666666666666732 11
7.76315789473691 11
7.771929824561472 7
7.789473684210595 6
7.789473684210595 55
7.859649122807088 11
7.92105263157902 36
7.956140350877266 11
8.017543859649198 52
8.052631578947445 11
8.052631578947445 24
8.07894736842113 47
8.114035087719376 4
8.114035087719376 44
8.122807017543938 43
8.149122807017623 11
8.18421052631587 27
8.2456140350878 11
8.307017543859732 17
8.342105263157979 11
8.368421052631664 3
8.40350877192991 42
8.429824561403596 39
8.517543859649212 6
8.517543859649212 25
8.578947368421144 7
8.82456140350887 16
8.833333333333432 15
8.842105263157993 20
8.850877192982555 24
8.87719298245624 46
9.000000000000103 36
9.078947368421158 48
9.078947368421158 49
9.122807017543966 50
9.24561403508783 6
9.254385964912391 17
9.385964912280816 7
9.482456140350994 22
9.605263157894857 12
9.614035087719419 57
9.631578947368542 11
9.649122807017665 24
9.692982456140474 3
9.710526315789597 42
9.72807017543872 11
9.824561403508898 11
9.877192982456268 25
9.921052631579077 11
9.929824561403638 8
9.956140350877323 47
9.973684210526446 6
10.017543859649255 11
10.04385964912294 15
10.078947368421186 36
10.114035087719433 11
10.157894736842241 41
10.192982456140488 7
10.210526315789611 11
10.245614035087858 4
10.30701754385979 11
10.377192982456283 28
10.403508771929967 11
10.447368421052776 24
10.500000000000146 11
10.500000000000146 30
10.535087719298392 44
10.543859649122954 23
10.543859649122954 43
10.570175438596639 0
10.596491228070324 11
10.68421052631594 2
10.692982456140502 11
10.701754385965064 6
10.754385964912434 14
10.807017543859804 52
10.824561403508927 37
10.824561403508927 46
10.877192982456297 32
10.885964912280858 31
11.00000000000016 7
11.00000000000016 42
11.017543859649283 3
11.15789473684227 36
11.236842105263324 25
11.245614035087886 24
11.254385964912448 15
11.31578947368438 5
11.42982456140368 6
11.500000000000174 38
11.526315789473859 12
11.526315789473859 50
11.543859649122982 11
11.622807017544037 16
11.64035087719316 11
11.684210526315969 40
11.701754385965092 26
11.736842105263339 11
11.736842105263339 53
11.807017543859832 7
11.807017543859832 27
11.833333333333517 11
11.877192982456325 47
11.929824561403695 11
12.000000000000188 48
12.026315789473873 11
12.043859649122997 24
12.122807017544051 11
12.122807017544051 11
12.157894736842298 6
12.21929824561423 11
12.236842105263353 36
12.280701754386161 57
12.307017543859846 46
12.315789473684408 11
12.342105263158093 3
12.342105263158093 35
12.37719298245634 4
12.394736842105463 17
12.412280701754586 11
12.42982456140371 43
12.464912280701956 15
12.464912280701956 39
12.508771929824764 11
12.59649122807038 25
12.605263157894942 11
12.614035087719504 7
12.657894736842312 54
12.736842105263367 42
12.798245614035299 30
12.842105263158107 24
12.885964912280915 6
12.96491228070197 9
13.201754385965135 55
13.22807017543882 17
13.263157894737066 11
13.315789473684436 36
13.342105263158121 10
13.359649122807244 11
13.368421052631806 1
13.429824561403738 7
13.456140350877423 11
13.500000000000231 44
13.5526315789476 11
13.614035087719532 6
13.640350877193217 24
13.649122807017779 11
13.666666666666902 3
13.675438596491464 15
13.745614035087957 11
13.745614035087957 47
13.807017543859889 22
13.824561403509012 34
13.842105263158135 11
13.938596491228314 11
13.947368421052875 33
13.947368421052875 46
13.956140350877437 25
13.97368421052656 12
14.035087719298492 11
14.052631578947615 17
14.13157894736867 11
14.175438596491478 2
14.210526315789725 41
14.228070175438848 11
14.245614035087971 7
14.263157894737095 14
14.324561403509026 11
14.34210526315815 6
14.39473684210552 36
14.421052631579204 11
14.421052631579204 16
14.429824561403766 8
14.438596491228328 24
14.508771929824821 4
14.517543859649383 11
14.570175438596753 50
14.61403508771956 11
14.684210526316054 9
14.684210526316054 42
14.701754385965177 23
14.710526315789739 11
14.736842105263424 48
14.807017543859917 11
14.87719298245641 17
14.885964912280972 15
14.903508771930095 11
14.964912280702027 0
14.964912280702027 27
14.991228070175712 3
15.000000000000274 11
15.008771929824835 32
15.052631578947643 7
15.070175438596767 6
15.096491228070452 11
15.19298245614063 11
15.19298245614063 30
15.228070175438877 43
15.236842105263438 24
15.289473684210808 11
15.315789473684493 25
15.377192982456425 28
15.385964912280986 11
15.394736842105548 1
15.40350877193011 39
15.473684210526603 36
15.482456140351164 11
15.578947368421343 11
15.61403508771959 47
15.67543859649152 11
15.701754385965206 17
15.771929824561699 11
15.78070175438626 12
15.798245614035384 6
15.83333333333363 37
15.859649122807316 7
15.868421052631877 11
15.964912280702055 11
16.03508771929855 24
16.061403508772234 11
16.09649122807048 15
16.105263157895042 57
16.15789473684241 11
16.25438596491259 11
16.31578947368452 3
16.350877192982768 11
16.394736842105576 9
16.447368421052946 11
16.47368421052663 20
16.508771929824878 49
16.51754385964944 41
16.526315789474 6
16.526315789474 17
16.543859649123124 11
16.552631578947686 36
16.640350877193303 4
16.640350877193303 11
16.666666666666988 7
16.67543859649155 25
16.73684210526348 11
16.83333333333366 11
16.83333333333366 24
16.868421052631906 40
16.929824561403837 11
16.964912280702084 42
16.973684210526645 50
17.026315789474015 11
17.122807017544194 11
17.21929824561437 11
17.21929824561437 16
17.25438596491262 6
17.30701754385999 15
17.350877192982797 17
17.394736842105605 46
17.394736842105605 48
17.42105263157929 8
17.47368421052666 7
17.48245614035122 47
17.63157894736877 24
17.63157894736877 36
17.64035087719333 3
17.666666666667016 2
17.771929824561756 14
17.964912280702112 0
17.982456140351236 6
18.035087719298605 25
18.087719298245975 43
18.11403508771966 9
18.140350877193345 22
18.175438596491592 17
18.21052631578984 1
18.28070175438633 7
18.307017543860017 39
18.36842105263195 56
18.38596491228107 27
18.42982456140388 24
18.517543859649496 15
18.578947368421428 57
18.614035087719675 5
18.614035087719675 26
18.684210526316168 54
18.710526315789853 6
18.710526315789853 36
18.771929824561784 4
18.947368421053017 53
18.96491228070214 3
19.000000000000387 17
19.035087719298634 23
19.07017543859688 46
19.087719298246004 7
19.22807017543899 24
19.315789473684607 44
19.350877192982853 47
19.368421052631977 32
19.37719298245654 42
19.37719298245654 50
19.39473684210566 25
19.403508771930223 10
19.421052631579347 11
19.43859649122847 6
19.43859649122847 48
19.473684210526716 38
19.517543859649525 11
19.561403508772333 30
19.614035087719703 11
19.71052631578988 11
19.728070175439004 15
19.789473684210936 36
19.789473684210936 52
19.80701754386006 11
19.842105263158306 17
19.842105263158306 55
19.85964912280743 9
19.894736842105676 7
19.903508771930237 11
19.947368421053046 35
19.982456140351292 12
20.000000000000416 11
20.01754385964954 16
20.0263157894741 24
20.096491228070594 11
20.166666666667087 6
20.18421052631621 49
20.192982456140772 11
20.201754385965334 43
20.28947368421095 3
20.28947368421095 11
20.34210526315832 46
20.377192982456567 28
20.38596491228113 11
20.482456140351307 11
20.578947368421485 11
20.587719298246046 42
20.631578947368855 0
20.640350877193416 34
20.6666666666671 17
20.675438596491663 11
20.692982456140786 5
20.701754385965348 7
20.754385964912718 25
20.77192982456184 11
20.82456140350921 24
20.82456140350921 44
20.842105263158334 37
20.86842105263202 11
20.86842105263202 36
20.894736842105704 6
20.903508771930266 4
20.938596491228513 15
20.964912280702197 11
21.061403508772376 11
21.157894736842554 2
21.157894736842554 11
21.219298245614485 47
21.254385964912732 11
21.254385964912732 33
21.280701754386417 14
21.333333333333787 20
21.35087719298291 11
21.44736842105309 11
21.46491228070221 48
21.473684210526773 8
21.491228070175897 17
21.50877192982502 7
21.543859649123267 11
21.56140350877239 9
21.61403508771976 3
21.62280701754432 6
21.62280701754432 24
21.640350877193445 11
21.736842105263623 11
21.815789473684678 43
21.8333333333338 11
21.87719298245661 30
21.92982456140398 11
21.947368421053103 36
21.99122807017591 57
22.000000000000473 39
22.026315789474157 11
22.026315789474157 50
22.052631578947842 1
22.09649122807065 44
22.114035087719774 25
22.122807017544336 11
22.14912280701802 15
22.184210526316267 42
22.219298245614514 11
22.219298245614514 46
22.2456140350882 27
22.315789473684692 7
22.315789473684692 11
22.315789473684692 17
22.35087719298294 6
22.41228070175487 11
22.421052631579432 24
22.429824561403993 56
22.45614035087768 22
22.500000000000487 52
22.50877192982505 11
22.57894736842154 19
22.605263157895227 11
22.701754385965405 11
22.78947368421102 12
22.798245614035583 11
22.815789473684706 16
22.89473684210576 11
22.93859649122857 3
22.973684210526816 26
22.99122807017594 11
23.026315789474186 36
23.035087719298748 4
23.078947368421556 6
23.087719298246117 11
23.087719298246117 47
23.122807017544364 7
23.140350877193487 17
23.184210526316296 11
23.219298245614542 24
23.26315789473735 1
23.26315789473735 9
23.280701754386474 11
23.35964912280753 15
23.35964912280753 54
23.377192982456652 11
23.403508771930337 44
23.4122807017549 0
23.438596491228584 40
23.47368421052683 11
23.47368421052683 25
23.53508771929876 32
23.57017543859701 11
23.666666666667187 11
23.763157894737365 11
23.771929824561926 5
23.771929824561926 49
23.79824561403561 41
23.79824561403561 48
23.807017543860173 6
23.859649122807543 11
23.929824561404036 7
23.964912280702283 17
23.973684210526844 55
24.017543859649653 24
24.10526315789527 36
24.122807017544392 12
24.131578947368954 11
24.175438596491762 30
24.228070175439132 11
24.26315789473738 3
24.298245614035626 5
24.32456140350931 11
24.42105263157949 11
24.517543859649667 11
24.517543859649667 50
24.53508771929879 6
24.570175438597037 15
24.614035087719845 11
24.63157894736897 5
24.64912280701809 2
24.64912280701809 44
24.657894736842653 42
24.675438596491777 39
24.710526315790023 11
24.736842105263708 7
24.771929824561955 38
24.780701754386516 14
24.789473684211078 17
24.8070175438602 11
24.815789473684763 24
24.833333333333886 25
24.894736842105818 20
24.90350877193038 11
24.95614035087775 47
24.96491228070231 46
25.000000000000558 11
25.00877192982512 9
25.096491228070736 11
25.16666666666723 4
25.184210526316352 36
25.192982456140914 11
25.245614035088284 27
25.263157894737407 6
25.315789473684777 11
25.315789473684777 23
25.368421052632147 28
25.368421052632147 44
25.526315789474257 34
25.54385964912338 7
25.58771929824619 3
25.614035087719873 16
25.614035087719873 17
25.614035087719873 24
25.70175438596549 43
25.719298245614613 31
25.75438596491286 44
25.76315789473742 41
25.780701754386545 15
25.780701754386545 48
25.842105263158476 10
25.842105263158476 33
25.850877192983038 11
25.850877192983038 37
25.947368421053216 11
25.991228070176025 6
26.043859649123394 11
26.13157894736901 0
26.140350877193573 11
26.192982456140943 25
26.23684210526375 11
26.263157894737436 36
26.33333333333393 11
26.350877192983052 7
26.412280701754984 24
26.429824561404107 11
26.43859649122867 17
26.44736842105323 30
26.526315789474285 11
26.561403508772532 44
26.622807017544464 11
26.71929824561464 6
26.71929824561464 9
26.71929824561464 11
26.77192982456201 22
26.81578947368482 11
26.82456140350938 47
26.912280701754998 3
26.912280701754998 11
26.964912280702368 12
26.964912280702368 53
26.991228070176053 15
27.008771929825176 11
27.0263157894743 52
27.105263157895354 11
27.157894736842724 7
27.201754385965533 11
27.210526315790094 24
27.23684210526378 42
27.263157894737464 17
27.29824561403571 4
27.29824561403571 8
27.29824561403571 11
27.34210526315852 36
27.39473684210589 11
27.44736842105326 6
27.44736842105326 43
27.491228070176067 11
27.543859649123437 20
27.552631578948 25
27.578947368421684 29
27.587719298246245 11
27.596491228070807 32
27.684210526316424 11
27.728070175439232 46
27.7807017543866 11
27.798245614035725 40
27.87719298245678 11
27.956140350877835 50
27.964912280702396 7
27.973684210526958 11
28.000000000000643 54
28.008771929825205 24
28.070175438597136 11
28.08771929824626 17
28.14035087719363 2
28.14912280701819 1
28.166666666667314 11
28.175438596491876 6
28.20175438596556 15
28.20175438596556 48
28.210526315790123 39
28.236842105263808 3
28.25438596491293 27
28.263157894737493 11
28.280701754386616 14
28.35964912280767 11
28.41228070175504 16
28.421052631579602 9
28.421052631579602 36
28.447368421053287 12
28.45614035087785 11
28.552631578948027 11
28.649122807018205 11
28.684210526316452 29
28.684210526316452 47
28.701754385965575 0
28.7192982456147 30
28.745614035088384 11
28.745614035088384 44
28.77192982456207 7
28.807017543860315 24
28.84210526315856 11
28.903508771930493 6
28.912280701755055 17
28.912280701755055 25
28.93859649122874 11
29.035087719298918 11
29.131578947369096 11
29.184210526316466 23
29.228070175439274 11
29.280701754386644 55
29.31578947368489 5
29.324561403509453 11
29.41228070175507 15
29.42105263157963 11
29.429824561404192 4
29.447368421053316 43
29.473684210527 8
29.500000000000686 36
29.51754385964981 11
29.561403508772617 3
29.57894736842174 7
29.605263157895426 24
29.605263157895426 46
29.614035087719987 11
29.63157894736911 6
29.710526315790165 11
29.73684210526385 17
29.78947368421122 10
29.807017543860344 11
29.90350877193052 11
30.0000000000007 11
30.00877192982526 56
30.096491228070878 11
30.122807017544563 9
30.192982456141056 11
30.21052631579018 38
30.21052631579018 48
30.254385964912988 20
30.27192982456211 25
30.289473684211234 11
30.359649122807728 6
30.359649122807728 28
30.385964912281413 7
30.385964912281413 11
30.403508771930536 24
30.438596491228783 52
30.48245614035159 11
30.517543859649837 33
30.543859649123522 47
30.561403508772646 17
30.57894736842177 11
30.57894736842177 36
30.622807017544577 15
30.675438596491947 11
30.771929824562125 11
30.833333333334057 27
30.859649122807742 37
30.868421052632304 11
30.885964912281427 3
30.89473684210599 44
30.96491228070248 11
31.00000000000073 26
31.00000000000073 30
31.06140350877266 11
31.07017543859722 50
31.087719298246345 6
31.087719298246345 22
31.11403508772003 41
31.131578947369153 49
31.157894736842838 11
31.17543859649196 0
31.192982456141085 7
31.201754385965646 24
31.210526315790208 16
31.254385964913016 11
31.254385964913016 35
31.298245614035825 34
31.350877192983194 11
31.359649122807756 39
31.38596491228144 17
31.403508771930564 1
31.447368421053373 11
31.54385964912355 11
31.561403508772674 4
31.631578947369167 2
31.631578947369167 25
31.64035087719373 11
31.657894736842852 32
31.657894736842852 36
31.736842105263907 11
31.780701754386715 14
31.815789473684962 6
31.833333333334085 9
31.833333333334085 11
31.833333333334085 15
31.85087719298321 42
31.929824561404264 11
31.929824561404264 53
31.947368421053387 5
31.947368421053387 12
32.00000000000075 7
32.00000000000075 24
32.02631578947444 11
32.070175438597246 46
32.122807017544616 11
32.21052631579023 3
32.21052631579023 17
32.21052631579023 48
32.219298245614794 11
32.25438596491304 43
32.31578947368497 11
32.41228070175515 11
32.41228070175515 47
32.46491228070252 54
32.50877192982533 11
32.535087719299014 40
32.543859649123576 6
32.543859649123576 57
32.60526315789551 11
32.701754385965685 11
32.71052631579025 20
32.71929824561481 31
32.73684210526393 36
32.7894736842113 55
32.798245614035864 11
32.798245614035864 24
32.807017543860425 7
32.89473684210604 11
32.9736842105271 23
32.99122807017622 11
32.99122807017622 25
33.03508771929903 17
33.04385964912359 15
33.0877192982464 11
33.184210526316576 11
33.2017543859657 1
33.27192982456219 6
33.27192982456219 30
33.280701754386754 11
33.315789473685 27
33.37719298245693 11
33.47368421052711 11
33.47368421052711 50
33.491228070176234 29
33.53508771929904 3
33.543859649123604 9
33.57017543859729 11
33.596491228070974 24
33.62280701754466 7
33.66666666666747 11
33.69298245614115 4
33.73684210526396 10
33.763157894737645 11
33.815789473685015 36
33.859649122807824 11
33.859649122807824 17
33.93859649122888 0
33.956140350878 11
34.00000000000081 6
34.00877192982537 16
34.01754385964993 56
34.05263157894818 11
34.12280701754467 43
34.14912280701836 11
34.192982456141166 48
34.20175438596573 49
34.245614035088536 11
34.2543859649131 15
34.26315789473766 42
34.28070175438678 47
34.30701754386047 41
34.342105263158714 11
34.350877192983276 25
34.394736842106084 24
34.42982456140433 7
34.43859649122889 11
34.53508771929907 11
34.53508771929907 46
34.605263157895564 44
34.63157894736925 11
34.63157894736925 52
34.68421052631662 17
34.72807017543943 6
34.72807017543943 11
34.824561403509605 11
34.85964912280785 3
34.8947368421061 36
34.921052631579784 11
35.01754385964996 11
35.11403508772014 11
35.1228070175447 2
35.17543859649207 33
35.192982456141195 24
35.21052631579032 11
35.236842105264 7
35.254385964913126 9
35.28070175438681 14
35.307017543860496 11
35.359649122807866 28
35.403508771930674 11
35.403508771930674 22
35.456140350878044 6
35.456140350878044 44
35.464912280702606 15
35.50000000000085 11
35.508771929825414 17
35.561403508772784 30
35.59649122807103 11
35.675438596492086 12
35.69298245614121 11
35.71052631579033 25
35.719298245614894 20
35.719298245614894 32
35.73684210526402 38
35.74561403508858 57
35.75438596491314 39
35.78947368421139 11
35.824561403509634 4
35.86842105263244 37
35.877192982457004 50
35.885964912281565 11
35.96491228070262 34
35.97368421052718 36
35.982456140351744 11
35.991228070176305 24
36.043859649123675 7
36.07894736842192 11
36.07894736842192 55
36.149122807018415 47
36.16666666666754 48
36.1754385964921 11
36.18421052631666 3
36.18421052631666 6
36.23684210526403 1
36.27192982456228 11
36.33333333333421 17
36.368421052632456 11
36.464912280702634 11
36.48245614035176 46
36.517543859650004 43
36.53508771929913 8
36.56140350877281 11
36.65789473684299 11
36.675438596492114 15
36.684210526316676 44
36.75438596491317 11
36.789473684211416 24
36.80701754386054 12
36.80701754386054 16
36.8157894736851 23
36.85087719298335 7
36.85087719298335 11
36.91228070175528 6
36.947368421053525 11
36.95614035087809 9
37.0438596491237 11
37.052631578948265 36
37.07017543859739 25
37.14035087719388 11
37.157894736843005 17
37.157894736843005 44
37.23684210526406 11
37.263157894737745 49
37.33333333333424 11
37.35087719298336 42
37.421052631579855 52
37.429824561404416 11
37.50877192982547 3
37.526315789474594 11
37.587719298246526 24
37.587719298246526 35
37.62280701754477 11
37.640350877193896 6
37.65789473684302 7
37.67543859649214 41
37.684210526316704 10
37.684210526316704 26
37.684210526316704 54
37.71929824561495 11
37.77192982456232 0
37.81578947368513 11
37.842105263158814 30
37.88596491228162 15
37.91228070175531 11
37.93859649122899 12
37.956140350878115 4
37.9824561403518 17
38.008771929825485 11
38.01754385965005 47
38.10526315789566 11
38.13157894736935 31
38.13157894736935 36
38.14912280701847 48
38.15789473684303 20
38.20175438596584 11
38.2807017543869 50
38.28947368421146 44
38.29824561403602 11
38.33333333333427 39
38.36842105263251 6
38.36842105263251 27
38.36842105263251 57
38.385964912281636 24
38.3947368421062 11
38.429824561404445 25
38.45614035087813 56
38.46491228070269 7
38.491228070176376 11
38.587719298246554 11
38.60526315789568 42
38.61403508772024 2
38.63157894736936 46
38.65789473684305 9
38.68421052631673 11
38.78070175438691 11
38.78070175438691 14
38.807017543860596 17
38.83333333333428 3
38.850877192983404 44
38.87719298245709 11
38.97368421052727 11
38.99122807017639 43
39.070175438597445 11
39.070175438597445 12
39.070175438597445 12
39.09649122807113 6
39.09649122807113 15
39.16666666666762 11
39.18421052631675 24
39.21052631579043 36
39.23684210526412 1
39.23684210526412 40
39.2631578947378 11
39.27192982456236 7
39.35964912280798 11
39.35964912280798 44
39.41228070175535 8
39.45614035087816 11
39.552631578948336 11
39.605263157895706 16
39.62280701754483 33
39.63157894736939 17
39.649122807018514 11
39.71929824561501 22
39.71929824561501 41
39.71929824561501 42
39.74561403508869 11
39.78070175438694 32
39.7894736842115 25
39.82456140350975 6
39.84210526315887 11
39.87719298245712 47
39.912280701755364 53
39.93859649122905 11
39.98245614035186 24
39.99122807017642 46
40.03508771929923 11
40.078947368422035 7
40.0877192982466 4
40.11403508772028 30
40.131578947369405 11
40.131578947369405 48
40.15789473684309 3
40.15789473684309 34
40.2017543859659 12
40.22807017543958 11
40.289473684211515 36
40.30701754386064 15
40.32456140350976 11
40.32456140350976 49
40.342105263158885 0
40.35087719298345 28
40.35964912280801 9
40.42105263157994 11
40.45614035087819 17
40.51754385965012 11
40.552631578948365 6
40.59649122807117 20
40.59649122807117 55
40.605263157895735 23
40.614035087720296 11
40.68421052631679 50
40.710526315790474 11
40.78070175438697 24
40.80701754386065 11
40.824561403509776 27
40.877192982457146 37
40.88596491228171 7
40.90350877193083 11
41.00000000000101 11
41.026315789474694 42
41.05263157894838 38
41.09649122807119 11
41.14912280701856 25
41.192982456141365 11
41.28070175438698 6
41.28070175438698 17
41.28947368421154 11
41.33333333333435 12
41.3684210526326 36
41.38596491228172 11
41.4824561403519 3
41.4824561403519 11
41.51754385965015 15
41.57894736842208 11
41.57894736842208 24
41.622807017544886 52
41.63157894736945 10
41.675438596492256 11
41.69298245614138 7
41.74561403508875 47
41.771929824562434 11
41.86842105263261 11
41.96491228070279 11
42.0087719298256 6
42.06140350877297 11
42.07017543859753 9
42.10526315789578 2
42.10526315789578 17
42.10526315789578 48
42.11403508772034 54
42.15789473684315 11
42.21929824561508 4
42.21929824561508 41
42.254385964913325 11
42.28070175438701 14
42.3508771929835 11
42.37719298245719 24
42.39473684210631 30
42.40350877193087 16
42.40350877193087 16
42.43859649122912 39
42.44736842105368 11
42.44736842105368 36
42.45614035087824 57
42.464912280702805 12
42.50000000000105 7
42.50877192982561 25
42.54385964912386 11
42.570175438597545 42
42.64035087719404 11
42.728070175439655 15
42.736842105264216 6
42.736842105264216 11
42.80701754386071 3
42.833333333334394 11
42.885964912281764 26
42.92982456140457 11
42.92982456140457 17
43.02631578947475 11
43.02631578947475 20
43.08771929824668 50
43.12280701754493 11
43.13157894736949 1
43.1754385964923 24
43.21929824561511 11
43.24561403508879 0
43.307017543860724 7
43.315789473685285 11
43.37719298245722 43
43.38596491228178 49
43.4035087719309 44
43.41228070175546 11
43.46491228070283 6
43.50877192982564 11
43.526315789474765 36
43.59649122807126 12
43.60526315789582 11
43.61403508772038 47
43.684210526316875 42
43.701754385966 11
43.701754385966 45
43.736842105264245 46
43.75438596491337 17
43.78070175438705 9
43.798245614036176 11
43.86842105263267 25
43.894736842106354 11
43.894736842106354 32
43.93859649122916 15
43.97368421052741 24
43.99122807017653 11
44.03508771929934 22
44.03508771929934 31
44.0438596491239 33
44.08771929824671 11
44.114035087720396 7
44.13157894736952 3
44.13157894736952 48
44.18421052631689 11
44.19298245614145 6
44.28070175438707 11
44.35087719298356 4
44.35087719298356 34
44.377192982457245 11
44.38596491228181 23
44.38596491228181 23
44.47368421052742 11
44.5701754385976 11
44.57894736842216 17
44.60526315789585 36
44.66666666666778 8
44.66666666666778 11
44.66666666666778 30
44.72807017543971 12
44.76315789473796 11
44.77192982456252 24
44.798245614036205 42
44.850877192983575 5
44.859649122808136 11
44.92105263158007 6
44.92105263158007 7
44.956140350878314 11
45.04385964912393 52
45.05263157894849 11
45.10526315789586 27
45.122807017544986 35
45.14912280701867 11
45.14912280701867 15
45.20175438596604 16
45.228070175439726 25
45.24561403508885 11
45.24561403508885 55
45.324561403509904 56
45.34210526315903 11
45.34210526315903 28
45.40350877193096 17
45.438596491229205 11
45.45614035087833 3
45.45614035087833 20
45.45614035087833 43
45.482456140352014 9
45.482456140352014 47
45.491228070176575 50
45.53508771929938 11
45.56140350877307 53
45.57017543859763 24
45.57894736842219 10
45.57894736842219 44
45.596491228071315 2
45.63157894736956 11
45.649122807018685 6
45.68421052631693 36
45.72807017543974 7
45.72807017543974 11
45.78070175438711 14
45.82456140350992 11
45.859649122808165 12
45.88596491228185 37
45.912280701755535 42
45.921052631580096 11
45.921052631580096 38
46.017543859650274 11
46.11403508772045 11
46.11403508772045 48
46.15789473684326 57
46.21052631579063 11
46.228070175439754 17
46.263157894738 0
46.30701754386081 11
46.35964912280818 15
46.36842105263274 24
46.3771929824573 6
46.385964912281864 44
46.40350877193099 11
46.447368421053795 49
46.48245614035204 4
46.500000000001165 11
46.53508771929941 7
46.58771929824678 25
46.59649122807134 11
46.63157894736959 41
46.66666666666784 46
46.69298245614152 11
46.763157894738015 36
46.78070175438714 3
46.7894736842117 11
46.88596491228188 11
46.929824561404686 1
46.93859649122925 30
46.982456140352056 11
46.99122807017662 12
47.026315789474864 42
47.05263157894855 17
47.078947368422234 11
47.078947368422234 44
47.10526315789592 6
47.16666666666785 24
47.17543859649241 11
47.184210526316974 43
47.192982456141536 9
47.27192982456259 11
47.342105263159084 7
47.350877192983646 47
47.36842105263277 11
47.46491228070295 11
47.561403508773125 11
47.57017543859769 15
47.6578947368433 11
47.75438596491348 11
47.83333333333454 6
47.83333333333454 27
47.8421052631591 36
47.85087719298366 11
47.877192982457345 17
47.885964912281906 20
47.89473684210647 50
47.94736842105384 11
47.94736842105384 25
47.96491228070296 24
48.00000000000121 16
48.02631578947489 32
48.043859649124016 11
48.096491228071386 48
48.10526315789595 3
48.12280701754507 12
48.140350877194194 11
48.140350877194194 42
48.149122807018756 7
48.17543859649244 40
48.201754385966126 23
48.23684210526437 11
48.33333333333455 11
48.350877192983674 22
48.38596491228192 26
48.42982456140473 11
48.456140350878414 33
48.464912280702976 54
48.52631578947491 11
48.54385964912403 34
48.561403508773154 6
48.614035087720524 4
48.622807017545085 11
48.66666666666789 39
48.675438596492455 41
48.70175438596614 17
48.71929824561526 11
48.76315789473807 24
48.780701754387195 15
48.79824561403632 0
48.81578947368544 11
48.90350877193106 9
48.91228070175562 11
48.92105263158018 36
48.95614035087843 7
49.0087719298258 11
49.07017543859773 57
49.08771929824685 2
49.105263157895976 11
49.201754385966154 11
49.21929824561528 30
49.21929824561528 47
49.254385964913524 12
49.254385964913524 42
49.28070175438721 14
49.28947368421177 6
49.29824561403633 11
49.307017543860894 25
49.33333333333458 43
49.368421052632826 52
49.39473684210651 11
49.42982456140476 3
49.49122807017669 11
49.50877192982581 49
49.526315789474936 10
49.526315789474936 17
49.56140350877318 24
49.58771929824687 11
49.684210526317045 11
49.72807017543985 45
49.7631578947381 7
49.78070175438722 11
49.8771929824574 11
49.97368421052758 11
49.9912280701767 15
50.000000000001265 36
50.01754385965039 6
50.07017543859776 11
50.07894736842232 48
50.14912280701881 29
50.166666666667936 11
50.263157894738114 11
50.29824561403636 50
50.315789473685484 20
50.33333333333461 28
50.35087719298373 17
50.35964912280829 11
50.35964912280829 24
50.368421052632854 42
50.38596491228198 12
50.41228070175566 27
50.45614035087847 11
50.55263157894865 11
50.57017543859777 7
50.61403508772058 9
50.64912280701883 11
50.66666666666795 25
50.67543859649251 1
50.71929824561532 44
50.745614035089005 4
50.745614035089005 6
50.745614035089005 11
50.75438596491357 3
50.798245614036375 16
50.83333333333462 38
50.84210526315918 11
50.85964912280831 43
50.86842105263287 53
50.89473684210655 37
50.93859649122936 11
50.96491228070305 56
51.03508771929954 11
51.07894736842235 36
51.08771929824691 47
51.13157894736972 11
51.13157894736972 41
51.1578947368434 24
51.175438596492526 17
51.20175438596621 15
51.228070175439896 11
51.324561403510074 11
51.35964912280832 5
51.377192982457444 44
51.385964912282006 7
51.42105263158025 11
51.47368421052762 6
51.482456140352184 42
51.50000000000131 30
51.51754385965043 11
51.51754385965043 12
51.61403508772061 11
51.71052631579079 11
51.807017543860965 11
51.90350877193114 11
51.95614035087851 24
52.00000000000132 11
52.00000000000132 17
52.017543859650445 23
52.02631578947501 25
52.02631578947501 39
52.06140350877325 48
52.07894736842238 3
52.08771929824694 32
52.0964912280715 11
52.15789473684343 36
52.19298245614168 11
52.20175438596624 6
52.20175438596624 7
52.27192982456273 55
52.289473684211856 11
52.3245614035101 9
52.385964912282034 11
52.41228070175572 15
52.48245614035221 11
52.57017543859783 46
52.57017543859783 49
52.57894736842239 0
52.57894736842239 2
52.57894736842239 11
52.596491228071514 42
52.649122807018884 12
52.66666666666801 22
52.67543859649257 11
52.701754385966254 50
52.7368421052645 34
52.74561403508906 20
52.754385964913624 24
52.77192982456275 11
52.78070175438731 14
52.82456140351012 17
52.859649122808364 33
52.868421052632925 11
52.87719298245749 4
52.87719298245749 57
52.90350877193117 8
52.92982456140486 6
52.95614035087854 47
52.9649122807031 11
52.973684210527665 26
53.00877192982591 7
53.06140350877328 11
53.08771929824697 43
53.10526315789609 35
53.15789473684346 11
53.16666666666802 27
53.184210526317145 5
53.236842105264515 36
53.25438596491364 11
53.350877192983816 11
53.38596491228206 25
53.403508771931186 3
53.403508771931186 54
53.447368421053994 11
53.47368421052768 10
53.54385964912417 11
53.552631578948734 24
53.59649122807154 16
53.62280701754523 15
53.64035087719435 11
53.64912280701891 17
53.657894736843474 6
53.710526315790844 42
53.710526315790844 44
53.73684210526453 11
53.78070175438734 12
53.78070175438734 30
53.815789473685584 7
53.83333333333471 11
53.929824561404885 11
54.02631578947506 9
54.02631578947506 11
54.04385964912419 48
54.12280701754524 11
54.21929824561542 11
54.298245614036475 45
54.3157894736856 11
54.3157894736856 36
54.350877192983845 24
54.38596491228209 6
54.412280701755776 11
54.47368421052771 17
54.508771929825954 11
54.60526315789613 11
54.622807017545256 7
54.68421052631719 5
54.70175438596631 11
54.728070175439996 3
54.74561403508912 25
54.74561403508912 25
54.79824561403649 11
54.824561403510174 47
54.833333333334735 15
54.8421052631593 53
54.89473684210667 11
54.91228070175579 12
54.991228070176845 11
55.00877192982597 4
55.08771929824702 11
55.10526315789615 46
55.10526315789615 50
55.11403508772071 6
55.14035087719439 44
55.149122807018955 24
55.17543859649264 20
55.1842105263172 11
55.26315789473826 57
55.28070175438738 11
55.2982456140365 17
55.32456140351019 28
55.33333333333475 42
55.37719298245756 11
55.39473684210668 36
55.43859649122949 7
55.473684210527736 11
55.50000000000142 44
55.570175438597914 0
55.570175438597914 11
55.61403508772072 27
55.64912280701897 49
55.66666666666809 11
55.736842105264586 9
55.75438596491371 39
55.76315789473827 11
55.833333333334764 23
55.842105263159326 6
55.85964912280845 11
55.90350877193126 37
55.947368421054065 24
55.95614035087863 11
56.043859649124244 12
56.043859649124244 15
56.052631578948805 3
56.052631578948805 11
56.07017543859793 2
56.07017543859793 48
56.08771929824705 44
56.105263157896175 25
56.1228070175453 17
56.14912280701898 11
56.18421052631723 43
56.24561403508916 7
56.24561403508916 11
56.28070175438741 14
56.28070175438741 32
56.34210526315934 11
56.39473684210671 16
56.43859649122952 11
56.44736842105408 42
56.473684210527765 36
56.50877192982601 30
56.535087719299696 11
56.57017543859794 6
56.587719298247066 1
56.631578947369874 11
56.692982456141806 47
56.70175438596637 46
56.72807017544005 11
56.72807017544005 38
56.745614035089176 24
56.82456140351023 11
56.850877192983916 8
56.92105263158041 11
56.92982456140497 34
56.947368421054094 17
56.98245614035234 22
57.01754385965059 11
57.052631578948834 7
57.114035087720765 11
57.14035087719445 4
57.1754385964927 12
57.21052631579094 11
57.25438596491375 15
57.289473684212 33
57.29824561403656 6
57.30701754386112 11
57.36842105263305 56
57.377192982457615 3
57.4035087719313 11
57.42105263158042 10
57.438596491229546 9
57.46491228070323 25
57.50000000000148 11
57.50877192982604 50
57.543859649124286 24
57.55263157894885 36
57.56140350877341 42
57.596491228071656 11
57.60526315789622 20
57.692982456141834 11
57.692982456141834 11
57.73684210526464 54
57.77192982456289 17
57.78947368421201 5
57.78947368421201 11
57.859649122808506 7
57.88596491228219 11
57.93859649122956 57
57.98245614035237 11
58.008771929826054 26
58.02631578947518 6
58.07894736842255 11
58.09649122807167 48
58.14912280701904 35
58.175438596492725 11
58.18421052631729 27
58.2719298245629 11
58.30701754386115 12
58.3421052631594 24
58.36842105263308 11
58.46491228070326 11
58.46491228070326 15
58.52631578947519 44
58.53508771929975 0
58.56140350877344 11
58.56140350877344 47
58.596491228071685 17
58.62280701754537 52
58.63157894736993 36
58.657894736843616 11
58.66666666666818 7
58.701754385966424 3
58.710526315790986 49
58.754385964913794 6
58.754385964913794 11
58.754385964913794 43
58.78947368421204 30
58.807017543861164 42
58.82456140351029 25
58.85087719298397 11
58.90350877193134 5
58.94736842105415 11
58.95614035087871 40
59.04385964912433 11
59.04385964912433 46
59.14035087719451 11
59.14035087719451 24
59.14912280701907 9
59.19298245614188 16
59.236842105264685 8
59.236842105264685 11
59.27192982456293 4
59.33333333333486 11
59.42105263158048 17
59.42982456140504 11
59.4385964912296 12
59.47368421052785 7
59.48245614035241 6
59.52631578947522 11
59.561403508773466 2
59.6228070175454 11
59.64912280701908 23
59.657894736843645 53
59.67543859649277 15
59.710526315791014 36
59.719298245615576 11
59.763157894738384 41
59.78070175438751 14
59.815789473685754 11
59.91228070175593 11
59.91228070175593 50
59.921052631580494 42
59.93859649122962 24
