0.07017543859649122 2
0.07894736842105263 34
0.09649122807017543 41
0.10526315789473684 15
0.14912280701754385 16
0.14912280701754385 55
0.15789473684210525 48
0.23684210526315788 47
0.2543859649122807 7
0.29824561403508787 3
0.31578947368421073 38
0.35087719298245645 17
0.40350877192982504 14
0.4210526315789479 6
0.7543859649122823 43
0.7982456140350894 1
0.9210526315789495 11
0.9385964912280723 4
0.9561403508771952 40
0.9649122807017566 36
1.0263157894736865 57
1.0614035087719322 32
1.0877192982456165 24
1.0877192982456165 28
1.096491228070178 7
1.1491228070175465 6
1.157894736842108 10
1.1666666666666694 20
1.1929824561403537 58
1.219298245614038 29
1.2280701754385994 17
1.2280701754385994 37
1.2631578947368451 42
1.3245614035087752 12
1.3771929824561437 39
1.4122807017543895 11
1.4298245614035123 19
1.4473684210526352 15
1.5087719298245652 11
1.5350877192982495 33
1.605263157894741 11
1.6315789473684252 3
1.7105263157894781 11
1.7543859649122853 19
1.8070175438596539 11
1.850877192982461 46
1.8771929824561453 6
1.8947368421052682 24
1.9035087719298296 11
1.9210526315789525 23
1.9298245614035139 7
1.991228070175444 22
2.0000000000000053 11
2.0087719298245665 36
2.0087719298245665 56
2.0964912280701786 11
2.149122807017546 41
2.192982456140352 11
2.192982456140352 47
2.289473684210525 11
2.368421052631576 48
2.3859649122806985 11
2.412280701754382 25
2.4210526315789433 27
2.4385964912280658 30
2.482456140350872 11
2.578947368421045 11
2.6052631578947287 6
2.666666666666657 5
2.666666666666657 12
2.6754385964912184 11
2.692982456140341 24
2.7280701754385857 42
2.7631578947368305 7
2.7719298245613917 11
2.780701754385953 15
2.868421052631565 11
2.9649122807017383 1
2.9649122807017383 3
2.9649122807017383 11
2.991228070175422 26
3.0175438596491055 4
3.0526315789473504 36
3.0614035087719116 11
3.157894736842085 11
3.201754385964891 46
3.254385964912258 11
3.254385964912258 52
3.333333333333309 6
3.3508771929824315 11
3.3859649122806763 16
3.4473684210526048 11
3.491228070175411 24
3.543859649122778 11
3.5614035087719005 2
3.5964912280701453 7
3.6403508771929514 11
3.675438596491196 44
3.7192982456140022 25
3.7368421052631247 11
3.7368421052631247 19
3.833333333333298 11
3.9298245614034713 11
4.008771929824523 14
4.026315789473646 11
4.0614035087718925 6
4.096491228070139 36
4.105263157894701 15
4.122807017543824 11
4.122807017543824 45
4.140350877192947 42
4.140350877192947 47
4.192982456140317 12
4.219298245614002 11
4.2368421052631255 19
4.254385964912249 20
4.271929824561372 8
4.2894736842104955 24
4.298245614035057 3
4.31578947368418 11
4.403508771929797 43
4.403508771929797 57
4.412280701754359 11
4.412280701754359 34
4.42105263157892 7
4.508771929824537 11
4.535087719298222 48
4.596491228070153 41
4.605263157894715 11
4.701754385964893 11
4.763157894736825 46
4.78947368421051 6
4.798245614035071 11
4.8947368421052495 11
4.912280701754373 9
4.991228070175428 11
5.026315789473674 25
5.078947368421044 44
5.087719298245606 11
5.087719298245606 24
5.0964912280701675 4
5.140350877192976 30
5.140350877192976 36
5.184210526315784 11
5.245614035087716 7
5.245614035087716 19
5.280701754385962 11
5.289473684210524 12
5.37719298245614 11
5.37719298245614 32
5.42982456140351 15
5.473684210526319 11
5.517543859649127 6
5.570175438596497 11
5.631578947368428 3
5.64035087719299 1
5.666666666666675 11
5.69298245614036 39
5.763157894736853 11
5.807017543859661 29
5.859649122807031 11
5.859649122807031 42
5.885964912280716 24
5.9561403508772095 11
5.964912280701771 23
6.017543859649141 28
6.052631578947388 11
6.070175438596511 7
6.087719298245634 47
6.105263157894758 58
6.149122807017566 11
6.175438596491251 17
6.1842105263158125 16
6.1842105263158125 36
6.201754385964936 37
6.245614035087744 6
6.245614035087744 11
6.315789473684237 22
6.315789473684237 31
6.333333333333361 25
6.342105263157922 11
6.342105263157922 38
6.3859649122807305 12
6.4385964912281 11
6.482456140350909 19
6.535087719298279 11
6.631578947368457 11
6.684210526315827 24
6.719298245614073 20
6.728070175438635 1
6.728070175438635 11
6.75438596491232 15
6.798245614035128 48
6.80701754385969 41
6.824561403508813 11
6.833333333333375 19
6.903508771929868 7
6.921052631578991 11
6.929824561403553 46
6.9649122807018 3
6.973684210526361 6
6.982456140350923 33
6.982456140350923 44
7.0175438596491695 11
7.052631578947416 2
7.114035087719348 11
7.175438596491279 4
7.210526315789526 11
7.228070175438649 36
7.307017543859704 11
7.385964912280759 40
7.403508771929882 11
7.403508771929882 30
7.482456140350937 12
7.482456140350937 24
7.50000000000006 11
7.50000000000006 56
7.570175438596554 14
7.596491228070239 11
7.614035087719362 27
7.640350877193047 25
7.692982456140417 11
7.701754385964978 6
7.736842105263225 7
7.745614035087787 1
7.789473684210595 11
7.81578947368428 17
7.885964912280773 11
7.982456140350951 11
7.991228070175513 57
8.02631578947376 47
8.07894736842113 11
8.07894736842113 15
8.105263157894814 19
8.175438596491308 11
8.228070175438678 44
8.271929824561486 11
8.271929824561486 36
8.280701754386047 24
8.29824561403517 3
8.359649122807102 19
8.368421052631664 11
8.429824561403596 6
8.464912280701842 11
8.56140350877202 11
8.570175438596582 7
8.578947368421144 12
8.657894736842199 11
8.754385964912377 11
8.850877192982555 11
8.859649122807117 42
8.92982456140361 9
8.938596491228171 39
8.947368421052733 11
8.947368421052733 25
8.98245614035098 16
9.008771929824665 46
9.043859649122911 11
9.078947368421158 24
9.08771929824572 26
9.122807017543966 44
9.122807017543966 48
9.14035087719309 11
9.157894736842213 6
9.166666666666774 34
9.19298245614046 8
9.19298245614046 20
9.236842105263268 11
9.254385964912391 4
9.315789473684323 36
9.333333333333446 11
9.394736842105377 7
9.403508771929939 15
9.4122807017545 32
9.429824561403624 11
9.456140350877309 1
9.482456140350994 19
9.526315789473802 11
9.605263157894857 17
9.605263157894857 58
9.62280701754398 11
9.631578947368542 3
9.67543859649135 12
9.719298245614159 11
9.815789473684337 11
9.877192982456268 24
9.88596491228083 6
9.912280701754515 11
9.956140350877323 47
10.008771929824693 11
10.105263157894871 11
10.192982456140488 44
10.20175438596505 11
10.219298245614173 7
10.25438596491242 25
10.280701754386104 46
10.298245614035228 11
10.35964912280716 36
10.394736842105406 11
10.491228070175584 11
10.543859649122954 2
10.587719298245762 11
10.614035087719447 6
10.63157894736857 17
10.675438596491379 24
10.68421052631594 11
10.728070175438749 15
10.771929824561557 12
10.780701754386119 11
10.807017543859804 19
10.815789473684365 43
10.877192982456297 11
10.89473684210542 22
10.94736842105279 28
10.964912280701913 3
10.973684210526475 11
11.043859649122968 7
11.05263157894753 9
11.070175438596653 11
11.087719298245776 19
11.1052631578949 27
11.122807017544023 14
11.15789473684227 23
11.166666666666831 11
11.166666666666831 48
11.175438596491393 37
11.26315789473701 11
11.271929824561571 44
11.333333333333503 4
11.342105263158064 6
11.342105263158064 42
11.359649122807188 11
11.394736842105434 41
11.403508771929996 36
11.456140350877366 11
11.47368421052649 24
11.48245614035105 1
11.552631578947544 11
11.561403508772106 25
11.578947368421229 55
11.596491228070352 8
11.649122807017722 11
11.657894736842284 20
11.666666666666845 10
11.7456140350879 11
11.780701754386147 16
11.780701754386147 33
11.807017543859832 40
11.815789473684394 39
11.824561403508955 38
11.842105263158079 11
11.868421052631764 7
11.868421052631764 12
11.894736842105448 47
11.938596491228257 11
12.035087719298435 11
12.052631578947558 15
12.070175438596682 6
12.131578947368613 11
12.228070175438791 11
12.2719298245616 24
12.298245614035284 3
12.32456140350897 11
12.394736842105463 46
12.421052631579148 11
12.447368421052833 36
12.517543859649326 11
12.517543859649326 30
12.614035087719504 11
12.631578947368627 49
12.692982456140559 7
12.70175438596512 1
12.710526315789682 11
12.798245614035299 6
12.80701754385986 11
12.868421052631792 25
12.885964912280915 56
12.903508771930039 11
12.9122807017546 43
12.9122807017546 58
12.96491228070197 12
13.000000000000217 9
13.000000000000217 11
13.07017543859671 24
13.096491228070395 11
13.140350877193203 48
13.192982456140573 11
13.289473684210751 11
13.307017543859875 52
13.315789473684436 42
13.377192982456368 15
13.38596491228093 11
13.412280701754614 4
13.447368421052861 32
13.482456140351108 11
13.482456140351108 57
13.49122807017567 36
13.500000000000231 50
13.517543859649354 7
13.526315789473916 6
13.578947368421286 11
13.578947368421286 26
13.596491228070409 41
13.631578947368656 3
13.675438596491464 11
13.675438596491464 46
13.771929824561642 11
13.824561403509012 47
13.86842105263182 11
13.86842105263182 24
13.964912280701999 11
14.035087719298492 2
14.061403508772177 11
14.061403508772177 12
14.122807017544108 20
14.157894736842355 11
14.175438596491478 25
14.254385964912533 6
14.254385964912533 11
14.350877192982711 7
14.350877192982711 11
14.44736842105289 11
14.535087719298506 36
14.543859649123068 11
14.578947368421314 16
14.61403508771956 34
14.640350877193246 11
14.66666666666693 24
14.66666666666693 24
14.675438596491492 14
14.701754385965177 15
14.736842105263424 11
14.833333333333602 11
14.850877192982725 19
14.859649122807287 17
14.92982456140378 11
14.964912280702027 3
14.98245614035115 6
15.026315789473959 11
15.043859649123082 23
15.122807017544137 11
15.157894736842383 12
15.157894736842383 48
15.184210526316068 7
15.219298245614315 11
15.228070175438877 22
15.228070175438877 46
15.263157894737123 19
15.280701754386246 45
15.315789473684493 11
15.412280701754671 11
15.421052631579233 27
15.429824561403795 42
15.464912280702041 24
15.482456140351164 25
15.491228070175726 4
15.50877192982485 11
15.526315789473973 39
15.578947368421343 36
15.605263157895028 11
15.605263157895028 55
15.701754385965206 11
15.710526315789767 6
15.754385964912576 47
15.798245614035384 11
15.807017543859946 30
15.815789473684507 10
15.850877192982754 19
15.868421052631877 28
15.894736842105562 11
15.99122807017574 11
16.017543859649425 7
16.026315789473987 15
16.026315789473987 43
16.08771929824592 11
16.14912280701785 37
16.184210526316097 11
16.25438596491259 12
16.26315789473715 24
16.280701754386275 11
16.280701754386275 41
16.298245614035398 3
16.31578947368452 58
16.377192982456453 1
16.377192982456453 11
16.438596491228385 6
16.47368421052663 11
16.57017543859681 11
16.57894736842137 20
16.62280701754418 36
16.649122807017864 17
16.666666666666988 11
16.666666666666988 49
16.67543859649155 46
16.763157894737166 11
16.771929824561727 38
16.78947368421085 25
16.850877192982782 7
16.859649122807344 11
16.956140350877522 11
17.0526315789477 11
17.061403508772262 24
17.078947368421385 40
17.114035087719632 48
17.14912280701788 11
17.166666666667002 6
17.184210526316125 57
17.245614035088057 11
17.342105263158235 11
17.350877192982797 12
17.350877192982797 15
17.37719298245648 16
17.438596491228413 11
17.52631578947403 2
17.53508771929859 11
17.53508771929859 32
17.53508771929859 42
17.53508771929859 50
17.570175438596838 4
17.63157894736877 3
17.63157894736877 11
17.64035087719333 5
17.666666666667016 36
17.68421052631614 7
17.68421052631614 47
17.728070175438948 11
17.824561403509126 11
17.859649122807372 24
17.868421052631934 1
17.89473684210562 6
17.921052631579304 11
17.921052631579304 17
17.95614035087755 43
18.017543859649482 11
18.070175438596852 46
18.096491228070537 25
18.1052631578951 30
18.11403508771966 11
18.21052631578984 11
18.228070175438962 14
18.307017543860017 11
18.307017543860017 33
18.38596491228107 52
18.403508771930195 11
18.447368421053003 12
18.49122807017581 45
18.500000000000373 11
18.517543859649496 7
18.526315789474058 44
18.59649122807055 11
18.622807017544236 6
18.657894736842483 24
18.675438596491606 15
18.69298245614073 11
18.710526315789853 36
18.789473684210908 11
18.842105263158277 27
18.885964912281086 11
18.885964912281086 17
18.894736842105647 29
18.96491228070214 3
18.982456140351264 11
19.035087719298634 20
19.078947368421442 11
19.078947368421442 48
19.17543859649162 11
19.2719298245618 11
19.32456140350917 42
19.350877192982853 6
19.350877192982853 7
19.368421052631977 11
19.403508771930223 25
19.44736842105303 23
19.456140350877593 24
19.464912280702155 11
19.5000000000004 41
19.535087719298648 55
19.54385964912321 12
19.55263157894777 22
19.561403508772333 11
19.631578947368826 47
19.64912280701795 4
19.65789473684251 11
19.75438596491269 11
19.75438596491269 36
19.833333333333744 58
19.850877192982868 11
19.885964912281114 29
19.894736842105676 34
19.947368421053046 11
20.000000000000416 15
20.043859649123224 11
20.07017543859691 46
20.07894736842147 6
20.114035087719717 43
20.140350877193402 11
20.17543859649165 16
20.18421052631621 7
20.23684210526358 11
20.254385964912704 24
20.263157894737265 56
20.298245614035512 3
20.33333333333376 11
20.429824561403937 11
20.526315789474115 11
20.622807017544293 11
20.640350877193416 12
20.6666666666671 19
20.692982456140786 26
20.701754385965348 8
20.71052631578991 25
20.71929824561447 11
20.71929824561447 17
20.789473684210964 28
20.798245614035526 36
20.807017543860088 6
20.81578947368465 11
20.912280701754828 11
20.938596491228513 19
21.008771929825006 7
21.008771929825006 11
21.008771929825006 48
21.017543859649567 2
21.017543859649567 31
21.052631578947814 24
21.070175438596937 30
21.105263157895184 11
21.122807017544307 37
21.149122807017992 42
21.201754385965362 11
21.29824561403554 11
21.324561403509225 15
21.324561403509225 19
21.39473684210572 11
21.491228070175897 11
21.491228070175897 20
21.535087719298705 6
21.57017543859695 32
21.578947368421513 1
21.578947368421513 47
21.587719298246075 11
21.62280701754432 44
21.631578947368883 3
21.649122807018006 40
21.66666666666713 5
21.684210526316253 11
21.72807017543906 4
21.736842105263623 12
21.754385964912746 57
21.763157894737308 50
21.78070175438643 11
21.78070175438643 14
21.789473684210993 46
21.8333333333338 7
21.842105263158363 36
21.850877192982924 24
21.87719298245661 11
21.903508771930294 19
21.973684210526788 11
22.017543859649596 25
22.070175438596966 11
22.105263157895212 43
22.166666666667144 11
22.175438596491706 44
22.263157894737322 6
22.263157894737322 11
22.324561403509254 5
22.333333333333815 9
22.3596491228075 11
22.3596491228075 42
22.447368421053117 19
22.45614035087768 11
22.46491228070224 38
22.500000000000487 17
22.543859649123295 27
22.552631578947857 11
22.649122807018035 11
22.649122807018035 15
22.649122807018035 24
22.657894736842596 7
22.745614035088213 11
22.754385964912775 10
22.78947368421102 44
22.83333333333383 12
22.84210526315839 11
22.850877192982953 1
22.8859649122812 36
22.89473684210576 55
22.93859649122857 11
22.94736842105313 48
22.964912280702254 3
22.973684210526816 16
22.973684210526816 16
22.99122807017594 6
23.035087719298748 11
23.131578947368926 11
23.20175438596542 44
23.228070175439104 11
23.289473684211035 39
23.324561403509282 11
23.324561403509282 23
23.324561403509282 25
23.324561403509282 41
23.35964912280753 30
23.385964912281214 17
23.385964912281214 49
23.42105263157946 11
23.447368421053145 24
23.491228070175953 7
23.508771929825077 47
23.51754385964964 11
23.614035087719817 11
23.710526315789995 11
23.719298245614556 6
23.807017543860173 4
23.807017543860173 11
23.833333333333858 33
23.877192982456666 22
23.90350877193035 11
23.929824561404036 12
23.929824561404036 36
23.94736842105316 20
23.973684210526844 15
24.00000000000053 11
24.096491228070708 11
24.192982456140886 11
24.245614035088256 24
24.289473684211064 11
24.298245614035626 3
24.32456140350931 7
24.385964912281242 11
24.447368421053174 6
24.447368421053174 52
24.48245614035142 11
24.491228070175982 1
24.508771929825105 2
24.5789473684216 11
24.58771929824616 46
24.63157894736897 25
24.64035087719353 58
24.675438596491777 11
24.6929824561409 34
24.771929824561955 11
24.780701754386516 5
24.8070175438602 17
24.868421052632133 11
24.885964912281256 29
24.894736842105818 48
24.95614035087775 31
24.96491228070231 11
24.973684210526873 36
25.026315789474243 12
25.043859649123366 24
25.06140350877249 11
25.07017543859705 42
25.07017543859705 50
25.157894736842668 7
25.157894736842668 11
25.17543859649179 6
25.236842105263722 19
25.254385964912846 11
25.298245614035654 15
25.32456140350934 14
25.350877192983024 11
25.403508771930394 27
25.43859649122864 47
25.447368421053202 11
25.526315789474257 44
25.53508771929882 43
25.54385964912338 11
25.605263157895312 9
25.605263157895312 32
25.631578947368997 3
25.64035087719356 11
25.64035087719356 17
25.64035087719356 30
25.64912280701812 41
25.71052631579005 28
25.736842105263737 11
25.771929824561983 16
25.80701754386023 26
25.833333333333915 11
25.842105263158476 24
25.885964912281285 4
25.903508771930408 6
25.929824561404093 11
25.938596491228655 25
25.991228070176025 7
26.01754385964971 36
26.02631578947427 11
26.096491228070764 37
26.12280701754445 11
26.12280701754445 12
26.219298245614628 11
26.315789473684806 11
26.324561403509367 46
26.403508771930422 20
26.412280701754984 11
26.456140350877792 55
26.464912280702354 17
26.49122807017604 49
26.508771929825162 11
26.60526315789534 11
26.622807017544464 15
26.631578947369025 6
26.640350877193587 24
26.70175438596552 11
26.745614035088327 57
26.798245614035697 11
26.80701754386026 42
26.81578947368482 40
26.82456140350938 7
26.833333333333943 48
26.842105263158505 56
26.894736842105875 11
26.956140350877806 5
26.964912280702368 3
26.991228070176053 11
27.061403508772546 36
27.08771929824623 11
27.18421052631641 11
27.19298245614097 23
27.201754385965533 1
27.219298245614656 12
27.23684210526378 39
27.24561403508834 25
27.280701754386588 11
27.280701754386588 17
27.359649122807642 6
27.368421052632204 47
27.377192982456766 11
27.385964912281327 19
27.438596491228697 24
27.473684210526944 11
27.482456140351506 50
27.50877192982519 29
27.570175438597122 11
27.631578947369054 19
27.65789473684274 7
27.6666666666673 11
27.76315789473748 11
27.798245614035725 41
27.859649122807657 11
27.947368421053273 15
27.956140350877835 11
27.956140350877835 30
27.964912280702396 4
28.000000000000643 2
28.052631578948013 11
28.08771929824626 6
28.105263157895383 36
28.131578947369068 42
28.14912280701819 11
28.157894736842753 17
28.175438596491876 52
28.192982456141 22
28.236842105263808 24
28.24561403508837 11
28.29824561403574 3
28.315789473684863 12
28.342105263158548 11
28.438596491228726 11
28.45614035087785 43
28.491228070176096 7
28.51754385964978 33
28.535087719298904 11
28.552631578948027 25
28.57017543859715 16
28.631578947369082 11
28.67543859649189 44
28.72807017543926 11
28.77192982456207 46
28.77192982456207 48
28.815789473684877 6
28.82456140350944 11
28.859649122807685 20
28.868421052632247 14
28.921052631579617 11
29.008771929825233 17
29.017543859649795 11
29.035087719298918 24
29.114035087719973 11
29.140350877193658 57
29.14912280701822 36
29.166666666667343 1
29.166666666667343 58
29.21052631579015 11
29.271929824562083 15
29.298245614035768 47
29.30701754386033 11
29.324561403509453 7
29.403508771930507 11
29.41228070175507 12
29.429824561404192 38
29.482456140351562 27
29.500000000000686 11
29.543859649123494 6
29.552631578948056 49
29.57894736842174 19
29.596491228070864 9
29.596491228070864 11
29.605263157895426 31
29.63157894736911 3
29.63157894736911 42
29.640350877193672 32
29.692982456141042 11
29.78947368421122 11
29.824561403509467 17
29.83333333333403 24
29.859649122807713 25
29.8859649122814 11
29.89473684210596 50
29.982456140351577 11
30.0000000000007 43
30.043859649123508 4
30.06140350877263 34
30.078947368421755 11
30.15789473684281 7
30.175438596491933 11
30.192982456141056 36
30.236842105263865 30
30.27192982456211 6
30.27192982456211 11
30.36842105263229 11
30.37719298245685 1
30.385964912281413 10
30.464912280702467 11
30.48245614035159 44
30.508771929825276 12
30.552631578948084 29
30.561403508772646 11
30.596491228070892 15
30.63157894736914 24
30.63157894736914 28
30.6403508771937 17
30.6403508771937 41
30.657894736842824 11
30.719298245614755 48
30.754385964913002 11
30.833333333334057 55
30.85087719298318 11
30.94736842105336 11
30.96491228070248 3
30.991228070176167 7
31.00000000000073 6
31.043859649123537 11
31.06140350877266 23
31.07017543859722 37
31.096491228070906 39
31.140350877193715 11
31.1666666666674 25
31.22807017543933 47
31.236842105263893 11
31.236842105263893 36
31.315789473684948 20
31.33333333333407 11
31.350877192983194 9
31.368421052632318 16
31.368421052632318 16
31.42982456140425 11
31.42982456140425 24
31.456140350877934 17
31.49122807017618 2
31.526315789474427 11
31.605263157895482 12
31.622807017544606 11
31.657894736842852 57
31.719298245614784 11
31.728070175439345 6
31.815789473684962 11
31.824561403509524 7
31.91228070175514 11
31.921052631579702 15
31.95614035087795 43
32.008771929825315 11
32.035087719299 56
32.09649122807093 19
32.09649122807093 44
32.10526315789549 11
32.122807017544616 4
32.20175438596567 11
32.228070175439356 24
32.271929824562164 17
32.280701754386726 36
32.29824561403585 3
32.29824561403585 11
32.30701754386041 50
32.39473684210603 11
32.41228070175515 14
32.45614035087796 6
32.47368421052708 25
32.491228070176206 11
32.51754385964989 22
32.51754385964989 30
32.587719298246384 11
32.61403508772007 49
32.65789473684288 7
32.66666666666744 48
32.675438596492 52
32.68421052631656 11
32.692982456141124 1
32.701754385965685 12
32.72807017543937 42
32.78070175438674 11
32.7894736842113 46
32.87719298245692 11
32.92105263157973 5
32.9736842105271 11
33.02631578947447 24
33.070175438597275 11
33.07894736842184 9
33.0877192982464 17
33.10526315789552 19
33.14912280701833 26
33.15789473684289 47
33.16666666666745 11
33.184210526316576 6
33.24561403508851 15
33.26315789473763 11
33.32456140350956 36
33.35964912280781 11
33.36842105263237 27
33.41228070175518 33
33.45614035087799 11
33.491228070176234 7
33.552631578948166 11
33.596491228070974 5
33.63157894736922 3
33.649122807018344 11
33.74561403508852 11
33.77192982456221 20
33.78070175438677 25
33.79824561403589 12
33.82456140350958 24
33.8421052631587 11
33.868421052632385 42
33.90350877193063 17
33.91228070175519 6
33.93859649122888 11
34.03508771929906 11
34.0701754385973 45
34.131578947369235 11
34.1403508771938 41
34.14912280701836 19
34.14912280701836 40
34.16666666666748 16
34.192982456141166 32
34.20175438596573 4
34.22807017543941 11
34.26315789473766 58
34.27192982456222 39
34.32456140350959 7
34.32456140350959 11
34.350877192983276 29
34.3684210526324 36
34.42105263157977 11
34.42105263157977 57
34.47368421052714 55
34.51754385964995 11
34.57017543859732 15
34.605263157895564 48
34.614035087720126 11
34.62280701754469 24
34.64035087719381 6
34.68421052631662 8
34.710526315790304 11
34.719298245614866 17
34.719298245614866 50
34.80701754386048 9
34.80701754386048 11
34.85087719298329 1
34.8947368421061 12
34.90350877193066 11
34.96491228070259 3
34.96491228070259 23
34.982456140351715 2
34.982456140351715 2
34.99122807017628 34
35.00000000000084 11
35.0087719298254 42
35.087719298246455 25
35.087719298246455 47
35.09649122807102 11
35.14912280701839 7
35.192982456141195 11
35.28947368421137 11
35.36842105263243 6
35.38596491228155 11
35.412280701755236 36
35.4210526315798 24
35.44736842105348 46
35.48245614035173 11
35.49122807017629 19
35.5350877192991 17
35.55263157894822 28
35.57894736842191 11
35.60526315789559 52
35.675438596492086 11
35.675438596492086 49
35.771929824562264 11
35.85964912280788 44
35.86842105263244 11
35.89473684210613 15
35.95614035087806 14
35.96491228070262 11
35.97368421052718 7
35.991228070176305 12
36.02631578947455 38
36.043859649123675 37
36.0614035087728 11
36.07894736842192 30
36.096491228071045 6
36.15789473684298 11
36.1754385964921 19
36.21929824561491 24
36.22807017543947 20
36.254385964913155 11
36.28070175438684 4
36.29824561403596 3
36.35087719298333 11
36.35087719298333 17
36.368421052632456 56
36.39473684210614 25
36.44736842105351 11
36.45614035087807 36
36.526315789474566 9
36.54385964912369 11
36.54385964912369 48
36.64035087719387 11
36.71052631579036 43
36.736842105264046 11
36.79824561403598 7
36.82456140350966 6
36.833333333334224 11
36.833333333334224 22
36.833333333334224 27
36.9298245614044 11
36.95614035087809 39
36.96491228070265 16
37.01754385965002 24
37.01754385965002 47
37.02631578947458 11
37.08771929824651 12
37.12280701754476 11
37.16666666666757 17
37.21929824561494 11
37.21929824561494 15
37.30701754386055 57
37.315789473685115 11
37.315789473685115 50
37.41228070175529 11
37.50000000000091 36
37.50877192982547 11
37.526315789474594 41
37.54385964912372 42
37.55263157894828 6
37.55263157894828 46
37.587719298246526 19
37.60526315789565 11
37.631578947369334 3
37.631578947369334 7
37.640350877193896 31
37.692982456141266 29
37.70175438596583 11
37.70175438596583 25
37.798245614036006 11
37.81578947368513 24
37.894736842106184 11
37.96491228070268 33
37.97368421052724 44
37.9824561403518 17
37.99122807017636 11
38.08771929824654 11
38.13157894736935 58
38.18421052631672 11
38.18421052631672 12
38.22807017543953 32
38.24561403508865 26
38.2807017543869 6
38.2807017543869 11
38.28947368421146 9
38.33333333333427 8
38.35087719298339 30
38.35964912280795 4
38.377192982457075 11
38.42105263157988 1
38.45614035087813 7
38.47368421052725 2
38.47368421052725 11
38.491228070176376 5
38.535087719299185 48
38.543859649123746 15
38.543859649123746 36
38.55263157894831 55
38.57017543859743 11
38.61403508772024 24
38.66666666666761 11
38.68421052631673 20
38.7368421052641 49
38.76315789473779 11
38.77192982456235 19
38.798245614036034 17
38.82456140350972 23
38.859649122807966 11
38.92982456140446 44
38.94736842105358 47
38.956140350878144 11
38.964912280702706 3
39.008771929825514 6
39.008771929825514 25
39.05263157894832 11
39.1491228070185 11
39.24561403508868 11
39.280701754386925 7
39.280701754386925 12
39.34210526315886 11
39.39473684210623 40
39.41228070175535 24
39.438596491229035 11
39.491228070176405 46
39.500000000000966 14
39.53508771929921 11
39.58771929824658 36
39.61403508772027 17
39.63157894736939 11
39.64035087719395 1
39.710526315790446 43
39.72807017543957 11
39.73684210526413 6
39.763157894737816 16
39.807017543860624 27
39.807017543860624 57
39.815789473685186 50
39.82456140350975 11
39.859649122807994 41
39.868421052632556 15
39.921052631579926 11
40.00877192982554 9
40.017543859650104 11
40.070175438597474 52
40.10526315789572 7
40.11403508772028 11
40.14912280701853 44
40.21052631579046 11
40.21052631579046 24
40.28070175438695 10
40.29824561403608 3
40.30701754386064 11
40.3157894736852 25
40.37719298245713 12
40.40350877193082 11
40.4298245614045 17
40.43859649122906 4
40.46491228070275 6
40.47368421052731 19
40.47368421052731 28
40.47368421052731 48
40.500000000000995 11
40.52631578947468 42
40.59649122807117 11
40.614035087720296 8
40.62280701754486 30
40.63157894736942 36
40.69298245614135 1
40.69298245614135 11
40.78947368421153 11
40.88596491228171 11
40.89473684210627 47
40.929824561404516 7
40.973684210527324 38
40.973684210527324 39
40.982456140351886 11
41.00877192982557 24
41.01754385965013 37
41.078947368422064 11
41.140350877193995 20
41.14912280701856 22
41.17543859649224 11
41.192982456141365 6
41.192982456141365 15
41.20175438596593 46
41.245614035088735 17
41.245614035088735 17
41.27192982456242 11
41.3684210526326 11
41.43859649122909 45
41.46491228070278 11
41.47368421052734 12
41.49122807017646 19
41.508771929825585 44
41.561403508772955 11
41.622807017544886 25
41.63157894736945 3
41.65789473684313 11
41.675438596492256 36
41.7105263157905 9
41.75438596491331 7
41.75438596491331 11
41.79824561403612 49
41.80701754386068 24
41.85087719298349 11
41.8947368421063 42
41.92105263157998 6
41.94736842105367 11
41.96491228070279 2
42.043859649123846 11
42.06140350877297 17
42.07017543859753 41
42.140350877194024 11
42.22807017543964 50
42.2368421052642 11
42.26315789473789 32
42.33333333333438 11
42.37719298245719 43
42.412280701755435 57
42.42105263158 48
42.42982456140456 11
42.48245614035193 46
42.49122807017649 1
42.517543859650175 4
42.517543859650175 15
42.52631578947474 11
42.56140350877298 16
42.56140350877298 34
42.570175438597545 12
42.570175438597545 27
42.57894736842211 7
42.58771929824667 33
42.60526315789579 24
42.622807017544915 11
42.6491228070186 6
42.6491228070186 19
42.71929824561509 11
42.71929824561509 23
42.71929824561509 36
42.71929824561509 44
42.81578947368527 11
42.81578947368527 56
42.82456140350983 47
42.842105263158956 5
42.842105263158956 55
42.8771929824572 17
42.90350877193089 30
42.91228070175545 11
42.92982456140457 25
42.96491228070282 3
43.00877192982563 11
43.00877192982563 42
43.043859649123874 14
43.096491228071244 58
43.105263157895806 11
43.201754385965984 11
43.21929824561511 5
43.263157894737915 26
43.29824561403616 11
43.37719298245722 6
43.39473684210634 11
43.4035087719309 24
43.41228070175546 7
43.421052631580025 9
43.49122807017652 11
43.49122807017652 39
43.5877192982467 11
43.59649122807126 20
43.64035087719407 19
43.66666666666775 12
43.684210526316875 11
43.692982456141436 17
43.71052631579056 40
43.76315789473793 36
43.78070175438705 11
43.798245614036176 29
43.842105263158984 15
43.87719298245723 11
43.97368421052741 11
44.07017543859759 11
44.105263157895834 1
44.105263157895834 6
44.13157894736952 10
44.166666666667766 11
44.20175438596601 24
44.23684210526426 25
44.24561403508882 7
44.263157894737944 11
44.29824561403619 3
44.35964912280812 11
44.35964912280812 48
44.4561403508783 11
44.50877192982567 17
44.55263157894848 11
44.59649122807129 4
44.640350877194095 50
44.64912280701866 11
44.692982456141465 41
44.70175438596603 52
44.71929824561515 43
44.745614035088835 11
44.745614035088835 42
44.754385964913396 47
44.76315789473796 12
44.807017543860766 36
44.83333333333445 6
44.84210526315901 11
44.859649122808136 49
44.93859649122919 11
44.956140350878314 46
45.00000000000112 24
45.02631578947481 19
45.03508771929937 11
45.07894736842218 7
45.13157894736955 9
45.13157894736955 11
45.166666666667794 15
45.18421052631692 30
45.228070175439726 11
45.324561403509904 11
45.324561403509904 17
45.35964912280815 16
45.40350877193096 28
45.42105263158008 1
45.42105263158008 11
45.45614035087833 2
45.46491228070289 22
45.51754385965026 11
45.543859649123945 25
45.56140350877307 6
45.61403508772044 11
45.63157894736956 3
45.71052631579062 11
45.72807017543974 27
45.79824561403623 24
45.807017543860795 11
45.815789473685356 19
45.8508771929836 36
45.859649122808165 12
45.859649122808165 42
45.88596491228185 29
45.90350877193097 11
45.912280701755535 7
45.99122807017659 37
46.00000000000115 11
46.05263157894852 20
46.070175438597644 19
46.09649122807133 11
46.11403508772045 38
46.14035087719414 17
46.19298245614151 11
46.289473684211686 6
46.289473684211686 11
46.29824561403625 32
46.30701754386081 48
46.342105263159056 55
46.385964912281864 11
46.385964912281864 19
46.48245614035204 11
46.491228070176604 15
46.491228070176604 15
46.491228070176604 57
46.543859649123974 46
46.57894736842222 11
46.58771929824678 14
46.59649122807134 24
46.61403508772047 23
46.62280701754503 43
46.64912280701871 56
46.6754385964924 4
46.6754385964924 11
46.68421052631696 47
46.74561403508889 7
46.77192982456258 11
46.815789473685385 58
46.84210526315907 9
46.85087719298363 25
46.85087719298363 34
46.868421052632755 1
46.868421052632755 11
46.89473684210644 36
46.95614035087837 12
46.95614035087837 17
46.96491228070293 3
46.96491228070293 11
46.973684210527495 42
47.0175438596503 6
47.05263157894855 50
47.06140350877311 11
47.15789473684329 11
47.192982456141536 33
47.25438596491347 11
47.350877192983646 11
47.394736842106454 19
47.394736842106454 24
47.447368421053824 11
47.46491228070295 30
47.53508771929944 29
47.543859649124 11
47.57894736842225 7
47.59649122807137 41
47.64035087719418 11
47.666666666667865 19
47.73684210526436 11
47.74561403508892 6
47.74561403508892 44
47.771929824562605 17
47.81578947368541 15
47.83333333333454 11
47.92105263158015 49
47.929824561404715 11
47.938596491229276 36
47.982456140352085 10
48.02631578947489 11
48.05263157894858 12
48.087719298246824 42
48.12280701754507 11
48.140350877194194 46
48.15789473684332 16
48.15789473684332 25
48.192982456141564 24
48.201754385966126 19
48.21929824561525 11
48.245614035088934 26
48.254385964913496 48
48.298245614036304 3
48.307017543860866 27
48.31578947368543 11
48.412280701755606 7
48.412280701755606 11
48.47368421052754 6
48.508771929825784 11
48.508771929825784 20
48.55263157894859 9
48.570175438597715 19
48.57894736842228 1
48.58771929824684 17
48.60526315789596 11
48.614035087720524 47
48.70175438596614 11
48.75438596491351 4
48.79824561403632 11
48.85087719298369 19
48.8947368421065 11
48.947368421053866 2
48.98245614035211 36
48.991228070176675 11
48.991228070176675 24
49.03508771929948 43
49.08771929824685 11
49.14035087719422 15
49.149122807018784 12
49.18421052631703 11
49.201754385966154 6
49.201754385966154 42
49.24561403508896 7
49.28070175438721 11
49.32456140351002 52
49.37719298245739 11
49.40350877193107 17
49.464912280703004 25
49.464912280703004 50
49.473684210527566 11
49.570175438597744 11
49.59649122807143 5
49.631578947369675 3
49.66666666666792 11
49.736842105264415 55
49.74561403508898 30
49.7631578947381 11
49.78070175438722 22
49.789473684211785 24
49.82456140351003 41
49.85964912280828 11
49.92982456140477 6
49.95614035087846 11
50.02631578947495 36
50.052631578948635 11
50.07894736842232 7
50.13157894736969 14
50.14912280701881 11
50.157894736843375 58
50.20175438596618 48
50.219298245615306 17
50.24561403508899 11
50.24561403508899 12
50.263157894738114 9
50.263157894738114 40
50.315789473685484 42
50.324561403510046 28
50.33333333333461 32
50.34210526315917 11
50.43859649122935 11
50.46491228070303 15
50.50877192982584 23
50.535087719299526 11
50.56140350877321 47
50.587719298246896 24
50.631578947369704 11
50.65789473684339 6
50.72807017543988 11
50.75438596491357 19
50.77192982456269 25
50.8157894736855 57
50.82456140351006 11
50.83333333333462 4
50.89473684210655 29
50.89473684210655 43
50.91228070175568 7
50.92105263158024 11
50.956140350878485 16
50.96491228070305 3
50.96491228070305 20
50.96491228070305 37
50.98245614035217 49
51.01754385965042 11
51.03508771929954 17
51.03508771929954 19
51.061403508773225 39
51.070175438597786 36
51.114035087720595 11
51.122807017545156 34
51.21052631579077 11
51.271929824562704 44
51.30701754386095 11
51.3421052631592 12
51.385964912282006 6
51.385964912282006 24
51.40350877193113 11
51.41228070175569 31
51.429824561404814 42
51.438596491229376 1
51.50000000000131 11
51.543859649124116 46
51.596491228071486 11
51.692982456141664 11
51.71929824561535 33
51.745614035089034 7
51.78947368421184 11
51.78947368421184 15
51.78947368421184 56
51.83333333333465 10
51.85087719298377 17
51.85087719298377 17
51.8684210526329 41
51.87719298245746 50
51.88596491228202 11
51.92105263158027 5
51.97368421052764 9
51.9824561403522 11
52.02631578947501 30
52.07894736842238 11
52.07894736842238 25
52.07894736842238 27
52.11403508772062 6
52.11403508772062 36
52.14035087719431 48
52.175438596492555 11
52.184210526317116 24
52.27192982456273 11
52.29824561403642 3
52.29824561403642 19
52.36842105263291 11
52.438596491229404 2
52.438596491229404 12
52.46491228070309 11
52.491228070176774 47
52.543859649124144 42
52.56140350877327 11
52.57894736842239 7
52.657894736843446 11
52.66666666666801 17
52.754385964913624 11
52.763157894738185 5
52.84210526315924 6
52.8508771929838 11
52.91228070175573 4
52.94736842105398 11
52.94736842105398 46
52.98245614035223 24
53.04385964912416 11
53.10526315789609 55
53.11403508772065 15
53.14035087719434 11
53.15789473684346 19
53.15789473684346 36
53.16666666666802 38
53.236842105264515 11
53.236842105264515 43
53.33333333333469 11
53.33333333333469 52
53.38596491228206 25
53.41228070175575 7
53.42105263158031 20
53.42105263158031 44
53.42982456140487 11
53.447368421053994 1
53.48245614035224 17
53.52631578947505 11
53.53508771929961 12
53.57017543859786 6
53.614035087720666 39
53.62280701754523 11
53.63157894736979 3
53.64912280701891 58
53.657894736843474 42
53.6754385964926 14
53.68421052631716 9
53.719298245615406 11
53.75438596491365 16
53.78070175438734 24
53.815789473685584 11
53.91228070175576 11
53.91228070175576 41
53.921052631580324 8
54.00877192982594 11
54.04385964912419 49
54.07894736842243 48
54.09649122807156 22
54.10526315789612 11
54.2017543859663 11
54.2017543859663 36
54.23684210526454 7
54.28947368421191 50
54.298245614036475 6
54.298245614036475 11
54.298245614036475 17
54.298245614036475 30
54.34210526315928 57
54.36842105263297 23
54.36842105263297 32
54.39473684210665 11
54.39473684210665 46
54.42105263158034 47
54.43859649122946 15
54.49122807017683 11
54.57894736842245 24
54.57894736842245 40
54.58771929824701 11
54.63157894736982 12
54.68421052631719 11
54.69298245614175 25
54.771929824562804 42
54.780701754387366 11
54.824561403510174 1
54.877192982457544 11
54.91228070175579 43
54.96491228070316 3
54.97368421052772 11
54.991228070176845 4
55.02631578947509 6
55.06140350877334 7
55.0701754385979 11
55.11403508772071 17
55.16666666666808 11
55.24561403508913 36
55.254385964913695 28
55.26315789473826 11
55.28947368421194 27
55.359649122808435 11
55.37719298245756 24
55.38596491228212 9
55.40350877193124 34
55.45614035087861 11
55.55263157894879 11
55.570175438597914 44
55.64035087719441 56
55.64912280701897 11
55.684210526317216 10
55.728070175440024 12
55.728070175440024 29
55.74561403508915 11
55.75438596491371 6
55.76315789473827 15
55.842105263159326 11
55.87719298245757 20
55.885964912282134 7
55.885964912282134 42
55.92982456140494 2
55.92982456140494 17
55.938596491229504 11
55.938596491229504 37
55.95614035087863 41
55.98245614035231 26
56.000000000001435 25
56.01754385965056 48
56.03508771929968 11
56.13157894736986 11
56.157894736843545 1
56.17543859649267 24
56.22807017544004 11
56.2368421052646 33
56.28947368421197 36
56.29824561403653 3
56.32456140351022 11
56.368421052633025 46
56.368421052633025 47
56.421052631580395 11
56.482456140352326 6
56.51754385965057 11
56.55263157894882 16
56.578947368422504 30
56.61403508772075 11
56.62280701754531 52
56.70175438596637 50
56.71052631579093 11
56.71929824561549 7
56.745614035089176 17
56.80701754386111 11
56.82456140351023 12
56.8771929824576 44
56.903508771931286 11
56.92105263158041 29
56.947368421054094 39
56.97368421052778 24
56.98245614035234 57
57.000000000001464 11
57.000000000001464 42
57.07017543859796 4
57.08771929824708 15
57.09649122807164 9
57.09649122807164 11
57.1052631578962 49
57.19298245614182 11
57.21052631579094 6
57.219298245615505 14
57.289473684212 11
57.29824561403656 43
57.30701754386112 25
57.33333333333481 36
57.385964912282176 11
57.482456140352355 11
57.55263157894885 7
57.56140350877341 17
57.56140350877341 44
57.57017543859797 55
57.57894736842253 11
57.6315789473699 3
57.67543859649271 11
57.77192982456289 11
57.77192982456289 24
57.798245614036574 19
57.86842105263307 11
57.92105263158044 12
57.93859649122956 6
57.956140350878684 48
57.964912280703246 11
57.97368421052781 27
58.00000000000149 41
58.061403508773424 11
58.114035087720794 42
58.1578947368436 11
58.25438596491378 11
58.26315789473834 23
58.29824561403659 1
58.29824561403659 47
58.333333333334835 20
58.35087719298396 11
58.35964912280852 58
58.37719298245764 17
58.37719298245764 36
58.385964912282205 7
58.40350877193133 32
58.41228070175589 15
58.41228070175589 22
58.447368421054136 11
58.543859649124315 11
58.570175438598 24
58.61403508772081 25
58.64035087719449 11
58.66666666666818 6
58.73684210526467 11
58.754385964913794 38
58.78070175438748 8
58.7982456140366 9
58.807017543861164 19
58.83333333333485 11
58.859649122808534 30
58.92982456140503 11
58.964912280703274 3
59.017543859650644 12
59.026315789475206 11
59.11403508772082 50
59.122807017545384 11
59.14912280701907 4
59.19298245614188 17
59.210526315791 7
59.21929824561556 11
59.22807017544012 42
59.31578947368574 11
59.35087719298399 16
59.36842105263311 24
59.38596491228223 39
59.394736842106795 6
59.40350877193136 44
59.41228070175592 11
59.42105263158048 2
59.42105263158048 36
59.508771929826096 11
59.53508771929978 10
59.57894736842259 19
59.605263157896275 11
59.67543859649277 34
59.70175438596645 11
59.7368421052647 15
59.79824561403663 11
59.89473684210681 11
59.90350877193137 48
59.921052631580494 25
59.99122807017699 11
