0.008771929824561403 20
0.09649122807017543 8
0.10526315789473684 42
0.11403508771929824 0
0.13157894736842105 43
0.14035087719298245 7
0.14035087719298245 28
0.14912280701754385 53
0.15789473684210525 25
0.24561403508771928 18
0.24561403508771928 44
0.2719298245614036 36
0.280701754385965 16
0.28947368421052644 15
0.29824561403508787 24
0.3070175438596493 47
0.31578947368421073 39
0.35087719298245645 45
0.3596491228070179 37
0.37719298245614075 5
0.40350877192982504 27
0.605263157894738 26
0.6228070175438608 35
0.6315789473684222 33
0.6315789473684222 34
0.6491228070175451 11
0.666666666666668 2
0.666666666666668 31
0.7982456140350894 14
0.8157894736842123 6
0.8596491228070194 57
0.8684210526315809 7
0.8859649122807037 40
0.8859649122807037 41
0.912280701754388 23
0.9824561403508795 22
1.0701754385964937 36
1.1052631578947394 29
1.1140350877193008 5
1.1666666666666694 24
1.1929824561403537 17
1.2631578947368451 50
1.3771929824561437 54
1.3859649122807052 48
1.4122807017543895 58
1.4912280701754423 25
1.5701754385964952 6
1.5964912280701795 59
1.605263157894741 7
1.605263157894741 15
1.6228070175438638 43
1.7631578947368467 18
1.8684210526315839 36
1.9298245614035139 18
2.03508771929825 24
2.0964912280701786 47
2.0964912280701786 47
2.2105263157894743 17
2.289473684210525 11
2.2982456140350864 29
2.315789473684209 10
2.32456140350877 6
2.3333333333333313 3
2.3421052631578925 7
2.359649122807015 4
2.4999999999999942 0
2.666666666666657 36
2.666666666666657 42
2.7280701754385857 11
2.7631578947368305 44
2.824561403508759 25
2.8421052631578814 27
2.8947368421052486 59
2.90350877192981 1
2.90350877192981 24
2.9210526315789322 15
3.0263157894736668 41
3.070175438596473 7
3.078947368421034 6
3.0964912280701564 43
3.2631578947368194 8
3.2719298245613806 16
3.3157894736841866 18
3.333333333333309 44
3.464912280701727 36
3.4736842105262884 5
3.578947368421023 39
3.622807017543829 48
3.6842105263157574 18
3.710526315789441 17
3.7719298245613695 24
3.798245614035053 7
3.8245614035087367 9
3.833333333333298 3
3.833333333333298 6
3.885964912280665 47
3.912280701754349 57
4.070175438596454 18
4.157894736842071 25
4.184210526315756 11
4.201754385964879 2
4.228070175438564 15
4.228070175438564 31
4.2368421052631255 20
4.2631578947368105 36
4.307017543859619 29
4.412280701754359 18
4.4649122807017285 14
4.52631578947366 7
4.587719298245592 6
4.614035087719277 18
4.6315789473684 42
4.640350877192962 24
4.657894736842085 17
4.7192982456140165 11
4.73684210526314 4
4.73684210526314 53
4.807017543859633 50
4.833333333333318 34
4.929824561403496 23
5.061403508771921 36
5.087719298245606 41
5.1228070175438525 28
5.1228070175438525 59
5.140350877192976 0
5.201754385964907 22
5.210526315789469 11
5.254385964912277 7
5.289473684210524 18
5.333333333333332 3
5.333333333333332 37
5.342105263157894 6
5.3508771929824555 44
5.37719298245614 8
5.42982456140351 27
5.447368421052634 11
5.508771929824565 24
5.53508771929825 15
5.561403508771935 17
5.561403508771935 25
5.614035087719305 18
5.64035087719299 33
5.710526315789483 47
5.74561403508773 9
5.789473684210538 40
5.789473684210538 43
5.824561403508785 48
5.859649122807031 36
5.938596491228086 26
5.9824561403508945 7
6.096491228070196 6
6.236842105263182 42
6.263157894736867 16
6.298245614035114 45
6.3596491228070455 29
6.377192982456169 24
6.403508771929854 17
6.4385964912281 5
6.4385964912281 54
6.657894736842142 36
6.684210526315827 20
6.710526315789512 7
6.736842105263197 35
6.8157894736842515 58
6.842105263157936 15
6.850877192982498 6
6.894736842105306 25
7.061403508771978 18
7.157894736842156 57
7.2192982456140875 17
7.2456140350877725 24
7.280701754386019 50
7.377192982456197 59
7.4210526315790055 42
7.438596491228129 7
7.456140350877252 36
7.456140350877252 41
7.508771929824622 47
7.6052631578948 6
7.614035087719362 31
7.692982456140417 5
7.912280701754458 18
7.912280701754458 29
7.991228070175513 11
8.035087719298321 18
8.035087719298321 48
8.07894736842113 17
8.096491228070253 14
8.105263157894814 43
8.114035087719376 24
8.149122807017623 15
8.175438596491308 7
8.228070175438678 25
8.254385964912363 36
8.280701754386047 39
8.359649122807102 6
8.394736842105349 59
8.40350877192991 11
8.578947368421144 44
8.605263157894829 11
8.640350877193075 0
8.692982456140445 8
8.763157894736938 1
8.868421052631678 10
8.903508771929925 7
8.921052631579048 42
8.98245614035098 24
8.991228070175541 23
9.026315789473788 34
9.052631578947473 36
9.114035087719405 6
9.254385964912391 16
9.263157894736953 44
9.289473684210638 47
9.342105263158007 20
9.377192982456254 17
9.4122807017545 22
9.456140350877309 2
9.456140350877309 3
9.456140350877309 9
9.456140350877309 15
9.561403508772049 25
9.614035087719419 45
9.631578947368542 7
9.754385964912405 50
9.850877192982583 24
9.850877192982583 36
9.868421052631707 6
9.947368421052762 43
10.035087719298378 48
10.114035087719433 28
10.140350877193118 40
10.14912280701768 53
10.175438596491365 17
10.30701754385979 37
10.35964912280716 7
10.41228070175453 1
10.587719298245762 58
10.622807017544009 6
10.649122807017694 11
10.649122807017694 36
10.666666666666817 4
10.719298245614187 24
10.728070175438749 39
10.763157894736995 15
10.798245614035242 5
10.798245614035242 18
10.798245614035242 29
10.89473684210542 25
10.956140350877352 3
10.973684210526475 17
11.017543859649283 27
11.070175438596653 31
11.078947368421215 47
11.096491228070338 7
11.201754385965078 44
11.219298245614201 33
11.228070175438763 54
11.236842105263324 0
11.236842105263324 8
11.31578947368438 11
11.359649122807188 9
11.377192982456311 6
11.42982456140368 1
11.447368421052804 36
11.517543859649297 18
11.543859649122982 11
11.58771929824579 24
11.596491228070352 42
11.64035087719316 43
11.728070175438777 14
11.771929824561585 17
11.824561403508955 7
11.868421052631764 5
11.90350877193001 59
11.929824561403695 35
11.95614035087738 44
11.964912280701942 57
12.070175438596682 15
12.131578947368613 6
12.149122807017736 5
12.228070175438791 25
12.245614035087915 16
12.245614035087915 36
12.254385964912476 44
12.438596491228271 20
12.456140350877394 3
12.456140350877394 24
12.49122807017564 29
12.552631578947572 7
12.570175438596696 17
12.614035087719504 18
12.80701754385986 4
12.868421052631792 1
12.868421052631792 47
12.885964912280915 6
12.894736842105477 23
12.991228070175655 2
13.043859649123025 36
13.166666666666888 44
13.184210526316011 59
13.271929824561628 9
13.28070175438619 7
13.307017543859875 26
13.324561403508998 24
13.324561403508998 34
13.350877192982683 11
13.368421052631806 17
13.377192982456368 15
13.377192982456368 41
13.377192982456368 45
13.473684210526546 27
13.561403508772162 25
13.622807017544094 22
13.640350877193217 6
13.649122807017779 42
13.76315789473708 0
13.833333333333574 44
13.842105263158135 36
13.885964912280944 18
13.912280701754629 48
13.956140350877437 3
13.964912280701999 50
14.008771929824807 7
14.166666666666917 17
14.175438596491478 58
14.192982456140601 24
14.219298245614286 39
14.23684210526341 8
14.271929824561656 43
14.298245614035341 59
14.324561403509026 1
14.39473684210552 6
14.596491228070438 29
14.640350877193246 36
14.649122807017807 47
14.684210526316054 15
14.736842105263424 7
14.798245614035356 44
14.815789473684479 11
14.885964912280972 4
14.894736842105534 25
14.964912280702027 17
15.061403508772205 24
15.096491228070452 28
15.149122807017822 6
15.184210526316068 9
15.236842105263438 16
15.271929824561685 57
15.280701754386246 37
15.289473684210808 31
15.324561403509055 59
15.359649122807301 14
15.438596491228356 36
15.45614035087748 3
15.464912280702041 7
15.631578947368713 54
15.684210526316082 43
15.684210526316082 44
15.763157894737137 17
15.78070175438626 20
15.877192982456439 18
15.903508771930124 6
15.929824561403809 24
15.99122807017574 15
16.070175438596795 11
16.070175438596795 29
16.131578947368727 18
16.19298245614066 7
16.228070175438905 25
16.236842105263467 36
16.298245614035398 44
16.333333333333645 18
16.385964912281015 42
16.394736842105576 48
16.429824561403823 47
16.456140350877508 33
16.526315789474 2
16.561403508772248 17
16.605263157895056 41
16.657894736842426 6
16.67543859649155 1
16.78070175438629 23
16.798245614035412 24
16.929824561403837 7
16.94736842105296 27
16.94736842105296 40
16.956140350877522 3
16.964912280702084 4
17.035087719298577 36
17.0526315789477 8
17.087719298245947 9
17.166666666667002 43
17.298245614035427 15
17.359649122807358 17
17.394736842105605 59
17.412280701754728 6
17.438596491228413 53
17.491228070175783 44
17.52631578947403 34
17.53508771929859 11
17.561403508772276 25
17.614035087719646 45
17.657894736842454 7
17.666666666667016 24
17.74561403508807 39
17.824561403509126 22
17.833333333333687 36
17.90350877193018 50
17.929824561403866 42
17.964912280702112 0
18.11403508771966 29
18.15789473684247 17
18.15789473684247 17
18.16666666666703 6
18.16666666666703 20
18.21052631578984 47
18.228070175438962 16
18.27192982456177 35
18.359649122807387 57
18.38596491228107 7
18.394736842105633 18
18.456140350877565 3
18.456140350877565 58
18.508771929824935 44
18.53508771929862 24
18.605263157895113 15
18.631578947368798 36
18.719298245614414 43
18.815789473684593 18
18.868421052631962 1
18.894736842105647 25
18.921052631579332 6
18.929824561403894 11
18.95614035087758 17
18.95614035087758 17
18.982456140351264 14
18.991228070175826 9
19.01754385964951 26
19.043859649123196 4
19.11403508771969 7
19.157894736842497 10
19.17543859649162 59
19.289473684210922 8
19.403508771930223 24
19.42982456140391 36
19.54385964912321 41
19.55263157894777 42
19.675438596491635 6
19.75438596491269 17
19.798245614035498 18
19.798245614035498 44
19.842105263158306 7
19.877192982456553 27
19.894736842105676 11
19.894736842105676 18
19.9122807017548 15
19.956140350877607 3
20.01754385964954 47
20.061403508772347 2
20.061403508772347 5
20.07894736842147 28
20.096491228070594 31
20.22807017543902 25
20.22807017543902 36
20.254385964912704 37
20.271929824561827 24
20.298245614035512 54
20.315789473684635 39
20.40350877193025 48
20.421052631579375 44
20.429824561403937 5
20.429824561403937 6
20.535087719298676 1
20.535087719298676 11
20.5526315789478 17
20.570175438596923 7
20.65789473684254 23
20.684210526316225 20
20.86842105263202 57
20.885964912281143 9
21.02631578947413 36
21.122807017544307 4
21.14035087719343 11
21.14035087719343 24
21.18421052631624 6
21.219298245614485 15
21.219298245614485 16
21.29824561403554 7
21.29824561403554 53
21.35087719298291 17
21.45614035087765 3
21.482456140351335 43
21.56140350877239 25
21.57017543859695 5
21.596491228070636 45
21.657894736842568 11
21.72807017543906 50
21.798245614035554 5
21.798245614035554 47
21.82456140350924 36
21.93859649122854 6
22.008771929825034 24
22.026315789474157 22
22.03508771929872 7
22.105263157895212 34
22.114035087719774 33
22.14035087719346 59
22.14912280701802 17
22.175438596491706 0
22.30701754386013 18
22.368421052632062 1
22.52631578947417 15
22.57894736842154 18
22.596491228070665 8
22.605263157895227 14
22.62280701754435 36
22.63157894736891 40
22.692982456140843 6
22.763157894737336 7
22.78070175438646 9
22.78947368421102 42
22.868421052632076 11
22.877192982456638 24
22.89473684210576 25
22.94736842105313 17
22.956140350877693 3
23.09649122807068 11
23.114035087719802 39
23.15789473684261 20
23.15789473684261 44
23.184210526316296 27
23.20175438596542 4
23.219298245614542 43
23.350877192982967 48
23.350877192982967 58
23.4122807017549 11
23.42105263157946 36
23.447368421053145 6
23.491228070175953 7
23.57894736842157 47
23.596491228070693 2
23.6403508771935 41
23.69298245614087 1
23.719298245614556 11
23.74561403508824 17
23.74561403508824 24
23.763157894737365 57
23.78947368421105 29
23.79824561403561 10
23.833333333333858 15
23.885964912281228 44
23.912280701754913 11
23.938596491228598 42
24.00877192982509 59
24.10526315789527 35
24.201754385965447 6
24.21052631579001 16
24.21929824561457 7
24.21929824561457 36
24.228070175439132 25
24.27192982456194 50
24.438596491228612 26
24.447368421053174 11
24.447368421053174 44
24.456140350877735 3
24.543859649123352 17
24.5789473684216 23
24.614035087719845 24
24.675438596491777 9
24.8070175438602 18
24.95614035087775 6
24.95614035087775 7
25.01754385964968 36
25.052631578947928 28
25.052631578947928 31
25.087719298246174 42
25.105263157895298 11
25.105263157895298 43
25.140350877193544 0
25.140350877193544 15
25.22807017543916 37
25.28070175438653 4
25.289473684211092 5
25.342105263158462 17
25.350877192983024 47
25.368421052632147 29
25.421052631579517 1
25.43859649122864 59
25.48245614035145 24
25.561403508772504 25
25.684210526316367 7
25.69298245614093 5
25.71052631579005 6
25.71052631579005 44
25.81578947368479 36
25.833333333333915 48
25.894736842105846 11
25.956140350877778 3
26.061403508772518 54
26.07017543859708 27
26.07894736842164 44
26.105263157895326 39
26.140350877193573 17
26.140350877193573 18
26.192982456140943 20
26.23684210526375 42
26.245614035088312 14
26.245614035088312 22
26.254385964912874 45
26.298245614035682 34
26.350877192983052 24
26.412280701754984 7
26.44736842105323 15
26.464912280702354 6
26.578947368421655 9
26.60526315789534 29
26.614035087719902 36
26.666666666667272 5
26.71929824561464 18
26.894736842105875 25
26.912280701754998 40
26.938596491228683 17
27.03508771929886 43
27.114035087719916 5
27.13157894736904 2
27.13157894736904 47
27.1403508771936 7
27.201754385965533 16
27.210526315790094 33
27.219298245614656 6
27.219298245614656 24
27.23684210526378 5
27.263157894737464 11
27.324561403509396 18
27.34210526315852 41
27.359649122807642 4
27.385964912281327 42
27.412280701755012 36
27.429824561404136 59
27.45614035087782 3
27.552631578948 50
27.578947368421684 5
27.728070175439232 1
27.736842105263793 17
27.754385964912917 15
27.76315789473748 53
27.82456140350941 57
27.87719298245678 7
27.92982456140415 0
27.973684210526958 6
28.017543859649766 10
28.08771929824626 24
28.210526315790123 36
28.228070175439246 25
28.377192982456794 29
28.394736842105917 8
28.473684210526972 9
28.482456140351534 23
28.535087719298904 17
28.535087719298904 42
28.596491228070835 39
28.596491228070835 43
28.605263157895397 7
28.66666666666733 31
28.72807017543926 6
28.745614035088384 59
28.763157894737507 18
28.912280701755055 47
28.956140350877863 3
28.956140350877863 24
28.964912280702425 48
28.982456140351548 20
29.00000000000067 35
29.008771929825233 36
29.061403508772603 15
29.114035087719973 18
29.166666666667343 11
29.245614035088398 58
29.333333333334014 7
29.333333333334014 17
29.342105263158576 1
29.36842105263226 26
29.438596491228754 4
29.482456140351562 6
29.543859649123494 18
29.561403508772617 25
29.57894736842174 5
29.640350877193672 11
29.68421052631648 42
29.78947368421122 29
29.807017543860344 36
29.824561403509467 24
29.868421052632275 14
29.868421052632275 18
29.89473684210596 50
29.89473684210596 50
30.026315789474385 28
30.043859649123508 43
30.06140350877263 7
30.10526315789544 59
30.131578947369125 17
30.15789473684281 27
30.192982456141056 16
30.201754385965618 37
30.201754385965618 44
30.236842105263865 6
30.32456140350948 45
30.36842105263229 9
30.36842105263229 15
30.447368421053344 22
30.456140350877906 3
30.47368421052703 54
30.491228070176152 34
30.58771929824633 57
30.605263157895454 36
30.666666666667385 2
30.69298245614107 24
30.69298245614107 47
30.79824561403581 7
30.833333333334057 42
30.859649122807742 8
30.89473684210599 25
30.929824561404235 17
30.991228070176167 6
31.105263157895468 0
31.1666666666674 5
31.263157894737578 5
31.298245614035825 11
31.403508771930564 36
31.43859649122881 29
31.456140350877934 1
31.517543859649866 4
31.526315789474427 7
31.552631578948112 40
31.561403508772674 24
31.675438596491976 15
31.728070175439345 17
31.74561403508847 6
31.75438596491303 11
31.780701754386715 53
31.815789473684962 41
31.95614035087795 3
31.982456140351633 42
32.05263157894812 18
32.15789473684286 11
32.166666666667425 31
32.20175438596567 36
32.20175438596567 59
32.228070175439356 25
32.23684210526392 50
32.25438596491304 7
32.2631578947376 18
32.271929824562164 9
32.280701754386726 44
32.30701754386041 43
32.333333333334096 10
32.35087719298322 23
32.429824561404274 24
32.491228070176206 47
32.50000000000077 6
32.52631578947445 17
32.61403508772007 48
32.701754385965685 39
32.81578947368499 18
32.87719298245692 5
32.87719298245692 20
32.912280701755165 29
32.98245614035166 15
32.99122807017622 7
33.00000000000078 36
33.131578947369206 42
33.16666666666745 8
33.184210526316576 16
33.19298245614114 1
33.19298245614114 44
33.25438596491307 6
33.29824561403588 24
33.32456140350956 17
33.41228070175518 33
33.45614035087799 3
33.46491228070255 18
33.491228070176234 14
33.51754385964992 44
33.552631578948166 11
33.56140350877273 25
33.596491228070974 4
33.657894736842906 59
33.71929824561484 7
33.73684210526396 58
33.763157894737645 18
33.79824561403589 36
33.88596491228151 0
33.89473684210607 41
34.00877192982537 6
34.08771929824643 43
34.09649122807099 44
34.12280701754467 11
34.12280701754467 17
34.16666666666748 9
34.16666666666748 24
34.20175438596573 2
34.245614035088536 27
34.27192982456222 47
34.28070175438678 42
34.289473684211345 15
34.447368421053454 7
34.49122807017626 35
34.54385964912363 1
34.552631578948194 29
34.596491228071 36
34.64912280701837 22
34.68421052631662 18
34.68421052631662 34
34.763157894737674 6
34.78947368421136 50
34.88596491228154 57
34.8947368421061 25
34.921052631579784 17
34.95614035087803 3
35.00000000000084 28
35.035087719299085 24
35.17543859649207 7
35.17543859649207 37
35.28070175438681 54
35.39473684210611 36
35.42982456140436 42
35.517543859649976 6
35.59649122807103 15
35.59649122807103 43
35.614035087720154 45
35.666666666667524 39
35.675438596492086 4
35.675438596492086 8
35.719298245614894 17
35.73684210526402 18
35.74561403508858 59
35.79824561403595 31
35.833333333334195 26
35.90350877193069 7
35.90350877193069 24
35.938596491228935 40
35.991228070176305 48
36.00877192982543 11
36.00877192982543 53
36.03508771929911 18
36.05263157894824 47
36.0614035087728 9
36.1754385964921 16
36.19298245614122 36
36.201754385965785 5
36.21929824561491 23
36.22807017543947 25
36.27192982456228 6
36.35087719298333 1
36.421052631579826 41
36.45614035087807 3
36.50877192982544 17
36.578947368421936 42
36.631578947369306 7
36.684210526316676 29
36.77192982456229 24
36.82456140350966 18
36.85087719298335 5
36.90350877193072 15
36.991228070176334 36
37.00877192982546 0
37.02631578947458 6
37.052631578948265 43
37.105263157895635 58
37.1140350877202 14
37.13157894736932 50
37.14912280701844 59
37.17543859649213 18
37.24561403508862 20
37.263157894737745 11
37.28947368421143 18
37.29824561403599 17
37.35964912280792 7
37.35964912280792 10
37.44736842105354 27
37.46491228070266 1
37.526315789474594 11
37.56140350877284 25
37.640350877193896 24
37.72807017543951 42
37.736842105264074 2
37.7543859649132 4
37.78070175438688 6
37.789473684211444 36
37.83333333333425 47
37.956140350878115 3
37.96491228070268 9
38.03508771929917 48
38.052631578948294 44
38.052631578948294 57
38.08771929824654 7
38.0964912280711 17
38.12280701754479 11
38.14035087719391 39
38.14912280701847 59
38.2105263157904 15
38.28947368421146 18
38.5087719298255 24
38.535087719299185 6
38.535087719299185 11
38.587719298246554 36
38.68421052631673 33
38.81578947368516 7
38.84210526315884 29
38.850877192983404 22
38.87719298245709 34
38.87719298245709 42
38.89473684210621 17
38.89473684210621 25
38.903508771930774 8
39.017543859650075 5
39.0350877192992 41
39.10526315789569 45
39.16666666666762 16
39.18421052631675 43
39.228070175439555 11
39.28947368421149 6
39.3771929824571 24
39.385964912281665 36
39.42105263157991 44
39.45614035087816 3
39.47368421052728 50
39.51754385965009 15
39.543859649123775 7
39.61403508772027 47
39.66666666666764 1
39.69298245614132 17
39.701754385965884 31
39.754385964913254 18
39.815789473685186 35
39.83333333333431 4
39.859649122807994 9
39.99122807017642 11
40.00877192982554 28
40.026315789474666 42
40.04385964912379 6
40.0877192982466 23
40.0877192982466 27
40.14912280701853 37
40.184210526316775 36
40.21929824561502 11
40.22807017543958 25
40.24561403508871 24
40.27192982456239 7
40.28070175438695 20
40.289473684211515 18
40.30701754386064 48
40.4298245614045 11
40.43859649122906 40
40.49122807017643 17
40.561403508772926 26
40.62280701754486 53
40.63157894736942 11
40.73684210526416 14
40.79824561403609 6
40.824561403509776 15
40.83333333333434 11
40.90350877193083 29
40.90350877193083 54
40.921052631579954 43
40.9561403508782 3
40.982456140351886 36
41.00877192982557 7
41.026315789474694 59
41.035087719299256 11
41.09649122807119 18
41.11403508772031 24
41.11403508772031 57
41.17543859649224 42
41.20175438596593 10
41.21052631579049 41
41.236842105264174 11
41.27192982456242 2
41.28947368421154 17
41.39473684210628 47
41.42982456140453 11
41.43859649122909 44
41.55263157894839 6
41.561403508772955 8
41.561403508772955 25
41.622807017544886 11
41.73684210526419 7
41.75438596491331 9
41.75438596491331 39
41.780701754386996 36
41.81578947368524 11
41.81578947368524 50
41.91228070175542 4
41.982456140351914 24
41.991228070176476 18
42.0087719298256 11
42.02631578947472 44
42.07894736842209 17
42.13157894736946 15
42.15789473684315 16
42.201754385965955 11
42.245614035088764 58
42.26315789473789 0
42.27192982456245 18
42.307017543860695 6
42.32456140350982 42
42.39473684210631 11
42.45614035087824 3
42.464912280702805 7
42.49122807017649 44
42.57894736842211 36
42.58771929824667 11
42.622807017544915 29
42.780701754387024 11
42.780701754387024 27
42.85087719298352 24
42.85964912280808 45
42.8771929824572 17
42.894736842106326 25
42.92982456140457 44
42.97368421052738 11
43.052631578948436 22
43.061403508773 6
43.07017543859756 34
43.157894736843176 1
43.16666666666774 11
43.16666666666774 48
43.1754385964923 47
43.18421052631686 59
43.19298245614142 7
43.33333333333441 20
43.359649122808094 11
43.37719298245722 36
43.43859649122915 15
43.473684210527395 42
43.473684210527395 43
43.54385964912389 18
43.55263157894845 11
43.55263157894845 31
43.56140350877301 41
43.65789473684319 9
43.67543859649231 17
43.684210526316875 5
43.71929824561512 24
43.745614035088806 11
43.8157894736853 6
43.92105263158004 7
43.93859649122916 11
43.956140350878286 3
43.956140350878286 23
43.99122807017653 4
44.052631578948464 18
44.07894736842215 29
44.114035087720396 44
44.13157894736952 11
44.17543859649233 36
44.2280701754397 25
44.2280701754397 25
44.324561403509875 8
44.324561403509875 11
44.35964912280812 14
44.429824561404615 33
44.47368421052742 17
44.47368421052742 57
44.51754385965023 11
44.5701754385976 6
44.587719298246725 24
44.587719298246725 35
44.61403508772041 0
44.62280701754497 42
44.62280701754497 50
44.64912280701866 7
44.71052631579059 11
44.745614035088835 15
44.754385964913396 39
44.77192982456252 1
44.807017543860766 2
44.903508771930944 11
44.92105263158007 5
44.92105263158007 43
44.956140350878314 47
44.97368421052744 36
44.982456140352 28
45.04385964912393 10
45.0964912280713 11
45.122807017544986 37
45.14912280701867 16
45.271929824562534 17
45.28947368421166 11
45.324561403509904 6
45.35964912280815 59
45.377192982457274 7
45.45614035087833 3
45.45614035087833 24
45.482456140352014 11
45.5087719298257 54
45.55263157894851 9
45.56140350877307 25
45.65789473684325 41
45.67543859649237 11
45.68421052631693 18
45.77192982456255 36
45.77192982456255 42
45.79824561403623 18
45.83333333333448 53
45.859649122808165 29
45.868421052632726 11
45.90350877193097 48
45.93859649122922 58
46.00000000000115 44
46.05263157894852 15
46.06140350877308 11
46.070175438597644 4
46.070175438597644 17
46.078947368422206 6
46.10526315789589 7
46.10526315789589 7
46.25438596491344 11
46.32456140350993 24
46.447368421053795 11
46.447368421053795 43
46.46491228070292 8
46.48245614035204 27
46.543859649123974 59
46.57017543859766 36
46.64035087719415 11
46.69298245614152 40
46.73684210526433 47
46.80701754386082 44
46.83333333333451 6
46.83333333333451 7
46.83333333333451 11
46.868421052632755 17
46.89473684210644 25
46.921052631580125 42
46.95614035087837 3
46.95614035087837 29
47.026315789474864 11
47.14912280701873 26
47.192982456141536 24
47.21929824561522 11
47.25438596491347 22
47.26315789473803 34
47.27192982456259 0
47.30701754386084 44
47.35964912280821 15
47.36842105263277 36
47.41228070175558 11
47.43859649122926 18
47.447368421053824 9
47.561403508773125 7
47.58771929824681 6
47.60526315789593 11
47.666666666667865 17
47.75438596491348 18
47.79824561403629 11
47.85964912280822 23
47.86842105263278 18
47.982456140352085 14
47.991228070176646 11
48.00000000000121 45
48.043859649124016 20
48.05263157894858 59
48.06140350877314 24
48.07894736842226 18
48.07894736842226 43
48.087719298246824 42
48.140350877194194 16
48.149122807018756 4
48.149122807018756 39
48.149122807018756 50
48.16666666666788 36
48.184210526317 11
48.201754385966126 5
48.21052631579069 41
48.21929824561525 44
48.22807017543981 25
48.28947368421174 7
48.34210526315911 2
48.34210526315911 6
48.37719298245736 11
48.456140350878414 3
48.464912280702976 17
48.517543859650345 47
48.570175438597715 11
48.66666666666789 15
48.74561403508895 31
48.76315789473807 11
48.80701754386088 5
48.885964912281935 10
48.92982456140474 24
48.95614035087843 11
48.96491228070299 36
49.01754385965036 7
49.02631578947492 33
49.096491228071415 6
49.11403508772054 18
49.149122807018784 11
49.2368421052644 42
49.263157894738086 17
49.33333333333458 8
49.34210526315914 9
49.34210526315914 11
49.43859649122932 48
49.517543859650374 18
49.5350877192995 11
49.56140350877318 25
49.578947368422305 27
49.6491228070188 59
49.72807017543985 11
49.74561403508898 7
49.7631578947381 36
49.79824561403635 24
49.85087719298372 6
49.86842105263284 5
49.92105263158021 11
49.95614035087846 3
49.95614035087846 28
49.97368421052758 15
50.01754385965039 53
50.061403508773196 17
50.08771929824688 35
50.09649122807144 37
50.105263157896005 29
50.114035087720566 11
50.22807017543987 4
50.23684210526443 1
50.29824561403636 47
50.30701754386092 11
50.38596491228198 42
50.46491228070303 5
50.473684210527594 7
50.50000000000128 11
50.55263157894865 5
50.56140350877321 36
50.60526315789602 6
50.66666666666795 24
50.66666666666795 58
50.692982456141635 11
50.798245614036375 54
50.80701754386094 5
50.850877192983745 44
50.85964912280831 17
50.88596491228199 11
50.89473684210655 25
51.05263157894866 50
51.07894736842235 11
51.114035087720595 43
51.13157894736972 16
51.166666666667965 18
51.20175438596621 7
51.23684210526446 9
51.25438596491358 39
51.271929824562704 11
51.280701754387266 15
51.35964912280832 6
51.35964912280832 36
51.41228070175569 45
51.42105263158025 20
51.44736842105394 0
51.4561403508785 3
51.4561403508785 22
51.4561403508785 34
51.46491228070306 11
51.51754385965043 18
51.535087719299554 24
51.535087719299554 42
51.535087719299554 57
51.60526315789605 14
51.65789473684342 11
51.65789473684342 17
51.67543859649254 59
51.72807017543991 1
51.72807017543991 23
51.745614035089034 48
51.76315789473816 8
51.85087719298377 11
51.87719298245746 2
51.92982456140483 7
52.04385964912413 11
52.070175438597815 41
52.07894736842238 47
52.11403508772062 6
52.15789473684343 36
52.2105263157908 40
52.228070175439925 25
52.236842105264486 11
52.30701754386098 4
52.31578947368554 29
52.40350877193116 24
52.42982456140484 11
52.45614035087853 17
52.58771929824695 15
52.6228070175452 11
52.657894736843446 7
52.68421052631713 42
52.72807017543994 10
52.815789473685555 11
52.868421052632925 6
52.921052631580295 43
52.94736842105398 5
52.95614035087854 3
52.95614035087854 36
52.98245614035223 26
53.00877192982591 11
53.08771929824697 59
53.131578947369775 9
53.17543859649258 31
53.20175438596627 11
53.25438596491364 17
53.25438596491364 27
53.27192982456276 24
53.38596491228206 7
53.394736842106624 11
53.394736842106624 18
53.394736842106624 50
53.508771929825926 1
53.54385964912417 33
53.561403508773296 25
53.58771929824698 11
53.62280701754523 6
53.75438596491365 36
53.78070175438734 11
53.78070175438734 53
53.83333333333471 42
53.877192982457515 47
53.89473684210664 15
53.97368421052769 11
54.035087719299625 48
54.05263157894875 17
54.12280701754524 7
54.12280701754524 16
54.140350877194365 24
54.16666666666805 11
54.18421052631717 0
54.192982456141735 18
54.2017543859663 59
54.21052631579086 8
54.254385964913666 29
54.34210526315928 57
54.359649122808406 11
54.36842105263297 5
54.37719298245753 6
54.38596491228209 4
54.44736842105402 43
54.456140350878584 3
54.55263157894876 11
54.55263157894876 36
54.57894736842245 18
54.60526315789613 39
54.64912280701894 1
54.70175438596631 44
54.74561403508912 11
54.85087719298386 7
54.85087719298386 17
54.89473684210667 25
54.929824561404914 28
54.938596491229475 11
54.938596491229475 20
54.9561403508786 18
54.97368421052772 58
54.982456140352284 42
55.00877192982597 24
55.02631578947509 9
55.0701754385979 37
55.10526315789615 41
55.13157894736983 6
55.13157894736983 11
55.14035087719439 5
55.201754385966325 15
55.201754385966325 45
55.22807017544001 14
55.28070175438738 18
55.32456140351019 11
55.35087719298387 36
55.37719298245756 59
55.412280701755805 2
55.412280701755805 29
55.464912280703174 5
55.4824561403523 54
55.517543859650544 11
55.578947368422476 7
55.5964912280716 23
55.64912280701897 17
55.64912280701897 34
55.65789473684353 22
55.65789473684353 47
55.66666666666809 1
55.7105263157909 11
55.736842105264586 50
55.81578947368564 18
55.842105263159326 5
55.87719298245757 24
55.885964912282134 6
55.90350877193126 11
55.95614035087863 3
56.008771929826 43
56.052631578948805 44
56.09649122807161 11
56.13157894736986 42
56.14912280701898 36
56.20175438596635 35
56.22807017544004 25
56.22807017544004 25
56.24561403508916 27
56.28947368421197 11
56.30701754386109 7
56.44736842105408 17
56.4649122807032 4
56.482456140352326 11
56.50877192982601 15
56.535087719299696 5
56.57017543859794 10
56.587719298247066 8
56.640350877194436 6
56.67543859649268 0
56.67543859649268 11
56.67543859649268 11
56.684210526317244 31
56.745614035089176 24
56.82456140351023 40
56.86842105263304 11
56.92105263158041 9
56.947368421054094 36
57.03508771929971 7
57.061403508773395 11
57.07894736842252 48
57.114035087720765 16
57.18421052631726 29
57.219298245615505 59
57.24561403508919 17
57.25438596491375 11
57.25438596491375 11
57.26315789473831 39
57.28070175438744 42
57.35964912280849 5
57.39473684210674 6
57.429824561404985 43
57.438596491229546 47
57.44736842105411 11
57.45614035087867 3
57.56140350877341 25
57.61403508772078 24
57.640350877194464 11
57.745614035089204 36
57.76315789473833 7
57.8157894736857 15
57.83333333333482 11
57.956140350878684 44
58.02631578947518 11
58.0438596491243 17
58.0438596491243 57
58.07894736842255 50
58.14912280701904 6
58.19298245614185 29
58.21929824561553 11
58.21929824561553 20
58.41228070175589 11
58.42982456140501 42
58.47368421052782 59
58.48245614035238 24
58.491228070176945 7
58.543859649124315 4
58.543859649124315 36
58.605263157896246 11
58.657894736843616 45
58.73684210526467 44
58.7982456140366 11
58.82456140351029 9
58.84210526315941 8
58.84210526315941 17
58.85087719298397 14
58.88596491228222 33
58.89473684210678 25
58.90350877193134 6
58.94736842105415 2
58.95614035087871 3
58.99122807017696 11
59.00000000000152 58
59.070175438598014 26
59.10526315789626 27
59.122807017545384 15
59.184210526317315 11
59.21929824561556 7
59.21929824561556 47
59.24561403508925 44
59.26315789473837 29
59.342105263159425 36
59.35087719298399 24
59.37719298245767 11
59.4385964912296 5
59.46491228070329 23
59.57017543859803 11
59.57017543859803 59
59.57894736842259 42
59.64035087719452 17
59.657894736843645 6
59.763157894738384 11
59.824561403510316 18
59.84210526315944 34
59.84210526315944 41
59.85964912280856 22
59.90350877193137 28
59.94736842105418 7
59.95614035087874 11
59.9649122807033 39
