0.0 32
0.02631578947368421 17
0.03508771929824561 58
0.043859649122807015 11
0.05263157894736842 1
0.09649122807017543 10
0.10526315789473684 50
0.14035087719298245 26
0.280701754385965 43
0.28947368421052644 20
0.3070175438596493 42
0.31578947368421073 59
0.3684210526315793 22
0.3859649122807022 23
0.41228070175438647 24
0.4210526315789479 14
0.42982456140350933 48
0.4561403508771936 15
0.4561403508771936 16
0.5087719298245622 25
0.5087719298245622 47
0.5263157894736851 38
0.5964912280701765 28
0.666666666666668 7
0.6754385964912294 6
0.6842105263157908 11
0.7807017543859666 18
0.789473684210528 53
0.8070175438596509 4
0.8859649122807037 34
0.9035087719298266 29
0.912280701754388 54
0.9473684210526337 11
0.9824561403508795 0
1.0614035087719322 17
1.1491228070175465 2
1.157894736842108 3
1.157894736842108 44
1.2017543859649151 36
1.2017543859649151 37
1.280701754385968 24
1.3333333333333366 12
1.3508771929824595 41
1.403508771929828 6
1.464912280701758 7
1.482456140350881 11
1.482456140350881 42
1.5175438596491266 45
1.543859649122811 56
1.6140350877193024 40
1.6228070175438638 57
1.6403508771929867 31
1.6578947368421095 18
1.6754385964912324 44
1.7192982456140395 30
1.7719298245614081 15
1.9210526315789525 5
1.9561403508771982 29
2.0964912280701786 36
2.1315789473684235 6
2.149122807017546 24
2.2631578947368416 7
2.3070175438596476 18
2.3333333333333313 59
2.3421052631578925 47
2.4385964912280658 43
2.4999999999999942 1
2.4999999999999942 3
2.5526315789473615 5
2.666666666666657 44
2.8157894736841977 48
2.859649122807004 6
2.8947368421052486 42
2.956140350877177 50
2.991228070175422 36
3.0175438596491055 24
3.0263157894736668 27
3.0614035087719116 7
3.078947368421034 15
3.2192982456140133 17
3.368421052631554 16
3.4035087719297987 0
3.4035087719297987 41
3.41228070175436 59
3.421052631578921 18
3.464912280701727 12
3.543859649122778 18
3.587719298245584 6
3.622807017543829 25
3.7719298245613695 4
3.842105263157859 3
3.8508771929824204 7
3.877192982456104 5
3.885964912280665 24
3.885964912280665 36
3.9298245614034713 29
4.017543859649084 20
4.017543859649084 30
4.105263157894701 14
4.157894736842071 57
4.175438596491194 47
4.184210526315756 58
4.307017543859619 43
4.31578947368418 6
4.350877192982427 23
4.36842105263155 59
4.385964912280674 15
4.385964912280674 42
4.535087719298222 11
4.552631578947345 18
4.614035087719277 22
4.640350877192962 7
4.68421052631577 2
4.728070175438578 26
4.754385964912263 24
4.771929824561386 32
4.780701754385948 36
4.815789473684195 45
4.859649122807003 53
4.947368421052619 48
4.964912280701743 12
5.043859649122798 6
5.184210526315784 3
5.359649122807017 56
5.368421052631579 5
5.37719298245614 31
5.403508771929825 34
5.42982456140351 7
5.517543859649127 1
5.517543859649127 29
5.58771929824562 44
5.622807017543867 24
5.64035087719299 28
5.649122807017552 17
5.675438596491237 36
5.69298245614036 15
5.763157894736853 5
5.771929824561415 6
5.771929824561415 54
5.85087719298247 4
5.885964912280716 38
5.894736842105278 43
5.973684210526333 0
5.991228070175456 18
6.008771929824579 47
6.035087719298264 42
6.052631578947388 49
6.061403508771949 50
6.175438596491251 37
6.219298245614059 7
6.271929824561429 12
6.271929824561429 27
6.280701754385991 16
6.307017543859676 30
6.315789473684237 18
6.3596491228070455 5
6.377192982456169 20
6.3859649122807305 40
6.49122807017547 24
6.500000000000032 6
6.526315789473717 3
6.570175438596525 36
6.64912280701758 59
6.877192982456183 1
7.000000000000046 15
7.008771929824608 7
7.184210526315841 57
7.228070175438649 6
7.359649122807074 24
7.464912280701814 36
7.543859649122869 18
7.55263157894743 5
7.578947368421115 17
7.65789473684217 5
7.6754385964912935 11
7.692982456140417 41
7.754385964912348 14
7.798245614035157 7
7.81578947368428 58
7.86842105263165 3
7.86842105263165 47
7.8771929824562115 11
7.929824561403581 4
7.956140350877266 6
8.035087719298321 44
8.061403508772006 8
8.1315789473685 29
8.166666666666746 42
8.219298245614116 2
8.228070175438678 24
8.254385964912363 45
8.29824561403517 12
8.307017543859732 15
8.359649122807102 36
8.377192982456226 50
8.421052631579034 25
8.45614035087728 59
8.578947368421144 17
8.587719298245705 7
8.587719298245705 18
8.587719298245705 30
8.684210526315884 6
8.728070175438692 20
8.728070175438692 27
8.736842105263253 43
8.798245614035185 18
8.868421052631678 22
9.096491228070281 24
9.19298245614046 16
9.210526315789583 3
9.254385964912391 36
9.324561403508884 44
9.333333333333446 29
9.35964912280713 26
9.377192982456254 7
9.394736842105377 5
9.4122807017545 6
9.4122807017545 18
9.46491228070187 23
9.473684210526432 0
9.491228070175556 11
9.578947368421172 12
9.614035087719419 15
9.684210526315912 42
9.719298245614159 47
9.736842105263282 18
9.842105263158022 31
9.859649122807145 32
9.88596491228083 1
9.912280701754515 41
9.964912280701885 24
9.982456140351008 17
10.008771929824693 25
10.017543859649255 4
10.140350877193118 6
10.14912280701768 36
10.157894736842241 57
10.166666666666803 7
10.25438596491242 56
10.315789473684351 43
10.429824561403652 34
10.482456140351022 54
10.552631578947516 3
10.68421052631594 28
10.710526315789625 48
10.719298245614187 12
10.807017543859804 50
10.833333333333488 24
10.833333333333488 59
10.84210526315805 8
10.868421052631735 6
10.885964912280858 39
10.89473684210542 17
10.89473684210542 30
10.921052631579105 15
10.956140350877352 7
11.043859649122968 29
11.043859649122968 36
11.131578947368585 20
11.140350877193146 18
11.149122807017708 37
11.21052631578964 38
11.26315789473701 1
11.271929824561571 27
11.289473684210694 18
11.342105263158064 25
11.394736842105434 14
11.508771929824736 45
11.517543859649297 58
11.53508771929842 47
11.596491228070352 6
11.649122807017722 40
11.701754385965092 24
11.7456140350879 7
11.7456140350879 42
11.754385964912462 2
11.754385964912462 2
11.894736842105448 3
11.938596491228257 36
11.95614035087738 43
11.964912280701942 11
12.043859649122997 18
12.096491228070366 4
12.105263157894928 16
12.157894736842298 59
12.228070175438791 15
12.32456140350897 6
12.342105263158093 18
12.359649122807216 0
12.394736842105463 53
12.412280701754586 12
12.456140350877394 11
12.53508771929845 7
12.54385964912301 41
12.570175438596696 24
12.59649122807038 18
12.675438596491436 29
12.780701754386175 48
12.833333333333545 36
12.885964912280915 44
13.026315789473902 17
13.035087719298463 8
13.052631578947587 6
13.052631578947587 42
13.061403508772148 25
13.114035087719518 22
13.166666666666888 30
13.166666666666888 50
13.236842105263381 3
13.324561403508998 7
13.359649122807244 5
13.359649122807244 23
13.359649122807244 47
13.4385964912283 24
13.500000000000231 20
13.535087719298478 15
13.5526315789476 31
13.570175438596724 1
13.570175438596724 59
13.728070175438834 36
13.780701754386204 6
13.842105263158135 29
13.929824561403752 39
14.017543859649368 43
14.061403508772177 12
14.0789473684213 27
14.114035087719547 7
14.175438596491478 4
14.175438596491478 44
14.28947368421078 17
14.307017543859903 24
14.350877192982711 18
14.39473684210552 25
14.508771929824821 6
14.578947368421314 3
14.596491228070438 18
14.61403508771956 5
14.622807017544122 36
14.657894736842369 26
14.710526315789739 34
14.754385964912547 54
14.842105263158164 15
14.859649122807287 44
14.903508771930095 7
14.912280701754657 59
14.938596491228342 32
14.938596491228342 57
15.008771929824835 10
15.017543859649397 16
15.026315789473959 56
15.03508771929852 14
15.122807017544137 58
15.14035087719326 8
15.157894736842383 11
15.175438596491507 24
15.184210526316068 0
15.184210526316068 47
15.236842105263438 6
15.289473684210808 2
15.289473684210808 48
15.438596491228356 30
15.517543859649411 36
15.692982456140644 7
15.72807017543889 18
15.72807017543889 25
15.72807017543889 28
15.771929824561699 11
15.815789473684507 41
15.83333333333363 45
15.842105263158192 29
15.859649122807316 42
15.885964912281 12
15.912280701754685 20
15.921052631579247 3
15.964912280702055 6
15.982456140351179 11
16.000000000000302 53
16.04385964912311 24
16.105263157895042 17
16.122807017544165 37
16.122807017544165 38
16.14912280701785 15
16.175438596491535 5
16.175438596491535 18
16.184210526316097 11
16.184210526316097 40
16.20175438596522 9
16.219298245614343 59
16.25438596491259 1
16.25438596491259 4
16.350877192982768 44
16.377192982456453 11
16.403508771930138 43
16.4122807017547 36
16.482456140351193 7
16.500000000000316 50
16.57017543859681 11
16.605263157895056 5
16.692982456140673 6
16.719298245614358 5
16.763157894737166 11
16.912280701754714 24
16.94736842105296 17
16.956140350877522 11
16.964912280702084 27
17.008771929824892 47
17.061403508772262 25
17.15789473684244 11
17.236842105263495 42
17.26315789473718 3
17.27192982456174 7
17.30701754385999 36
17.359649122807358 11
17.359649122807358 22
17.403508771930166 12
17.42105263157929 6
17.456140350877536 15
17.48245614035122 39
17.508771929824906 48
17.552631578947715 11
17.710526315789824 5
17.728070175438948 30
17.74561403508807 11
17.763157894737194 17
17.780701754386318 24
17.815789473684564 18
17.885964912281057 59
17.929824561403866 16
17.938596491228427 11
17.964912280702112 8
18.00000000000036 44
18.026315789474044 9
18.06140350877229 7
18.131578947368784 11
18.140350877193345 0
18.149122807017907 6
18.201754385965277 36
18.254385964912647 20
18.289473684210893 43
18.32456140350914 5
18.32456140350914 11
18.3333333333337 4
18.350877192982825 18
18.394736842105633 25
18.517543859649496 11
18.517543859649496 12
18.552631578947743 42
18.561403508772305 17
18.605263157895113 3
18.64912280701792 24
18.675438596491606 14
18.675438596491606 18
18.684210526316168 1
18.69298245614073 23
18.710526315789853 11
18.763157894737223 15
18.80701754386003 41
18.824561403509154 2
18.824561403509154 47
18.824561403509154 58
18.85087719298284 7
18.877192982456524 5
18.877192982456524 6
18.90350877193021 11
19.00877192982495 34
19.096491228070565 11
19.096491228070565 36
19.11403508771969 32
19.12280701754425 26
19.21929824561443 54
19.289473684210922 11
19.359649122807415 17
19.37719298245654 59
19.39473684210566 57
19.482456140351278 11
19.517543859649525 24
19.570175438596895 27
19.60526315789514 6
19.631578947368826 12
19.640350877193388 7
19.675438596491635 11
19.728070175439004 25
19.86842105263199 9
19.86842105263199 11
19.885964912281114 1
19.947368421053046 3
19.982456140351292 29
19.982456140351292 45
19.991228070175854 36
20.008771929824977 30
20.0263157894741 5
20.0263157894741 50
20.061403508772347 11
20.07017543859691 15
20.114035087719717 39
20.157894736842525 17
20.254385964912704 11
20.33333333333376 6
20.38596491228113 24
20.412280701754813 4
20.412280701754813 31
20.4385964912285 7
20.44736842105306 11
20.596491228070608 20
20.61403508771973 5
20.640350877193416 11
20.649122807017978 47
20.745614035088156 12
20.754385964912718 18
20.76315789473728 28
20.833333333333773 11
20.842105263158334 16
20.885964912281143 36
20.885964912281143 59
20.956140350877636 17
21.008771929825006 53
21.02631578947413 11
21.061403508772376 6
21.061403508772376 25
21.096491228070622 37
21.122807017544307 38
21.149122807017992 5
21.166666666667115 44
21.219298245614485 11
21.219298245614485 48
21.23684210526361 7
21.254385964912732 24
21.28947368421098 3
21.324561403509225 0
21.377192982456595 15
21.41228070175484 11
21.44736842105309 8
21.482456140351335 40
21.596491228070636 22
21.605263157895198 11
21.684210526316253 9
21.754385964912746 17
21.78070175438643 36
21.789473684210993 6
21.798245614035554 11
21.807017543860116 41
21.859649122807486 12
21.88596491228117 10
21.99122807017591 11
22.008771929825034 44
22.026315789474157 7
22.122807017544336 24
22.14035087719346 27
22.175438596491706 18
22.184210526316267 11
22.20175438596539 1
22.280701754386445 30
22.30701754386013 14
22.3596491228075 2
22.377192982456624 11
22.394736842105747 25
22.46491228070224 47
22.491228070175925 4
22.51754385964961 6
22.552631578947857 17
22.57017543859698 11
22.587719298246103 23
22.63157894736891 3
22.67543859649172 36
22.68421052631628 15
22.692982456140843 44
22.73684210526365 42
22.73684210526365 59
22.763157894737336 11
22.815789473684706 7
22.89473684210576 58
22.929824561404008 20
22.956140350877693 11
22.973684210526816 12
22.99122807017594 24
23.008771929825063 57
23.017543859649624 29
23.14912280701805 11
23.236842105263666 45
23.236842105263666 56
23.245614035088227 6
23.342105263158405 11
23.342105263158405 18
23.350877192982967 17
23.482456140351392 9
23.5263157894742 48
23.53508771929876 11
23.543859649123323 8
23.57017543859701 36
23.605263157895255 7
23.62280701754438 54
23.657894736842625 32
23.666666666667187 43
23.710526315789995 18
23.728070175439118 11
23.728070175439118 25
23.73684210526368 5
23.754385964912803 16
23.79824561403561 26
23.79824561403561 59
23.859649122807543 24
23.868421052632105 41
23.90350877193035 1
23.921052631579474 11
23.921052631579474 44
23.973684210526844 3
23.973684210526844 6
23.991228070175968 15
24.087719298246146 12
24.11403508771983 11
24.149122807018077 17
24.280701754386502 47
24.307017543860187 11
24.307017543860187 44
24.350877192982995 42
24.359649122807557 34
24.394736842105804 7
24.456140350877735 31
24.464912280702297 36
24.48245614035142 0
24.500000000000544 11
24.552631578947913 30
24.570175438597037 4
24.5789473684216 27
24.675438596491777 44
24.6929824561409 11
24.70175438596546 6
24.719298245614585 53
24.728070175439147 24
24.885964912281256 11
24.929824561404065 50
24.947368421053188 17
25.00877192982512 5
25.06140350877249 25
25.078947368421613 11
25.087719298246174 43
25.184210526316352 7
25.201754385965476 12
25.263157894737407 20
25.27192982456197 11
25.28070175438653 9
25.298245614035654 15
25.315789473684777 3
25.359649122807586 1
25.359649122807586 36
25.42982456140408 6
25.456140350877764 18
25.464912280702325 11
25.59649122807075 24
25.65789473684268 11
25.71052631579005 42
25.719298245614613 57
25.7456140350883 17
25.798245614035668 28
25.824561403509353 18
25.833333333333915 22
25.850877192983038 11
25.894736842105846 2
25.903508771930408 8
25.91228070175497 10
25.938596491228655 14
25.9736842105269 7
26.008771929825148 38
26.02631578947427 59
26.043859649123394 11
26.07017543859708 37
26.114035087719888 47
26.12280701754445 48
26.157894736842696 6
26.23684210526375 11
26.254385964912874 36
26.315789473684806 12
26.315789473684806 40
26.3859649122813 44
26.39473684210586 25
26.403508771930422 41
26.429824561404107 11
26.456140350877792 49
26.464912280702354 24
26.473684210526915 23
26.54385964912341 17
26.578947368421655 1
26.60526315789534 15
26.622807017544464 11
26.64912280701815 4
26.65789473684271 3
26.666666666667272 16
26.76315789473745 5
26.76315789473745 7
26.81578947368482 11
26.82456140350938 30
26.885964912281313 6
27.008771929825176 11
27.070175438597108 9
27.070175438597108 59
27.149122807018163 36
27.201754385965533 11
27.201754385965533 45
27.228070175439218 58
27.28947368421115 27
27.333333333333957 24
27.34210526315852 17
27.39473684210589 11
27.429824561404136 12
27.552631578948 7
27.587719298246245 11
27.596491228070807 20
27.60526315789537 5
27.61403508771993 6
27.728070175439232 25
27.7807017543866 11
27.7807017543866 11
27.789473684211163 29
27.82456140350941 32
27.850877192983095 1
27.912280701755027 15
27.947368421053273 47
27.973684210526958 11
28.000000000000643 3
28.04385964912345 36
28.14035087719363 17
28.157894736842753 50
28.166666666667314 11
28.166666666667314 48
28.20175438596556 24
28.20175438596556 57
28.342105263158548 6
28.342105263158548 26
28.35087719298311 7
28.35964912280767 11
28.473684210526972 0
28.473684210526972 42
28.51754385964978 54
28.543859649123466 12
28.552631578948027 11
28.710526315790137 31
28.72807017543926 4
28.745614035088384 11
28.77192982456207 44
28.78070175438663 18
28.833333333334 39
28.868421052632247 9
28.88596491228137 34
28.93859649122874 11
28.93859649122874 17
28.93859649122874 36
28.982456140351548 8
29.04385964912348 59
29.061403508772603 25
29.070175438597165 6
29.070175438597165 24
29.09649122807085 30
29.131578947369096 11
29.140350877193658 7
29.175438596491905 41
29.219298245614713 15
29.324561403509453 11
29.342105263158576 3
29.429824561404192 2
29.500000000000686 29
29.51754385964981 11
29.57017543859718 14
29.57894736842174 16
29.649122807018234 18
29.657894736842795 12
29.710526315790165 11
29.72807017543929 17
29.763157894737535 10
29.763157894737535 47
29.798245614035782 6
29.83333333333403 36
29.90350877193052 11
29.912280701755083 43
29.929824561404207 7
29.929824561404207 20
29.93859649122877 24
30.026315789474385 42
30.070175438597193 22
30.096491228070878 11
30.289473684211234 11
30.350877192983166 5
30.350877192983166 23
30.394736842105974 25
30.47368421052703 45
30.48245614035159 11
30.5263157894744 6
30.5263157894744 15
30.5263157894744 17
30.596491228070892 58
30.6403508771937 56
30.657894736842824 9
30.675438596491947 11
30.68421052631651 3
30.719298245614755 7
30.719298245614755 27
30.728070175439317 36
30.771929824562125 12
30.807017543860372 4
30.807017543860372 24
30.833333333334057 28
30.868421052632304 11
30.938596491228797 38
31.043859649123537 37
31.052631578948098 57
31.06140350877266 11
31.078947368421783 1
31.17543859649196 50
31.254385964913016 6
31.254385964913016 11
31.2807017543867 44
31.32456140350951 17
31.32456140350951 48
31.368421052632318 30
31.412280701755126 29
31.412280701755126 39
31.447368421053373 11
31.517543859649866 7
31.578947368421797 47
31.58771929824636 44
31.622807017544606 36
31.64035087719373 11
31.675438596491976 24
31.728070175439345 25
31.833333333334085 11
31.833333333334085 15
31.885964912281455 12
31.885964912281455 12
31.947368421053387 59
31.982456140351633 6
32.02631578947444 3
32.02631578947444 11
32.122807017544616 17
32.122807017544616 40
32.219298245614794 11
32.228070175439356 41
32.2631578947376 20
32.271929824562164 49
32.28947368421129 53
32.31578947368497 7
32.41228070175515 11
32.41228070175515 18
32.45614035087796 5
32.45614035087796 9
32.45614035087796 29
32.47368421052708 0
32.491228070176206 16
32.51754385964989 36
32.543859649123576 24
32.60526315789551 11
32.649122807018315 32
32.71052631579025 6
32.77192982456218 8
32.798245614035864 11
32.88596491228148 4
32.89473684210604 43
32.92105263157973 17
32.94736842105341 1
32.964912280702535 2
32.99122807017622 11
33.00000000000078 12
33.06140350877271 25
33.06140350877271 44
33.10526315789552 7
33.14035087719377 15
33.15789473684289 42
33.16666666666745 5
33.184210526316576 11
33.2017543859657 14
33.2017543859657 27
33.32456140350956 48
33.36842105263237 3
33.37719298245693 11
33.40350877193062 47
33.41228070175518 24
33.41228070175518 36
33.438596491228864 6
33.491228070176234 50
33.57017543859729 11
33.6140350877201 10
33.64035087719378 5
33.649122807018344 30
33.71929824561484 17
33.763157894737645 11
33.77192982456221 44
33.82456140350958 26
33.82456140350958 39
33.89473684210607 7
33.89473684210607 57
33.921052631579755 34
33.93859649122888 29
33.956140350878 11
34.026315789474495 59
34.09649122807099 45
34.11403508772011 12
34.14912280701836 11
34.16666666666748 6
34.22807017543941 44
34.245614035088536 9
34.28070175438678 24
34.30701754386047 36
34.31578947368503 22
34.342105263158714 11
34.350877192983276 23
34.35964912280784 31
34.394736842106084 25
34.447368421053454 15
34.508771929825386 18
34.51754385964995 17
34.53508771929907 11
34.596491228071 20
34.68421052631662 7
34.710526315790304 3
34.72807017543943 11
34.771929824562235 58
34.7807017543868 18
34.8947368421061 6
34.91228070175522 56
34.921052631579784 11
34.96491228070259 4
35.087719298246455 59
35.11403508772014 11
35.14912280701839 24
35.20175438596576 36
35.22807017543944 12
35.22807017543944 47
35.245614035088565 1
35.245614035088565 5
35.307017543860496 11
35.31578947368506 17
35.31578947368506 48
35.403508771930674 16
35.412280701755236 8
35.42982456140436 54
35.47368421052717 7
35.50000000000085 11
35.570175438597346 0
35.622807017544716 6
35.69298245614121 11
35.728070175439456 25
35.75438596491314 15
35.80701754386051 5
35.85087719298332 42
35.86842105263244 50
35.877192982457004 28
35.885964912281565 11
35.929824561404374 30
36.01754385964999 24
36.01754385964999 37
36.03508771929911 9
36.05263157894824 3
36.05263157894824 41
36.07894736842192 11
36.07894736842192 49
36.096491228071045 36
36.11403508772017 17
36.16666666666754 44
36.21052631579035 53
36.263157894737716 7
36.27192982456228 11
36.28070175438684 43
36.34210526315877 12
36.35087719298333 6
36.359649122807895 1
36.421052631579826 57
36.464912280702634 11
36.50000000000088 2
36.65789473684299 11
36.71052631579036 39
36.789473684211416 32
36.833333333334224 14
36.85087719298335 11
36.885964912281594 24
36.91228070175528 17
36.9298245614044 20
36.98245614035177 59
36.991228070176334 36
37.0438596491237 4
37.0438596491237 11
37.0438596491237 47
37.052631578948265 7
37.06140350877283 15
37.06140350877283 25
37.07017543859739 29
37.07894736842195 6
37.17543859649213 5
37.23684210526406 11
37.24561403508862 27
37.263157894737745 48
37.29824561403599 40
37.324561403509676 44
37.39473684210617 3
37.40350877193073 42
37.421052631579855 45
37.429824561404416 11
37.4561403508781 12
37.46491228070266 10
37.51754385965003 8
37.60526315789565 1
37.62280701754477 11
37.71052631579039 17
37.7543859649132 24
37.789473684211444 43
37.80701754386057 6
37.81578947368513 11
37.82456140350969 9
37.842105263158814 7
37.88596491228162 36
38.008771929825485 11
38.02631578947461 59
38.07894736842198 18
38.114035087720225 58
38.13157894736935 5
38.18421052631672 50
38.20175438596584 11
38.22807017543953 38
38.25438596491321 30
38.2807017543869 23
38.31578947368514 16
38.36842105263251 15
38.3947368421062 11
38.3947368421062 25
38.5087719298255 17
38.535087719299185 6
38.55263157894831 22
38.56140350877287 31
38.57017543859743 12
38.587719298246554 11
38.6228070175448 24
38.63157894736936 7
38.66666666666761 26
38.71052631579042 0
38.7368421052641 3
38.77192982456235 41
38.78070175438691 11
38.78070175438691 36
38.859649122807966 47
38.956140350878144 42
38.97368421052727 11
39.0350877192992 57
39.07894736842201 34
39.122807017544815 4
39.16666666666762 11
39.23684210526412 48
39.2631578947378 6
39.2631578947378 18
39.2631578947378 20
39.29824561403605 17
39.29824561403605 49
39.35964912280798 11
39.39473684210623 59
39.42105263157991 7
39.491228070176405 24
39.552631578948336 11
39.62280701754483 9
39.6754385964922 15
39.6754385964922 36
39.6754385964922 54
39.68421052631676 12
39.71929824561501 18
39.72807017543957 25
39.74561403508869 11
39.85087719298343 18
39.868421052632556 44
39.93859649122905 11
39.99122807017642 6
40.03508771929923 2
40.05263157894835 8
40.078947368422035 3
40.09649122807116 17
40.131578947369405 11
40.15789473684309 18
40.19298245614134 1
40.21052631579046 7
40.32456140350976 11
40.342105263158885 53
40.35964912280801 24
40.37719298245713 18
40.45614035087819 27
40.46491228070275 14
40.46491228070275 43
40.47368421052731 42
40.500000000000995 50
40.51754385965012 11
40.52631578947468 30
40.57017543859749 36
40.67543859649223 47
40.710526315790474 11
40.719298245615036 6
40.763157894737844 39
40.79824561403609 12
40.89473684210627 17
40.90350877193083 11
40.91228070175539 28
40.982456140351886 15
40.99122807017645 37
41.00000000000101 7
41.01754385965013 41
41.06140350877294 25
41.078947368422064 32
41.09649122807119 11
41.14912280701856 5
41.20175438596593 4
41.20175438596593 48
41.22807017543961 16
41.22807017543961 24
41.22807017543961 59
41.28947368421154 11
41.31578947368523 10
41.38596491228172 45
41.41228070175541 9
41.42105263157997 3
41.44736842105365 6
41.46491228070278 36
41.4824561403519 11
41.57894736842208 5
41.5964912280712 20
41.63157894736945 0
41.64912280701857 42
41.65789473684313 58
41.675438596492256 11
41.69298245614138 17
41.728070175439626 18
41.78947368421156 7
41.81578947368524 44
41.86842105263261 11
41.91228070175542 12
41.95614035087823 18
41.982456140351914 56
42.0087719298256 43
42.02631578947472 40
42.06140350877297 11
42.096491228071216 24
42.17543859649227 6
42.18421052631683 23
42.192982456141394 5
42.254385964913325 11
42.28947368421157 15
42.359649122808065 36
42.39473684210631 25
42.44736842105368 11
42.47368421052737 8
42.49122807017649 17
42.49122807017649 47
42.50000000000105 49
42.57894736842211 7
42.64035087719404 11
42.728070175439655 57
42.736842105264216 29
42.7631578947379 3
42.789473684211586 22
42.80701754386071 30
42.81578947368527 50
42.82456140350983 42
42.833333333334394 11
42.86842105263264 5
42.90350877193089 6
42.96491228070282 24
43.02631578947475 11
43.02631578947475 12
43.16666666666774 48
43.201754385965984 9
43.21929824561511 11
43.254385964913354 26
43.254385964913354 36
43.28070175438704 4
43.2894736842116 17
43.368421052632655 7
43.41228070175546 11
43.41228070175546 44
43.57017543859757 2
43.59649122807126 15
43.60526315789582 11
43.631578947369505 6
43.64035087719407 41
43.72807017543968 25
43.75438596491337 5
43.798245614036176 11
43.83333333333442 24
43.842105263158984 5
43.86842105263267 34
43.894736842106354 0
43.9298245614046 20
43.99122807017653 11
44.000000000001094 42
44.052631578948464 29
44.08771929824671 17
44.09649122807127 14
44.105263157895834 3
44.14035087719408 12
44.14035087719408 16
44.14912280701864 36
44.157894736843204 7
44.18421052631689 11
44.324561403509875 47
44.35964912280812 6
44.368421052632684 59
44.377192982457245 11
44.41228070175549 31
44.429824561404615 43
44.47368421052742 38
44.5701754385976 11
44.66666666666778 53
44.6842105263169 39
44.70175438596603 24
44.71929824561515 18
44.76315789473796 11
44.88596491228182 17
44.903508771930944 15
44.94736842105375 7
44.956140350878314 11
44.956140350878314 45
45.00000000000112 9
45.04385964912393 36
45.061403508773054 25
45.07894736842218 30
45.08771929824674 6
45.122807017544986 48
45.13157894736955 50
45.14912280701867 11
45.166666666667794 10
45.175438596492356 42
45.25438596491341 12
45.31578947368534 54
45.34210526315903 11
45.35964912280815 4
45.44736842105377 3
45.52631578947482 18
45.53508771929938 11
45.543859649123945 57
45.57017543859763 24
45.60526315789588 59
45.68421052631693 17
45.701754385966055 5
45.72807017543974 11
45.7368421052643 7
45.74561403508886 49
45.815789473685356 6
45.921052631580096 11
45.93859649122922 36
45.95614035087834 28
45.964912280702904 37
46.05263157894852 23
46.11403508772045 11
46.14035087719414 47
46.175438596492384 41
46.21052631579063 15
46.263157894738 20
46.30701754386081 5
46.30701754386081 11
46.35087719298362 42
46.36842105263274 8
46.36842105263274 12
46.394736842106425 5
46.394736842106425 25
46.438596491229234 24
46.48245614035204 17
46.500000000001165 11
46.52631578947485 7
46.543859649123974 6
46.58771929824678 58
46.63157894736959 1
46.69298245614152 11
46.78070175438714 44
46.7894736842117 3
46.7894736842117 9
46.83333333333451 36
46.88596491228188 11
46.96491228070293 0
46.99122807017662 18
47.026315789474864 22
47.05263157894855 16
47.078947368422234 11
47.10526315789592 2
47.140350877194166 48
47.27192982456259 6
47.27192982456259 11
47.28070175438715 17
47.30701754386084 24
47.3157894736854 7
47.350877192983646 30
47.43859649122926 4
47.447368421053824 43
47.447368421053824 50
47.46491228070295 11
47.48245614035207 12
47.51754385965032 15
47.52631578947488 42
47.6578947368433 11
47.68421052631699 32
47.7280701754398 14
47.7280701754398 25
47.7280701754398 36
47.74561403508892 40
47.85087719298366 11
47.91228070175559 27
47.9561403508784 47
47.97368421052752 44
48.00000000000121 6
48.043859649124016 11
48.07894736842226 17
48.10526315789595 7
48.13157894736963 3
48.17543859649244 24
48.184210526317 5
48.23684210526437 11
48.34210526315911 26
48.42982456140473 11
48.561403508773154 29
48.58771929824684 9
48.5964912280714 12
48.5964912280714 20
48.5964912280714 53
48.622807017545085 11
48.622807017545085 36
48.728070175439825 6
48.75438596491351 57
48.81578947368544 11
48.82456140351 15
48.87719298245737 17
48.8947368421065 7
48.8947368421065 18
48.92105263158018 31
48.92105263158018 41
48.947368421053866 49
49.0087719298258 11
49.01754385965036 10
49.043859649124045 24
49.06140350877317 25
49.096491228071415 48
49.157894736843346 45
49.18421052631703 1
49.18421052631703 5
49.201754385966154 11
49.368421052632826 43
49.37719298245739 42
49.38596491228195 5
49.39473684210651 11
49.45614035087844 6
49.473684210527566 3
49.50000000000125 5
49.517543859650374 4
49.517543859650374 36
49.58771929824687 11
49.58771929824687 11
49.59649122807143 8
49.631578947369675 30
49.64035087719424 34
49.64035087719424 44
49.64035087719424 59
49.675438596492484 17
49.684210526317045 7
49.71052631579073 12
49.7631578947381 50
49.78070175438722 11
49.789473684211785 47
49.91228070175565 24
49.92105263158021 23
49.96491228070302 16
49.97368421052758 11
50.02631578947495 38
50.13157894736969 15
50.166666666667936 11
50.18421052631706 6
50.20175438596618 5
50.315789473685484 0
50.35087719298373 1
50.35964912280829 11
50.377192982457416 9
50.39473684210654 25
50.41228070175566 36
50.41228070175566 58
50.429824561404786 18
50.46491228070303 17
50.473684210527594 7
50.49122807017672 27
50.55263157894865 11
50.55263157894865 18
50.55263157894865 42
50.640350877194265 2
50.684210526317074 44
50.745614035089005 11
50.78070175438725 24
50.8157894736855 3
50.82456140351006 12
50.86842105263287 18
50.91228070175568 6
50.92105263158024 59
50.9298245614048 20
50.93859649122936 11
50.93859649122936 37
50.99122807017673 28
51.05263157894866 48
51.13157894736972 11
51.26315789473814 7
51.26315789473814 17
51.26315789473814 22
51.30701754386095 36
51.324561403510074 11
51.35964912280832 14
51.40350877193113 29
51.42105263158025 57
51.438596491229376 15
51.51754385965043 11
51.596491228071486 4
51.62280701754517 47
51.640350877194294 6
51.649122807018855 24
51.701754385966225 18
51.71052631579079 11
51.71929824561535 43
51.72807017543991 25
51.72807017543991 42
51.73684210526447 44
51.77192982456272 41
51.78947368421184 32
51.8684210526329 5
51.90350877193114 11
51.90350877193114 30
51.93859649122939 12
51.95614035087851 40
52.05263157894869 7
52.05263157894869 8
52.06140350877325 17
52.07894736842238 50
52.08771929824694 44
52.0964912280715 11
52.14912280701887 49
52.15789473684343 3
52.15789473684343 54
52.16666666666799 9
52.20175438596624 36
52.289473684211856 11
52.36842105263291 6
52.48245614035221 11
52.51754385965046 24
52.51754385965046 56
52.67543859649257 11
52.701754385966254 0
52.74561403508906 15
52.78947368421187 1
52.82456140351012 31
52.84210526315924 7
52.859649122808364 17
52.859649122808364 17
52.868421052632925 10
52.868421052632925 11
52.87719298245749 16
52.90350877193117 27
52.90350877193117 42
53.00877192982591 48
53.05263157894872 12
53.06140350877328 11
53.06140350877328 25
53.09649122807153 6
53.09649122807153 36
53.25438596491364 11
53.2631578947382 20
53.28070175438732 39
53.31578947368557 53
53.350877192983816 18
53.38596491228206 24
53.43859649122943 47
53.447368421053994 11
53.500000000001364 3
53.63157894736979 7
53.64035087719435 11
53.657894736843474 17
53.657894736843474 18
53.6754385964926 4
53.7894736842119 23
53.824561403510145 6
53.83333333333471 11
53.929824561404885 1
53.93859649122945 57
53.95614035087857 9
53.97368421052769 26
53.99122807017682 36
54.02631578947506 11
54.05263157894875 15
54.16666666666805 12
54.16666666666805 58
54.17543859649261 2
54.17543859649261 30
54.192982456141735 5
54.21929824561542 11
54.23684210526454 18
54.254385964913666 24
54.39473684210665 25
54.39473684210665 50
54.412280701755776 11
54.42105263158034 7
54.456140350878584 17
54.464912280703146 41
54.47368421052771 44
54.55263157894876 6
54.57894736842245 34
54.60526315789613 11
54.675438596492626 42
54.68421052631719 18
54.719298245615434 59
54.79824561403649 11
54.80701754386105 5
54.8421052631593 3
54.85964912280842 8
54.885964912282105 36
54.96491228070316 48
54.991228070176845 11
54.991228070176845 14
55.00877192982597 18
55.01754385965053 0
55.10526315789615 18
55.12280701754527 24
55.12280701754527 38
55.1842105263172 11
55.21052631579089 7
55.254385964913695 17
55.254385964913695 47
55.28070175438738 6
55.28070175438738 12
55.35087719298387 49
55.359649122808435 15
55.37719298245756 11
55.40350877193124 27
55.412280701755805 5
55.43859649122949 45
55.50000000000142 22
55.50877192982598 18
55.570175438597914 11
55.5964912280716 20
55.60526315789616 1
55.728070175440024 25
55.74561403508915 9
55.75438596491371 4
55.76315789473827 11
55.780701754387394 36
55.789473684211956 16
55.85087719298389 42
55.91228070175582 37
55.95614035087863 11
55.991228070176874 24
56.000000000001435 7
56.008771929826 6
56.02631578947512 28
56.052631578948805 17
56.052631578948805 44
56.07017543859793 59
56.14912280701898 11
56.18421052631723 3
56.19298245614179 43
56.34210526315934 11
56.39473684210671 12
56.44736842105408 31
56.45614035087864 30
56.473684210527765 57
56.535087719299696 11
56.54385964912426 29
56.55263157894882 44
56.66666666666812 15
56.67543859649268 36
56.71052631579093 50
56.71929824561549 10
56.72807017544005 11
56.736842105264614 6
56.77192982456286 5
56.789473684211984 7
56.850877192983916 17
56.85964912280848 24
56.92105263158041 11
56.98245614035234 48
57.000000000001464 18
57.008771929826025 32
57.02631578947515 42
57.061403508773395 25
57.08771929824708 47
57.114035087720765 11
57.23684210526463 1
57.30701754386112 11
57.46491228070323 6
57.50000000000148 11
57.50877192982604 12
57.5175438596506 0
57.52631578947516 3
57.543859649124286 9
57.57017543859797 36
57.57894736842253 7
57.649122807019026 17
57.65789473684359 23
57.65789473684359 54
57.692982456141834 11
57.71052631579096 2
57.72807017544008 24
57.83333333333482 4
57.859649122808506 27
57.88596491228219 11
57.88596491228219 40
57.89473684210675 29
57.929824561405 20
57.97368421052781 15
58.03508771929974 43
58.0438596491243 56
58.07894736842255 11
58.13157894736992 41
58.19298245614185 6
58.20175438596641 42
58.2719298245629 11
58.36842105263308 7
58.37719298245764 58
58.39473684210677 25
58.447368421054136 17
58.46491228070326 11
58.46491228070326 36
58.491228070176945 44
58.552631578948876 49
58.596491228071685 1
58.596491228071685 24
58.62280701754537 12
58.62280701754537 14
58.657894736843616 11
58.69298245614186 45
58.701754385966424 16
58.72807017544011 30
58.85087719298397 11
58.868421052633096 3
58.90350877193134 47
58.921052631580466 6
58.92982456140503 18
58.93859649122959 48
58.973684210527836 59
59.00000000000152 26
59.026315789475206 50
59.04385964912433 11
59.131578947369945 39
59.15789473684363 7
59.21929824561556 34
59.236842105264685 11
59.24561403508925 17
59.28070175438749 15
59.342105263159425 9
59.35964912280855 36
59.37719298245767 42
59.42982456140504 11
59.4385964912296 29
59.46491228070329 24
59.6228070175454 11
59.64912280701908 6
59.64912280701908 57
59.68421052631733 1
59.72807017544014 25
59.7368421052647 12
59.7368421052647 22
59.75438596491382 18
59.763157894738384 8
59.771929824562946 0
59.80701754386119 43
59.815789473685754 11
59.84210526315944 31
59.91228070175593 4
59.94736842105418 7
