0.0 33
0.03508771929824561 35
0.06140350877192982 55
0.09649122807017543 45
0.13157894736842105 8
0.17543859649122806 20
0.18421052631578946 37
0.19298245614035087 36
0.21929824561403508 50
0.23684210526315788 28
0.3596491228070179 2
0.4736842105263165 41
0.49122807017543935 14
0.5614035087719308 27
0.5789473684210537 17
0.5789473684210537 44
0.6403508771929837 15
0.6403508771929837 16
0.6754385964912294 0
0.6754385964912294 7
0.6754385964912294 42
0.6929824561403523 6
0.7368421052631594 58
0.789473684210528 5
0.8771929824561423 57
0.8947368421052652 40
0.9298245614035109 48
0.973684210526318 36
0.9912280701754409 10
1.0087719298245637 3
1.0087719298245637 47
1.078947368421055 43
1.1052631578947394 9
1.1228070175438623 53
1.157894736842108 29
1.3596491228070209 11
1.3684210526315823 54
1.403508771929828 7
1.4122807017543895 4
1.4298245614035123 6
1.5087719298245652 17
1.5789473684210567 23
1.6140350877193024 24
1.6315789473684252 22
1.649122807017548 44
1.7192982456140395 34
1.728070175438601 5
1.7543859649122853 36
1.8245614035087767 1
1.912280701754391 25
1.9561403508771982 15
2.0526315789473726 42
2.1315789473684235 7
2.1666666666666683 6
2.482456140350872 24
2.5087719298245554 3
2.5175438596491166 29
2.535087719298239 36
2.5964912280701675 26
2.657894736842096 20
2.701754385964902 50
2.780701754385953 39
2.7982456140350753 47
2.868421052631565 7
2.90350877192981 6
2.9298245614034935 5
2.9824561403508607 1
3.114035087719279 48
3.2719298245613806 15
3.3157894736841866 36
3.3596491228069927 24
3.6052631578947065 7
3.6403508771929514 6
3.6842105263157574 45
3.798245614035053 5
3.8070175438596143 4
3.8157894736841755 57
3.842105263157859 2
3.885964912280665 17
3.8947368421052264 16
3.9473684210525937 27
4.008771929824523 3
4.026315789473646 25
4.096491228070139 36
4.122807017543824 5
4.149122807017509 14
4.157894736842071 0
4.175438596491194 8
4.210526315789441 9
4.228070175438564 24
4.245614035087687 55
4.2631578947368105 41
4.324561403508742 58
4.333333333333304 7
4.377192982456112 6
4.57894736842103 15
4.587719298245592 47
4.754385964912263 43
4.877192982456126 36
4.947368421052619 42
5.008771929824551 10
5.035087719298236 17
5.052631578947359 20
5.061403508771921 7
5.078947368421044 48
5.0964912280701675 24
5.114035087719291 6
5.157894736842099 37
5.219298245614031 28
5.333333333333332 39
5.359649122807017 25
5.464912280701757 1
5.508771929824565 3
5.508771929824565 35
5.64035087719299 40
5.657894736842113 36
5.789473684210538 7
5.7982456140351 53
5.85087719298247 6
5.885964912280716 15
5.9561403508772095 17
5.964912280701771 24
6.105263157894758 9
6.271929824561429 54
6.289473684210552 23
6.315789473684237 34
6.333333333333361 22
6.377192982456169 47
6.394736842105292 11
6.4122807017544154 4
6.4385964912281 36
6.456140350877224 27
6.49122807017547 33
6.526315789473717 7
6.570175438596525 43
6.5877192982456485 6
6.692982456140388 25
6.833333333333375 24
6.877192982456183 11
6.885964912280745 16
6.9912280701754845 17
6.9912280701754845 41
7.008771929824608 3
7.105263157894786 50
7.157894736842156 26
7.1929824561404025 15
7.2192982456140875 36
7.263157894736896 7
7.280701754386019 11
7.324561403508827 2
7.324561403508827 6
7.535087719298307 44
7.578947368421115 11
7.701754385964978 24
7.780701754386033 14
7.8245614035088416 29
7.842105263157965 11
7.842105263157965 17
7.903508771929896 55
8.000000000000075 7
8.000000000000075 36
8.008771929824636 42
8.017543859649198 9
8.017543859649198 39
8.02631578947376 25
8.035087719298321 1
8.061403508772006 6
8.087719298245691 5
8.149122807017623 0
8.175438596491308 47
8.263157894736924 57
8.324561403508856 8
8.447368421052719 20
8.500000000000089 15
8.50877192982465 3
8.552631578947459 4
8.570175438596582 24
8.605263157894829 48
8.649122807017637 45
8.657894736842199 17
8.728070175438692 7
8.780701754386062 36
8.798245614035185 6
8.859649122807117 43
8.973684210526418 44
9.114035087719405 11
9.14035087719309 5
9.263157894736953 29
9.35964912280713 25
9.438596491228186 24
9.456140350877309 7
9.46491228070187 17
9.51754385964924 41
9.535087719298364 6
9.561403508772049 36
9.596491228070295 58
9.736842105263282 44
9.78070175438609 50
9.807017543859775 15
9.83333333333346 53
9.877192982456268 16
9.912280701754515 9
9.956140350877323 47
10.008771929824693 3
10.131578947368556 37
10.184210526315926 7
10.184210526315926 11
10.20175438596505 28
10.219298245614173 5
10.219298245614173 23
10.263157894736981 17
10.271929824561543 6
10.30701754385979 24
10.342105263158036 36
10.543859649122954 22
10.605263157894885 35
10.605263157894885 40
10.640350877193132 4
10.640350877193132 5
10.666666666666817 0
10.675438596491379 57
10.692982456140502 25
10.710526315789625 44
10.78947368421068 1
10.807017543859804 2
10.89473684210542 27
10.89473684210542 39
10.912280701754543 7
10.964912280701913 34
10.991228070175598 48
11.008771929824722 6
11.061403508772091 17
11.114035087719461 15
11.122807017544023 36
11.175438596491393 24
11.192982456140516 33
11.36842105263175 20
11.412280701754558 14
11.508771929824736 3
11.64035087719316 7
11.675438596491407 5
11.701754385965092 41
11.7456140350879 6
11.7456140350879 47
11.824561403508955 26
11.90350877193001 36
11.912280701754572 45
11.921052631579133 17
11.964912280701942 29
11.991228070175627 1
12.017543859649312 44
12.017543859649312 54
12.026315789473873 25
12.035087719298435 9
12.043859649122997 24
12.105263157894928 5
12.140350877193175 8
12.149122807017736 11
12.298245614035284 43
12.368421052631778 7
12.421052631579148 15
12.48245614035108 6
12.53508771929845 44
12.666666666666874 11
12.684210526315997 36
12.719298245614244 4
12.719298245614244 17
12.868421052631792 16
12.9122807017546 24
12.96491228070197 50
13.008771929824778 3
13.096491228070395 7
13.131578947368642 42
13.140350877193203 0
13.219298245614258 6
13.22807017543882 1
13.359649122807244 25
13.464912280701984 36
13.482456140351108 58
13.517543859649354 17
13.561403508772162 47
13.570175438596724 53
13.60526315789497 11
13.614035087719532 39
13.728070175438834 15
13.736842105263396 43
13.754385964912519 20
13.780701754386204 24
13.798245614035327 48
13.824561403509012 7
13.92105263157919 9
13.956140350877437 6
14.035087719298492 27
14.219298245614286 23
14.23684210526341 41
14.245614035087971 36
14.28947368421078 2
14.315789473684465 17
14.368421052631835 11
14.482456140351136 5
14.508771929824821 3
14.55263157894763 7
14.649122807017807 24
14.684210526316054 11
14.684210526316054 55
14.692982456140616 6
14.692982456140616 25
14.754385964912547 22
14.798245614035356 4
14.947368421052904 42
15.026315789473959 36
15.03508771929852 15
15.043859649123082 14
15.105263157895013 37
15.114035087719575 17
15.114035087719575 29
15.166666666666945 34
15.175438596491507 28
15.280701754386246 7
15.342105263158178 47
15.429824561403795 6
15.45614035087748 57
15.517543859649411 24
15.535087719298534 1
15.535087719298534 45
15.710526315789767 44
15.719298245614329 40
15.736842105263452 5
15.807017543859946 36
15.83333333333363 9
15.859649122807316 16
15.912280701754685 17
16.008771929824864 3
16.017543859649425 7
16.026315789473987 25
16.08771929824592 0
16.105263157895042 29
16.166666666666973 6
16.19298245614066 42
16.24561403508803 39
16.342105263158206 15
16.342105263158206 50
16.385964912281015 24
16.47368421052663 5
16.535087719298563 26
16.587719298245933 36
16.596491228070494 1
16.666666666666988 5
16.710526315789796 17
16.745614035088042 7
16.754385964912604 35
16.824561403509097 41
16.850877192982782 33
16.877192982456467 4
16.903508771930152 6
16.921052631579276 43
16.929824561403837 48
17.131578947368755 29
17.131578947368755 47
17.228070175438933 53
17.245614035088057 5
17.25438596491262 24
17.359649122807358 25
17.36842105263192 36
17.47368421052666 7
17.508771929824906 3
17.508771929824906 17
17.63157894736877 11
17.64035087719333 6
17.649122807017893 15
17.74561403508807 9
17.771929824561756 2
17.815789473684564 8
17.885964912281057 5
18.026315789474044 58
18.078947368421414 1
18.122807017544222 24
18.149122807017907 36
18.201754385965277 7
18.307017543860017 17
18.32456140350914 10
18.37719298245651 6
18.37719298245651 43
18.570175438596866 11
18.614035087719675 23
18.622807017544236 39
18.631578947368798 5
18.666666666667044 14
18.666666666667044 20
18.69298245614073 25
18.85087719298284 16
18.894736842105647 29
18.929824561403894 7
18.929824561403894 36
18.938596491228456 47
18.95614035087758 4
18.95614035087758 15
18.95614035087758 22
18.991228070175826 24
19.00877192982495 3
19.096491228070565 1
19.105263157895127 17
19.11403508771969 6
19.11403508771969 55
19.21929824561443 45
19.245614035088114 48
19.42982456140391 34
19.517543859649525 57
19.614035087719703 9
19.65789473684251 7
19.71052631578988 36
19.71052631578988 41
19.719298245614443 50
19.728070175439004 27
19.850877192982868 6
19.85964912280743 24
19.903508771930237 17
19.92105263157936 54
20.0263157894741 25
20.061403508772347 5
20.061403508772347 43
20.07894736842147 37
20.13157894736884 8
20.157894736842525 28
20.192982456140772 0
20.263157894737265 15
20.271929824561827 1
20.38596491228113 7
20.49122807017587 36
20.50877192982499 3
20.587719298246046 6
20.701754385965348 11
20.701754385965348 17
20.71929824561447 47
20.728070175439033 24
20.92105263157939 29
20.956140350877636 11
21.03508771929869 4
21.08771929824606 40
21.114035087719746 7
21.210526315789924 39
21.254385964912732 2
21.271929824561855 36
21.324561403509225 6
21.324561403509225 42
21.359649122807472 25
21.41228070175484 48
21.41228070175484 48
21.421052631579403 1
21.482456140351335 9
21.50000000000046 5
21.50000000000046 17
21.56140350877239 33
21.57017543859695 15
21.596491228070636 24
21.701754385965376 26
21.701754385965376 53
21.710526315789938 20
21.842105263158363 7
21.842105263158363 16
22.008771929825034 3
22.052631578947842 36
22.061403508772404 6
22.070175438596966 58
22.09649122807065 35
22.122807017544336 41
22.166666666667144 43
22.289473684211007 14
22.29824561403557 17
22.29824561403557 57
22.368421052632062 8
22.46491228070224 24
22.500000000000487 1
22.500000000000487 47
22.57017543859698 7
22.640350877193473 44
22.692982456140843 25
22.73684210526365 23
22.763157894737336 29
22.798245614035583 6
22.83333333333383 36
22.83333333333383 36
22.877192982456638 15
22.89473684210576 27
22.93859649122857 55
22.982456140351378 42
23.09649122807068 17
23.09649122807068 17
23.114035087719802 4
23.15789473684261 22
23.25438596491279 44
23.298245614035597 7
23.31578947368472 5
23.333333333333844 24
23.35964912280753 9
23.394736842105775 48
23.482456140351392 5
23.508771929825077 3
23.508771929825077 10
23.53508771929876 6
23.614035087719817 36
23.62280701754438 34
23.666666666667187 43
23.89473684210579 17
23.929824561404036 0
23.938596491228598 29
23.982456140351406 5
24.026315789474214 7
24.026315789474214 25
24.184210526316324 15
24.201754385965447 24
24.27192982456194 6
24.298245614035626 47
24.36842105263212 39
24.394736842105804 36
24.48245614035142 54
24.552631578947913 20
24.675438596491777 45
24.6929824561409 17
24.719298245614585 50
24.736842105263708 2
24.75438596491283 7
24.780701754386516 1
24.833333333333886 16
24.842105263158448 44
24.85964912280757 5
24.868421052632133 11
24.885964912281256 41
24.921052631579503 42
25.000000000000558 57
25.00877192982512 3
25.00877192982512 6
25.052631578947928 37
25.07017543859705 24
25.131578947368983 28
25.17543859649179 36
25.192982456140914 4
25.210526315790037 5
25.236842105263722 9
25.359649122807586 25
25.359649122807586 25
25.48245614035145 7
25.49122807017601 15
25.49122807017601 17
25.622807017544435 43
25.69298245614093 44
25.71052631579005 48
25.728070175439175 5
25.7456140350883 6
25.76315789473742 58
25.91228070175497 14
25.938596491228655 24
25.938596491228655 27
25.956140350877778 36
26.043859649123394 44
26.052631578947956 33
26.07894736842164 47
26.114035087719888 42
26.210526315790066 7
26.28070175438656 26
26.28947368421112 17
26.324561403509367 0
26.421052631579546 55
26.482456140351477 6
26.482456140351477 29
26.508771929825162 3
26.517543859649724 44
26.692982456140957 25
26.728070175439203 23
26.736842105263765 36
26.798245614035697 15
26.80701754386026 24
26.833333333333943 1
26.938596491228683 7
27.08771929824623 17
27.114035087719916 9
27.13157894736904 8
27.219298245614656 6
27.219298245614656 40
27.271929824562026 4
27.359649122807642 22
27.412280701755012 41
27.50000000000063 39
27.517543859649752 5
27.517543859649752 36
27.61403508771993 44
27.6666666666673 7
27.6666666666673 48
27.675438596491862 24
27.745614035088355 57
27.7807017543866 11
27.798245614035725 29
27.82456140350941 16
27.859649122807657 47
27.88596491228134 17
27.93859649122871 53
27.956140350877835 6
28.008771929825205 3
28.026315789474328 25
28.03508771929889 20
28.04385964912345 45
28.052631578948013 10
28.105263157895383 15
28.219298245614684 2
28.29824561403574 36
28.324561403509424 35
28.35087719298311 42
28.35964912280767 34
28.394736842105917 7
28.543859649123466 24
28.552631578948027 5
28.605263157895397 27
28.66666666666733 5
28.684210526316452 17
28.692982456141014 6
28.77192982456207 5
28.903508771930493 0
28.912280701755055 44
28.921052631579617 43
28.93859649122874 1
28.956140350877863 54
28.982456140351548 9
29.078947368421726 36
29.078947368421726 58
29.122807017544535 7
29.350877192983138 4
29.3596491228077 25
29.403508771930507 11
29.41228070175507 15
29.41228070175507 24
29.429824561404192 6
29.482456140351562 17
29.508771929825247 3
29.52631578947437 5
29.535087719298932 14
29.57017543859718 8
29.605263157895426 48
29.640350877193672 47
29.640350877193672 50
29.649122807018234 5
29.657894736842795 41
29.850877192983152 7
29.859649122807713 36
30.026315789474385 37
30.10526315789544 28
30.16666666666737 6
30.280701754386673 17
30.280701754386673 24
30.307017543860358 55
30.438596491228783 57
30.491228070176152 43
30.57894736842177 1
30.57894736842177 7
30.6403508771937 36
30.69298245614107 23
30.69298245614107 25
30.719298245614755 15
30.815789473684934 16
30.85087719298318 9
30.90350877193055 6
31.00877192982529 3
31.043859649123537 20
31.078947368421783 17
31.149122807018276 24
31.254385964913016 27
31.263157894737578 5
31.307017543860386 7
31.307017543860386 26
31.37719298245688 0
31.412280701755126 42
31.421052631579688 36
31.421052631579688 47
31.42982456140425 4
31.561403508772674 22
31.605263157895482 45
31.631578947369167 33
31.64035087719373 6
31.657894736842852 41
31.70175438596566 2
31.824561403509524 1
31.833333333334085 39
31.877192982456894 17
31.938596491228825 10
32.01754385964988 24
32.01754385964988 40
32.02631578947444 15
32.02631578947444 25
32.035087719299 7
32.05263157894812 11
32.05263157894812 53
32.07894736842181 43
32.07894736842181 48
32.15789473684286 50
32.20175438596567 36
32.377192982456904 6
32.42105263157971 29
32.50877192982533 3
32.55263157894814 34
32.5614035087727 42
32.60526315789551 11
32.675438596492 17
32.72807017543937 9
32.76315789473762 7
32.807017543860425 8
32.88596491228148 24
32.98245614035166 36
33.11403508772008 6
33.15789473684289 14
33.2017543859657 47
33.26315789473763 57
33.333333333334124 15
33.35964912280781 25
33.47368421052711 17
33.491228070176234 7
33.50877192982536 4
33.56140350877273 11
33.605263157895536 1
33.754385964913084 24
33.763157894737645 36
33.807017543860454 16
33.85087719298326 6
33.87719298245695 5
33.90350877193063 54
33.956140350878 11
33.956140350878 20
34.00877192982537 3
34.12280701754467 29
34.16666666666748 43
34.21929824561485 7
34.2543859649131 48
34.27192982456222 17
34.350877192983276 5
34.42982456140433 11
34.54385964912363 36
34.58771929824644 6
34.596491228071 9
34.614035087720126 23
34.62280701754469 24
34.64035087719381 15
34.69298245614118 25
34.85087719298329 50
34.90350877193066 0
34.94736842105347 7
34.94736842105347 35
34.95614035087803 11
34.97368421052715 5
34.982456140351715 47
35.00000000000084 37
35.07017543859733 17
35.07894736842189 28
35.18421052631663 2
35.27192982456225 39
35.28947368421137 8
35.307017543860496 58
35.32456140350962 6
35.32456140350962 36
35.464912280702606 11
35.49122807017629 24
35.508771929825414 3
35.58771929824647 4
35.58771929824647 41
35.614035087720154 55
35.675438596492086 7
35.7631578947377 22
35.824561403509634 1
35.824561403509634 45
35.84210526315876 43
35.85964912280788 42
35.86842105263244 17
35.885964912281565 57
35.9473684210535 11
35.9473684210535 15
35.9473684210535 29
36.02631578947455 25
36.05263157894824 53
36.0614035087728 6
36.10526315789561 36
36.18421052631666 48
36.24561403508859 33
36.359649122807895 24
36.4035087719307 7
36.4035087719307 20
36.473684210527196 9
36.53508771929913 5
36.5877192982465 11
36.64912280701843 40
36.66666666666755 17
36.7017543859658 5
36.74561403508861 34
36.76315789473773 47
36.780701754386854 14
36.79824561403598 6
36.79824561403598 16
36.885964912281594 36
37.00877192982546 3
37.00877192982546 42
37.1140350877202 11
37.13157894736932 7
37.19298245614125 50
37.21929824561494 26
37.2280701754395 24
37.24561403508862 5
37.25438596491318 15
37.29824561403599 0
37.324561403509676 1
37.35964912280792 25
37.46491228070266 17
37.535087719299156 6
37.587719298246526 27
37.66666666666758 4
37.66666666666758 36
37.78070175438688 41
37.85964912280794 7
38.061403508772855 10
38.0964912280711 24
38.10526315789566 48
38.15789473684303 42
38.25438596491321 39
38.25438596491321 44
38.26315789473777 17
38.271929824562335 6
38.35087719298339 9
38.36842105263251 57
38.40350877193076 8
38.44736842105357 36
38.50000000000094 5
38.50000000000094 29
38.5087719298255 3
38.51754385965006 23
38.543859649123746 47
38.56140350877287 15
38.587719298246554 7
38.66666666666761 2
38.692982456141294 25
38.77192982456235 11
38.78070175438691 43
38.964912280702706 24
38.964912280702706 55
39.008771929825514 6
39.061403508772884 17
39.13157894736938 54
39.228070175439555 36
39.280701754386925 5
39.30701754386061 42
39.31578947368517 7
39.35087719298342 1
39.35964912280798 45
39.42982456140447 5
39.53508771929921 50
39.66666666666764 11
39.74561403508869 4
39.74561403508869 6
39.7894736842115 16
39.815789473685186 41
39.83333333333431 24
39.859649122807994 17
39.868421052632556 15
39.964912280702734 5
39.964912280702734 22
39.973684210527296 37
39.99122807017642 44
40.00877192982554 3
40.00877192982554 36
40.026315789474666 25
40.026315789474666 48
40.04385964912379 7
40.0877192982466 28
40.16666666666765 20
40.2017543859659 58
40.21929824561502 9
40.29824561403608 11
40.32456140350976 47
40.40350877193082 14
40.4298245614045 53
40.45614035087819 42
40.48245614035187 6
40.52631578947468 8
40.561403508772926 0
40.64035087719398 33
40.657894736843105 17
40.70175438596591 24
40.75438596491328 44
40.771929824562406 7
40.78947368421153 36
40.78947368421153 39
40.78947368421153 43
40.83333333333434 35
40.90350877193083 5
40.93859649122908 34
41.00000000000101 27
41.11403508772031 29
41.140350877193995 5
41.17543859649224 15
41.21929824561505 6
41.298245614036105 11
41.35964912280804 25
41.456140350878215 17
41.50000000000102 7
41.508771929825585 3
41.51754385965015 1
41.570175438597516 24
41.570175438597516 36
41.60526315789576 42
41.824561403509804 4
41.92105263157998 48
41.95614035087823 6
42.035087719299284 40
42.07017543859753 11
42.096491228071216 9
42.10526315789578 47
42.149122807018585 2
42.22807017543964 7
42.254385964913325 17
42.3508771929835 36
42.38596491228175 5
42.42105263158 23
42.43859649122912 24
42.48245614035193 15
42.50000000000105 50
42.6491228070186 57
42.69298245614141 6
42.69298245614141 25
42.780701754387024 1
42.780701754387024 16
42.780701754387024 26
42.780701754387024 44
42.92982456140457 5
42.96491228070282 7
42.97368421052738 41
43.00877192982563 3
43.01754385965019 42
43.02631578947475 5
43.052631578948436 17
43.13157894736949 36
43.1754385964923 43
43.19298245614142 29
43.22807017543967 55
43.307017543860724 24
43.421052631580025 44
43.42982456140459 6
43.50877192982564 0
43.526315789474765 27
43.66666666666775 54
43.66666666666775 58
43.692982456141436 7
43.71052631579056 45
43.789473684211615 15
43.83333333333442 48
43.850877192983546 17
43.88596491228179 47
43.903508771930916 4
43.91228070175548 36
44.008771929825656 9
44.02631578947478 14
44.02631578947478 25
44.166666666667766 6
44.166666666667766 22
44.166666666667766 42
44.17543859649233 24
44.421052631580054 7
44.50877192982567 3
44.64912280701866 17
44.692982456141465 36
44.798245614036205 5
44.84210526315901 50
44.903508771930944 6
44.94736842105375 37
44.97368421052744 39
45.04385964912393 24
45.070175438597616 28
45.0964912280713 11
45.0964912280713 15
45.13157894736955 34
45.14035087719411 53
45.14912280701867 7
45.30701754386078 11
45.35964912280815 25
45.44736842105377 17
45.47368421052745 36
45.51754385965026 57
45.63157894736956 2
45.64035087719412 1
45.64035087719412 6
45.66666666666781 41
45.66666666666781 47
45.74561403508886 48
45.76315789473799 42
45.77192982456255 16
45.88596491228185 0
45.88596491228185 7
45.912280701755535 24
45.921052631580096 9
45.98245614035203 4
46.00877192982571 3
46.122807017545014 8
46.131578947369576 44
46.236842105264316 17
46.25438596491344 36
46.32456140350993 23
46.3771929824573 6
46.40350877193099 15
46.447368421053795 27
46.447368421053795 29
46.48245614035204 33
46.59649122807134 35
46.61403508772047 7
46.68421052631696 11
46.69298245614152 25
46.72807017543977 1
46.78070175438714 24
46.85964912280819 43
46.89473684210644 11
46.91228070175556 42
46.921052631580125 10
46.96491228070293 40
47.035087719299426 17
47.035087719299426 36
47.11403508772048 6
47.184210526316974 50
47.21929824561522 44
47.342105263159084 7
47.447368421053824 47
47.508771929825755 3
47.508771929825755 29
47.64912280701874 14
47.64912280701874 24
47.64912280701874 44
47.68421052631699 45
47.71052631579067 15
47.75438596491348 48
47.78947368421173 9
47.81578947368541 36
47.81578947368541 41
47.83333333333454 17
47.85087719298366 6
47.885964912281906 26
47.94736842105384 58
48.02631578947489 25
48.02631578947489 57
48.06140350877314 4
48.06140350877314 42
48.0701754385977 7
48.087719298246824 11
48.12280701754507 5
48.21052631579069 20
48.21929824561525 55
48.23684210526437 0
48.3684210526328 22
48.464912280702976 11
48.49122807017666 8
48.517543859650345 24
48.58771929824684 6
48.5964912280714 36
48.63157894736965 17
48.675438596492455 39
48.76315789473807 16
48.79824561403632 7
48.85964912280825 27
49.0087719298258 3
49.01754385965036 15
49.105263157895976 1
49.11403508772054 2
49.210526315790716 42
49.22807017543984 47
49.32456140351002 6
49.32456140351002 34
49.359649122808264 25
49.37719298245739 36
49.38596491228195 24
49.38596491228195 29
49.42982456140476 17
49.48245614035213 43
49.526315789474936 7
49.526315789474936 44
49.526315789474936 50
49.65789473684336 9
49.66666666666792 48
49.92105263158021 37
50.04385964912407 28
50.061403508773196 6
50.14035087719425 4
50.157894736843375 36
50.22807017543987 17
50.22807017543987 23
50.24561403508899 5
50.25438596491355 7
50.25438596491355 24
50.324561403510046 15
50.33333333333461 54
50.35964912280829 11
50.35964912280829 42
50.44736842105391 53
50.50877192982584 3
50.50877192982584 29
50.578947368422334 20
50.66666666666795 0
50.692982456141635 25
50.798245614036375 6
50.82456140351006 44
50.93859649122936 36
50.97368421052761 5
50.97368421052761 33
50.98245614035217 7
51.008771929825855 47
51.02631578947498 17
51.122807017545156 24
51.271929824562704 14
51.271929824562704 27
51.271929824562704 58
51.3421052631592 1
51.47368421052762 39
51.535087719299554 6
51.5701754385978 9
51.596491228071486 48
51.63157894736973 15
51.640350877194294 40
51.71052631579079 7
51.71929824561535 36
51.71929824561535 45
51.754385964913595 16
51.82456140351009 17
51.99122807017676 24
51.99122807017676 41
52.00877192982588 3
52.02631578947501 25
52.07894736842238 44
52.21929824561536 4
52.21929824561536 8
52.24561403508905 57
52.27192982456273 6
52.41228070175572 42
52.41228070175572 50
52.438596491229404 7
52.500000000001336 36
52.51754385965046 5
52.53508771929958 26
52.57017543859783 22
52.596491228071514 2
52.6228070175452 17
52.657894736843446 5
52.657894736843446 10
52.657894736843446 11
52.78947368421187 47
52.859649122808364 24
52.868421052632925 1
52.93859649122942 15
53.00877192982591 6
53.07017543859784 20
53.12280701754521 55
53.16666666666802 7
53.21929824561539 0
53.236842105264515 11
53.236842105264515 43
53.28070175438732 36
53.35964912280838 25
53.42105263158031 17
53.43859649122943 9
53.4912280701768 5
53.508771929825926 3
53.508771929825926 48
53.51754385965049 34
53.561403508773296 42
53.64912280701891 29
53.69298245614172 35
53.72807017543997 24
53.74561403508909 6
53.763157894738214 27
53.868421052632954 39
53.89473684210664 7
53.97368421052769 5
54.06140350877331 36
54.1315789473698 23
54.21929824561542 17
54.245614035089105 15
54.28947368421191 41
54.298245614036475 4
54.36842105263297 5
54.464912280703146 11
54.464912280703146 58
54.48245614035227 6
54.570175438597886 47
54.59649122807157 24
54.622807017545256 7
54.69298245614175 25
54.71052631579087 42
54.74561403508912 16
54.8421052631593 36
54.89473684210667 14
54.89473684210667 37
54.96491228070316 5
55.00877192982597 3
55.00877192982597 44
55.01754385965053 17
55.01754385965053 28
55.08771929824702 57
55.096491228071585 50
55.16666666666808 8
55.21929824561545 6
55.22807017544001 29
55.27192982456282 1
55.307017543861065 9
55.35087719298387 7
55.412280701755805 53
55.421052631580366 48
55.43859649122949 44
55.464912280703174 24
55.55263157894879 15
55.570175438597914 20
55.622807017545284 0
55.622807017545284 36
55.81578947368564 17
55.8245614035102 33
55.85964912280845 42
55.885964912282134 5
55.95614035087863 6
56.02631578947512 25
56.07894736842249 2
56.07894736842249 7
56.13157894736986 5
56.17543859649267 27
56.20175438596635 45
56.28070175438741 39
56.30701754386109 1
56.315789473685655 54
56.33333333333478 24
56.3508771929839 47
56.377192982457586 4
56.377192982457586 41
56.40350877193127 36
56.473684210527765 55
56.50877192982601 3
56.59649122807163 43
56.61403508772075 17
56.692982456141806 6
56.77192982456286 22
56.80701754386111 7
56.85964912280848 15
56.92105263158041 29
57.008771929826025 42
57.07017543859796 11
57.18421052631726 9
57.18421052631726 36
57.20175438596638 24
57.35964912280849 25
57.377192982457615 8
57.41228070175586 17
57.41228070175586 48
57.429824561404985 6
57.438596491229546 50
57.50000000000148 5
57.50877192982604 11
57.535087719299725 7
57.71052631579096 34
57.73684210526464 16
57.86842105263307 26
57.87719298245763 58
57.964912280703246 36
57.964912280703246 57
57.98245614035237 29
58.008771929826054 3
58.03508771929974 23
58.070175438597985 24
58.13157894736992 47
58.1578947368436 42
58.16666666666816 6
58.16666666666816 15
58.21052631579097 17
58.26315789473834 7
58.36842105263308 41
58.42105263158045 35
58.4561403508787 4
58.51754385965063 14
58.56140350877344 20
58.58771929824712 27
58.62280701754537 40
58.67543859649274 43
58.6842105263173 39
58.69298245614186 25
58.74561403508923 36
58.78947368421204 44
58.88596491228222 1
58.90350877193134 6
58.93859649122959 24
58.95614035087871 11
58.99122807017696 7
59.00877192982608 17
59.06140350877345 9
59.30701754386118 42
59.3245614035103 48
59.394736842106795 5
59.47368421052785 15
59.508771929826096 3
59.52631578947522 36
59.54385964912434 29
59.561403508773466 2
59.59649122807171 5
59.614035087720836 45
59.64035087719452 6
59.72807017544014 7
59.78070175438751 50
59.80701754386119 17
59.80701754386119 24
59.850877192984 11
59.868421052633124 37
59.91228070175593 47
59.99122807017699 28
