0.008771929824561403 9
0.03508771929824561 3
0.05263157894736842 41
0.06140350877192982 2
0.07894736842105263 56
0.10526315789473684 30
0.15789473684210525 23
0.15789473684210525 36
0.21052631578947367 12
0.23684210526315788 22
0.280701754385965 11
0.28947368421052644 28
0.32456140350877216 15
0.35087719298245645 7
0.37719298245614075 35
0.40350877192982504 46
0.42982456140350933 27
0.46491228070175505 33
0.4824561403508779 47
0.6315789473684222 5
0.6578947368421065 4
0.6578947368421065 32
0.7017543859649137 24
0.728070175438598 39
0.8157894736842123 20
0.8421052631578966 14
0.850877192982458 6
0.9473684210526337 42
0.9473684210526337 51
0.973684210526318 16
1.157894736842108 0
1.1666666666666694 7
1.2368421052631609 36
1.3596491228070209 3
1.3596491228070209 12
1.3596491228070209 26
1.3947368421052666 34
1.403508771929828 43
1.5000000000000038 24
1.543859649122811 15
1.5789473684210567 6
1.7456140350877238 55
1.7543859649122853 38
1.9824561403508825 7
2.0175438596491277 11
2.10526315789474 52
2.1403508771929847 44
2.236842105263158 54
2.2543859649122804 45
2.2631578947368416 37
2.2982456140350864 24
2.3070175438596476 6
2.315789473684209 36
2.3771929824561373 47
2.403508771929821 53
2.5175438596491166 17
2.5175438596491166 25
2.6842105263157796 3
2.7631578947368305 15
2.7982456140350753 7
2.83333333333332 50
2.8421052631578814 46
2.859649122807004 12
3.0087719298245443 1
3.035087719298228 6
3.043859649122789 29
3.0964912280701564 24
3.0964912280701564 41
3.1842105263157685 27
3.3157894736841866 48
3.3508771929824315 57
3.3947368421052375 36
3.543859649122778 42
3.5526315789473393 2
3.6140350877192677 7
3.657894736842074 30
3.7631578947368083 6
3.8245614035087367 25
3.842105263157859 0
3.8508771929824204 40
3.8947368421052264 16
3.8947368421052264 24
3.9824561403508385 15
4.140350877192947 11
4.2631578947368105 47
4.271929824561372 56
4.342105263157865 43
4.350877192982427 12
4.359649122806989 14
4.42105263157892 7
4.47368421052629 5
4.47368421052629 36
4.4912280701754135 6
4.596491228070153 22
4.640350877192962 3
4.6929824561403315 24
4.833333333333318 46
5.061403508771921 42
5.1228070175438525 44
5.201754385964907 15
5.210526315789469 41
5.219298245614031 6
5.228070175438592 7
5.315789473684209 48
5.3508771929824555 28
5.3508771929824555 50
5.42982456140351 17
5.5526315789473735 36
5.657894736842113 32
5.666666666666675 24
5.69298245614036 34
5.69298245614036 55
5.719298245614045 25
5.7543859649122915 51
5.894736842105278 44
5.947368421052648 6
5.964912280701771 23
5.973684210526333 33
5.9824561403508945 26
6.035087719298264 7
6.105263157894758 10
6.122807017543881 3
6.1315789473684426 12
6.149122807017566 11
6.149122807017566 47
6.1578947368421275 4
6.324561403508799 11
6.377192982456169 44
6.4122807017544154 15
6.4385964912281 11
6.464912280701785 24
6.482456140350909 0
6.54385964912284 11
6.578947368421087 53
6.5877192982456485 20
6.5877192982456485 43
6.631578947368457 36
6.64912280701758 11
6.675438596491265 6
6.692982456140388 16
6.70175438596495 38
6.745614035087758 11
6.745614035087758 44
6.842105263157936 7
6.842105263157936 11
6.921052631578991 57
6.938596491228115 11
6.956140350877238 54
7.026315789473731 25
7.035087719298293 11
7.0438596491228544 2
7.105263157894786 29
7.131578947368471 11
7.201754385964964 35
7.228070175438649 11
7.263157894736896 24
7.271929824561457 37
7.307017543859704 30
7.324561403508827 11
7.324561403508827 39
7.403508771929882 6
7.4210526315790055 11
7.4473684210526905 3
7.4473684210526905 48
7.508771929824622 9
7.517543859649184 11
7.614035087719362 11
7.6228070175439235 15
7.6491228070176085 7
7.71052631578954 11
7.71052631578954 36
7.789473684210595 1
7.807017543859718 11
7.8771929824562115 14
7.885964912280773 12
7.903508771929896 11
7.964912280701828 5
8.000000000000075 11
8.02631578947376 47
8.061403508772006 24
8.096491228070253 11
8.1315789473685 6
8.166666666666746 42
8.18421052631587 44
8.18421052631587 50
8.192982456140431 11
8.28947368421061 4
8.28947368421061 11
8.333333333333417 25
8.385964912280787 11
8.45614035087728 7
8.473684210526404 46
8.482456140350966 11
8.570175438596582 43
8.570175438596582 52
8.578947368421144 11
8.675438596491322 11
8.728070175438692 56
8.7719298245615 3
8.7719298245615 11
8.789473684210623 36
8.833333333333432 15
8.859649122807117 6
8.859649122807117 24
8.868421052631678 11
8.921052631579048 22
8.964912280701856 11
8.98245614035098 55
9.061403508772035 11
9.078947368421158 27
9.157894736842213 11
9.24561403508783 0
9.254385964912391 11
9.263157894736953 7
9.35087719298257 11
9.394736842105377 42
9.447368421052747 11
9.491228070175556 16
9.543859649122926 11
9.587719298245734 6
9.640350877193104 11
9.640350877193104 25
9.657894736842227 24
9.684210526315912 12
9.736842105263282 11
9.83333333333346 11
9.83333333333346 39
9.868421052631707 36
9.88596491228083 34
9.912280701754515 47
9.921052631579077 46
9.929824561403638 11
10.026315789473816 11
10.04385964912294 15
10.070175438596625 7
10.09649122807031 3
10.114035087719433 43
10.122807017543995 11
10.122807017543995 30
10.210526315789611 17
10.219298245614173 11
10.315789473684351 6
10.315789473684351 11
10.315789473684351 32
10.403508771929967 28
10.41228070175453 11
10.42105263157909 4
10.456140350877337 24
10.456140350877337 48
10.508771929824707 11
10.535087719298392 2
10.570175438596639 20
10.605263157894885 11
10.701754385965064 11
10.798245614035242 11
10.84210526315805 57
10.877192982456297 7
10.94736842105279 25
10.94736842105279 36
10.964912280701913 51
11.043859649122968 6
11.05263157894753 31
11.096491228070338 53
11.140350877193146 41
11.201754385965078 52
11.219298245614201 40
11.254385964912448 15
11.254385964912448 24
11.385964912280873 14
11.42105263157912 3
11.447368421052804 23
11.517543859649297 54
11.578947368421229 29
11.666666666666845 46
11.69298245614053 7
11.771929824561585 6
11.771929824561585 42
11.780701754386147 27
11.780701754386147 47
11.894736842105448 50
12.026315789473873 36
12.052631578947558 24
12.06140350877212 0
12.175438596491421 26
12.254385964912476 25
12.280701754386161 37
12.289473684210723 16
12.289473684210723 58
12.333333333333531 55
12.464912280701956 15
12.500000000000203 6
12.500000000000203 7
12.561403508772134 4
12.684210526315997 11
12.684210526315997 33
12.745614035087929 3
12.850877192982669 24
12.868421052631792 48
12.96491228070197 10
12.973684210526532 11
13.043859649123025 39
13.07017543859671 11
13.105263157894957 36
13.166666666666888 11
13.219298245614258 12
13.22807017543882 6
13.263157894737066 11
13.263157894737066 22
13.289473684210751 46
13.307017543859875 7
13.342105263158121 30
13.350877192982683 20
13.359649122807244 11
13.359649122807244 56
13.456140350877423 11
13.456140350877423 49
13.508771929824793 41
13.526315789473916 38
13.5526315789476 11
13.561403508772162 25
13.60526315789497 57
13.640350877193217 44
13.649122807017779 11
13.649122807017779 24
13.649122807017779 47
13.675438596491464 15
13.701754385965149 42
13.745614035087957 11
13.842105263158135 11
13.842105263158135 11
13.938596491228314 11
13.956140350877437 6
14.000000000000245 5
14.02631578947393 2
14.035087719298492 11
14.070175438596738 3
14.070175438596738 35
14.070175438596738 44
14.0789473684213 34
14.114035087719547 7
14.13157894736867 11
14.18421052631604 36
14.228070175438848 11
14.28947368421078 29
14.298245614035341 50
14.324561403509026 11
14.377192982456396 32
14.421052631579204 11
14.438596491228328 9
14.44736842105289 24
14.491228070175698 5
14.491228070175698 12
14.517543859649383 11
14.526315789473944 1
14.587719298245876 43
14.61403508771956 11
14.684210526316054 6
14.692982456140616 4
14.710526315789739 11
14.728070175438862 0
14.807017543859917 11
14.868421052631849 25
14.885964912280972 15
14.885964912280972 48
14.903508771930095 11
14.903508771930095 14
14.921052631579219 7
15.000000000000274 11
15.08771929824589 16
15.096491228070452 11
15.175438596491507 52
15.19298245614063 11
15.245614035088 24
15.263157894737123 36
15.271929824561685 42
15.289473684210808 11
15.377192982456425 44
15.385964912280986 11
15.394736842105548 3
15.412280701754671 6
15.447368421052918 27
15.447368421052918 28
15.447368421052918 28
15.482456140351164 11
15.517543859649411 47
15.570175438596781 51
15.578947368421343 11
15.61403508771959 23
15.67543859649152 11
15.72807017543889 7
15.771929824561699 11
15.868421052631877 11
15.964912280702055 11
15.99122807017574 40
16.04385964912311 24
16.061403508772234 11
16.09649122807048 15
16.105263157895042 39
16.114035087719603 53
16.14035087719329 6
16.15789473684241 11
16.175438596491535 25
16.21052631578978 41
16.25438596491259 8
16.25438596491259 11
16.342105263158206 36
16.350877192982768 11
16.350877192982768 44
16.385964912281015 46
16.447368421052946 11
16.535087719298563 7
16.543859649123124 11
16.552631578947686 49
16.640350877193303 11
16.701754385965234 50
16.719298245614358 3
16.73684210526348 11
16.824561403509097 4
16.83333333333366 11
16.84210526315822 24
16.868421052631906 6
16.9385964912284 48
16.973684210526645 26
17.175438596491563 42
17.289473684210865 37
17.30701754385999 15
17.342105263158235 7
17.385964912281043 47
17.42105263157929 36
17.48245614035122 25
17.517543859649468 2
17.596491228070523 6
17.596491228070523 22
17.64035087719333 24
17.815789473684564 12
17.84210526315825 11
17.877192982456496 52
17.885964912281057 16
17.912280701754742 54
17.938596491228427 11
17.964912280702112 27
18.00000000000036 9
18.035087719298605 11
18.043859649123167 3
18.087719298245975 5
18.131578947368784 11
18.149122807017907 7
18.228070175438962 11
18.28070175438633 34
18.298245614035455 0
18.32456140350914 6
18.32456140350914 11
18.412280701754757 14
18.421052631579318 11
18.421052631579318 57
18.43859649122844 24
18.447368421053003 46
18.464912280702126 30
18.500000000000373 36
18.517543859649496 11
18.517543859649496 15
18.614035087719675 11
18.666666666667044 38
18.70175438596529 39
18.710526315789853 11
18.7456140350881 32
18.789473684210908 25
18.80701754386003 11
18.90350877193021 11
18.91228070175477 44
18.95614035087758 4
18.95614035087758 7
18.95614035087758 48
19.052631578947757 6
19.105263157895127 50
19.236842105263552 24
19.254385964912675 47
19.298245614035483 19
19.32456140350917 1
19.32456140350917 41
19.32456140350917 44
19.368421052631977 3
19.464912280702155 55
19.482456140351278 43
19.49122807017584 11
19.508771929824963 42
19.578947368421456 36
19.640350877193388 35
19.728070175439004 15
19.76315789473725 7
19.780701754386374 6
19.877192982456553 33
19.956140350877607 9
20.035087719298662 24
20.096491228070594 25
20.429824561403937 53
20.464912280702183 12
20.482456140351307 11
20.50877192982499 6
20.50877192982499 28
20.570175438596923 7
20.578947368421485 11
20.622807017544293 42
20.65789473684254 36
20.65789473684254 40
20.675438596491663 11
20.684210526316225 16
20.692982456140786 3
20.745614035088156 30
20.77192982456184 11
20.82456140350921 57
20.833333333333773 24
20.859649122807458 46
20.86842105263202 11
20.938596491228513 15
20.964912280702197 11
20.964912280702197 48
21.008771929825006 2
21.061403508772376 11
21.08771929824606 4
21.122807017544307 47
21.157894736842554 11
21.23684210526361 6
21.23684210526361 51
21.254385964912732 11
21.333333333333787 0
21.35087719298291 11
21.377192982456595 7
21.377192982456595 43
21.40350877193028 25
21.41228070175484 1
21.44736842105309 11
21.50877192982502 50
21.50877192982502 56
21.543859649123267 11
21.631578947368883 24
21.631578947368883 49
21.66666666666713 26
21.736842105263623 36
21.807017543860116 42
21.82456140350924 39
21.921052631579418 9
21.921052631579418 14
21.93859649122854 22
21.964912280702226 6
22.017543859649596 3
22.03508771929872 10
22.04385964912328 11
22.14035087719346 11
22.14912280701802 15
22.184210526316267 7
22.236842105263637 11
22.29824561403557 37
22.333333333333815 11
22.429824561403993 11
22.429824561403993 24
22.4736842105268 34
22.52631578947417 11
22.62280701754435 11
22.692982456140843 6
22.710526315789966 25
22.719298245614528 11
22.719298245614528 54
22.78947368421102 44
22.807017543860145 32
22.815789473684706 11
22.815789473684706 36
22.912280701754884 11
22.964912280702254 48
22.99122807017594 7
22.99122807017594 43
22.99122807017594 47
23.008771929825063 11
23.008771929825063 30
23.10526315789524 11
23.10526315789524 20
23.140350877193487 46
23.20175438596542 11
23.219298245614542 4
23.219298245614542 27
23.228070175439104 24
23.25438596491279 52
23.298245614035597 11
23.342105263158405 3
23.342105263158405 23
23.35964912280753 15
23.394736842105775 11
23.42105263157946 6
23.429824561404022 42
23.482456140351392 16
23.491228070175953 11
23.58771929824613 11
23.614035087719817 55
23.657894736842625 17
23.68421052631631 11
23.710526315789995 57
23.780701754386488 11
23.807017543860173 7
23.877192982456666 11
23.89473684210579 36
23.912280701754913 50
23.973684210526844 11
24.017543859649653 25
24.026315789474214 24
24.070175438597023 11
24.149122807018077 6
24.1666666666672 11
24.26315789473738 11
24.27192982456194 0
24.350877192982995 41
24.359649122807557 11
24.438596491228612 44
24.447368421053174 45
24.456140350877735 11
24.500000000000544 2
24.552631578947913 11
24.561403508772475 33
24.570175438597037 15
24.570175438597037 53
24.614035087719845 7
24.64912280701809 11
24.666666666667215 3
24.6929824561409 49
24.736842105263708 38
24.74561403508827 11
24.824561403509325 24
24.842105263158448 11
24.85964912280757 47
24.877192982456695 6
24.938596491228626 11
24.96491228070231 48
24.973684210526873 36
24.982456140351434 43
24.991228070175996 42
25.01754385964968 44
25.035087719298804 11
25.07017543859705 56
25.131578947368983 11
25.22807017543916 11
25.307017543860216 12
25.32456140350934 11
25.32456140350934 25
25.350877192983024 4
25.421052631579517 7
25.421052631579517 11
25.42982456140408 14
25.43859649122864 46
25.517543859649695 11
25.552631578947942 28
25.605263157895312 6
25.614035087719873 11
25.622807017544435 24
25.622807017544435 39
25.666666666667243 1
25.684210526316367 30
25.71052631579005 11
25.780701754386545 15
25.80701754386023 11
25.903508771930408 11
25.991228070176025 3
25.991228070176025 44
26.000000000000586 11
26.052631578947956 36
26.096491228070764 11
26.105263157895326 42
26.18421052631638 10
26.192982456140943 11
26.22807017543919 7
26.263157894737436 22
26.28070175438656 16
26.28947368421112 11
26.315789473684806 50
26.33333333333393 6
26.34210526315849 17
26.3859649122813 11
26.403508771930422 26
26.421052631579546 24
26.482456140351477 11
26.517543859649724 44
26.535087719298847 12
26.535087719298847 52
26.561403508772532 43
26.578947368421655 11
26.60526315789534 8
26.622807017544464 57
26.631578947369025 25
26.666666666667272 9
26.666666666667272 34
26.675438596491833 11
26.728070175439203 47
26.76315789473745 1
26.77192982456201 11
26.780701754386573 40
26.86842105263219 11
26.86842105263219 32
26.92105263157956 46
26.956140350877806 48
26.956140350877806 48
26.964912280702368 11
26.991228070176053 15
27.0263157894743 35
27.03508771929886 7
27.061403508772546 6
27.061403508772546 11
27.13157894736904 36
27.157894736842724 11
27.201754385965533 54
27.219298245614656 24
27.219298245614656 42
27.228070175439218 44
27.24561403508834 0
27.254385964912903 11
27.307017543860272 37
27.315789473684834 3
27.35087719298308 11
27.377192982456766 17
27.44736842105326 11
27.482456140351506 4
27.543859649123437 11
27.640350877193615 11
27.728070175439232 23
27.736842105263793 11
27.76315789473748 49
27.789473684211163 6
27.83333333333397 11
27.842105263158533 7
27.859649122807657 41
27.903508771930465 44
27.92982456140415 11
27.93859649122871 25
27.99122807017608 2
28.017543859649766 24
28.026315789474328 11
28.122807017544506 11
28.14912280701819 30
28.175438596491876 27
28.184210526316438 20
28.20175438596556 15
28.210526315790123 36
28.219298245614684 11
28.236842105263808 17
28.315789473684863 11
28.333333333333986 42
28.394736842105917 9
28.40350877193048 1
28.41228070175504 11
28.50877192982522 11
28.51754385964978 6
28.596491228070835 47
28.605263157895397 11
28.640350877193644 3
28.649122807018205 7
28.692982456141014 12
28.701754385965575 11
28.7192982456147 50
28.798245614035753 11
28.815789473684877 24
28.89473684210593 11
28.92982456140418 14
28.92982456140418 58
28.93859649122874 48
28.99122807017611 11
28.99122807017611 33
29.078947368421726 16
29.078947368421726 17
29.087719298246288 11
29.184210526316466 11
29.219298245614713 46
29.236842105263836 57
29.245614035088398 6
29.245614035088398 25
29.280701754386644 11
29.289473684211206 36
29.342105263158576 55
29.377192982456823 11
29.41228070175507 15
29.447368421053316 42
29.456140350877877 7
29.46491228070244 43
29.473684210527 11
29.57017543859718 11
29.596491228070864 56
29.605263157895426 44
29.614035087719987 4
29.614035087719987 24
29.649122807018234 31
29.666666666667357 11
29.73684210526385 52
29.763157894737535 11
29.859649122807713 11
29.912280701755083 17
29.95614035087789 11
29.964912280702453 3
29.973684210527015 6
30.043859649123508 39
30.05263157894807 11
30.16666666666737 10
30.175438596491933 9
30.184210526316495 11
30.21052631579018 51
30.27192982456211 7
30.280701754386673 11
30.36842105263229 36
30.37719298245685 11
30.412280701755098 24
30.438596491228783 0
30.456140350877906 47
30.47368421052703 11
30.543859649123522 30
30.552631578948084 25
30.561403508772646 42
30.570175438597207 11
30.57894736842177 22
30.596491228070892 28
30.622807017544577 15
30.622807017544577 41
30.666666666667385 11
30.701754385965632 6
30.73684210526388 17
30.763157894737564 11
30.824561403509495 49
30.859649122807742 11
30.859649122807742 34
30.912280701755112 48
30.912280701755112 48
30.921052631579673 26
30.929824561404235 32
30.95614035087792 11
30.982456140351605 43
31.052631578948098 11
31.078947368421783 7
31.078947368421783 12
31.12280701754459 50
31.149122807018276 11
31.210526315790208 24
31.245614035088455 11
31.254385964913016 44
31.289473684211263 3
31.342105263158633 11
31.37719298245688 27
31.42982456140425 6
31.42982456140425 23
31.43859649122881 11
31.447368421053373 36
31.48245614035162 2
31.53508771929899 11
31.552631578948112 46
31.561403508772674 17
31.561403508772674 20
31.605263157895482 57
31.631578947369167 11
31.675438596491976 42
31.728070175439345 11
31.74561403508847 4
31.824561403509524 11
31.833333333334085 15
31.85964912280777 1
31.85964912280777 25
31.877192982456894 16
31.885964912281455 7
31.90350877193058 9
31.921052631579702 11
31.947368421053387 38
32.008771929825315 24
32.01754385964988 11
32.114035087720055 11
32.15789473684286 6
32.166666666667425 8
32.21052631579023 11
32.30701754386041 11
32.31578947368497 37
32.324561403509534 47
32.385964912281466 17
32.40350877193059 11
32.429824561404274 14
32.4473684210534 52
32.50000000000077 11
32.52631578947445 36
32.57894736842182 39
32.596491228070946 11
32.61403508772007 3
32.675438596492 41
32.692982456141124 7
32.692982456141124 11
32.692982456141124 11
32.7894736842113 11
32.7894736842113 42
32.807017543860425 24
32.82456140350955 30
32.88596491228148 6
32.88596491228148 11
32.912280701755165 48
32.98245614035166 11
33.04385964912359 15
33.07894736842184 11
33.16666666666745 25
33.175438596492015 11
33.21052631579026 17
33.228070175439385 0
33.27192982456219 11
33.36842105263237 11
33.40350877193062 33
33.46491228070255 11
33.491228070176234 56
33.500000000000796 7
33.52631578947448 50
33.56140350877273 11
33.605263157895536 24
33.605263157895536 36
33.6140350877201 6
33.6140350877201 9
33.657894736842906 11
33.710526315790275 54
33.754385964913084 11
33.763157894737645 12
33.815789473685015 55
33.85087719298326 11
33.87719298245695 4
33.88596491228151 49
33.90350877193063 42
33.93859649122888 3
33.94736842105344 11
33.98245614035169 45
34.03508771929906 17
34.04385964912362 11
34.04385964912362 20
34.12280701754467 10
34.1403508771938 11
34.192982456141166 47
34.236842105263975 11
34.236842105263975 27
34.2543859649131 15
34.298245614035906 46
34.30701754386047 7
34.33333333333415 11
34.342105263158714 6
34.35964912280784 57
34.3684210526324 40
34.403508771930646 24
34.42982456140433 11
34.47368421052714 25
34.52631578947451 11
34.62280701754469 11
34.666666666667496 51
34.67543859649206 16
34.68421052631662 36
34.69298245614118 41
34.719298245614866 11
34.815789473685044 11
34.815789473685044 35
34.85964912280785 17
34.868421052632414 1
34.88596491228154 48
34.8947368421061 22
34.91228070175522 11
34.97368421052715 2
34.99122807017628 32
35.0087719298254 11
35.01754385964996 42
35.05263157894821 34
35.07017543859733 6
35.10526315789558 11
35.11403508772014 7
35.13157894736926 30
35.18421052631663 5
35.192982456141195 12
35.20175438596576 11
35.20175438596576 23
35.20175438596576 24
35.26315789473769 3
35.298245614035935 11
35.32456140350962 9
35.39473684210611 11
35.464912280702606 15
35.49122807017629 11
35.58771929824647 11
35.63157894736928 28
35.68421052631665 11
35.68421052631665 17
35.728070175439456 43
35.74561403508858 0
35.7631578947377 36
35.771929824562264 46
35.780701754386826 11
35.780701754386826 25
35.79824561403595 6
35.877192982457004 11
35.92105263157981 7
35.929824561404374 14
35.929824561404374 50
35.97368421052718 11
35.991228070176305 44
36.00000000000087 24
36.00877192982543 4
36.0614035087728 47
36.07017543859736 11
36.10526315789561 53
36.11403508772017 39
36.13157894736929 42
36.16666666666754 11
36.263157894737716 11
36.32456140350965 12
36.359649122807895 11
36.45614035087807 11
36.49122807017632 20
36.50877192982544 17
36.526315789474566 6
36.55263157894825 11
36.5877192982465 3
36.60526315789562 31
36.64912280701843 11
36.675438596492114 15
36.684210526316676 27
36.728070175439484 7
36.74561403508861 11
36.79824561403598 24
36.842105263158786 11
36.842105263158786 36
36.85087719298335 19
36.85087719298335 38
36.85964912280791 48
36.938596491228964 11
36.947368421053525 49
36.98245614035177 44
37.03508771929914 9
37.03508771929914 11
37.08771929824651 25
37.13157894736932 11
37.210526315790375 52
37.2280701754395 11
37.25438596491318 6
37.324561403509676 11
37.324561403509676 37
37.33333333333424 17
37.41228070175529 30
37.421052631579855 11
37.4561403508781 12
37.473684210527225 16
37.473684210527225 46
37.51754385965003 11
37.535087719299156 7
37.59649122807109 24
37.61403508772021 11
37.631578947369334 5
37.640350877193896 45
37.71052631579039 11
37.71929824561495 55
37.80701754386057 11
37.85964912280794 33
37.88596491228162 15
37.903508771930746 11
37.91228070175531 3
37.92105263157987 36
37.92105263157987 47
37.93859649122899 42
37.9824561403518 6
38.000000000000924 11
38.07017543859742 10
38.0964912280711 11
38.14035087719391 4
38.15789473684303 17
38.19298245614128 11
38.23684210526409 43
38.28947368421146 11
38.29824561403602 44
38.33333333333427 50
38.33333333333427 57
38.35087719298339 7
38.385964912281636 11
38.3947368421062 24
38.3947368421062 25
38.46491228070269 2
38.482456140351815 11
38.57894736842199 11
38.587719298246554 12
38.65789473684305 26
38.67543859649217 11
38.71052631579042 6
38.7368421052641 0
38.745614035088664 9
38.77192982456235 11
38.83333333333428 46
38.84210526315884 48
38.86842105263253 11
38.89473684210621 23
38.92982456140446 20
38.964912280702706 11
38.98245614035183 17
39.00000000000095 36
39.05263157894832 32
39.05263157894832 42
39.061403508772884 11
39.07894736842201 40
39.09649122807113 15
39.15789473684306 7
39.15789473684306 11
39.19298245614131 24
39.21052631579043 22
39.23684210526412 3
39.24561403508868 34
39.25438596491324 11
39.35087719298342 11
39.385964912281665 56
39.42982456140447 14
39.438596491229035 6
39.447368421053596 11
39.543859649123775 11
39.64035087719395 11
39.68421052631676 30
39.701754385965884 25
39.71929824561501 12
39.73684210526413 11
39.7894736842115 5
39.7894736842115 47
39.807017543860624 17
39.83333333333431 11
39.9035087719308 52
39.92982456140449 11
39.964912280702734 7
39.99122807017642 24
40.00000000000098 39
40.00877192982554 49
40.026315789474666 11
40.078947368422035 36
40.122807017544844 11
40.16666666666765 6
40.16666666666765 29
40.21052631579046 27
40.21929824561502 11
40.27192982456239 4
40.27192982456239 16
40.289473684211515 53
40.30701754386064 15
40.3157894736852 11
40.394736842106255 1
40.40350877193082 46
40.41228070175538 11
40.4298245614045 43
40.45614035087819 9
40.45614035087819 42
40.508771929825556 11
40.561403508772926 3
40.605263157895735 11
40.63157894736942 17
40.64035087719398 41
40.666666666667666 28
40.70175438596591 11
40.73684210526416 50
40.771929824562406 7
40.78947368421153 24
40.79824561403609 11
40.815789473685214 48
40.85087719298346 12
40.85964912280802 31
40.89473684210627 6
40.89473684210627 11
40.99122807017645 11
41.00877192982557 25
41.087719298246625 11
41.15789473684312 36
41.184210526316804 11
41.192982456141365 54
41.28070175438698 11
41.35964912280804 20
41.37719298245716 11
41.456140350878215 17
41.47368421052734 11
41.51754385965015 15
41.53508771929927 29
41.570175438597516 11
41.570175438597516 42
41.58771929824664 7
41.58771929824664 24
41.5964912280712 35
41.622807017544886 6
41.64912280701857 47
41.666666666667695 11
41.76315789473787 11
41.833333333334366 46
41.85964912280805 11
41.885964912281736 3
41.938596491229106 57
41.94736842105367 0
41.95614035087823 2
41.95614035087823 11
41.97368421052735 30
41.982456140351914 12
42.01754385965016 10
42.05263157894841 11
42.149122807018585 11
42.16666666666771 9
42.2368421052642 36
42.245614035088764 11
42.26315789473789 33
42.28070175438701 17
42.31578947368526 25
42.33333333333438 37
42.34210526315894 11
42.3508771929835 6
42.38596491228175 24
42.39473684210631 7
42.40350877193087 4
42.43859649122912 11
42.5350877192993 11
42.570175438597545 45
42.57894736842211 23
42.59649122807123 52
42.631578947369476 11
42.728070175439655 11
42.728070175439655 15
42.79824561403615 48
42.82456140350983 11
42.92105263158001 11
42.92982456140457 14
43.01754385965019 11
43.07017543859756 16
43.07894736842212 6
43.08771929824668 49
43.105263157895806 17
43.11403508772037 11
43.11403508772037 12
43.11403508772037 32
43.14035087719405 50
43.18421052631686 24
43.201754385965984 7
43.210526315790545 3
43.210526315790545 11
43.307017543860724 11
43.315789473685285 36
43.359649122808094 42
43.4035087719309 11
43.43859649122915 34
43.473684210527395 26
43.50000000000108 11
43.50000000000108 39
43.5175438596502 47
43.526315789474765 22
43.59649122807126 11
43.62280701754494 25
43.62280701754494 43
43.692982456141436 11
43.789473684211615 11
43.789473684211615 20
43.80701754386074 6
43.87719298245723 9
43.88596491228179 11
43.894736842106354 27
43.92105263158004 41
43.9298245614046 17
43.93859649122916 15
43.956140350878286 56
43.98245614035197 11
43.98245614035197 24
44.008771929825656 7
44.008771929825656 46
44.07894736842215 11
44.17543859649233 11
44.2280701754397 55
44.24561403508882 12
44.263157894737944 30
44.271929824562505 11
44.28070175438707 0
44.315789473685314 1
44.368421052632684 11
44.39473684210637 36
44.429824561404615 53
44.46491228070286 11
44.47368421052742 42
44.535087719299355 3
44.535087719299355 4
44.535087719299355 6
44.56140350877304 11
44.65789473684322 11
44.754385964913396 11
44.754385964913396 17
44.78070175438708 24
44.78070175438708 48
44.81578947368533 7
44.850877192983575 11
44.92982456140463 25
44.94736842105375 11
45.04385964912393 11
45.14035087719411 11
45.14912280701867 15
45.23684210526429 11
45.26315789473797 6
45.31578947368534 43
45.333333333334465 11
45.377192982457274 12
45.377192982457274 57
45.385964912281835 47
45.429824561404644 11
45.44736842105377 2
45.47368421052745 36
45.52631578947482 11
45.543859649123945 50
45.543859649123945 54
45.57894736842219 24
45.58771929824675 42
45.58771929824675 46
45.596491228071315 17
45.60526315789588 9
45.622807017545 7
45.622807017545 11
45.701754385966055 28
45.71929824561518 11
45.815789473685356 11
45.859649122808165 3
45.868421052632726 16
45.912280701755535 11
45.921052631580096 38
45.93859649122922 44
45.964912280702904 10
45.99122807017659 6
46.00877192982571 11
46.070175438597644 8
46.08771929824677 52
46.10526315789589 11
46.122807017545014 41
46.1491228070187 49
46.15789473684326 39
46.20175438596607 11
46.21929824561519 20
46.236842105264316 25
46.29824561403625 11
46.29824561403625 23
46.35087719298362 27
46.35964912280818 15
46.3771929824573 24
46.3771929824573 44
46.394736842106425 11
46.42105263158011 17
46.42982456140467 7
46.42982456140467 14
46.45614035087836 1
46.491228070176604 11
46.50877192982573 12
46.552631578948535 30
46.552631578948535 36
46.58771929824678 11
46.66666666666784 4
46.66666666666784 33
46.68421052631696 11
46.70175438596608 42
46.71929824561521 6
46.763157894738015 48
46.78070175438714 11
46.85964912280819 35
46.877192982457316 11
46.973684210527495 11
47.07017543859767 11
47.11403508772048 44
47.16666666666785 11
47.16666666666785 46
47.17543859649241 0
47.17543859649241 24
47.184210526316974 3
47.236842105264344 7
47.245614035088906 17
47.245614035088906 47
47.26315789473803 11
47.30701754386084 9
47.3157894736854 40
47.342105263159084 37
47.35964912280821 11
47.36842105263277 32
47.447368421053824 6
47.456140350878385 11
47.543859649124 25
47.552631578948564 11
47.57017543859769 15
47.63157894736962 34
47.63157894736962 36
47.64035087719418 12
47.64912280701874 11
47.74561403508892 11
47.81578947368541 42
47.8421052631591 11
47.8421052631591 22
47.938596491229276 11
47.94736842105384 50
47.97368421052752 24
48.035087719299455 11
48.043859649124016 7
48.0701754385977 17
48.12280701754507 26
48.13157894736963 11
48.13157894736963 53
48.17543859649244 6
48.184210526317 44
48.22807017543981 11
48.32456140350999 11
48.412280701755606 41
48.42105263158017 11
48.508771929825784 3
48.517543859650345 11
48.614035087720524 11
48.64912280701877 20
48.66666666666789 16
48.7105263157907 11
48.7105263157907 36
48.71929824561526 51
48.74561403508895 48
48.76315789473807 39
48.77192982456263 12
48.77192982456263 24
48.780701754387195 15
48.79824561403632 4
48.79824561403632 27
48.80701754386088 11
48.82456140351 57
48.84210526315913 30
48.85087719298369 7
48.85087719298369 25
48.8947368421065 17
48.8947368421065 46
48.90350877193106 6
48.90350877193106 11
48.92982456140474 42
48.938596491229305 2
49.000000000001236 11
49.0087719298258 44
49.01754385965036 9
49.02631578947492 43
49.096491228071415 11
49.105263157895976 47
49.19298245614159 11
49.210526315790716 49
49.27192982456265 1
49.28947368421177 11
49.38596491228195 11
49.43859649122932 5
49.48245614035213 11
49.50877192982581 52
49.570175438597744 24
49.578947368422305 11
49.59649122807143 0
49.631578947369675 6
49.65789473684336 7
49.675438596492484 11
49.71929824561529 17
49.77192982456266 11
49.789473684211785 36
49.83333333333459 3
49.86842105263284 11
49.90350877193109 12
49.90350877193109 54
49.91228070175565 10
49.92982456140477 14
49.96491228070302 11
49.9912280701767 15
50.04385964912407 23
50.04385964912407 42
50.061403508773196 11
50.07017543859776 19
50.157894736843375 11
50.157894736843375 25
50.23684210526443 44
50.25438596491355 11
50.263157894738114 5
50.35087719298373 11
50.35087719298373 50
50.35964912280829 6
50.368421052632854 24
50.44736842105391 11
50.46491228070303 7
50.482456140352156 43
50.54385964912409 11
50.54385964912409 17
50.640350877194265 11
50.72807017543988 9
50.72807017543988 48
50.736842105264444 11
50.736842105264444 28
50.80701754386094 41
50.83333333333462 11
50.86842105263287 36
50.9298245614048 4
50.9298245614048 11
50.94736842105392 5
50.97368421052761 47
51.02631578947498 11
51.03508771929954 12
51.070175438597786 33
51.07894736842235 20
51.08771929824691 6
51.09649122807147 56
51.122807017545156 11
51.1578947368434 3
51.1578947368434 42
51.166666666667965 24
51.20175438596621 15
51.219298245615335 11
51.24561403508902 27
51.26315789473814 30
51.271929824562704 7
51.31578947368551 11
51.36842105263288 17
51.385964912282006 1
51.41228070175569 11
51.429824561404814 32
51.429824561404814 55
51.46491228070306 16
51.46491228070306 25
51.482456140352184 39
51.50877192982587 11
51.55263157894868 46
51.60526315789605 11
51.60526315789605 38
51.701754385966225 11
51.798245614036404 11
51.81578947368553 6
51.82456140351009 34
51.8684210526329 35
51.89473684210658 11
51.94736842105395 36
51.964912280703075 24
51.99122807017676 11
52.08771929824694 7
52.08771929824694 11
52.15789473684343 22
52.16666666666799 12
52.184210526317116 11
52.19298245614168 17
52.27192982456273 42
52.27192982456273 49
52.280701754387294 11
52.35087719298379 37
52.37719298245747 11
52.394736842106596 43
52.41228070175572 15
52.42982456140484 2
52.438596491229404 9
52.47368421052765 11
52.48245614035221 3
52.543859649124144 6
52.56140350877327 40
52.57017543859783 11
52.596491228071514 57
52.66666666666801 11
52.69298245614169 41
52.701754385966254 19
52.701754385966254 48
52.754385964913624 50
52.763157894738185 11
52.763157894738185 24
52.77192982456275 25
52.84210526315924 47
52.859649122808364 11
52.88596491228205 26
52.90350877193117 7
52.95614035087854 11
53.01754385965047 17
53.026315789475035 36
53.05263157894872 11
53.06140350877328 4
53.1491228070189 11
53.245614035089076 11
53.2631578947382 0
53.27192982456276 6
53.298245614036446 12
53.342105263159254 11
53.38596491228206 42
53.41228070175575 5
53.41228070175575 44
53.42982456140487 14
53.43859649122943 11
53.508771929825926 20
53.53508771929961 11
53.552631578948734 30
53.561403508773296 24
53.62280701754523 15
53.63157894736979 11
53.69298245614172 27
53.710526315790844 7
53.72807017543997 11
53.763157894738214 23
53.79824561403646 46
53.80701754386102 3
53.824561403510145 11
53.84210526315927 17
53.85964912280839 10
53.921052631580324 11
54.00000000000138 6
54.0175438596505 11
54.07894736842243 25
54.10526315789612 36
54.11403508772068 11
54.14912280701893 9
54.21052631579086 11
54.26315789473823 16
54.28070175438735 39
54.307017543861036 11
54.307017543861036 44
54.33333333333472 51
54.359649122808406 24
54.403508771931214 11
54.42105263158034 43
54.4298245614049 12
54.50000000000139 11
54.50000000000139 42
54.517543859650516 7
54.57894736842245 41
54.59649122807157 11
54.666666666668064 17
54.675438596492626 48
54.675438596492626 52
54.69298245614175 11
54.71052631579087 47
54.728070175439996 6
54.74561403508912 45
54.75438596491368 44
54.78947368421193 11
54.833333333334735 15
54.885964912282105 11
54.89473684210667 55
54.982456140352284 11
55.07894736842246 11
55.13157894736983 3
55.15789473684352 24
55.15789473684352 50
55.16666666666808 57
55.17543859649264 11
55.1842105263172 36
55.19298245614176 4
55.27192982456282 11
55.32456140351019 7
55.33333333333475 49
55.368421052632996 11
55.38596491228212 25
55.45614035087861 6
55.464912280703174 11
55.473684210527736 33
55.49122807017686 17
55.49122807017686 32
55.56140350877335 11
55.56140350877335 12
55.61403508772072 42
55.61403508772072 42
55.65789473684353 11
55.69298245614178 56
55.75438596491371 11
55.77192982456283 28
55.833333333334764 30
55.85087719298389 11
55.85964912280845 9
55.92105263158038 2
55.938596491229504 20
55.947368421054065 11
55.947368421054065 46
55.95614035087863 24
56.01754385965056 34
56.043859649124244 11
56.043859649124244 15
56.14035087719442 7
56.14035087719442 11
56.14035087719442 27
56.157894736843545 0
56.18421052631723 6
56.18421052631723 54
56.2368421052646 11
56.263157894738285 36
56.315789473685655 17
56.33333333333478 11
56.429824561404956 11
56.45614035087864 3
56.4649122807032 41
56.473684210527765 22
56.526315789475134 11
56.57017543859794 47
56.62280701754531 11
56.649122807019 48
56.692982456141806 12
56.692982456141806 25
56.71929824561549 11
56.72807017544005 42
56.745614035089176 44
56.75438596491374 24
56.78070175438742 35
56.81578947368567 11
56.894736842106724 39
56.91228070175585 6
56.91228070175585 11
56.91228070175585 43
56.92982456140497 14
56.947368421054094 7
57.008771929826025 11
57.061403508773395 16
57.08771929824708 40
57.1052631578962 11
57.14035087719445 17
57.20175438596638 11
57.20175438596638 29
57.25438596491375 15
57.29824561403656 11
57.324561403510245 4
57.34210526315937 36
57.35964912280849 37
57.385964912282176 26
57.39473684210674 11
57.429824561404985 46
57.482456140352355 23
57.491228070176916 11
57.55263157894885 24
57.56140350877341 50
57.57017543859797 9
57.587719298247094 11
57.640350877194464 6
57.68421052631727 11
57.692982456141834 57
57.73684210526464 52
57.754385964913766 7
57.78070175438745 3
57.78070175438745 11
57.798245614036574 8
57.807017543861136 10
57.82456140351026 12
57.84210526315938 42
57.87719298245763 11
57.964912280703246 17
57.97368421052781 11
58.00000000000149 25
58.03508771929974 44
58.070175438597985 11
58.16666666666816 11
58.18421052631729 30
58.26315789473834 11
58.28947368421203 29
58.35087719298396 24
58.35087719298396 41
58.35964912280852 11
58.36842105263308 6
58.36842105263308 20
58.39473684210677 49
58.42105263158045 36
58.42982456140501 47
58.4561403508787 11
58.46491228070326 15
58.52631578947519 38
58.552631578948876 11
58.56140350877344 7
58.58771929824712 27
58.63157894736993 48
58.649122807019054 11
58.6842105263173 0
58.701754385966424 55
58.74561403508923 11
58.78947368421204 17
58.84210526315941 11
58.93859649122959 11
58.95614035087871 12
58.95614035087871 42
59.03508771929977 11
59.0964912280717 6
59.10526315789626 3
59.131578947369945 11
59.14912280701907 24
59.19298245614188 53
59.22807017544012 11
59.22807017544012 56
59.27192982456293 9
59.30701754386118 25
59.30701754386118 46
59.3245614035103 11
59.36842105263311 7
59.41228070175592 2
59.42105263158048 11
59.45614035087873 4
59.500000000001535 36
59.51754385965066 11
59.552631578948905 32
59.614035087720836 11
59.614035087720836 17
59.67543859649277 15
59.710526315791014 11
59.80701754386119 11
59.824561403510316 6
59.85964912280856 16
59.877192982457686 33
59.90350877193137 11
59.94736842105418 24
59.9649122807033 50
