0.0 20
0.008771929824561403 1
0.03508771929824561 23
0.05263157894736842 36
0.05263157894736842 41
0.06140350877192982 16
0.06140350877192982 53
0.07894736842105263 24
0.08771929824561403 8
0.08771929824561403 28
0.10526315789473684 11
0.10526315789473684 15
0.14035087719298245 7
0.14912280701754385 26
0.26315789473684215 44
0.2719298245614036 55
0.28947368421052644 50
0.4561403508771936 25
0.5087719298245622 48
0.5614035087719308 35
0.5701754385964922 37
0.5964912280701765 47
0.6140350877192994 45
0.6315789473684222 54
0.666666666666668 27
0.7105263157894751 0
0.8070175438596509 29
0.8333333333333351 36
0.8771929824561423 7
0.9210526315789495 58
0.9473684210526337 24
1.096491228070178 17
1.1228070175438623 34
1.2982456140350909 39
1.3947368421052666 43
1.4298245614035123 15
1.4561403508771966 1
1.5701754385964952 51
1.5789473684210567 33
1.605263157894741 7
1.6140350877193024 36
1.6929824561403553 2
1.789473684210531 25
1.8070175438596539 11
1.8157894736842153 24
2.061403508771934 17
2.32456140350877 42
2.3421052631578925 29
2.3508771929824537 7
2.3859649122806985 47
2.3947368421052597 36
2.491228070175433 10
2.4999999999999942 3
2.6842105263157796 24
2.745614035087708 15
2.7719298245613917 8
2.877192982456126 41
2.9210526315789322 14
2.9385964912280547 6
2.9385964912280547 43
2.9736842105262995 22
3.0526315789473504 16
3.087719298245595 7
3.12280701754384 25
3.1754385964912073 36
3.1842105263157685 0
3.1929824561403297 1
3.3596491228069927 50
3.499999999999972 17
3.5526315789473393 24
3.587719298245584 9
3.6491228070175126 48
3.657894736842074 29
3.675438596491196 6
3.7631578947368083 27
3.7719298245613695 39
3.7719298245613695 44
3.8157894736841755 7
3.956140350877155 36
3.999999999999961 3
4.0614035087718925 15
4.096491228070139 11
4.105263157894701 4
4.105263157894701 53
4.175438596491194 47
4.228070175438564 57
4.412280701754359 6
4.42105263157892 24
4.429824561403482 20
4.447368421052605 45
4.456140350877167 25
4.543859649122783 7
4.543859649122783 7
4.543859649122783 11
4.649122807017523 1
4.73684210526314 36
4.763157894736825 29
5.043859649122798 55
5.061403508771921 17
5.070175438596483 28
5.0964912280701675 26
5.149122807017537 6
5.175438596491222 2
5.271929824561401 7
5.289473684210524 24
5.37719298245614 15
5.5000000000000036 3
5.517543859649127 35
5.517543859649127 36
5.596491228070182 37
5.657894736842113 41
5.675438596491237 42
5.701754385964922 34
5.701754385964922 48
5.7280701754386065 54
5.74561403508773 9
5.763157894736853 29
5.789473684210538 25
5.885964912280716 6
5.912280701754401 43
5.921052631578963 11
5.964912280701771 47
6.008771929824579 7
6.043859649122826 16
6.061403508771949 8
6.087719298245634 33
6.1578947368421275 24
6.166666666666689 44
6.289473684210552 23
6.298245614035114 36
6.3596491228070455 50
6.464912280701785 0
6.578947368421087 14
6.622807017543895 6
6.684210526315827 15
6.728070175438635 51
6.736842105263197 7
6.763157894736882 1
6.771929824561443 11
6.780701754386005 4
6.833333333333375 57
6.91228070175443 17
6.929824561403553 44
7.000000000000046 3
7.000000000000046 11
7.026315789473731 24
7.078947368421101 36
7.122807017543909 25
7.1929824561404025 22
7.359649122807074 6
7.377192982456197 42
7.4210526315790055 20
7.464912280701814 7
7.473684210526375 44
7.640350877193047 48
7.71052631578954 58
7.719298245614102 29
7.754385964912348 47
7.859649122807088 36
7.894736842105335 1
7.894736842105335 24
7.964912280701828 27
7.964912280701828 45
7.991228070175513 15
8.000000000000075 11
8.096491228070253 6
8.192982456140431 7
8.45614035087728 25
8.473684210526404 41
8.500000000000089 3
8.640350877193075 36
8.657894736842199 2
8.692982456140445 42
8.701754385965007 50
8.710526315789568 39
8.763157894736938 24
8.807017543859747 29
8.82456140350887 0
8.833333333333432 6
8.912280701754487 53
8.921052631579048 7
8.92982456140361 8
9.03508771929835 16
9.070175438596596 55
9.24561403508783 44
9.2982456140352 15
9.403508771929939 17
9.421052631579062 36
9.535087719298364 47
9.543859649122926 1
9.552631578947487 9
9.57017543859661 6
9.631578947368542 24
9.649122807017665 7
9.649122807017665 7
9.710526315789597 26
9.789473684210652 25
9.824561403508898 44
9.99122807017557 34
10.008771929824693 57
10.052631578947501 11
10.061403508772063 28
10.166666666666803 29
10.192982456140488 42
10.20175438596505 36
10.210526315789611 14
10.25438596491242 11
10.271929824561543 35
10.30701754385979 6
10.35964912280716 44
10.377192982456283 7
10.429824561403652 27
10.429824561403652 51
10.491228070175584 33
10.500000000000146 11
10.500000000000146 24
10.605263157894885 15
10.622807017544009 37
10.701754385965064 48
10.728070175438749 43
10.859649122807173 11
10.912280701754543 23
10.982456140351037 36
11.043859649122968 6
11.043859649122968 50
11.1052631578949 7
11.114035087719461 54
11.122807017544023 25
11.245614035087886 11
11.280701754386133 0
11.280701754386133 29
11.307017543859818 41
11.324561403508941 47
11.36842105263175 24
11.377192982456311 1
11.403508771929996 22
11.58771929824579 45
11.605263157894914 39
11.754385964912462 10
11.763157894737024 17
11.763157894737024 36
11.771929824561585 3
11.780701754386147 6
11.780701754386147 58
11.833333333333517 7
11.859649122807202 9
11.912280701754572 15
12.026315789473873 16
12.052631578947558 20
12.11403508771949 8
12.11403508771949 11
12.131578947368613 4
12.140350877193175 2
12.236842105263353 24
12.403508771930024 29
12.456140350877394 25
12.517543859649326 6
12.54385964912301 36
12.561403508772134 7
12.570175438596696 43
12.631578947368627 17
12.710526315789682 44
12.771929824561614 48
13.035087719298463 11
13.105263157894957 24
13.105263157894957 47
13.219298245614258 15
13.254385964912505 6
13.271929824561628 3
13.271929824561628 57
13.289473684210751 7
13.324561403508998 36
13.324561403508998 41
13.38596491228093 50
13.456140350877423 17
13.60526315789497 53
13.719298245614272 55
13.736842105263396 9
13.780701754386204 51
13.789473684210765 25
13.798245614035327 27
13.842105263158135 14
13.97368421052656 24
13.991228070175683 6
14.017543859649368 7
14.070175438596738 39
14.105263157894985 36
14.201754385965163 8
14.263157894737095 17
14.28947368421078 34
14.403508771930081 0
14.438596491228328 4
14.526315789473944 15
14.55263157894763 42
14.657894736842369 43
14.684210526316054 26
14.728070175438862 6
14.745614035087986 7
14.77192982456167 3
14.842105263158164 24
14.885964912280972 36
14.894736842105534 47
14.92982456140378 33
15.017543859649397 16
15.052631578947643 28
15.052631578947643 29
15.061403508772205 17
15.122807017544137 25
15.464912280702041 6
15.473684210526603 7
15.587719298245904 11
15.61403508771959 9
15.622807017544151 2
15.649122807017836 37
15.66666666666696 36
15.67543859649152 22
15.692982456140644 23
15.710526315789767 24
15.72807017543889 58
15.789473684210822 44
15.807017543859946 50
15.83333333333363 15
15.859649122807316 17
15.982456140351179 48
16.000000000000302 57
16.20175438596522 6
16.20175438596522 7
16.271929824561713 3
16.30701754385996 8
16.447368421052946 36
16.456140350877508 25
16.491228070175755 43
16.51754385964944 4
16.51754385964944 11
16.57894736842137 24
16.657894736842426 17
16.67543859649155 29
16.701754385965234 47
16.710526315789796 35
16.745614035088042 20
16.850877192982782 54
16.929824561403837 7
16.9385964912284 6
16.973684210526645 1
17.140350877193317 15
17.15789473684244 41
17.228070175438933 36
17.298245614035427 0
17.298245614035427 51
17.333333333333673 39
17.438596491228413 42
17.447368421052975 24
17.456140350877536 17
17.47368421052666 14
17.491228070175783 9
17.58771929824596 55
17.64035087719333 45
17.657894736842454 7
17.675438596491578 6
17.771929824561756 3
17.771929824561756 53
17.78947368421088 25
17.84210526315825 27
17.877192982456496 44
18.00877192982492 16
18.00877192982492 36
18.149122807017907 50
18.201754385965277 48
18.254385964912647 17
18.31578947368458 24
18.38596491228107 7
18.412280701754757 6
18.447368421053003 15
18.48245614035125 34
18.48245614035125 47
18.526315789474058 11
18.59649122807055 4
18.64035087719336 43
18.666666666667044 42
18.789473684210908 36
18.833333333333716 11
18.973684210526702 8
19.052631578947757 17
19.105263157895127 2
19.11403508771969 7
19.12280701754425 1
19.12280701754425 11
19.12280701754425 20
19.12280701754425 25
19.149122807017935 6
19.184210526316182 24
19.245614035088114 26
19.254385964912675 41
19.2719298245618 3
19.368421052631977 9
19.43859649122847 29
19.570175438596895 36
19.570175438596895 57
19.692982456140758 11
19.692982456140758 33
19.692982456140758 39
19.75438596491269 15
19.81578947368462 42
19.842105263158306 7
19.850877192982868 17
19.86842105263199 44
19.885964912281114 6
19.92105263157936 22
19.991228070175854 23
20.0263157894741 28
20.052631578947786 24
20.210526315789895 0
20.22807017543902 48
20.263157894737265 47
20.315789473684635 58
20.350877192982882 36
20.45614035087762 25
20.45614035087762 43
20.464912280702183 29
20.49122807017587 50
20.570175438596923 7
20.622807017544293 6
20.649122807017978 17
20.675438596491663 4
20.675438596491663 37
20.77192982456184 3
20.92105263157939 24
20.956140350877636 55
20.964912280702197 42
21.000000000000444 16
21.061403508772376 15
21.096491228070622 14
21.13157894736887 36
21.1929824561408 44
21.201754385965362 51
21.263157894737294 45
21.280701754386417 9
21.29824561403554 7
21.359649122807472 6
21.39473684210572 41
21.44736842105309 17
21.45614035087765 20
21.62280701754432 53
21.67543859649169 29
21.745614035088185 44
21.789473684210993 24
21.789473684210993 25
21.807017543860116 1
21.894736842105733 54
21.912280701754856 36
21.921052631579418 8
22.026315789474157 7
22.04385964912328 47
22.09649122807065 6
22.114035087719774 42
22.184210526316267 48
22.2456140350882 17
22.271929824561884 3
22.29824561403557 10
22.368421052632062 15
22.394736842105747 35
22.587719298246103 2
22.657894736842596 24
22.67543859649172 34
22.692982456140843 36
22.754385964912775 4
22.754385964912775 7
22.83333333333383 6
22.83333333333383 50
22.84210526315839 11
22.903508771930323 29
23.017543859649624 27
23.04385964912331 17
23.122807017544364 25
23.131578947368926 39
23.14912280701805 9
23.14912280701805 43
23.26315789473735 42
23.377192982456652 11
23.47368421052683 36
23.482456140351392 7
23.5263157894742 24
23.5263157894742 44
23.561403508772447 1
23.57017543859701 6
23.614035087719817 0
23.675438596491748 15
23.771929824561926 3
23.824561403509296 47
23.84210526315842 17
23.991228070175968 16
24.026315789474214 41
24.149122807018077 22
24.149122807018077 33
24.21052631579001 7
24.254385964912817 36
24.307017543860187 6
24.333333333333872 26
24.359649122807557 48
24.37719298245668 11
24.394736842105804 24
24.412280701754927 42
24.42105263157949 51
24.456140350877735 25
24.464912280702297 55
24.508771929825105 23
24.64035087719353 17
24.719298245614585 14
24.719298245614585 29
24.771929824561955 45
24.771929824561955 57
24.833333333333886 4
24.938596491228626 7
24.938596491228626 11
24.982456140351434 15
25.00877192982512 28
25.026315789474243 9
25.035087719298804 36
25.043859649123366 6
25.043859649123366 44
25.17543859649179 50
25.263157894737407 24
25.27192982456197 3
25.350877192983024 53
25.394736842105832 11
25.43859649122864 17
25.561403508772504 42
25.605263157895312 47
25.666666666667243 7
25.70175438596549 37
25.780701754386545 6
25.789473684211107 25
25.81578947368479 11
25.81578947368479 36
25.877192982456723 29
25.947368421053216 39
25.982456140351463 44
26.07017543859708 2
26.13157894736901 24
26.23684210526375 17
26.28947368421112 15
26.33333333333393 54
26.350877192983052 58
26.39473684210586 7
26.403508771930422 41
26.517543859649724 6
26.587719298246217 0
26.59649122807078 36
26.71052631579008 42
26.76315789473745 1
26.77192982456201 3
26.86842105263219 34
26.912280701754998 4
26.938596491228683 9
26.964912280702368 43
26.98245614035149 16
27.000000000000615 24
27.03508771929886 17
27.122807017544478 7
27.122807017544478 25
27.254385964912903 6
27.377192982456766 36
27.385964912281327 47
27.44736842105326 27
27.464912280702382 44
27.517543859649752 50
27.596491228070807 15
27.631578947369054 29
27.82456140350941 20
27.83333333333397 17
27.850877192983095 7
27.859649122807657 42
27.86842105263222 24
27.912280701755027 51
27.93859649122871 11
27.99122807017608 6
28.157894736842753 36
28.236842105263808 45
28.271929824562054 3
28.342105263158548 14
28.35087719298311 22
28.35964912280767 35
28.40350877193048 43
28.438596491228726 48
28.447368421053287 44
28.45614035087785 25
28.578947368421712 7
28.631578947369082 17
28.640350877193644 33
28.66666666666733 8
28.72807017543926 6
28.736842105263822 24
28.745614035088384 11
28.815789473684877 9
28.84210526315856 39
28.903508771930493 15
28.93859649122874 36
28.99122807017611 4
29.008771929825233 42
29.070175438597165 29
29.09649122807085 26
29.166666666667343 47
29.192982456141028 53
29.20175438596559 1
29.280701754386644 0
29.30701754386033 7
29.377192982456823 23
29.429824561404192 17
29.46491228070244 6
29.491228070176124 55
29.552631578948056 2
29.57894736842174 11
29.605263157895426 24
29.719298245614727 36
29.771929824562097 3
29.771929824562097 11
29.78947368421122 25
29.84210526315859 44
29.859649122807713 50
29.90350877193052 27
29.973684210527015 16
29.982456140351577 28
30.035087719298946 7
30.184210526316495 11
30.201754385965618 6
30.201754385965618 41
30.21052631579018 15
30.228070175439303 17
30.236842105263865 29
30.245614035088426 42
30.32456140350948 44
30.47368421052703 24
30.500000000000714 36
30.69298245614107 9
30.728070175439317 37
30.73684210526388 8
30.763157894737564 7
30.824561403509495 57
30.85087719298318 1
30.90350877193055 43
30.938596491228797 6
30.938596491228797 44
30.94736842105336 58
30.96491228070248 47
31.026315789474413 17
31.06140350877266 34
31.07017543859722 4
31.096491228070906 10
31.12280701754459 25
31.201754385965646 51
31.27192982456214 3
31.2807017543867 36
31.342105263158633 24
31.394736842106003 42
31.473684210527058 45
31.49122807017618 7
31.517543859649866 15
31.552631578948112 39
31.58771929824636 48
31.675438596491976 6
31.789473684211277 29
31.824561403509524 17
31.96491228070251 14
32.061403508772685 36
32.07894736842181 1
32.20175438596567 50
32.20175438596567 50
32.21052631579023 24
32.219298245614794 7
32.24561403508848 20
32.41228070175515 6
32.45614035087796 25
32.543859649123576 27
32.55263157894814 22
32.5614035087727 9
32.62280701754463 17
32.745614035088494 47
32.77192982456218 3
32.798245614035864 43
32.807017543860425 42
32.807017543860425 54
32.82456140350955 11
32.82456140350955 15
32.84210526315867 36
32.912280701755165 29
32.92982456140429 53
32.94736842105341 7
32.964912280702535 16
33.00877192982534 55
33.03508771929903 2
33.07894736842184 24
33.122807017544645 41
33.14912280701833 4
33.14912280701833 6
33.15789473684289 1
33.289473684211316 35
33.29824561403588 11
33.342105263158686 57
33.41228070175518 8
33.42105263157974 17
33.552631578948166 48
33.57894736842185 23
33.62280701754466 36
33.67543859649203 7
33.78947368421133 25
33.88596491228151 6
33.921052631579755 29
33.94736842105344 24
33.956140350878 42
34.01754385964993 33
34.06140350877274 11
34.12280701754467 39
34.131578947369235 15
34.21929824561485 17
34.236842105263975 44
34.26315789473766 43
34.27192982456222 3
34.394736842106084 0
34.403508771930646 7
34.403508771930646 36
34.42982456140433 9
34.52631578947451 47
34.54385964912363 50
34.62280701754469 6
34.710526315790304 58
34.73684210526399 20
34.815789473685044 24
34.96491228070259 28
34.99122807017628 44
35.01754385964996 17
35.10526315789558 42
35.1228070175447 25
35.13157894736926 7
35.18421052631663 36
35.192982456141195 1
35.22807017543944 4
35.236842105264 10
35.254385964913126 34
35.359649122807866 6
35.38596491228155 51
35.43859649122892 15
35.456140350878044 11
35.517543859649976 41
35.561403508772784 8
35.58771929824647 14
35.68421052631665 24
35.75438596491314 37
35.771929824562264 3
35.81578947368507 17
35.833333333334195 48
35.85964912280788 7
35.95614035087806 16
35.96491228070262 36
36.043859649123675 29
36.07017543859736 57
36.096491228071045 6
36.21052631579035 11
36.254385964913155 42
36.29824561403596 9
36.307017543860525 47
36.368421052632456 45
36.45614035087807 25
36.49122807017632 1
36.50000000000088 27
36.517543859650004 2
36.53508771929913 44
36.54385964912369 43
36.55263157894825 24
36.5877192982465 7
36.61403508772018 11
36.61403508772018 17
36.74561403508861 15
36.74561403508861 36
36.75438596491317 22
36.833333333334224 6
36.885964912281594 50
36.885964912281594 53
37.01754385965002 54
37.18421052631669 20
37.27192982456231 3
37.30701754386055 4
37.315789473685115 7
37.40350877193073 42
37.41228070175529 11
37.41228070175529 17
37.421052631579855 24
37.526315789474594 36
37.5701754385974 6
37.578947368421964 29
37.60526315789565 23
37.692982456141266 39
37.7543859649132 48
37.789473684211444 25
37.789473684211444 26
37.80701754386057 44
37.842105263158814 41
37.92982456140443 58
37.947368421053554 43
37.956140350878115 11
37.96491228070268 1
37.97368421052724 8
37.99122807017636 35
38.04385964912373 7
38.052631578948294 15
38.08771929824654 47
38.166666666667595 9
38.2105263157904 17
38.28947368421146 24
38.30701754386058 6
38.30701754386058 36
38.377192982457075 11
38.55263157894831 42
38.60526315789568 44
38.77192982456235 3
38.77192982456235 7
38.83333333333428 33
38.94736842105358 16
39.008771929825514 17
39.04385964912376 6
39.07894736842201 1
39.08771929824657 36
39.122807017544815 25
39.122807017544815 51
39.14035087719394 55
39.1491228070185 27
39.15789473684306 24
39.21052631579043 14
39.228070175439555 50
39.35964912280798 15
39.385964912281665 4
39.385964912281665 43
39.447368421053596 34
39.500000000000966 7
39.701754385965884 42
39.77192982456238 45
39.78070175438694 6
39.807017543860624 17
39.868421052632556 36
39.868421052632556 47
39.921052631579926 29
39.93859649122905 28
39.98245614035186 20
40.00000000000098 2
40.017543859650104 11
40.017543859650104 57
40.026315789474666 24
40.06140350877291 9
40.14912280701853 41
40.22807017543958 7
40.26315789473783 44
40.27192982456239 3
40.3157894736852 39
40.38596491228169 1
40.45614035087819 25
40.51754385965012 6
40.605263157895735 17
40.64912280701854 36
40.666666666667666 15
40.70175438596591 0
40.74561403508872 44
40.78070175438697 37
40.78947368421153 43
40.85087719298346 42
40.89473684210627 24
40.9561403508782 7
40.9561403508782 22
40.96491228070276 11
40.973684210527324 48
40.99122807017645 53
41.17543859649224 8
41.236842105264174 44
41.2543859649133 6
41.403508771930845 17
41.41228070175541 10
41.42982456140453 36
41.46491228070278 4
41.50000000000102 54
41.54385964912383 23
41.561403508772955 27
41.570175438597516 50
41.64912280701857 47
41.68421052631682 7
41.728070175439626 58
41.73684210526419 29
41.76315789473787 24
41.771929824562434 3
41.78947368421156 25
41.929824561404544 9
41.938596491229106 16
41.97368421052735 15
41.991228070176476 6
42.00000000000104 42
42.201754385965955 17
42.21052631579052 36
42.32456140350982 44
42.37719298245719 1
42.412280701755435 7
42.42982456140456 43
42.60526315789579 55
42.631578947369476 24
42.728070175439655 6
42.833333333334394 14
42.894736842106326 41
42.91228070175545 39
42.92105263158001 20
42.991228070176504 36
43.000000000001066 17
43.052631578948436 11
43.07894736842212 51
43.12280701754493 25
43.14035087719405 7
43.149122807018614 42
43.16666666666774 26
43.27192982456248 3
43.28070175438704 15
43.42982456140459 47
43.46491228070283 6
43.48245614035196 2
43.50000000000108 24
43.54385964912389 4
43.64035087719407 11
43.64912280701863 29
43.64912280701863 34
43.77192982456249 36
43.798245614036176 17
43.80701754386074 9
43.842105263158984 48
43.86842105263267 1
43.86842105263267 7
43.91228070175548 50
43.956140350878286 8
44.0438596491239 57
44.14035087719408 33
44.20175438596601 6
44.29824561403619 42
44.33333333333444 35
44.368421052632684 24
44.40350877193093 27
44.4561403508783 25
44.55263157894848 36
44.587719298246725 15
44.59649122807129 7
44.59649122807129 17
44.745614035088835 11
44.77192982456252 3
44.82456140350989 43
44.912280701755506 28
44.92982456140463 16
44.93859649122919 6
45.15789473684323 22
45.2105263157906 47
45.23684210526429 24
45.29824561403622 11
45.30701754386078 1
45.324561403509904 7
45.333333333334465 36
45.3947368421064 17
45.40350877193096 53
45.429824561404644 39
45.44736842105377 23
45.44736842105377 42
45.47368421052745 29
45.57017543859763 20
45.622807017545 4
45.67543859649237 6
45.68421052631693 9
45.69298245614149 58
45.72807017543974 11
45.78947368421167 25
45.807017543860795 37
45.89473684210641 15
45.90350877193097 45
46.05263157894852 7
46.10526315789589 24
46.11403508772045 36
46.19298245614151 17
46.19298245614151 54
46.25438596491344 50
46.27192982456256 3
46.41228070175555 1
46.41228070175555 6
46.41228070175555 43
46.45614035087836 14
46.500000000001165 55
46.53508771929941 29
46.552631578948535 51
46.59649122807134 42
46.70175438596608 11
46.78070175438714 7
46.815789473685385 27
46.89473684210644 36
46.91228070175556 41
46.96491228070293 2
46.973684210527495 24
46.99122807017662 17
46.99122807017662 47
47.078947368422234 8
47.09649122807136 48
47.12280701754504 25
47.14912280701873 6
47.2017543859661 15
47.298245614036276 57
47.508771929825755 7
47.561403508773125 9
47.58771929824681 44
47.67543859649243 36
47.70175438596611 4
47.719298245615235 1
47.74561403508892 42
47.771929824562605 3
47.78947368421173 17
47.81578947368541 43
47.8421052631591 24
47.8421052631591 34
47.885964912281906 6
47.92105263158015 16
48.23684210526437 7
48.28070175438718 0
48.28947368421174 39
48.32456140350999 11
48.42982456140473 26
48.456140350878414 25
48.456140350878414 36
48.508771929825784 15
48.570175438597715 11
48.58771929824684 17
48.5964912280714 50
48.60526315789596 20
48.622807017545085 6
48.622807017545085 29
48.69298245614158 33
48.7105263157907 24
48.77192982456263 47
48.82456140351 44
48.8947368421065 42
48.96491228070299 7
48.991228070176675 11
49.02631578947492 58
49.11403508772054 41
49.2368421052644 36
49.27192982456265 3
49.28947368421177 1
49.29824561403633 8
49.315789473685456 48
49.34210526315914 27
49.359649122808264 6
49.368421052632826 11
49.38596491228195 17
49.38596491228195 22
49.39473684210651 53
49.43859649122932 9
49.45614035087844 23
49.464912280703004 45
49.578947368422305 24
49.65789473684336 35
49.66666666666792 43
49.69298245614161 7
49.71929824561529 29
49.78070175438722 4
49.789473684211785 25
49.81578947368547 15
49.88596491228196 28
50.01754385965039 36
50.01754385965039 55
50.04385964912407 42
50.07894736842232 14
50.09649122807144 6
50.1754385964925 57
50.18421052631706 17
50.377192982457416 44
50.421052631580224 7
50.44736842105391 2
50.44736842105391 24
50.49122807017672 11
50.55263157894865 47
50.77192982456269 3
50.78947368421181 1
50.798245614036375 36
50.83333333333462 6
50.83333333333462 37
50.88596491228199 0
50.91228070175568 16
50.93859649122936 50
50.98245614035217 17
51.07894736842235 41
51.114035087720595 29
51.122807017545156 15
51.122807017545156 25
51.14912280701884 7
51.14912280701884 44
51.19298245614165 42
51.19298245614165 43
51.31578947368551 9
51.31578947368551 24
51.36842105263288 20
51.50000000000131 8
51.51754385965043 51
51.5701754385978 6
51.57894736842236 36
51.754385964913595 27
51.77192982456272 44
51.78070175438728 17
51.859649122808335 4
51.87719298245746 7
51.95614035087851 11
52.00877192982588 1
52.03508771929957 34
52.184210526317116 24
52.27192982456273 3
52.30701754386098 6
52.333333333334664 54
52.342105263159226 42
52.35964912280835 36
52.36842105263291 47
52.42982456140484 15
52.45614035087853 25
52.57894736842239 17
52.596491228071514 43
52.605263157896076 7
52.78947368421187 45
52.98245614035223 58
53.04385964912416 6
53.04385964912416 48
53.05263157894872 24
53.14035087719434 36
53.17543859649258 53
53.192982456141706 9
53.28070175438732 50
53.33333333333469 7
53.35964912280838 23
53.3771929824575 17
53.4912280701768 42
53.500000000001364 11
53.57894736842242 39
53.58771929824698 22
53.68421052631716 55
53.69298245614172 41
53.69298245614172 44
53.70175438596628 14
53.72807017543997 20
53.73684210526453 15
53.763157894738214 11
53.771929824562775 3
53.78070175438734 6
53.7894736842119 25
53.877192982457515 1
53.9035087719312 16
53.921052631580324 24
53.921052631580324 36
53.929824561404885 2
53.93859649122945 4
54.00000000000138 43
54.02631578947506 29
54.05263157894875 33
54.06140350877331 7
54.14912280701893 47
54.17543859649261 17
54.21052631579086 27
54.33333333333472 35
54.517543859650516 6
54.64035087719438 42
54.70175438596631 36
54.74561403508912 51
54.78947368421193 7
54.78947368421193 24
54.85964912280842 28
54.97368421052772 17
55.043859649124215 15
55.10526315789615 9
55.12280701754527 25
55.254385964913695 6
55.27192982456282 3
55.40350877193124 43
55.4824561403523 36
55.517543859650544 7
55.56140350877335 44
55.60526315789616 29
55.622807017545284 50
55.64912280701897 8
55.65789473684353 24
55.736842105264586 41
55.77192982456283 17
55.789473684211956 42
55.79824561403652 48
55.85964912280845 37
55.90350877193126 26
55.92982456140494 47
55.991228070176874 6
56.008771929826 39
56.01754385965056 4
56.22807017544004 34
56.24561403508916 0
56.24561403508916 7
56.263157894738285 36
56.3508771929839 15
56.368421052633025 58
56.45614035087864 25
56.526315789475134 24
56.57017543859794 17
56.62280701754531 27
56.684210526317244 11
56.72807017544005 6
56.77192982456286 3
56.80701754386111 43
56.894736842106724 16
56.93859649122953 42
56.97368421052778 7
56.98245614035234 9
57.02631578947515 53
57.04385964912427 36
57.166666666668135 11
57.26315789473831 23
57.324561403510245 14
57.36842105263305 17
57.385964912282176 1
57.39473684210674 24
57.41228070175586 2
57.46491228070323 6
57.60526315789622 10
57.65789473684359 15
57.701754385966396 7
57.72807017544008 20
57.72807017544008 47
57.745614035089204 41
57.78947368421201 22
57.78947368421201 25
57.82456140351026 36
57.850877192983944 57
57.903508771931314 8
57.92105263158044 55
57.956140350878684 11
57.956140350878684 51
57.964912280703246 44
57.964912280703246 50
58.08771929824711 42
58.09649122807167 4
58.16666666666816 17
58.20175438596641 6
58.21052631579097 43
58.26315789473834 24
58.2719298245629 3
58.28947368421203 54
58.42982456140501 7
58.438596491229575 11
58.596491228071685 48
58.605263157896246 36
58.61403508772081 1
58.64035087719449 29
58.73684210526467 33
58.78947368421204 0
58.807017543861164 45
58.85087719298397 9
58.93859649122959 6
58.964912280703274 15
58.964912280703274 17
59.00877192982608 35
59.03508771929977 27
59.122807017545384 25
59.131578947369945 24
59.15789473684363 7
59.16666666666819 44
59.236842105264685 42
59.38596491228223 36
59.4385964912296 39
59.508771929826096 47
59.59649122807171 11
59.614035087720836 43
59.67543859649277 6
59.72807017544014 44
59.763157894738384 17
59.771929824562946 3
59.83333333333488 28
59.84210526315944 29
59.88596491228225 7
59.88596491228225 16
