0.03508771929824561 23
0.09649122807017543 10
0.13157894736842105 52
0.15789473684210525 15
0.26315789473684215 5
0.26315789473684215 19
0.3070175438596493 18
0.3070175438596493 38
0.3684210526315793 7
0.3947368421052636 25
0.3947368421052636 57
0.4210526315789479 24
0.42982456140350933 1
0.6140350877192994 26
0.6315789473684222 12
0.6842105263157908 55
0.7017543859649137 40
0.8157894736842123 34
0.850877192982458 30
0.8859649122807037 58
0.912280701754388 22
0.9473684210526337 47
1.1140350877193008 17
1.1228070175438623 16
1.219298245614038 24
1.2368421052631609 48
1.2456140350877223 32
1.2719298245614066 11
1.280701754385968 29
1.3070175438596523 7
1.3070175438596523 18
1.3947368421052666 59
1.403508771929828 28
1.403508771929828 46
1.4385964912280738 4
1.4736842105263195 1
1.5000000000000038 15
1.5175438596491266 43
1.587719298245618 39
1.5964912280701795 2
1.5964912280701795 3
1.6228070175438638 20
1.7543859649122853 25
1.7807017543859696 27
1.850877192982461 31
1.8771929824561453 12
1.8771929824561453 19
1.8947368421052682 11
1.9035087719298296 44
1.9298245614035139 36
1.9298245614035139 37
2.0175438596491277 24
2.0438596491228114 41
2.0877192982456174 11
2.149122807017546 14
2.192982456140352 7
2.2105263157894743 6
2.2631578947368416 5
2.289473684210525 11
2.3421052631578925 19
2.3947368421052597 17
2.4385964912280658 5
2.456140350877188 18
2.482456140350872 11
2.6754385964912184 11
2.8157894736841977 24
2.824561403508759 47
2.83333333333332 15
2.868421052631565 11
2.912280701754371 57
2.9210526315789322 36
2.9298245614034935 3
2.9385964912280547 6
3.0175438596491055 12
3.0263157894736668 7
3.0614035087719116 11
3.1052631578947176 29
3.114035087719279 25
3.157894736842085 30
3.2192982456140133 46
3.254385964912258 11
3.4473684210526048 11
3.491228070175411 9
3.5175438596490944 4
3.5263157894736556 5
3.535087719298217 43
3.6052631578947065 17
3.6140350877192677 24
3.6403508771929514 11
3.6403508771929514 59
3.657894736842074 48
3.666666666666635 6
3.833333333333298 11
3.8596491228069816 7
3.885964912280665 8
3.912280701754349 36
3.9912280701753997 16
3.999999999999961 52
4.026315789473646 11
4.043859649122769 23
4.131578947368386 41
4.131578947368386 58
4.157894736842071 15
4.228070175438564 27
4.2368421052631255 18
4.2631578947368105 3
4.342105263157865 55
4.394736842105235 6
4.412280701754359 24
4.429824561403482 12
4.447368421052605 11
4.482456140350852 17
4.482456140350852 25
4.596491228070153 42
4.640350877192962 11
4.68421052631577 7
4.73684210526314 46
4.73684210526314 47
4.833333333333318 11
4.850877192982441 20
4.903508771929811 36
4.964912280701743 44
5.026315789473674 11
5.087719298245606 2
5.087719298245606 26
5.1228070175438525 6
5.157894736842099 22
5.166666666666661 1
5.210526315789469 24
5.210526315789469 38
5.219298245614031 11
5.219298245614031 34
5.280701754385962 32
5.403508771929825 40
5.412280701754387 11
5.48245614035088 15
5.5000000000000036 43
5.508771929824565 7
5.570175438596497 59
5.596491228070182 3
5.596491228070182 4
5.622807017543867 17
5.64035087719299 19
5.666666666666675 30
5.69298245614036 11
5.763157894736853 14
5.807017543859661 12
5.815789473684223 39
5.842105263157908 25
5.85087719298247 6
5.885964912280716 11
5.894736842105278 36
5.938596491228086 57
6.008771929824579 24
6.026315789473703 29
6.026315789473703 49
6.078947368421073 11
6.149122807017566 48
6.192982456140374 42
6.192982456140374 50
6.271929824561429 11
6.271929824561429 56
6.333333333333361 28
6.342105263157922 7
6.3596491228070455 46
6.4122807017544154 9
6.464912280701785 11
6.54385964912284 10
6.5614035087719635 19
6.578947368421087 6
6.578947368421087 59
6.605263157894772 5
6.605263157894772 47
6.657894736842142 11
6.80701754385969 15
6.80701754385969 24
6.850877192982498 11
6.85964912280706 16
6.885964912280745 36
6.903508771929868 37
6.929824561403553 3
6.929824561403553 17
6.973684210526361 18
7.0438596491228544 11
7.140350877193033 19
7.175438596491279 7
7.201754385964964 25
7.236842105263211 11
7.2456140350877725 27
7.307017543859704 6
7.333333333333389 42
7.429824561403567 11
7.55263157894743 58
7.587719298245677 12
7.6052631578948 24
7.614035087719362 29
7.6228070175439235 11
7.6228070175439235 43
7.631578947368485 18
7.6754385964912935 4
7.719298245614102 59
7.736842105263225 1
7.754385964912348 17
7.81578947368428 11
7.81578947368428 52
7.8245614035088416 18
7.8771929824562115 36
7.903508771929896 55
8.008771929824636 7
8.008771929824636 11
8.035087719298321 6
8.035087719298321 30
8.061403508772006 46
8.1315789473685 15
8.201754385964993 11
8.210526315789554 48
8.263157894736924 3
8.307017543859732 41
8.394736842105349 11
8.40350877192991 24
8.473684210526404 47
8.56140350877202 25
8.578947368421144 2
8.578947368421144 42
8.587719298245705 11
8.736842105263253 31
8.736842105263253 59
8.763157894736938 6
8.763157894736938 44
8.780701754386062 11
8.780701754386062 17
8.842105263157993 7
8.868421052631678 36
8.973684210526418 11
9.008771929824665 23
9.008771929824665 45
9.08771929824572 39
9.166666666666774 11
9.201754385965021 24
9.333333333333446 14
9.35964912280713 11
9.394736842105377 20
9.403508771929939 22
9.403508771929939 32
9.456140350877309 15
9.491228070175556 6
9.552631578947487 11
9.57017543859661 29
9.578947368421172 43
9.596491228070295 3
9.631578947368542 26
9.67543859649135 7
9.72807017543872 16
9.745614035087844 11
9.754385964912405 4
9.798245614035213 17
9.842105263158022 34
9.859649122807145 36
9.868421052631707 46
9.921052631579077 25
9.9385964912282 1
9.9385964912282 11
10.000000000000131 24
10.017543859649255 19
10.035087719298378 12
10.061403508772063 59
10.09649122807031 38
10.105263157894871 27
10.131578947368556 11
10.219298245614173 6
10.289473684210666 19
10.315789473684351 30
10.315789473684351 30
10.324561403508913 11
10.350877192982598 47
10.385964912280844 48
10.403508771929967 44
10.464912280701899 41
10.508771929824707 7
10.517543859649269 11
10.675438596491379 17
10.710526315789625 11
10.780701754386119 15
10.780701754386119 40
10.798245614035242 24
10.850877192982612 36
10.903508771929982 11
10.929824561403667 3
10.94736842105279 6
11.05263157894753 29
11.096491228070338 11
11.149122807017708 43
11.175438596491393 59
11.254385964912448 28
11.280701754386133 25
11.31578947368438 55
11.342105263158064 7
11.359649122807188 18
11.359649122807188 57
11.394736842105434 11
11.403508771929996 58
11.517543859649297 17
11.596491228070352 24
11.675438596491407 6
11.815789473684394 5
11.833333333333517 4
11.842105263158079 36
11.842105263158079 39
11.877192982456325 18
11.877192982456325 37
11.894736842105448 42
11.95614035087738 1
12.070175438596682 2
12.096491228070366 9
12.105263157894928 15
12.175438596491421 7
12.21929824561423 47
12.245614035087915 31
12.263157894737038 3
12.298245614035284 46
12.350877192982654 17
12.394736842105463 24
12.403508771930024 6
12.48245614035108 48
12.59649122807038 16
12.59649122807038 30
12.640350877193189 25
12.657894736842312 19
12.692982456140559 11
12.710526315789682 41
12.833333333333545 36
12.85964912280723 44
12.885964912280915 11
12.894736842105477 14
12.9122807017546 23
12.982456140351093 10
13.008771929824778 7
13.026315789473902 12
13.026315789473902 42
13.078947368421272 11
13.12280701754408 27
13.131578947368642 6
13.149122807017765 18
13.149122807017765 56
13.166666666666888 17
13.192982456140573 24
13.271929824561628 11
13.429824561403738 15
13.4385964912283 59
13.464912280701984 11
13.596491228070409 3
13.622807017544094 29
13.649122807017779 22
13.65789473684234 11
13.76315789473708 57
13.824561403509012 36
13.842105263158135 7
13.850877192982697 11
13.859649122807259 6
13.912280701754629 4
13.964912280701999 46
13.991228070175683 24
14.000000000000245 25
14.043859649123053 11
14.070175438596738 17
14.0789473684213 47
14.23684210526341 11
14.359649122807273 34
14.368421052631835 26
14.429824561403766 11
14.44736842105289 9
14.491228070175698 44
14.587719298245876 6
14.596491228070438 12
14.622807017544122 11
14.631578947368684 48
14.66666666666693 43
14.675438596491492 7
14.754385964912547 15
14.763157894737109 55
14.789473684210794 24
14.815789473684479 8
14.815789473684479 11
14.815789473684479 36
14.868421052631849 30
14.87719298245641 32
14.885964912280972 17
14.92982456140378 3
15.000000000000274 20
15.008771929824835 11
15.131578947368698 29
15.14035087719326 58
15.201754385965192 11
15.254385964912561 59
15.315789473684493 6
15.359649122807301 25
15.394736842105548 11
15.429824561403795 46
15.464912280702041 16
15.500000000000288 7
15.56140350877222 2
15.587719298245904 11
15.587719298245904 24
15.701754385965206 17
15.72807017543889 40
15.763157894737137 31
15.78070175438626 11
15.807017543859946 36
15.824561403509069 39
15.929824561403809 38
15.93859649122837 47
15.973684210526617 11
15.99122807017574 4
16.04385964912311 6
16.04385964912311 41
16.078947368421357 15
16.166666666666973 9
16.166666666666973 11
16.184210526316097 28
16.219298245614343 49
16.26315789473715 3
16.271929824561713 52
16.289473684210837 57
16.324561403509083 7
16.35964912280733 11
16.385964912281015 24
16.42105263157926 43
16.456140350877508 14
16.51754385964944 17
16.526315789474 19
16.543859649123124 27
16.552631578947686 11
16.666666666666988 1
16.666666666666988 48
16.719298245614358 25
16.719298245614358 59
16.745614035088042 11
16.745614035088042 18
16.771929824561727 6
16.78947368421085 19
16.78947368421085 23
16.798245614035412 36
16.83333333333366 10
16.850877192982782 37
16.9385964912284 11
16.9385964912284 18
17.0526315789477 19
17.087719298245947 12
17.131578947368755 11
17.140350877193317 30
17.14912280701788 42
17.14912280701788 50
17.15789473684244 7
17.166666666667002 18
17.184210526316125 24
17.280701754386303 29
17.31578947368455 19
17.32456140350911 11
17.32456140350911 17
17.403508771930166 15
17.438596491228413 44
17.464912280702098 20
17.500000000000345 6
17.517543859649468 11
17.561403508772276 18
17.5789473684214 19
17.5789473684214 46
17.596491228070523 3
17.710526315789824 11
17.78947368421088 36
17.79824561403544 1
17.79824561403544 47
17.84210526315825 19
17.885964912281057 22
17.89473684210562 9
17.90350877193018 11
17.982456140351236 24
17.991228070175797 7
18.070175438596852 4
18.078947368421414 25
18.096491228070537 11
18.1052631578951 19
18.140350877193345 17
18.192982456140715 41
18.201754385965277 55
18.228070175438962 6
18.289473684210893 11
18.3333333333337 16
18.36842105263195 19
18.48245614035125 11
18.54385964912318 29
18.59649122807055 39
18.631578947368798 19
18.675438596491606 11
18.69298245614073 56
18.70175438596529 48
18.728070175438976 15
18.75438596491266 26
18.780701754386346 24
18.780701754386346 36
18.824561403509154 7
18.842105263158277 43
18.868421052631962 11
18.894736842105647 19
18.91228070175477 34
18.91228070175477 46
18.929824561403894 3
18.95614035087758 6
18.95614035087758 17
18.95614035087758 57
18.991228070175826 27
18.991228070175826 32
19.052631578947757 2
19.06140350877232 11
19.157894736842497 19
19.16666666666706 52
19.210526315789867 59
19.254385964912675 11
19.289473684210922 49
19.421052631579347 19
19.421052631579347 30
19.43859649122847 25
19.44736842105303 11
19.464912280702155 50
19.561403508772333 42
19.578947368421456 24
19.614035087719703 9
19.614035087719703 44
19.640350877193388 11
19.65789473684251 7
19.65789473684251 47
19.666666666667073 1
19.684210526316196 6
19.684210526316196 19
19.692982456140758 31
19.771929824561813 17
19.771929824561813 36
19.833333333333744 11
19.929824561403922 20
19.929824561403922 29
19.947368421053046 19
20.01754385964954 14
20.0263157894741 11
20.052631578947786 15
20.149122807017964 4
20.17543859649165 44
20.210526315789895 19
20.219298245614457 11
20.263157894737265 3
20.263157894737265 12
20.28947368421095 46
20.377192982456567 24
20.39473684210569 43
20.412280701754813 6
20.412280701754813 11
20.473684210526745 19
20.49122807017587 7
20.49122807017587 59
20.587719298246046 17
20.60526315789517 11
20.65789473684254 23
20.6666666666671 18
20.684210526316225 10
20.728070175439033 58
20.736842105263595 19
20.745614035088156 48
20.76315789473728 36
20.798245614035526 11
20.798245614035526 25
20.991228070175882 11
21.000000000000444 19
21.105263157895184 28
21.114035087719746 41
21.14035087719343 6
21.175438596491677 24
21.18421052631624 11
21.201754385965362 16
21.24561403508817 39
21.263157894737294 19
21.324561403509225 7
21.333333333333787 9
21.377192982456595 11
21.377192982456595 15
21.40350877193028 17
21.438596491228527 27
21.51754385964958 47
21.526315789474143 19
21.526315789474143 59
21.57017543859695 11
21.596491228070636 3
21.67543859649169 40
21.710526315789938 30
21.754385964912746 36
21.763157894737308 11
21.789473684210993 19
21.798245614035554 44
21.82456140350924 37
21.868421052632048 6
21.956140350877664 11
21.973684210526788 24
22.008771929825034 43
22.008771929825034 55
22.052631578947842 19
22.114035087719774 52
22.122807017544336 5
22.122807017544336 22
22.131578947368897 12
22.14912280701802 11
22.157894736842582 7
22.157894736842582 25
22.184210526316267 29
22.219298245614514 17
22.228070175439075 4
22.29824561403557 57
22.30701754386013 50
22.315789473684692 19
22.315789473684692 42
22.315789473684692 46
22.342105263158377 11
22.385964912281185 20
22.429824561403993 49
22.50877192982505 45
22.51754385964961 18
22.535087719298733 11
22.543859649123295 2
22.57017543859698 38
22.57894736842154 19
22.596491228070665 6
22.701754385965405 15
22.701754385965405 56
22.72807017543909 11
22.745614035088213 36
22.771929824561898 24
22.771929824561898 48
22.84210526315839 19
22.921052631579446 11
22.929824561404008 3
22.99122807017594 7
23.026315789474186 17
23.04385964912331 9
23.061403508772433 18
23.10526315789524 19
23.114035087719802 11
23.114035087719802 32
23.122807017544364 59
23.140350877193487 1
23.245614035088227 12
23.25438596491279 44
23.30701754386016 11
23.324561403509282 6
23.333333333333844 26
23.36842105263209 19
23.377192982456652 47
23.500000000000515 11
23.51754385964964 25
23.53508771929876 31
23.561403508772447 43
23.57017543859701 14
23.57017543859701 24
23.605263157895255 34
23.63157894736894 19
23.69298245614087 11
23.73684210526368 36
23.74561403508824 39
23.824561403509296 7
23.84210526315842 17
23.885964912281228 11
23.885964912281228 27
23.89473684210579 19
23.982456140351406 30
24.026315789474214 15
24.0526315789479 6
24.06140350877246 46
24.070175438597023 16
24.078947368421584 11
24.131578947368954 44
24.15789473684264 19
24.26315789473738 3
24.27192982456194 11
24.280701754386502 42
24.307017543860187 4
24.307017543860187 41
24.359649122807557 12
24.36842105263212 24
24.42105263157949 19
24.464912280702297 11
24.52631578947423 23
24.53508771929879 10
24.5789473684216 58
24.622807017544407 50
24.64035087719353 44
24.657894736842653 7
24.657894736842653 11
24.657894736842653 17
24.68421052631634 19
24.728070175439147 36
24.75438596491283 9
24.780701754386516 6
24.79824561403564 48
24.842105263158448 20
24.842105263158448 52
24.85087719298301 11
24.877192982456695 25
24.938596491228626 1
24.947368421053188 19
25.000000000000558 44
25.043859649123366 11
25.12280701754442 59
25.149122807018106 29
25.149122807018106 57
25.16666666666723 24
25.210526315790037 19
25.236842105263722 11
25.236842105263722 47
25.350877192983024 15
25.42982456140408 11
25.473684210526887 12
25.473684210526887 17
25.473684210526887 19
25.49122807017601 7
25.49122807017601 49
25.508771929825134 6
25.508771929825134 44
25.59649122807075 3
25.622807017544435 11
25.719298245614613 36
25.736842105263737 19
25.75438596491286 18
25.81578947368479 11
25.824561403509353 42
25.96491228070234 24
26.000000000000586 19
26.008771929825148 11
26.02631578947427 28
26.035087719298833 2
26.061403508772518 1
26.061403508772518 40
26.201754385965504 11
26.23684210526375 6
26.23684210526375 25
26.254385964912874 30
26.263157894737436 19
26.28947368421112 17
26.307017543860244 44
26.324561403509367 7
26.33333333333393 27
26.359649122807614 22
26.3859649122813 4
26.39473684210586 11
26.464912280702354 9
26.526315789474285 18
26.526315789474285 19
26.587719298246217 11
26.587719298246217 12
26.59649122807078 59
26.60526315789534 56
26.675438596491833 15
26.71052631579008 36
26.76315789473745 18
26.76315789473745 24
26.780701754386573 11
26.789473684211135 19
26.798245614035697 37
26.833333333333943 48
26.87719298245675 46
26.885964912281313 31
26.92982456140412 3
26.938596491228683 16
26.938596491228683 50
26.964912280702368 6
26.97368421052693 11
27.008771929825176 39
27.052631578947985 19
27.096491228070793 47
27.105263157895354 17
27.122807017544478 14
27.157894736842724 7
27.166666666667286 11
27.23684210526378 1
27.271929824562026 8
27.29824561403571 20
27.315789473684834 19
27.359649122807642 11
27.552631578948 11
27.56140350877256 24
27.578947368421684 19
27.596491228070807 25
27.596491228070807 25
27.692982456140985 6
27.701754385965547 12
27.701754385965547 36
27.745614035088355 11
27.842105263158533 19
27.88596491228134 26
27.921052631579588 17
27.921052631579588 43
27.92982456140415 44
27.93859649122871 11
27.973684210526958 32
27.98245614035152 7
28.000000000000643 15
28.03508771929889 18
28.04385964912345 52
28.04385964912345 57
28.105263157895383 19
28.105263157895383 19
28.131578947369068 11
28.14035087719363 59
28.166666666667314 9
28.263157894737493 3
28.324561403509424 11
28.35964912280767 24
28.368421052632232 19
28.385964912281356 10
28.385964912281356 23
28.41228070175504 41
28.421052631579602 6
28.46491228070241 4
28.51754385964978 11
28.535087719298904 30
28.543859649123466 58
28.552631578948027 49
28.631578947369082 19
28.692982456141014 36
28.710526315790137 11
28.736842105263822 17
28.736842105263822 44
28.754385964912945 55
28.78070175438663 27
28.807017543860315 7
28.807017543860315 42
28.815789473684877 12
28.859649122807685 48
28.89473684210593 19
28.903508771930493 11
28.956140350877863 25
28.956140350877863 47
29.008771929825233 46
29.035087719298918 29
29.09649122807085 11
29.09649122807085 18
29.14912280701822 6
29.15789473684278 19
29.15789473684278 24
29.15789473684278 59
29.25438596491296 50
29.289473684211206 11
29.324561403509453 15
29.3596491228077 18
29.42105263157963 19
29.447368421053316 43
29.482456140351562 11
29.51754385964981 1
29.52631578947437 2
29.552631578948056 17
29.596491228070864 3
29.640350877193672 7
29.67543859649192 11
29.68421052631648 19
29.68421052631648 36
29.692982456141042 38
29.710526315790165 44
29.754385964912974 20
29.807017543860344 16
29.824561403509467 34
29.868421052632275 11
29.877192982456837 6
29.877192982456837 9
29.929824561404207 12
29.94736842105333 19
29.95614035087789 24
30.0000000000007 42
30.06140350877263 11
30.21052631579018 19
30.254385964912988 11
30.31578947368492 25
30.36842105263229 17
30.447368421053344 11
30.447368421053344 46
30.47368421052703 7
30.47368421052703 19
30.543859649123522 4
30.552631578948084 31
30.596491228070892 22
30.605263157895454 6
30.6403508771937 11
30.649122807018262 15
30.675438596491947 14
30.675438596491947 36
30.73684210526388 19
30.754385964913002 24
30.780701754386687 52
30.807017543860372 30
30.815789473684934 47
30.833333333334057 11
30.833333333334057 41
30.89473684210599 48
30.929824561404235 3
30.94736842105336 28
30.95614035087792 57
31.00000000000073 19
31.026315789474413 11
31.035087719298975 59
31.043859649123537 12
31.096491228070906 43
31.184210526316523 17
31.21929824561477 11
31.21929824561477 29
31.22807017543933 27
31.263157894737578 19
31.307017543860386 7
31.33333333333407 6
31.38596491228144 42
31.412280701755126 11
31.526315789474427 19
31.552631578948112 24
31.570175438597236 50
31.58771929824636 9
31.605263157895482 11
31.614035087720044 1
31.614035087720044 49
31.622807017544606 5
31.666666666667414 36
31.675438596491976 25
31.684210526316537 18
31.710526315790222 45
31.736842105263907 46
31.771929824562154 37
31.789473684211277 19
31.79824561403584 11
31.815789473684962 58
31.947368421053387 44
31.97368421052707 15
31.991228070176195 11
32.00000000000075 17
32.05263157894812 19
32.05263157894812 55
32.061403508772685 6
32.14035087719374 7
32.15789473684286 12
32.18421052631655 11
32.21052631579023 20
32.23684210526392 10
32.23684210526392 29
32.24561403508848 23
32.2631578947376 3
32.29824561403585 56
32.31578947368497 19
32.324561403509534 39
32.35087719298322 24
32.377192982456904 11
32.57017543859726 11
32.57894736842182 19
32.62280701754463 4
32.62280701754463 44
32.65789473684288 36
32.675438596492 16
32.675438596492 47
32.71929824561481 18
32.76315789473762 11
32.7894736842113 6
32.798245614035864 43
32.807017543860425 17
32.81578947368499 32
32.84210526315867 19
32.92982456140429 48
32.95614035087797 11
32.9736842105271 7
33.017543859649905 2
33.03508771929903 25
33.03508771929903 46
33.07894736842184 30
33.10526315789552 19
33.14912280701833 11
33.14912280701833 24
33.184210526316576 26
33.27192982456219 12
33.29824561403588 9
33.29824561403588 15
33.342105263158686 11
33.35964912280781 40
33.36842105263237 19
33.51754385964992 6
33.53508771929904 11
33.596491228070974 3
33.596491228070974 44
33.6140350877201 42
33.62280701754466 17
33.63157894736922 19
33.649122807018344 36
33.67543859649203 27
33.7280701754394 11
33.807017543860454 7
33.88596491228151 50
33.89473684210607 19
33.921052631579755 11
33.94736842105344 24
34.01754385964993 57
34.11403508772011 11
34.15789473684292 19
34.22807017543941 14
34.245614035088536 6
34.30701754386047 11
34.38596491228152 12
34.394736842106084 25
34.42105263157977 19
34.43859649122889 17
34.500000000000824 11
34.53508771929907 47
34.62280701754469 15
34.64035087719381 7
34.64035087719381 36
34.657894736842934 34
34.666666666667496 20
34.666666666667496 59
34.67543859649206 49
34.68421052631662 19
34.69298245614118 11
34.70175438596574 4
34.719298245614866 8
34.73684210526399 41
34.74561403508855 24
34.74561403508855 39
34.83333333333417 22
34.88596491228154 11
34.90350877193066 46
34.929824561404345 3
34.94736842105347 19
34.95614035087803 48
34.97368421052715 6
35.00000000000084 9
35.07894736842189 11
35.21052631579032 19
35.254385964913126 17
35.254385964913126 17
35.27192982456225 11
35.350877192983305 30
35.38596491228155 31
35.38596491228155 38
35.456140350878044 58
35.464912280702606 7
35.464912280702606 11
35.47368421052717 19
35.48245614035173 42
35.50000000000085 12
35.54385964912366 16
35.54385964912366 24
35.63157894736928 36
35.65789473684296 11
35.70175438596577 6
35.719298245614894 55
35.73684210526402 19
35.75438596491314 25
35.85087719298332 11
35.86842105263244 28
35.9473684210535 15
36.00000000000087 19
36.03508771929911 29
36.043859649123675 11
36.07017543859736 17
36.08771929824648 10
36.10526315789561 23
36.11403508772017 52
36.12280701754473 27
36.201754385965785 50
36.23684210526403 11
36.263157894737716 3
36.263157894737716 19
36.2894736842114 7
36.34210526315877 24
36.39473684210614 47
36.42982456140439 6
36.42982456140439 11
36.42982456140439 18
36.50877192982544 2
36.526315789474566 19
36.56140350877281 59
36.5877192982465 18
36.61403508772018 12
36.622807017544744 11
36.622807017544744 36
36.631578947369306 43
36.64912280701843 42
36.7017543859658 9
36.74561403508861 37
36.780701754386854 4
36.780701754386854 44
36.789473684211416 19
36.8157894736851 11
36.885964912281594 17
36.97368421052721 18
36.98245614035177 41
36.98245614035177 48
37.00877192982546 11
37.052631578948265 19
37.1140350877202 25
37.12280701754476 7
37.12280701754476 20
37.14035087719388 24
37.157894736843005 6
37.20175438596581 11
37.27192982456231 15
37.315789473685115 19
37.39473684210617 11
37.421052631579855 57
37.43859649122898 18
37.578947368421964 19
37.587719298246526 11
37.59649122807109 3
37.61403508772021 36
37.62280701754477 30
37.684210526316704 46
37.70175438596583 17
37.72807017543951 12
37.736842105264074 49
37.76315789473776 42
37.78070175438688 11
37.78070175438688 14
37.842105263158814 19
37.88596491228162 6
37.894736842106184 39
37.93859649122899 24
37.956140350878115 7
37.97368421052724 11
37.99122807017636 45
38.0964912280711 59
38.10526315789566 19
38.166666666667595 11
38.17543859649216 1
38.25438596491321 47
38.35964912280795 11
38.36842105263251 19
38.41228070175532 9
38.41228070175532 16
38.47368421052725 25
38.51754385965006 17
38.51754385965006 50
38.55263157894831 11
38.57017543859743 27
38.596491228071116 15
38.60526315789568 36
38.61403508772024 6
38.63157894736936 19
38.7368421052641 24
38.745614035088664 11
38.754385964913226 29
38.77192982456235 31
38.78947368421147 7
38.78947368421147 32
38.807017543860596 26
38.84210526315884 12
38.859649122807966 4
38.89473684210621 19
38.92982456140446 3
38.93859649122902 11
39.061403508772884 48
39.070175438597445 22
39.13157894736938 11
39.1491228070185 52
39.15789473684306 19
39.21929824561499 41
39.24561403508868 43
39.2631578947378 59
39.32456140350973 11
39.333333333334295 8
39.333333333334295 17
39.34210526315886 6
39.42105263157991 19
39.51754385965009 11
39.53508771929921 24
39.57894736842202 20
39.596491228071145 36
39.61403508772027 7
39.657894736843076 55
39.68421052631676 19
39.710526315790446 11
39.83333333333431 25
39.859649122807994 46
39.87719298245712 57
39.89473684210624 30
39.9035087719308 11
39.912280701755364 1
39.912280701755364 34
39.921052631579926 15
39.93859649122905 10
39.94736842105361 19
39.94736842105361 42
39.95614035087817 12
39.964912280702734 23
40.00000000000098 2
40.070175438597474 6
40.09649122807116 11
40.10526315789572 40
40.11403508772028 9
40.11403508772028 47
40.122807017544844 44
40.14035087719397 58
40.14912280701853 17
40.21052631579046 19
40.26315789473783 3
40.289473684211515 11
40.33333333333432 24
40.342105263158885 18
40.43859649122906 7
40.47368421052731 19
40.48245614035187 11
40.58771929824661 36
40.67543859649223 11
40.719298245615036 29
40.73684210526416 18
40.73684210526416 19
40.78947368421153 28
40.79824561403609 6
40.79824561403609 49
40.83333333333434 50
40.85964912280802 43
40.868421052632584 11
40.93859649122908 4
40.96491228070276 17
40.96491228070276 59
41.00000000000101 19
41.01754385965013 27
41.06140350877294 11
41.06140350877294 42
41.0701754385975 12
41.087719298246625 48
41.131578947369434 24
41.192982456141365 25
41.21052631579049 18
41.245614035088735 15
41.2543859649133 11
41.26315789473786 7
41.26315789473786 19
41.28070175438698 16
41.33333333333435 14
41.350877192983475 39
41.3684210526326 41
41.38596491228172 46
41.44736842105365 11
41.52631578947471 6
41.52631578947471 19
41.57894736842208 36
41.5964912280712 3
41.622807017544886 38
41.64035087719401 11
41.719298245615065 37
41.780701754386996 17
41.78947368421156 19
41.824561403509804 9
41.833333333334366 11
41.929824561404544 24
41.97368421052735 8
41.97368421052735 47
42.02631578947472 11
42.035087719299284 20
42.05263157894841 19
42.087719298246654 7
42.17543859649227 30
42.17543859649227 42
42.18421052631683 12
42.21929824561508 11
42.254385964913325 6
42.31578947368526 19
42.3508771929835 56
42.37719298245719 57
42.412280701755435 11
42.55263157894842 25
42.570175438597545 15
42.570175438597545 36
42.57894736842211 19
42.58771929824667 1
42.59649122807123 17
42.60526315789579 11
42.728070175439655 24
42.736842105264216 59
42.79824561403615 11
42.842105263158956 19
42.91228070175545 7
42.92982456140457 3
42.938596491229134 44
42.98245614035194 6
42.991228070176504 11
43.01754385965019 4
43.02631578947475 46
43.105263157895806 19
43.12280701754493 48
43.149122807018614 50
43.18421052631686 11
43.21929824561511 31
43.24561403508879 26
43.2894736842116 42
43.29824561403616 12
43.307017543860724 22
43.368421052632655 19
43.37719298245722 11
43.39473684210634 18
43.4035087719309 17
43.46491228070283 27
43.49122807017652 2
43.526315789474765 9
43.526315789474765 24
43.56140350877301 36
43.57017543859757 11
43.631578947369505 19
43.71052631579056 6
43.736842105264245 7
43.76315789473793 11
43.77192982456249 18
43.789473684211615 10
43.82456140350986 23
43.83333333333442 47
43.85964912280811 49
43.894736842106354 15
43.894736842106354 19
43.91228070175548 25
43.956140350878286 11
44.000000000001094 18
44.07894736842215 58
44.14912280701864 11
44.14912280701864 16
44.157894736843204 19
44.20175438596601 29
44.20175438596601 41
44.219298245615136 17
44.263157894737944 3
44.28070175438707 32
44.30701754386075 55
44.324561403509875 24
44.342105263159 11
44.41228070175549 12
44.421052631580054 19
44.43859649122918 6
44.44736842105374 30
44.49122807017655 20
44.52631578947479 1
44.535087719299355 11
44.55263157894848 36
44.5701754385976 7
44.57894736842216 46
44.57894736842216 52
44.61403508772041 42
44.6842105263169 19
44.71929824561515 34
44.72807017543971 11
44.745614035088835 18
44.76315789473796 59
44.859649122808136 39
44.88596491228182 14
44.92105263158007 11
44.94736842105375 19
44.94736842105375 43
45.03508771929937 17
45.0964912280713 4
45.114035087720424 11
45.122807017544986 24
45.15789473684323 48
45.166666666667794 6
45.2105263157906 19
45.219298245615164 15
45.23684210526429 9
45.25438596491341 29
45.271929824562534 25
45.30701754386078 11
45.40350877193096 7
45.46491228070289 50
45.47368421052745 19
45.491228070176575 18
45.50000000000114 11
45.52631578947482 12
45.543859649123945 36
45.58771929824675 40
45.596491228071315 3
45.622807017545 1
45.69298245614149 11
45.69298245614149 47
45.71052631579062 28
45.72807017543974 42
45.7368421052643 19
45.815789473685356 57
45.8508771929836 17
45.88596491228185 11
45.89473684210641 5
45.89473684210641 6
45.912280701755535 27
45.921052631580096 24
46.00000000000115 19
46.078947368422206 11
46.14035087719414 18
46.236842105264316 7
46.263157894738 19
46.27192982456256 11
46.46491228070292 11
46.48245614035204 38
46.52631578947485 19
46.53508771929941 18
46.53508771929941 36
46.543859649123974 15
46.62280701754503 6
46.63157894736959 25
46.64035087719415 12
46.657894736843275 11
46.657894736843275 17
46.69298245614152 37
46.71929824561521 24
46.72807017543977 30
46.77192982456258 31
46.7894736842117 19
46.85087719298363 11
46.929824561404686 3
46.93859649122925 43
46.94736842105381 9
46.94736842105381 20
46.94736842105381 42
46.96491228070293 49
46.982456140352056 2
47.0175438596503 16
47.04385964912399 11
47.05263157894855 19
47.07017543859767 7
47.17543859649241 4
47.184210526316974 48
47.236842105264344 11
47.298245614036276 59
47.3157894736854 19
47.350877192983646 6
47.4298245614047 11
47.47368421052751 17
47.48245614035207 55
47.51754385965032 24
47.52631578947488 36
47.543859649124 22
47.552631578948564 58
47.57017543859769 47
47.57894736842225 19
47.59649122807137 46
47.62280701754506 11
47.64035087719418 10
47.68421052631699 23
47.71052631579067 29
47.7280701754398 52
47.75438596491348 12
47.75438596491348 44
47.78070175438717 1
47.78070175438717 50
47.81578947368541 11
47.8421052631591 19
47.86842105263278 15
47.90350877193103 7
47.96491228070296 39
47.991228070176646 25
48.00877192982577 11
48.06140350877314 42
48.07894736842226 6
48.10526315789595 19
48.201754385966126 11
48.26315789473806 3
48.27192982456262 26
48.27192982456262 57
48.28070175438718 59
48.28947368421174 17
48.31578947368543 24
48.359649122808236 27
48.3684210526328 19
48.39473684210648 11
48.43859649122929 14
48.517543859650345 36
48.58771929824684 11
48.60526315789596 43
48.63157894736965 19
48.65789473684333 9
48.69298245614158 5
48.73684210526439 7
48.780701754387195 11
48.80701754386088 6
48.86842105263281 1
48.86842105263281 12
48.8947368421065 19
48.95614035087843 18
48.96491228070299 8
48.97368421052755 11
49.000000000001236 30
49.000000000001236 32
49.096491228071415 17
49.11403508772054 24
49.11403508772054 56
49.157894736843346 19
49.16666666666791 11
49.19298245614159 15
49.210526315790716 48
49.254385964913524 4
49.28947368421177 59
49.3508771929837 25
49.359649122808264 11
49.37719298245739 34
49.39473684210651 42
49.40350877193107 20
49.421052631580196 19
49.42982456140476 29
49.42982456140476 47
49.50877192982581 18
49.50877192982581 36
49.5350877192995 6
49.55263157894862 11
49.56140350877318 7
49.59649122807143 3
49.684210526317045 19
49.736842105264415 18
49.74561403508898 11
49.88596491228196 16
49.91228070175565 17
49.91228070175565 24
49.93859649122933 11
49.947368421053895 19
49.95614035087846 18
49.98245614035214 12
50.02631578947495 49
50.09649122807144 50
50.13157894736969 11
50.14035087719425 18
50.18421052631706 31
50.210526315790744 19
50.210526315790744 41
50.263157894738114 6
50.315789473685484 18
50.324561403510046 11
50.35087719298373 46
50.35964912280829 9
50.38596491228198 7
50.473684210527594 2
50.473684210527594 19
50.49122807017672 18
50.50000000000128 36
50.50877192982584 42
50.5175438596504 11
50.5175438596504 15
50.526315789474964 40
50.55263157894865 29
50.631578947369704 1
50.631578947369704 28
50.66666666666795 18
50.71052631579076 11
50.71052631579076 24
50.71052631579076 25
50.71929824561532 17
50.736842105264444 19
50.80701754386094 27
50.83333333333462 18
50.903508771931115 11
50.9298245614048 3
50.99122807017673 6
51.00000000000129 18
51.00000000000129 19
51.09649122807147 11
51.09649122807147 12
51.122807017545156 52
51.122807017545156 55
51.166666666667965 18
51.219298245615335 7
51.23684210526446 48
51.26315789473814 19
51.271929824562704 30
51.28947368421183 11
51.28947368421183 47
51.333333333334636 4
51.333333333334636 18
51.35964912280832 44
51.39473684210657 43
51.46491228070306 57
51.482456140352184 11
51.491228070176746 10
51.491228070176746 36
51.50000000000131 18
51.50877192982587 24
51.52631578947499 17
51.52631578947499 19
51.543859649124116 23
51.5701754385978 8
51.62280701754517 42
51.66666666666798 18
51.66666666666798 37
51.67543859649254 11
51.71929824561535 6
51.78070175438728 22
51.78947368421184 19
51.82456140351009 46
51.83333333333465 18
51.84210526315921 15
51.859649122808335 20
51.8684210526329 11
51.99122807017676 14
52.00000000000132 18
52.04385964912413 7
52.05263157894869 19
52.06140350877325 9
52.06140350877325 11
52.070175438597815 25
52.131578947369746 39
52.15789473684343 29
52.16666666666799 18
52.2105263157908 12
52.236842105264486 44
52.25438596491361 11
52.26315789473817 3
52.30701754386098 24
52.31578947368554 5
52.31578947368554 19
52.342105263159226 17
52.342105263159226 18
52.40350877193116 58
52.41228070175572 50
52.41228070175572 59
52.447368421053966 6
52.447368421053966 11
52.48245614035221 36
52.5087719298259 18
52.57894736842239 19
52.64035087719432 11
52.7368421052645 42
52.74561403508906 41
52.754385964913624 16
52.78947368421187 18
52.82456140351012 26
52.83333333333468 11
52.84210526315924 19
52.868421052632925 7
52.95614035087854 18
53.01754385965047 1
53.026315789475035 11
53.08771929824697 49
53.10526315789609 19
53.10526315789609 24
53.12280701754521 18
53.1491228070189 17
53.1491228070189 47
53.16666666666802 15
53.17543859649258 6
53.21929824561539 11
53.21929824561539 29
53.25438596491364 27
53.2631578947382 48
53.28070175438732 18
53.32456140351013 12
53.36842105263294 19
53.41228070175575 4
53.41228070175575 11
53.42982456140487 25
53.447368421053994 18
53.47368421052768 36
53.59649122807154 3
53.605263157896104 11
53.614035087720666 18
53.63157894736979 19
53.69298245614172 7
53.771929824562775 9
53.78070175438734 18
53.79824561403646 11
53.815789473685584 57
53.84210526315927 5
53.89473684210664 19
53.9035087719312 6
53.9035087719312 24
53.91228070175576 42
53.94736842105401 18
53.95614035087857 17
53.96491228070313 2
53.99122807017682 11
54.087719298246995 30
54.11403508772068 18
54.15789473684349 19
54.18421052631717 11
54.21929824561542 31
54.23684210526454 59
54.28070175438735 18
54.28070175438735 55
54.3157894736856 20
54.37719298245753 11
54.42105263158034 19
54.43859649122946 12
54.44736842105402 18
54.464912280703146 36
54.49122807017683 15
54.52631578947508 7
54.570175438597886 11
54.614035087720694 18
54.63157894736982 6
54.68421052631719 19
54.70175438596631 24
54.728070175439996 50
54.76315789473824 11
54.76315789473824 17
54.780701754387366 18
54.78947368421193 25
54.79824561403649 45
54.929824561404914 3
54.94736842105404 18
54.94736842105404 19
54.9561403508786 11
55.02631578947509 47
55.03508771929965 1
55.11403508772071 18
55.11403508772071 42
55.149122807018955 11
55.21052631579089 19
55.21052631579089 44
55.254385964913695 43
55.28070175438738 18
55.2982456140365 48
55.34210526315931 10
55.34210526315931 11
55.359649122808435 6
55.359649122808435 7
55.40350877193124 23
55.421052631580366 40
55.44736842105405 18
55.45614035087861 36
55.473684210527736 19
55.4824561403523 9
55.49122807017686 4
55.50000000000142 24
55.53508771929967 11
55.54385964912423 14
55.55263157894879 12
55.55263157894879 28
55.570175438597914 17
55.61403508772072 18
55.622807017545284 16
55.684210526317216 8
55.70175438596634 27
55.728070175440024 11
55.736842105264586 19
55.780701754387394 18
55.780701754387394 58
55.81578947368564 15
55.85087719298389 56
55.92105263158038 11
55.92105263158038 11
55.947368421054065 18
55.98245614035231 39
56.000000000001435 19
56.01754385965056 22
56.07017543859793 59
56.08771929824705 6
56.11403508772074 11
56.11403508772074 18
56.1228070175453 29
56.14035087719442 38
56.14912280701898 25
56.14912280701898 49
56.18421052631723 7
56.2368421052646 57
56.263157894738285 3
56.263157894738285 19
56.28070175438741 18
56.29824561403653 24
56.30701754386109 11
56.35964912280846 30
56.377192982457586 17
56.41228070175583 32
56.44736842105408 18
56.44736842105408 36
56.50000000000145 11
56.50877192982601 34
56.526315789475134 19
56.55263157894882 42
56.57017543859794 1
56.61403508772075 18
56.640350877194436 37
56.66666666666812 12
56.692982456141806 11
56.736842105264614 5
56.77192982456286 20
56.78070175438742 18
56.789473684211984 19
56.81578947368567 6
56.86842105263304 41
56.88596491228216 11
56.88596491228216 47
56.947368421054094 18
57.008771929826025 7
57.04385964912427 50
57.052631578948834 19
57.07894736842252 11
57.09649122807164 24
57.114035087720765 18
57.14035087719445 15
57.18421052631726 9
57.18421052631726 17
57.20175438596638 29
57.22807017544007 26
57.271929824562875 11
57.28070175438744 18
57.28070175438744 59
57.31578947368568 19
57.324561403510245 48
57.4035087719313 52
57.438596491229546 36
57.44736842105411 18
57.45614035087867 2
57.46491228070323 11
57.47368421052779 43
57.47368421052779 46
57.50877192982604 25
57.543859649124286 6
57.57017543859797 4
57.57894736842253 19
57.596491228071656 3
57.61403508772078 18
57.65789473684359 11
57.66666666666815 42
57.78070175438745 12
57.78070175438745 18
57.78070175438745 55
57.83333333333482 7
57.84210526315938 19
57.850877192983944 11
57.89473684210675 24
57.94736842105412 18
57.99122807017693 17
58.0438596491243 11
58.10526315789623 19
58.114035087720794 18
58.14912280701904 27
58.23684210526466 11
58.2719298245629 6
58.280701754387465 18
58.36842105263308 19
58.36842105263308 19
58.42982456140501 11
58.42982456140501 36
58.447368421054136 18
58.46491228070326 15
58.491228070176945 16
58.56140350877344 1
58.61403508772081 18
58.62280701754537 11
58.62280701754537 31
58.63157894736993 19
58.63157894736993 30
58.64035087719449 44
58.66666666666818 7
58.69298245614186 24
58.754385964913794 47
58.78070175438748 18
58.78070175438748 42
58.7982456140366 17
58.815789473685726 11
58.868421052633096 25
58.89473684210678 9
58.89473684210678 12
58.89473684210678 19
58.921052631580466 39
58.92982456140503 3
58.94736842105415 18
58.964912280703274 41
59.00000000000152 6
59.00877192982608 11
59.0964912280717 14
59.0964912280717 46
59.11403508772082 18
59.15789473684363 19
59.19298245614188 10
59.20175438596644 11
59.210526315791 49
59.22807017544012 20
59.26315789473837 23
59.28070175438749 18
59.35087719298399 48
59.35964912280855 50
59.36842105263311 43
59.394736842106795 11
59.42105263158048 19
59.42105263158048 36
59.447368421054165 18
59.49122807017697 24
59.500000000001535 7
59.57894736842259 57
59.58771929824715 11
59.605263157896275 17
59.614035087720836 18
59.63157894736996 58
59.64912280701908 4
59.68421052631733 19
59.72807017544014 6
59.78070175438751 11
59.78070175438751 18
59.78947368421207 15
59.89473684210681 42
59.94736842105418 18
59.94736842105418 19
59.973684210527864 11
