0.017543859649122806 9
0.03508771929824561 23
0.08771929824561403 39
0.09649122807017543 14
0.11403508771929824 59
0.12280701754385964 15
0.13157894736842105 12
0.14035087719298245 22
0.14035087719298245 34
0.14912280701754385 47
0.17543859649122806 32
0.20175438596491227 27
0.21929824561403508 19
0.21929824561403508 24
0.3070175438596493 2
0.31578947368421073 43
0.31578947368421073 56
0.32456140350877216 1
0.3333333333333336 7
0.3333333333333336 30
0.35087719298245645 6
0.5087719298245622 0
0.5087719298245622 28
0.5087719298245622 57
0.5701754385964922 46
0.7631578947368437 44
0.7719298245614051 36
0.7719298245614051 54
0.7807017543859666 55
0.8070175438596509 31
0.8157894736842123 42
0.8596491228070194 45
0.8684210526315809 38
0.8771929824561423 37
0.9649122807017566 29
0.9912280701754409 20
1.0087719298245637 58
1.0263157894736865 24
1.078947368421055 6
1.096491228070178 16
1.1403508771929851 25
1.1666666666666694 7
1.1929824561403537 53
1.219298245614038 59
1.3157894736842137 44
1.3333333333333366 26
1.4736842105263195 15
1.5000000000000038 48
1.6403508771929867 52
1.7368421052631624 5
1.8070175438596539 6
1.8070175438596539 36
1.8245614035087767 24
1.850877192982461 12
1.973684210526321 47
2.0000000000000053 7
2.1403508771929847 5
2.1754385964912295 42
2.1754385964912295 46
2.245614035087719 19
2.3947368421052597 11
2.535087719298239 6
2.535087719298239 17
2.622807017543851 24
2.6491228070175348 30
2.7105263157894632 40
2.824561403508759 15
2.8421052631578814 7
2.8421052631578814 36
2.8947368421052486 39
2.8947368421052486 44
2.90350877192981 19
3.0526315789473504 43
3.0964912280701564 25
3.1929824561403297 5
3.2631578947368194 1
3.2631578947368194 6
3.377192982456115 44
3.41228070175436 59
3.421052631578921 24
3.464912280701727 19
3.4736842105262884 27
3.5526315789473393 18
3.5964912280701453 12
3.6403508771929514 20
3.675438596491196 7
3.70175438596488 14
3.7280701754385634 42
3.8070175438596143 18
3.8070175438596143 47
3.877192982456104 36
3.9736842105262773 18
3.9912280701753997 6
4.026315789473646 5
4.026315789473646 11
4.043859649122769 4
4.0614035087718925 2
4.078947368421016 17
4.0877192982455774 16
4.149122807017509 23
4.166666666666632 15
4.219298245614002 24
4.2631578947368105 48
4.307017543859619 58
4.385964912280674 22
4.394736842105235 9
4.456140350877167 25
4.47368421052629 31
4.482456140350852 41
4.482456140350852 44
4.508771929824537 7
4.570175438596468 0
4.605263157894715 10
4.614035087719277 3
4.6666666666666465 57
4.7192982456140165 6
4.73684210526314 29
4.807017543859633 43
4.877192982456126 53
4.912280701754373 36
4.9210526315789345 5
4.947368421052619 30
4.991228070175428 19
5.017543859649113 24
5.017543859649113 42
5.061403508771921 44
5.070175438596483 55
5.175438596491222 12
5.184210526315784 1
5.184210526315784 11
5.236842105263154 34
5.3245614035087705 59
5.333333333333332 7
5.342105263157894 39
5.403508771929825 11
5.421052631578949 54
5.447368421052634 6
5.48245614035088 19
5.508771929824565 15
5.53508771929825 52
5.5526315789473735 28
5.596491228070182 11
5.631578947368428 47
5.780701754385976 26
5.7982456140351 11
5.7982456140351 46
5.815789473684223 24
5.842105263157908 18
5.85087719298247 37
5.947368421052648 3
5.947368421052648 36
5.991228070175456 11
6.035087719298264 17
6.035087719298264 25
6.114035087719319 20
6.122807017543881 4
6.140350877193004 38
6.1578947368421275 7
6.175438596491251 6
6.175438596491251 42
6.175438596491251 56
6.1842105263158125 11
6.394736842105292 11
6.447368421052662 1
6.5614035087719635 43
6.59649122807021 11
6.6140350877193335 24
6.631578947368457 19
6.684210526315827 59
6.7894736842105665 11
6.7894736842105665 11
6.7894736842105665 18
6.850877192982498 15
6.85964912280706 0
6.877192982456183 5
6.885964912280745 9
6.885964912280745 12
6.903508771929868 6
6.91228070175443 17
6.929824561403553 44
6.956140350877238 16
6.982456140350923 7
6.982456140350923 11
6.982456140350923 36
7.026315789473731 5
7.175438596491279 11
7.236842105263211 30
7.236842105263211 49
7.271929824561457 14
7.280701754386019 3
7.298245614035142 27
7.342105263157951 46
7.368421052631636 11
7.394736842105321 25
7.412280701754444 24
7.456140350877252 47
7.491228070175499 5
7.517543859649184 2
7.561403508771992 11
7.561403508771992 42
7.631578947368485 6
7.65789473684217 58
7.6754385964912935 48
7.754385964912348 11
7.807017543859718 7
7.807017543859718 29
7.947368421052705 11
8.000000000000075 12
8.017543859649198 32
8.017543859649198 36
8.043859649122883 41
8.070175438596568 18
8.096491228070253 19
8.1315789473685 17
8.140350877193061 11
8.18421052631587 31
8.192982456140431 5
8.192982456140431 15
8.201754385964993 4
8.210526315789554 24
8.333333333333417 11
8.359649122807102 6
8.421052631579034 55
8.482456140350966 18
8.482456140350966 45
8.50877192982465 19
8.526315789473774 11
8.578947368421144 20
8.61403508771939 3
8.631578947368514 7
8.640350877193075 22
8.66666666666676 43
8.710526315789568 1
8.710526315789568 42
8.71929824561413 11
8.745614035087815 18
8.754385964912377 25
8.763157894736938 53
8.7719298245615 44
8.807017543859747 9
8.912280701754487 11
8.912280701754487 19
8.921052631579048 18
8.938596491228171 17
9.008771929824665 24
9.052631578947473 36
9.08771929824572 6
9.105263157894843 11
9.114035087719405 12
9.24561403508783 5
9.280701754386076 47
9.2982456140352 11
9.46491228070187 7
9.473684210526432 23
9.491228070175556 11
9.508771929824679 18
9.51754385964924 30
9.535087719298364 0
9.535087719298364 15
9.614035087719419 59
9.684210526315912 11
9.684210526315912 48
9.754385964912405 19
9.763157894736967 17
9.807017543859775 24
9.815789473684337 6
9.824561403508898 16
9.842105263158022 54
9.877192982456268 11
9.947368421052762 3
9.956140350877323 1
10.070175438596625 11
10.087719298245748 36
10.114035087719433 25
10.122807017543995 39
10.131578947368556 5
10.140350877193118 18
10.210526315789611 46
10.228070175438734 12
10.263157894736981 11
10.280701754386104 4
10.289473684210666 7
10.324561403508913 42
10.333333333333474 19
10.456140350877337 11
10.517543859649269 44
10.543859649122954 6
10.587719298245762 43
10.596491228070324 5
10.605263157894885 24
10.605263157894885 28
10.649122807017694 11
10.675438596491379 26
10.692982456140502 34
10.701754385965064 56
10.815789473684365 41
10.824561403508927 37
10.833333333333488 14
10.84210526315805 11
10.877192982456297 15
10.938596491228228 10
10.973684210526475 2
11.026315789473845 1
11.035087719298406 11
11.05263157894753 20
11.096491228070338 47
11.1052631578949 18
11.114035087719461 7
11.114035087719461 57
11.122807017544023 36
11.140350877193146 17
11.192982456140516 9
11.228070175438763 11
11.271929824561571 6
11.280701754386133 3
11.324561403508941 44
11.342105263158064 12
11.403508771929996 24
11.412280701754558 58
11.42105263157912 11
11.42105263157912 18
11.447368421052804 42
11.47368421052649 25
11.500000000000174 27
11.508771929824736 19
11.508771929824736 40
11.614035087719476 11
11.631578947368599 46
11.754385964912462 5
11.807017543859832 11
11.912280701754572 44
11.938596491228257 17
11.947368421052818 7
12.000000000000188 6
12.000000000000188 11
12.035087719298435 18
12.035087719298435 19
12.105263157894928 55
12.157894736842298 36
12.16666666666686 48
12.192982456140545 11
12.201754385965106 24
12.21929824561423 15
12.359649122807216 4
12.385964912280901 11
12.447368421052833 38
12.456140350877394 12
12.508771929824764 30
12.578947368421257 11
12.614035087719504 3
12.640350877193189 42
12.692982456140559 16
12.728070175438805 6
12.736842105263367 17
12.736842105263367 39
12.75438596491249 53
12.771929824561614 11
12.780701754386175 7
12.833333333333545 25
12.885964912280915 22
12.894736842105477 1
12.903508771930039 47
12.921052631579162 5
12.921052631579162 41
12.96491228070197 11
12.982456140351093 59
13.000000000000217 24
13.035087719298463 9
13.114035087719518 43
13.157894736842326 11
13.192982456140573 36
13.210526315789696 46
13.350877192982683 11
13.447368421052861 29
13.456140350877423 6
13.517543859649354 20
13.535087719298478 17
13.54385964912304 11
13.561403508772162 15
13.570175438596724 12
13.614035087719532 7
13.736842105263396 11
13.798245614035327 24
13.929824561403752 11
13.929824561403752 18
13.938596491228314 57
13.947368421052875 3
13.982456140351122 42
14.070175438596738 23
14.122807017544108 11
14.157894736842355 59
14.175438596491478 19
14.18421052631604 6
14.192982456140601 25
14.228070175438848 36
14.245614035087971 27
14.315789473684465 11
14.333333333333588 17
14.34210526315815 0
14.39473684210552 14
14.421052631579204 31
14.421052631579204 44
14.421052631579204 54
14.429824561403766 2
14.438596491228328 4
14.438596491228328 7
14.491228070175698 5
14.508771929824821 11
14.596491228070438 24
14.640350877193246 46
14.657894736842369 48
14.675438596491492 1
14.684210526316054 12
14.701754385965177 11
14.701754385965177 18
14.701754385965177 19
14.7192982456143 47
14.745614035087986 9
14.780701754386232 30
14.789473684210794 10
14.894736842105534 11
14.903508771930095 15
14.912280701754657 6
15.000000000000274 19
15.08771929824589 11
15.096491228070452 43
15.131578947368698 17
15.219298245614315 44
15.263157894737123 7
15.263157894737123 36
15.263157894737123 42
15.271929824561685 55
15.280701754386246 3
15.280701754386246 11
15.29824561403537 32
15.394736842105548 24
15.473684210526603 11
15.552631578947658 25
15.552631578947658 39
15.56140350877222 16
15.640350877193274 6
15.640350877193274 28
15.66666666666696 11
15.67543859649152 29
15.72807017543889 5
15.798245614035384 12
15.798245614035384 37
15.824561403509069 34
15.842105263158192 18
15.842105263158192 19
15.859649122807316 11
15.921052631579247 17
15.973684210526617 20
16.052631578947672 1
16.052631578947672 11
16.08771929824592 7
16.09649122807048 52
16.105263157895042 19
16.19298245614066 24
16.24561403508803 11
16.24561403508803 15
16.24561403508803 59
16.298245614035398 36
16.30701754385996 18
16.36842105263189 6
16.36842105263189 19
16.438596491228385 11
16.438596491228385 44
16.482456140351193 9
16.491228070175755 5
16.51754385964944 4
16.535087719298563 47
16.614035087719618 3
16.63157894736874 11
16.63157894736874 19
16.719298245614358 17
16.719298245614358 26
16.754385964912604 27
16.824561403509097 11
16.89473684210559 19
16.912280701754714 12
16.912280701754714 25
16.921052631579276 7
16.929824561403837 58
16.982456140351207 5
16.99122807017577 24
17.017543859649454 11
17.0526315789477 30
17.09649122807051 6
17.122807017544194 22
17.15789473684244 19
17.15789473684244 48
17.20175438596525 43
17.21052631578981 11
17.30701754385999 29
17.333333333333673 36
17.403508771930166 11
17.412280701754728 46
17.42105263157929 19
17.456140350877536 38
17.517543859649468 17
17.552631578947715 49
17.5789473684214 56
17.58771929824596 15
17.596491228070523 11
17.64035087719333 5
17.68421052631614 19
17.719298245614386 18
17.754385964912633 7
17.771929824561756 5
17.78947368421088 11
17.78947368421088 24
17.824561403509126 6
17.885964912281057 2
17.912280701754742 5
17.94736842105299 3
17.94736842105299 19
17.95614035087755 14
17.964912280702112 59
17.982456140351236 11
18.026315789474044 12
18.078947368421414 57
18.175438596491592 11
18.201754385965277 9
18.21052631578984 19
18.254385964912647 18
18.26315789473721 0
18.27192982456177 25
18.28070175438633 42
18.28070175438633 50
18.307017543860017 17
18.350877192982825 47
18.36842105263195 11
18.36842105263195 36
18.38596491228107 41
18.42982456140388 16
18.42982456140388 20
18.473684210526688 19
18.552631578947743 6
18.561403508772305 11
18.578947368421428 7
18.58771929824599 24
18.59649122807055 4
18.59649122807055 18
18.64035087719336 10
18.64035087719336 31
18.666666666667044 23
18.736842105263538 19
18.75438596491266 11
18.771929824561784 5
18.85087719298284 55
18.929824561403894 15
18.947368421053017 11
18.947368421053017 39
18.973684210526702 53
18.973684210526702 54
19.000000000000387 19
19.00877192982495 1
19.043859649123196 5
19.105263157895127 17
19.105263157895127 43
19.140350877193374 11
19.140350877193374 12
19.201754385965305 27
19.22807017543899 18
19.263157894737237 19
19.28070175438636 3
19.28070175438636 6
19.32456140350917 30
19.33333333333373 11
19.34210526315829 52
19.3859649122811 24
19.39473684210566 18
19.403508771930223 7
19.403508771930223 36
19.43859649122847 59
19.526315789474086 11
19.526315789474086 19
19.631578947368826 25
19.719298245614443 11
19.75438596491269 46
19.780701754386374 29
19.789473684210936 19
19.885964912281114 48
19.9122807017548 11
19.929824561403922 17
19.956140350877607 9
20.008771929824977 6
20.052631578947786 19
20.061403508772347 44
20.07894736842147 18
20.105263157895156 11
20.166666666667087 47
20.18421052631621 24
20.22807017543902 7
20.254385964912704 12
20.271929824561827 15
20.298245614035512 11
20.315789473684635 19
20.377192982456567 58
20.4385964912285 36
20.45614035087762 18
20.45614035087762 44
20.49122807017587 11
20.50877192982499 41
20.5526315789478 32
20.578947368421485 19
20.587719298246046 42
20.61403508771973 3
20.675438596491663 4
20.675438596491663 28
20.684210526316225 11
20.728070175439033 17
20.736842105263595 6
20.77192982456184 37
20.842105263158334 19
20.87719298245658 11
20.885964912281143 20
20.97368421052676 59
20.98245614035132 24
20.991228070175882 25
21.061403508772376 7
21.070175438596937 11
21.105263157895184 19
21.18421052631624 0
21.263157894737294 11
21.271929824561855 18
21.29824561403554 16
21.333333333333787 1
21.333333333333787 43
21.34210526315835 2
21.359649122807472 22
21.368421052632034 12
21.368421052632034 19
21.385964912281157 57
21.39473684210572 56
21.45614035087765 11
21.46491228070221 6
21.473684210526773 36
21.50877192982502 14
21.51754385964958 39
21.526315789474143 17
21.578947368421513 26
21.587719298246075 18
21.596491228070636 30
21.61403508771976 15
21.631578947368883 19
21.649122807018006 11
21.649122807018006 27
21.66666666666713 5
21.66666666666713 9
21.78070175438643 24
21.842105263158363 11
21.88596491228117 7
21.894736842105733 19
21.921052631579418 46
21.947368421053103 3
21.98245614035135 47
21.99122807017591 5
22.03508771929872 11
22.04385964912328 34
22.078947368421527 5
22.122807017544336 42
22.131578947368897 59
22.14035087719346 29
22.157894736842582 19
22.19298245614083 6
22.228070175439075 11
22.324561403509254 17
22.35087719298294 25
22.385964912281185 55
22.394736842105747 48
22.421052631579432 11
22.421052631579432 19
22.482456140351363 12
22.491228070175925 10
22.50877192982505 36
22.57017543859698 5
22.57894736842154 24
22.614035087719788 11
22.657894736842596 23
22.68421052631628 19
22.710526315789966 7
22.72807017543909 53
22.754385964912775 4
22.763157894737336 41
22.807017543860145 11
22.921052631579446 6
22.94736842105313 19
22.956140350877693 15
23.0000000000005 11
23.070175438596994 44
23.122807017544364 17
23.131578947368926 38
23.192982456140857 11
23.21052631578998 19
23.280701754386474 3
23.31578947368472 52
23.342105263158405 20
23.377192982456652 9
23.377192982456652 24
23.385964912281214 11
23.4122807017549 43
23.46491228070227 0
23.47368421052683 19
23.482456140351392 18
23.482456140351392 54
23.53508771929876 7
23.543859649123323 36
23.57894736842157 11
23.596491228070693 12
23.649122807018063 6
23.710526315789995 25
23.73684210526368 19
23.763157894737365 31
23.763157894737365 58
23.771929824561926 11
23.79824561403561 47
23.868421052632105 30
23.877192982456666 1
23.877192982456666 46
23.921052631579474 17
23.964912280702283 11
24.00000000000053 19
24.06140350877246 18
24.096491228070708 27
24.15789473684264 11
24.1666666666672 16
24.175438596491762 24
24.26315789473738 19
24.26315789473738 19
24.298245614035626 15
24.31578947368475 57
24.350877192982995 11
24.359649122807557 7
24.359649122807557 48
24.37719298245668 6
24.47368421052686 29
24.52631578947423 19
24.543859649123352 11
24.5789473684216 36
24.58771929824616 18
24.614035087719845 3
24.710526315790023 12
24.710526315790023 17
24.736842105263708 11
24.75438596491283 8
24.789473684211078 19
24.79824561403564 2
24.833333333333886 4
24.833333333333886 42
24.877192982456695 41
24.929824561404065 11
24.973684210526873 24
24.991228070175996 43
25.052631578947928 19
25.06140350877249 14
25.07017543859705 25
25.078947368421613 9
25.105263157895298 6
25.12280701754442 11
25.184210526316352 7
25.315789473684777 11
25.315789473684777 19
25.350877192983024 18
25.456140350877764 44
25.500000000000572 17
25.508771929825134 11
25.578947368421627 19
25.59649122807075 22
25.614035087719873 36
25.614035087719873 47
25.64035087719356 15
25.666666666667243 49
25.69298245614093 50
25.70175438596549 11
25.71052631579005 28
25.7456140350883 37
25.771929824561983 24
25.798245614035668 20
25.824561403509353 12
25.824561403509353 18
25.833333333333915 6
25.842105263158476 19
25.894736842105846 11
25.947368421053216 3
25.956140350877778 0
25.9736842105269 59
26.008771929825148 7
26.087719298246203 11
26.105263157895326 19
26.114035087719888 18
26.12280701754445 32
26.140350877193573 30
26.23684210526375 39
26.271929824561997 44
26.28070175438656 11
26.298245614035682 17
26.298245614035682 18
26.298245614035682 46
26.34210526315849 10
26.368421052632176 19
26.429824561404107 5
26.429824561404107 25
26.44736842105323 43
26.473684210526915 11
26.517543859649724 55
26.526315789474285 23
26.54385964912341 27
26.561403508772532 6
26.570175438597094 24
26.631578947369025 19
26.631578947369025 34
26.631578947369025 48
26.64912280701815 36
26.666666666667272 11
26.780701754386573 9
26.82456140350938 1
26.833333333333943 7
26.859649122807628 11
26.894736842105875 19
26.912280701754998 4
26.938596491228683 12
26.98245614035149 15
27.03508771929886 16
27.052631578947985 11
27.070175438597108 26
27.096491228070793 17
27.157894736842724 19
27.166666666667286 44
27.24561403508834 11
27.280701754386588 3
27.280701754386588 5
27.28947368421115 6
27.368421052632204 24
27.421052631579574 19
27.421052631579574 47
27.438596491228697 11
27.631578947369054 11
27.640350877193615 29
27.65789473684274 7
27.65789473684274 53
27.684210526316424 19
27.684210526316424 36
27.692982456140985 42
27.71052631579011 56
27.728070175439232 41
27.754385964912917 52
27.7807017543866 59
27.789473684211163 25
27.789473684211163 31
27.82456140350941 11
27.894736842105903 17
27.912280701755027 43
27.947368421053273 19
28.008771929825205 50
28.017543859649766 6
28.017543859649766 11
28.052631578948013 12
28.105263157895383 5
28.157894736842753 54
28.166666666667314 24
28.210526315790123 11
28.210526315790123 19
28.25438596491293 2
28.25438596491293 20
28.25438596491293 38
28.3070175438603 18
28.3070175438603 46
28.324561403509424 15
28.368421052632232 1
28.40350877193048 11
28.41228070175504 30
28.429824561404164 0
28.473684210526972 19
28.482456140351534 7
28.491228070176096 9
28.543859649123466 58
28.596491228070835 11
28.61403508771996 3
28.61403508771996 14
28.62280701754452 48
28.692982456141014 17
28.7192982456147 36
28.736842105263822 19
28.745614035088384 6
28.789473684211192 11
28.82456140350944 49
28.964912280702425 24
28.973684210526987 59
28.982456140351548 11
28.99122807017611 4
28.99122807017611 27
29.00000000000067 19
29.14912280701822 25
29.166666666667343 12
29.175438596491905 11
29.236842105263836 29
29.236842105263836 47
29.26315789473752 19
29.289473684211206 57
29.30701754386033 7
29.36842105263226 11
29.41228070175507 42
29.438596491228754 43
29.473684210527 6
29.491228070176124 17
29.52631578947437 19
29.561403508772617 11
29.666666666667357 15
29.666666666667357 55
29.754385964912974 11
29.754385964912974 18
29.754385964912974 36
29.763157894737535 24
29.78947368421122 19
29.83333333333403 22
29.90350877193052 16
29.94736842105333 3
29.94736842105333 11
30.026315789474385 1
30.05263157894807 19
30.070175438597193 46
30.078947368421755 18
30.131578947369125 7
30.140350877193686 11
30.201754385965618 5
30.201754385965618 6
30.201754385965618 9
30.201754385965618 10
30.21929824561474 59
30.236842105263865 8
30.280701754386673 12
30.289473684211234 17
30.31578947368492 19
30.32456140350948 50
30.333333333334043 11
30.350877192983166 5
30.359649122807728 32
30.385964912281413 23
30.403508771930536 44
30.42982456140422 18
30.508771929825276 25
30.5263157894744 11
30.5263157894744 39
30.561403508772646 24
30.57894736842177 19
30.605263157895454 48
30.68421052631651 30
30.710526315790194 20
30.719298245614755 11
30.719298245614755 37
30.74561403508844 28
30.78947368421125 36
30.84210526315862 19
30.859649122807742 29
30.912280701755112 11
30.912280701755112 11
30.929824561404235 6
30.95614035087792 7
30.982456140351605 18
31.00877192982529 15
31.043859649123537 47
31.07017543859722 4
31.078947368421783 17
31.105263157895468 11
31.105263157895468 19
31.157894736842838 44
31.17543859649196 34
31.192982456141085 18
31.263157894737578 53
31.2807017543867 3
31.298245614035825 11
31.307017543860386 31
31.350877192983194 46
31.359649122807756 24
31.359649122807756 42
31.368421052632318 19
31.38596491228144 18
31.394736842106003 12
31.394736842106003 12
31.42982456140425 56
31.43859649122881 27
31.447368421053373 41
31.49122807017618 11
31.631578947369167 19
31.657894736842852 6
31.684210526316537 11
31.710526315790222 2
31.736842105263907 44
31.75438596491303 18
31.780701754386715 7
31.789473684211277 43
31.815789473684962 26
31.824561403509524 36
31.842105263158647 58
31.868421052632332 17
31.868421052632332 25
31.877192982456894 11
31.894736842106017 19
31.90350877193058 9
31.929824561404264 18
31.97368421052707 49
32.070175438597246 11
32.10526315789549 18
32.15789473684286 19
32.15789473684286 24
32.166666666667425 14
32.2631578947376 11
32.280701754386726 18
32.30701754386041 29
32.31578947368497 0
32.333333333334096 59
32.35087719298322 15
32.385964912281466 6
32.42105263157971 19
32.4473684210534 18
32.45614035087796 11
32.50877192982533 12
32.57894736842182 48
32.60526315789551 7
32.60526315789551 42
32.61403508772007 3
32.61403508772007 18
32.640350877193754 50
32.640350877193754 57
32.649122807018315 11
32.649122807018315 52
32.65789473684288 17
32.68421052631656 19
32.77192982456218 16
32.78070175438674 18
32.84210526315867 11
32.859649122807795 36
32.859649122807795 47
32.92982456140429 5
32.94736842105341 18
32.94736842105341 19
32.94736842105341 19
32.95614035087797 24
32.95614035087797 30
33.03508771929903 11
33.11403508772008 6
33.11403508772008 18
33.14912280701833 4
33.16666666666745 20
33.19298245614114 38
33.21052631579026 19
33.228070175439385 11
33.228070175439385 25
33.280701754386754 18
33.280701754386754 54
33.42105263157974 11
33.4298245614043 7
33.45614035087799 17
33.45614035087799 18
33.45614035087799 39
33.47368421052711 19
33.50877192982536 41
33.596491228070974 29
33.6140350877201 9
33.6140350877201 11
33.62280701754466 12
33.62280701754466 18
33.69298245614115 15
33.73684210526396 19
33.754385964913084 24
33.78947368421133 18
33.807017543860454 11
33.815789473685015 44
33.8421052631587 6
33.88596491228151 27
33.89473684210607 36
33.94736842105344 3
33.956140350878 18
34.00000000000081 11
34.00000000000081 19
34.05263157894818 10
34.0701754385973 22
34.12280701754467 18
34.192982456141166 11
34.245614035088536 1
34.245614035088536 17
34.245614035088536 23
34.2543859649131 7
34.26315789473766 19
34.289473684211345 18
34.3684210526324 32
34.38596491228152 11
34.447368421053454 46
34.456140350878016 18
34.52631578947451 8
34.52631578947451 19
34.552631578948194 24
34.57017543859732 6
34.57894736842188 11
34.58771929824644 0
34.58771929824644 25
34.62280701754469 18
34.64912280701837 31
34.67543859649206 47
34.73684210526399 12
34.771929824562235 11
34.78947368421136 18
34.78947368421136 19
34.79824561403592 43
34.79824561403592 59
34.84210526315873 48
34.91228070175522 5
34.929824561404345 36
34.95614035087803 18
34.95614035087803 50
34.96491228070259 11
35.035087719299085 15
35.035087719299085 17
35.035087719299085 44
35.05263157894821 19
35.07894736842189 7
35.10526315789558 58
35.1228070175447 18
35.1228070175447 49
35.15789473684295 11
35.15789473684295 55
35.16666666666751 2
35.22807017543944 4
35.22807017543944 30
35.27192982456225 1
35.28070175438681 3
35.28947368421137 18
35.298245614035935 6
35.31578947368506 9
35.31578947368506 19
35.33333333333418 40
35.350877192983305 11
35.350877192983305 24
35.359649122807866 5
35.456140350878044 18
35.5350877192991 42
35.54385964912366 11
35.57894736842191 5
35.57894736842191 19
35.59649122807103 41
35.622807017544716 18
35.622807017544716 20
35.64035087719384 16
35.69298245614121 37
35.719298245614894 14
35.73684210526402 11
35.780701754386826 28
35.78947368421139 18
35.824561403509634 17
35.84210526315876 19
35.85087719298332 12
35.90350877193069 7
35.929824561404374 11
35.9473684210535 25
35.95614035087806 18
35.96491228070262 36
36.02631578947455 6
36.10526315789561 19
36.12280701754473 11
36.12280701754473 18
36.13157894736929 53
36.149122807018415 24
36.315789473685086 11
36.33333333333421 27
36.368421052632456 19
36.37719298245702 15
36.4035087719307 18
36.49122807017632 47
36.50877192982544 11
36.526315789474566 26
36.570175438597374 18
36.61403508772018 3
36.61403508772018 17
36.631578947369306 19
36.7017543859658 11
36.728070175439484 7
36.736842105264046 18
36.75438596491317 6
36.79824561403598 48
36.842105263158786 52
36.894736842106155 11
36.894736842106155 19
36.90350877193072 18
36.9298245614044 1
36.947368421053525 24
36.96491228070265 12
37.000000000000895 36
37.02631578947458 9
37.0438596491237 5
37.0438596491237 44
37.07017543859739 18
37.08771929824651 11
37.13157894736932 5
37.157894736843005 19
37.2280701754395 8
37.2280701754395 18
37.28070175438687 11
37.30701754386055 4
37.30701754386055 25
37.39473684210617 18
37.40350877193073 17
37.40350877193073 34
37.421052631579855 19
37.473684210527225 11
37.482456140351786 6
37.50000000000091 30
37.50000000000091 46
37.55263157894828 7
37.56140350877284 18
37.66666666666758 11
37.684210526316704 19
37.71929824561495 15
37.72807017543951 5
37.72807017543951 18
37.745614035088636 24
37.85964912280794 11
37.894736842106184 18
37.903508771930746 10
37.947368421053554 3
37.947368421053554 19
37.96491228070268 43
38.01754385965005 57
38.03508771929917 36
38.03508771929917 50
38.052631578948294 11
38.061403508772855 18
38.07894736842198 12
38.07894736842198 20
38.114035087720225 59
38.14035087719391 23
38.19298245614128 17
38.2105263157904 6
38.2105263157904 19
38.219298245614965 31
38.22807017543953 18
38.24561403508865 0
38.24561403508865 11
38.30701754386058 22
38.30701754386058 47
38.36842105263251 1
38.377192982457075 7
38.3947368421062 18
38.3947368421062 55
38.41228070175532 38
38.438596491229006 11
38.47368421052725 19
38.5087719298255 16
38.543859649123746 24
38.56140350877287 18
38.587719298246554 56
38.6228070175448 2
38.6228070175448 49
38.63157894736936 11
38.63157894736936 42
38.66666666666761 25
38.67543859649217 58
38.71929824561498 54
38.72807017543954 9
38.72807017543954 18
38.7368421052641 19
38.745614035088664 48
38.78070175438691 27
38.82456140350972 11
38.89473684210621 18
38.93859649122902 6
38.94736842105358 46
38.98245614035183 17
39.00000000000095 19
39.017543859650075 11
39.04385964912376 32
39.061403508772884 15
39.061403508772884 18
39.070175438597445 36
39.19298245614131 12
39.20175438596587 7
39.21052631579043 11
39.228070175439555 18
39.2631578947378 19
39.27192982456236 14
39.280701754386925 3
39.28947368421149 59
39.34210526315886 24
39.3771929824571 39
39.385964912281665 4
39.39473684210623 18
39.40350877193079 11
39.42982456140447 5
39.52631578947465 19
39.5614035087729 18
39.57017543859746 5
39.596491228071145 11
39.605263157895706 41
39.66666666666764 6
39.72807017543957 18
39.77192982456238 17
39.77192982456238 30
39.7894736842115 11
39.7894736842115 19
39.79824561403606 8
39.89473684210624 18
39.95614035087817 1
39.98245614035186 11
40.017543859650104 44
40.026315789474666 7
40.026315789474666 25
40.05263157894835 19
40.06140350877291 18
40.10526315789572 36
40.11403508772028 47
40.14035087719397 24
40.175438596492214 11
40.22807017543958 18
40.25438596491327 29
40.30701754386064 12
40.3157894736852 19
40.35087719298345 50
40.36842105263257 11
40.394736842106255 6
40.394736842106255 18
40.40350877193082 15
40.4298245614045 9
40.508771929825556 46
40.53508771929924 20
40.53508771929924 52
40.561403508772926 11
40.57017543859749 17
40.57017543859749 18
40.57894736842205 19
40.605263157895735 5
40.614035087720296 3
40.666666666667666 37
40.70175438596591 48
40.73684210526416 18
40.75438596491328 11
40.815789473685214 28
40.8421052631589 19
40.85087719298346 7
40.90350877193083 18
40.929824561404516 26
40.93859649122908 24
40.94736842105364 11
41.0701754385975 18
41.087719298246625 1
41.087719298246625 43
41.10526315789575 19
41.12280701754487 6
41.140350877193995 11
41.140350877193995 36
41.16666666666768 0
41.22807017543961 27
41.236842105264174 18
41.26315789473786 42
41.33333333333435 11
41.35964912280804 17
41.3684210526326 19
41.37719298245716 16
41.38596491228172 25
41.403508771930845 18
41.42105263157997 12
41.46491228070278 4
41.52631578947471 11
41.54385964912383 29
41.561403508772955 31
41.570175438597516 18
41.5964912280712 59
41.63157894736945 19
41.63157894736945 53
41.675438596492256 7
41.68421052631682 41
41.719298245615065 11
41.73684210526419 18
41.73684210526419 24
41.74561403508875 15
41.75438596491331 10
41.771929824562434 49
41.833333333334366 34
41.85087719298349 6
41.8947368421063 19
41.90350877193086 18
41.91228070175542 11
41.929824561404544 47
41.94736842105367 3
42.00000000000104 23
42.043859649123846 30
42.06140350877297 58
42.07017543859753 18
42.07894736842209 2
42.10526315789578 11
42.140350877194024 9
42.149122807018585 17
42.15789473684315 19
42.17543859649227 36
42.21052631579052 5
42.2368421052642 18
42.298245614036134 11
42.359649122808065 46
42.39473684210631 5
42.40350877193087 18
42.42105263158 19
42.49122807017649 11
42.50000000000105 7
42.5350877192993 12
42.5350877192993 24
42.54385964912386 22
42.570175438597545 18
42.57894736842211 6
42.6491228070186 5
42.684210526316846 11
42.684210526316846 19
42.71929824561509 48
42.71929824561509 48
42.736842105264216 18
42.74561403508878 25
42.780701754387024 5
42.82456140350983 14
42.8771929824572 11
42.90350877193089 18
42.938596491229134 17
42.947368421053696 19
42.991228070176504 20
43.07017543859756 11
43.07017543859756 18
43.08771929824668 15
43.16666666666774 59
43.210526315790545 19
43.210526315790545 36
43.23684210526423 18
43.263157894737915 11
43.28070175438704 3
43.307017543860724 6
43.32456140350985 7
43.33333333333441 24
43.37719298245722 54
43.4035087719309 18
43.43859649122915 8
43.45614035087827 11
43.473684210527395 19
43.54385964912389 4
43.57017543859757 18
43.631578947369505 52
43.64035087719407 57
43.64912280701863 11
43.64912280701863 12
43.64912280701863 50
43.67543859649231 27
43.72807017543968 17
43.72807017543968 17
43.736842105264245 18
43.736842105264245 19
43.745614035088806 47
43.842105263158984 9
43.842105263158984 11
43.903508771930916 18
43.98245614035197 55
44.000000000001094 19
44.03508771929934 6
44.03508771929934 11
44.07017543859759 18
44.105263157895834 1
44.105263157895834 25
44.13157894736952 24
44.14912280701864 7
44.17543859649233 43
44.18421052631689 32
44.2280701754397 11
44.23684210526426 18
44.24561403508882 16
44.24561403508882 36
44.263157894737944 19
44.315789473685314 42
44.324561403509875 5
44.324561403509875 30
44.40350877193093 18
44.421052631580054 11
44.429824561404615 15
44.49122807017655 40
44.50877192982567 39
44.51754385965023 17
44.52631578947479 19
44.55263157894848 59
44.5701754385976 18
44.61403508772041 3
44.61403508772041 11
44.66666666666778 48
44.73684210526427 18
44.76315789473796 6
44.76315789473796 12
44.78947368421164 19
44.807017543860766 11
44.903508771930944 18
44.92982456140463 24
44.964912280702876 49
44.97368421052744 7
45.00000000000112 11
45.017543859650246 5
45.05263157894849 19
45.05263157894849 31
45.070175438597616 18
45.070175438597616 41
45.19298245614148 11
45.23684210526429 18
45.23684210526429 29
45.25438596491341 56
45.280701754387096 36
45.30701754386078 17
45.31578947368534 19
45.333333333334465 26
45.35087719298359 1
45.36842105263271 46
45.385964912281835 11
45.3947368421064 44
45.40350877193096 18
45.44736842105377 20
45.46491228070289 25
45.491228070176575 6
45.53508771929938 2
45.543859649123945 9
45.55263157894851 47
45.57017543859763 18
45.57017543859763 59
45.57894736842219 11
45.57894736842219 19
45.60526315789588 10
45.622807017545 4
45.64035087719412 37
45.68421052631693 38
45.72807017543974 24
45.7368421052643 18
45.77192982456255 11
45.77192982456255 15
45.77192982456255 43
45.807017543860795 7
45.815789473685356 0
45.84210526315904 19
45.8508771929836 28
45.859649122808165 23
45.87719298245729 12
45.90350877193097 18
45.94736842105378 3
45.964912280702904 11
45.964912280702904 50
45.99122807017659 42
46.070175438597644 18
46.070175438597644 57
46.09649122807133 17
46.10526315789589 19
46.122807017545014 27
46.14035087719414 44
46.15789473684326 11
46.21929824561519 6
46.236842105264316 18
46.289473684211686 52
46.30701754386081 8
46.31578947368537 36
46.32456140350993 29
46.35087719298362 11
46.36842105263274 19
46.3771929824573 14
46.40350877193099 18
46.41228070175555 53
46.52631578947485 24
46.543859649123974 11
46.57017543859766 18
46.59649122807134 30
46.61403508772047 48
46.63157894736959 7
46.63157894736959 19
46.73684210526433 11
46.73684210526433 18
46.77192982456258 46
46.78070175438714 22
46.824561403509946 25
46.88596491228188 17
46.89473684210644 19
46.903508771931 18
46.929824561404686 11
46.94736842105381 5
46.94736842105381 6
46.99122807017662 12
47.00877192982574 39
47.07017543859767 18
47.11403508772048 15
47.11403508772048 16
47.12280701754504 11
47.15789473684329 5
47.15789473684329 19
47.17543859649241 55
47.236842105264344 18
47.245614035088906 9
47.28070175438715 3
47.28070175438715 43
47.3157894736854 11
47.32456140350996 24
47.33333333333452 59
47.350877192983646 36
47.35964912280821 47
47.403508771931016 18
47.42105263158014 19
47.456140350878385 7
47.508771929825755 11
47.561403508773125 58
47.57017543859769 18
47.67543859649243 6
47.67543859649243 17
47.68421052631699 19
47.70175438596611 4
47.70175438596611 11
47.73684210526436 18
47.89473684210647 11
47.90350877193103 18
47.90350877193103 20
47.94736842105384 19
48.00000000000121 1
48.0701754385977 18
48.0701754385977 34
48.087719298246824 11
48.10526315789595 12
48.11403508772051 49
48.12280701754507 24
48.184210526317 0
48.184210526317 25
48.21052631579069 19
48.22807017543981 32
48.22807017543981 54
48.23684210526437 18
48.28070175438718 7
48.28070175438718 11
48.28070175438718 50
48.298245614036304 42
48.38596491228192 36
48.403508771931044 6
48.403508771931044 18
48.456140350878414 15
48.464912280702976 17
48.47368421052754 11
48.47368421052754 19
48.561403508773154 48
48.570175438597715 18
48.570175438597715 27
48.614035087720524 3
48.64035087719421 57
48.66666666666789 11
48.71929824561526 46
48.73684210526439 18
48.73684210526439 19
48.780701754387195 41
48.85087719298369 56
48.85964912280825 11
48.87719298245737 30
48.90350877193106 18
48.90350877193106 18
48.92105263158018 24
48.92105263158018 59
48.947368421053866 43
48.95614035087843 9
48.991228070176675 2
49.000000000001236 19
49.052631578948606 11
49.07017543859773 18
49.105263157895976 7
49.13157894736966 6
49.16666666666791 47
49.16666666666791 52
49.21929824561528 12
49.2368421052644 18
49.24561403508896 11
49.254385964913524 5
49.254385964913524 17
49.263157894738086 19
49.28070175438721 31
49.315789473685456 1
49.37719298245739 40
49.40350877193107 18
49.421052631580196 36
49.43859649122932 11
49.45614035087844 10
49.48245614035213 5
49.526315789474936 19
49.526315789474936 42
49.54385964912406 25
49.570175438597744 18
49.631578947369675 11
49.71929824561529 23
49.71929824561529 24
49.78070175438722 4
49.789473684211785 19
49.79824561403635 15
49.82456140351003 11
49.85087719298372 18
49.85964912280828 6
49.86842105263284 26
49.92982456140477 7
49.92982456140477 14
49.947368421053895 3
49.98245614035214 16
50.01754385965039 11
50.01754385965039 18
50.04385964912407 17
50.052631578948635 19
50.18421052631706 18
50.210526315790744 11
50.315789473685484 19
50.33333333333461 12
50.35087719298373 18
50.35964912280829 20
50.4035087719311 11
50.41228070175566 5
50.45614035087847 36
50.5175438596504 18
50.5175438596504 24
50.5175438596504 48
50.535087719299526 1
50.578947368422334 19
50.578947368422334 19
50.587719298246896 6
50.59649122807146 11
50.59649122807146 50
50.61403508772058 37
50.62280701754514 38
50.64912280701883 43
50.66666666666795 9
50.684210526317074 18
50.76315789473813 7
50.78947368421181 11
50.798245614036375 44
50.80701754386094 53
50.83333333333462 17
50.84210526315918 19
50.850877192983745 18
50.86842105263287 41
50.88596491228199 28
50.903508771931115 25
50.93859649122936 59
50.97368421052761 0
50.98245614035217 11
50.98245614035217 47
50.99122807017673 55
51.01754385965042 18
51.01754385965042 22
51.01754385965042 27
51.09649122807147 57
51.10526315789603 19
51.14035087719428 15
51.14912280701884 30
51.175438596492526 11
51.18421052631709 18
51.26315789473814 49
51.280701754387266 3
51.30701754386095 46
51.31578947368551 6
51.31578947368551 24
51.3421052631592 42
51.35087719298376 18
51.36842105263288 11
51.36842105263288 19
51.385964912282006 58
51.44736842105394 12
51.46491228070306 5
51.491228070176746 36
51.51754385965043 18
51.56140350877324 11
51.587719298246924 7
51.62280701754517 17
51.63157894736973 19
51.6842105263171 18
51.754385964913595 11
51.85087719298377 18
51.859649122808335 4
51.89473684210658 19
51.89473684210658 39
51.94736842105395 11
51.95614035087851 1
51.9824561403522 52
52.017543859650445 18
52.03508771929957 45
52.04385964912413 6
52.11403508772062 24
52.14035087719431 11
52.15789473684343 19
52.184210526317116 18
52.26315789473817 25
52.333333333334664 11
52.35087719298379 18
52.37719298245747 9
52.394736842106596 5
52.41228070175572 7
52.41228070175572 17
52.42105263158028 19
52.447368421053966 2
52.46491228070309 48
52.48245614035221 15
52.51754385965046 18
52.52631578947502 11
52.52631578947502 36
52.56140350877327 12
52.61403508772064 3
52.6228070175452 32
52.64035087719432 54
52.68421052631713 18
52.68421052631713 19
52.71929824561538 11
52.7368421052645 43
52.77192982456275 6
52.79824561403643 47
52.807017543860994 42
52.815789473685555 20
52.8508771929838 16
52.8508771929838 18
52.91228070175573 11
52.91228070175573 24
52.91228070175573 50
52.94736842105398 19
53.01754385965047 18
53.078947368422405 56
53.10526315789609 11
53.16666666666802 34
53.16666666666802 59
53.184210526317145 18
53.20175438596627 17
53.21052631579083 19
53.236842105264515 41
53.245614035089076 7
53.28070175438732 1
53.289473684211885 46
53.298245614036446 11
53.30701754386101 10
53.350877192983816 18
53.42982456140487 30
53.456140350878556 29
53.46491228070312 27
53.47368421052768 19
53.48245614035224 14
53.4912280701768 11
53.500000000001364 6
53.51754385965049 18
53.561403508773296 36
53.614035087720666 23
53.62280701754523 25
53.6754385964926 12
53.68421052631716 11
53.68421052631716 18
53.710526315790844 24
53.73684210526453 19
53.824561403510145 15
53.85087719298383 18
53.877192982457515 11
53.921052631580324 42
53.93859649122945 4
53.94736842105401 3
53.99122807017682 17
54.00000000000138 19
54.0175438596505 18
54.07017543859787 11
54.07894736842243 7
54.087719298246995 9
54.18421052631717 18
54.22807017543998 6
54.26315789473823 11
54.26315789473823 19
54.26315789473823 26
54.27192982456279 0
54.3157894736856 1
54.350877192983845 18
54.412280701755776 49
54.456140350878584 11
54.48245614035227 48
54.508771929825954 24
54.517543859650516 18
54.52631578947508 19
54.59649122807157 36
54.614035087720694 47
54.64035087719438 29
54.64912280701894 11
54.68421052631719 18
54.719298245615434 52
54.780701754387366 17
54.78947368421193 12
54.78947368421193 19
54.78947368421193 58
54.8421052631593 11
54.8421052631593 39
54.85087719298386 18
54.89473684210667 59
54.90350877193123 7
54.9561403508786 6
54.982456140352284 25
55.01754385965053 18
55.03508771929965 11
55.05263157894878 19
55.16666666666808 15
55.1842105263172 18
55.22807017544001 11
55.24561403508913 44
55.254385964913695 22
55.254385964913695 43
55.27192982456282 20
55.28070175438738 3
55.2982456140365 53
55.307017543861065 24
55.315789473685626 19
55.34210526315931 57
55.35087719298387 18
55.35087719298387 45
55.359649122808435 42
55.359649122808435 50
55.39473684210668 31
55.421052631580366 11
55.421052631580366 40
55.50877192982598 55
55.517543859650544 18
55.570175438597914 17
55.578947368422476 19
55.58771929824704 37
55.61403508772072 11
55.631578947369846 36
55.684210526317216 6
55.684210526317216 18
55.7105263157909 30
55.71929824561546 16
55.728070175440024 7
55.79824561403652 9
55.80701754386108 11
55.842105263159326 19
55.85087719298389 18
55.90350877193126 2
55.90350877193126 12
55.90350877193126 29
55.91228070175582 27
55.92105263158038 28
56.000000000001435 11
56.000000000001435 38
56.01754385965056 4
56.01754385965056 18
56.105263157896175 19
56.105263157896175 24
56.17543859649267 59
56.18421052631723 18
56.19298245614179 11
56.24561403508916 5
56.24561403508916 44
56.34210526315934 25
56.3508771929839 18
56.35964912280846 17
56.368421052633025 5
56.368421052633025 19
56.38596491228215 11
56.41228070175583 6
56.429824561404956 47
56.429824561404956 48
56.50877192982601 15
56.51754385965057 18
56.56140350877338 7
56.578947368422504 11
56.61403508772075 3
56.62280701754531 0
56.631578947369874 19
56.66666666666812 36
56.684210526317244 18
56.71929824561549 56
56.77192982456286 11
56.850877192983916 18
56.86842105263304 32
56.894736842106724 19
56.903508771931286 24
56.947368421054094 8
56.96491228070322 1
56.96491228070322 11
56.96491228070322 54
57.01754385965059 12
57.01754385965059 18
57.03508771929971 14
57.13157894736989 59
57.14035087719445 6
57.14912280701901 17
57.15789473684357 10
57.15789473684357 11
57.15789473684357 19
57.18421052631726 18
57.33333333333481 41
57.35087719298393 11
57.35087719298393 18
57.385964912282176 7
57.41228070175586 39
57.42105263158042 19
57.42105263158042 29
57.46491228070323 46
57.47368421052779 23
57.50000000000148 9
57.5175438596506 18
57.543859649124286 11
57.56140350877341 49
57.67543859649271 50
57.68421052631727 18
57.68421052631727 19
57.701754385966396 24
57.701754385966396 25
57.701754385966396 36
57.701754385966396 52
57.72807017544008 20
57.73684210526464 11
57.850877192983944 15
57.850877192983944 18
57.86842105263307 6
57.929824561405 11
57.93859649122956 17
57.94736842105412 3
57.94736842105412 19
57.98245614035237 30
58.017543859650615 18
58.03508771929974 5
58.09649122807167 4
58.122807017545355 11
58.13157894736992 12
58.18421052631729 18
58.18421052631729 18
58.21052631579097 7
58.21052631579097 19
58.23684210526466 47
58.31578947368571 11
58.32456140351027 34
58.35087719298396 18
58.35964912280852 27
58.36842105263308 1
58.37719298245764 48
58.46491228070326 57
58.47368421052782 19
58.500000000001506 24
58.50877192982607 11
58.51754385965063 18
58.58771929824712 16
58.58771929824712 45
58.596491228071685 6
58.657894736843616 26
58.6842105263173 18
58.701754385966424 11
58.72807017544011 17
58.73684210526467 19
58.73684210526467 36
58.74561403508923 55
58.84210526315941 5
58.85087719298397 18
58.87719298245766 42
58.89473684210678 11
59.00000000000152 19
59.017543859650644 18
59.017543859650644 46
59.03508771929977 7
59.06140350877345 25
59.08771929824714 11
59.175438596492754 31
59.184210526317315 18
59.184210526317315 43
59.19298245614188 15
59.210526315791 9
59.236842105264685 53
59.24561403508925 12
59.26315789473837 19
59.28070175438749 3
59.28070175438749 11
59.29824561403662 24
59.3245614035103 6
59.35087719298399 18
59.35964912280855 2
59.36842105263311 5
59.394736842106795 1
59.41228070175592 29
59.47368421052785 11
59.49122807017697 22
59.500000000001535 58
59.508771929826096 5
59.52631578947522 17
59.52631578947522 18
59.52631578947522 19
59.57017543859803 0
59.59649122807171 8
59.657894736843645 44
59.666666666668206 11
59.69298245614189 18
59.771929824562946 36
59.78947368421207 19
59.83333333333488 40
59.84210526315944 39
59.85964912280856 7
59.85964912280856 11
59.85964912280856 18
59.99122807017699 50
