0.043859649122807015 29
0.09649122807017543 41
0.13157894736842105 17
0.18421052631578946 28
0.21052631578947367 0
0.23684210526315788 39
0.3070175438596493 47
0.3333333333333336 7
0.3596491228070179 36
0.3596491228070179 37
0.3859649122807022 11
0.3947368421052636 23
0.42982456140350933 15
0.4824561403508779 35
0.5263157894736851 34
0.5614035087719308 42
0.5614035087719308 58
0.5964912280701765 1
0.6403508771929837 11
0.6403508771929837 44
0.6578947368421065 8
0.666666666666668 16
0.666666666666668 20
0.6754385964912294 27
0.6929824561403523 24
0.8157894736842123 57
0.8245614035087737 54
0.8684210526315809 40
0.9649122807017566 17
1.0263157894736865 14
1.0438596491228094 6
1.0701754385964937 7
1.0701754385964937 22
1.1403508771929851 48
1.157894736842108 36
1.1666666666666694 33
1.2017543859649151 45
1.4473684210526352 5
1.4912280701754423 29
1.526315789473688 53
1.5701754385964952 24
1.6578947368421095 50
1.7456140350877238 5
1.7456140350877238 15
1.7807017543859696 6
1.789473684210531 26
1.789473684210531 44
1.7982456140350924 7
1.8684210526315839 11
1.8947368421052682 42
1.9035087719298296 43
1.9561403508771982 36
2.0526315789473726 55
2.070175438596495 25
2.0964912280701786 47
2.192982456140352 2
2.4385964912280658 24
2.482456140350872 11
2.5175438596491166 6
2.526315789473678 7
2.6052631578947287 5
2.6052631578947287 17
2.6491228070175348 0
2.657894736842096 4
2.666666666666657 3
2.736842105263147 39
2.745614035087708 5
2.7543859649122693 36
2.7719298245613917 1
2.789473684210514 11
2.8070175438596365 44
3.0614035087719116 15
3.254385964912258 6
3.254385964912258 7
3.254385964912258 11
3.298245614035064 57
3.3070175438596254 24
3.377192982456115 29
3.4298245614034824 44
3.4824561403508496 27
3.5526315789473393 36
3.5614035087719005 48
3.622807017543829 11
3.745614035087686 42
3.833333333333298 44
3.868421052631543 43
3.885964912280665 47
3.9824561403508385 7
3.9912280701753997 6
4.166666666666632 3
4.333333333333304 8
4.333333333333304 17
4.342105263157865 16
4.350877192982427 36
4.350877192982427 50
4.377192982456112 15
4.52631578947366 24
4.535087719298222 25
4.57894736842103 1
4.68421052631577 14
4.710526315789455 7
4.728070175438578 6
4.728070175438578 34
4.833333333333318 23
4.947368421052619 44
5.035087719298236 20
5.078947368421044 45
5.114035087719291 53
5.149122807017537 36
5.157894736842099 54
5.166666666666661 28
5.201754385964907 5
5.219298245614031 58
5.228070175438592 4
5.289473684210524 22
5.333333333333332 37
5.394736842105264 24
5.438596491228072 7
5.447368421052634 44
5.456140350877195 10
5.464912280701757 6
5.508771929824565 41
5.578947368421058 55
5.649122807017552 33
5.649122807017552 43
5.666666666666675 3
5.684210526315798 15
5.69298245614036 39
5.701754385964922 47
5.7280701754386065 2
5.780701754385976 11
5.815789473684223 48
5.868421052631593 25
5.921052631578963 17
5.921052631578963 27
5.947368421052648 36
5.991228070175456 11
6.026315789473703 9
6.122807017543881 0
6.149122807017566 42
6.166666666666689 7
6.201754385964936 6
6.228070175438621 1
6.263157894736867 24
6.552631578947402 40
6.631578947368457 35
6.657894736842142 11
6.745614035087758 17
6.745614035087758 36
6.75438596491232 57
6.833333333333375 26
6.850877192982498 11
6.85964912280706 44
6.894736842105306 7
6.938596491228115 6
6.9912280701754845 15
7.131578947368471 24
7.166666666666718 3
7.201754385964964 25
7.298245614035142 8
7.333333333333389 16
7.403508771929882 29
7.482456140350937 47
7.50000000000006 5
7.508771929824622 4
7.543859649122869 36
7.578947368421115 1
7.578947368421115 43
7.6228070175439235 7
7.640350877193047 42
7.6754385964912935 6
7.684210526315855 5
8.000000000000075 24
8.043859649122883 5
8.201754385964993 5
8.29824561403517 15
8.324561403508856 14
8.342105263157979 36
8.35087719298254 7
8.412280701754472 6
8.482456140350966 41
8.50877192982465 29
8.535087719298335 25
8.535087719298335 25
8.543859649122897 9
8.552631578947459 45
8.66666666666676 3
8.868421052631678 24
8.868421052631678 53
8.956140350877295 17
8.991228070175541 34
9.078947368421158 7
9.122807017543966 20
9.14035087719309 36
9.149122807017651 6
9.175438596491336 5
9.254385964912391 0
9.263157894736953 2
9.271929824561514 39
9.280701754386076 47
9.385964912280816 5
9.429824561403624 42
9.482456140350994 57
9.605263157894857 15
9.649122807017665 4
9.649122807017665 11
9.657894736842227 5
9.692982456140474 23
9.701754385965035 22
9.736842105263282 24
9.789473684210652 58
9.807017543859775 7
9.868421052631707 25
9.88596491228083 6
9.921052631579077 55
9.9385964912282 36
9.956140350877323 27
10.008771929824693 43
10.026315789473816 11
10.070175438596625 54
10.14912280701768 28
10.166666666666803 3
10.210526315789611 29
10.30701754385979 37
10.324561403508913 16
10.333333333333474 11
10.350877192982598 17
10.535087719298392 7
10.605263157894885 24
10.622807017544009 6
10.666666666666817 41
10.73684210526331 36
10.912280701754543 15
10.956140350877352 42
11.026315789473845 40
11.070175438596653 47
11.114035087719461 5
11.201754385965078 25
11.26315789473701 7
11.26315789473701 29
11.359649122807188 6
11.42982456140368 11
11.447368421052804 26
11.47368421052649 24
11.53508771929842 36
11.666666666666845 3
11.728070175438777 4
11.736842105263339 44
11.815789473684394 11
11.833333333333517 33
11.842105263158079 0
11.877192982456325 35
11.912280701754572 43
11.947368421052818 1
11.95614035087738 14
11.991228070175627 7
11.991228070175627 39
12.096491228070366 6
12.210526315789668 50
12.21929824561423 15
12.228070175438791 45
12.333333333333531 36
12.342105263158093 24
12.53508771929845 17
12.53508771929845 25
12.54385964912301 5
12.578947368421257 53
12.587719298245819 11
12.587719298245819 48
12.622807017544066 27
12.675438596491436 29
12.684210526315997 42
12.719298245614244 7
12.798245614035299 2
12.833333333333545 6
12.850877192982669 47
13.000000000000217 58
13.043859649123025 57
13.131578947368642 36
13.166666666666888 3
13.184210526316011 1
13.184210526316011 34
13.210526315789696 24
13.289473684210751 8
13.315789473684436 16
13.412280701754614 55
13.429824561403738 11
13.447368421052861 7
13.49122807017567 17
13.526315789473916 15
13.570175438596724 6
13.701754385965149 9
13.701754385965149 11
13.807017543859889 4
13.86842105263182 25
13.929824561403752 36
13.991228070175683 22
14.043859649123053 41
14.0789473684213 24
14.105263157894985 20
14.105263157894985 42
14.175438596491478 7
14.28947368421078 23
14.307017543859903 6
14.359649122807273 17
14.412280701754643 54
14.657894736842369 47
14.66666666666693 3
14.684210526316054 29
14.728070175438862 36
14.745614035087986 5
14.798245614035356 0
14.833333333333602 15
14.903508771930095 7
14.947368421052904 24
15.043859649123082 6
15.052631578947643 11
15.131578947368698 28
15.149122807017822 43
15.184210526316068 17
15.201754385965192 25
15.280701754386246 37
15.368421052631863 44
15.385964912280986 39
15.412280701754671 10
15.526315789473973 36
15.552631578947658 11
15.587719298245904 14
15.631578947368713 7
15.631578947368713 9
15.649122807017836 42
15.78070175438626 6
15.789473684210822 40
15.815789473684507 24
15.842105263158192 1
15.885964912281 4
15.894736842105562 50
15.982456140351179 8
15.99122807017574 17
16.14035087719329 15
16.14035087719329 48
16.166666666666973 3
16.19298245614066 29
16.228070175438905 58
16.236842105263467 57
16.30701754385996 16
16.324561403509083 36
16.333333333333645 2
16.35964912280733 7
16.385964912281015 26
16.403508771930138 11
16.438596491228385 47
16.51754385964944 6
16.535087719298563 25
16.552631578947686 27
16.67543859649155 43
16.68421052631611 24
16.701754385965234 41
16.78947368421085 17
16.798245614035412 45
17.026315789474015 55
17.087719298245947 7
17.10526315789507 44
17.122807017544194 36
17.25438596491262 6
17.447368421052975 15
17.508771929824906 9
17.552631578947715 24
17.58771929824596 17
17.58771929824596 29
17.666666666667016 3
17.73684210526351 5
17.73684210526351 53
17.815789473684564 7
17.85087719298281 33
17.868421052631934 25
17.868421052631934 34
17.921052631579304 36
17.938596491228427 35
17.964912280702112 4
17.973684210526674 42
17.991228070175797 6
18.035087719298605 1
18.245614035088085 22
18.245614035088085 47
18.38596491228107 17
18.421052631579318 24
18.49122807017581 8
18.54385964912318 7
18.666666666667044 11
18.719298245614414 20
18.719298245614414 36
18.728070175438976 6
18.75438596491266 15
18.780701754386346 44
18.815789473684593 54
18.894736842105647 23
19.026315789474072 27
19.026315789474072 39
19.096491228070565 1
19.11403508771969 57
19.157894736842497 0
19.16666666666706 3
19.184210526316182 17
19.201754385965305 25
19.210526315789867 14
19.21929824561443 11
19.22807017543899 29
19.2719298245618 7
19.289473684210922 24
19.298245614035483 16
19.32456140350917 43
19.33333333333373 10
19.37719298245654 9
19.464912280702155 6
19.517543859649525 36
19.561403508772333 42
19.587719298246018 41
19.60526315789514 11
19.631578947368826 58
19.745614035088128 50
19.86842105263199 2
19.86842105263199 48
19.96491228070217 5
19.982456140351292 17
20.000000000000416 7
20.0263157894741 47
20.043859649123224 4
20.061403508772347 15
20.105263157895156 28
20.157894736842525 24
20.166666666667087 5
20.201754385965334 6
20.254385964912704 37
20.315789473684635 36
20.368421052632005 40
20.535087719298676 25
20.622807017544293 45
20.6666666666671 3
20.728070175439033 7
20.780701754386403 17
20.842105263158334 1
20.903508771930266 42
20.938596491228513 6
21.02631578947413 24
21.061403508772376 29
21.114035087719746 36
21.23684210526361 26
21.254385964912732 9
21.368421052632034 15
21.45614035087765 7
21.535087719298705 55
21.56140350877239 8
21.578947368421513 17
21.67543859649169 6
21.684210526316253 39
21.78070175438643 48
21.807017543860116 47
21.8333333333338 53
21.868421052632048 25
21.87719298245661 11
21.894736842105733 24
21.912280701754856 27
21.912280701754856 36
21.99122807017591 20
22.026315789474157 1
22.070175438596966 34
22.122807017544336 4
22.166666666667144 3
22.166666666667144 44
22.184210526316267 7
22.219298245614514 29
22.289473684211007 16
22.315789473684692 33
22.324561403509254 50
22.377192982456624 17
22.41228070175487 6
22.41228070175487 43
22.447368421053117 22
22.67543859649172 15
22.710526315789966 36
22.763157894737336 24
22.83333333333383 14
22.912280701754884 7
23.114035087719802 35
23.122807017544364 9
23.140350877193487 41
23.14912280701805 6
23.175438596491734 17
23.20175438596542 25
23.31578947368472 23
23.31578947368472 42
23.403508771930337 2
23.438596491228584 1
23.500000000000515 29
23.508771929825077 36
23.561403508772447 58
23.58771929824613 47
23.63157894736894 24
23.6403508771935 7
23.649122807018063 57
23.666666666667187 3
23.666666666667187 5
23.69298245614087 48
23.833333333333858 5
23.85087719298298 44
23.885964912281228 6
23.973684210526844 17
23.982456140351406 15
24.140350877193516 39
24.1666666666672 45
24.192982456140886 5
24.201754385965447 4
24.289473684211064 54
24.307017543860187 36
24.350877192982995 0
24.36842105263212 7
24.447368421053174 20
24.447368421053174 43
24.456140350877735 11
24.500000000000544 24
24.53508771929879 25
24.543859649123352 44
24.59649122807072 27
24.622807017544407 6
24.64912280701809 40
24.657894736842653 29
24.771929824561955 10
24.771929824561955 17
24.973684210526873 44
25.000000000000558 9
25.078947368421613 28
25.096491228070736 7
25.105263157895298 36
25.12280701754442 50
25.16666666666723 3
25.22807017543916 37
25.22807017543916 37
25.28070175438653 16
25.289473684211092 15
25.359649122807586 6
25.368421052632147 24
25.368421052632147 47
25.38596491228127 41
25.570175438597065 17
25.675438596491805 1
25.824561403509353 7
25.86842105263216 25
25.903508771930408 36
25.92105263157953 55
26.008771929825148 29
26.096491228070764 6
26.140350877193573 48
26.18421052631638 42
26.23684210526375 24
26.245614035088312 57
26.271929824561997 34
26.28070175438656 4
26.28070175438656 26
26.359649122807614 53
26.368421052632176 17
26.456140350877792 14
26.49122807017604 39
26.49122807017604 43
26.54385964912341 8
26.55263157894797 7
26.59649122807078 15
26.64912280701815 22
26.666666666667272 3
26.70175438596552 36
26.75438596491289 58
26.77192982456201 0
26.833333333333943 6
26.86842105263219 9
26.938596491228683 2
27.000000000000615 20
27.096491228070793 27
27.105263157895354 11
27.105263157895354 24
27.1403508771936 33
27.149122807018163 47
27.166666666667286 17
27.201754385965533 25
27.280701754386588 7
27.324561403509396 1
27.333333333333957 42
27.39473684210589 5
27.50000000000063 36
27.543859649123437 5
27.56140350877256 41
27.570175438597122 6
27.570175438597122 23
27.631578947369054 11
27.903508771930465 15
27.921052631579588 35
27.964912280702396 17
27.973684210526958 24
28.008771929825205 7
28.017543859649766 44
28.122807017544506 48
28.166666666667314 3
28.210526315790123 45
28.236842105263808 11
28.271929824562054 16
28.280701754386616 43
28.29824561403574 36
28.3070175438603 6
28.35964912280767 4
28.368421052632232 50
28.482456140351534 42
28.535087719298904 25
28.57017543859715 29
28.736842105263822 7
28.754385964912945 57
28.763157894737507 44
28.798245614035753 17
28.84210526315856 24
28.868421052632247 9
28.9473684210533 47
29.04385964912348 6
29.078947368421726 11
29.09649122807085 36
29.21052631579015 15
29.219298245614713 40
29.31578947368489 44
29.41228070175507 0
29.46491228070244 7
29.535087719298932 5
29.596491228070864 17
29.614035087719987 27
29.649122807018234 42
29.666666666667357 3
29.710526315790165 24
29.710526315790165 29
29.745614035088412 44
29.78070175438666 6
29.807017543860344 11
29.868421052632275 25
29.89473684210596 36
29.912280701755083 43
30.0000000000007 58
30.00877192982526 39
30.05263157894807 28
30.078947368421755 14
30.10526315789544 48
30.131578947369125 53
30.192982456141056 7
30.201754385965618 37
30.27192982456211 55
30.394736842105974 11
30.394736842105974 17
30.438596491228783 4
30.464912280702467 34
30.47368421052703 2
30.517543859649837 6
30.517543859649837 15
30.53508771929896 44
30.57894736842177 24
30.666666666667385 11
30.69298245614107 36
30.701754385965632 8
30.728070175439317 47
30.74561403508844 9
30.815789473684934 41
30.833333333334057 54
30.85087719298318 22
30.921052631579673 7
31.00877192982529 44
31.1666666666674 3
31.192982456141085 17
31.201754385965646 25
31.254385964913016 6
31.263157894737578 16
31.27192982456214 26
31.307017543860386 44
31.342105263158633 29
31.342105263158633 42
31.42982456140425 43
31.447368421053373 24
31.49122807017618 36
31.53508771929899 23
31.561403508772674 57
31.605263157895482 1
31.64912280701829 7
31.763157894737592 5
31.824561403509524 15
31.824561403509524 45
31.824561403509524 50
31.842105263158647 0
31.991228070176195 6
31.991228070176195 17
32.13157894736918 48
32.28947368421129 36
32.30701754386041 27
32.31578947368497 24
32.377192982456904 7
32.491228070176206 20
32.491228070176206 42
32.50877192982533 47
32.51754385964989 4
32.535087719299014 25
32.62280701754463 9
32.66666666666744 3
32.72807017543937 6
32.72807017543937 35
32.76315789473762 44
32.7894736842113 17
32.7894736842113 33
32.798245614035864 29
32.798245614035864 39
33.0877192982464 36
33.10526315789552 7
33.11403508772008 1
33.131578947369206 15
33.184210526316576 24
33.46491228070255 6
33.58771929824641 8
33.58771929824641 17
33.701754385965714 14
33.78070175438677 53
33.83333333333414 7
33.868421052632385 25
33.88596491228151 36
33.92982456140432 10
33.93859649122888 58
34.00877192982537 2
34.00877192982537 43
34.03508771929906 42
34.04385964912362 44
34.05263157894818 24
34.0701754385973 55
34.12280701754467 57
34.16666666666748 3
34.16666666666748 50
34.20175438596573 6
34.22807017543941 29
34.236842105263975 5
34.2543859649131 16
34.289473684211345 47
34.38596491228152 17
34.43859649122889 15
34.456140350878016 11
34.49122807017626 9
34.561403508772756 7
34.596491228071 4
34.657894736842934 34
34.68421052631662 36
34.78947368421136 5
34.921052631579784 24
34.93859649122891 6
34.93859649122891 11
35.035087719299085 28
35.05263157894821 22
35.17543859649207 37
35.18421052631663 17
35.18421052631663 42
35.20175438596576 25
35.20175438596576 39
35.21052631579032 54
35.26315789473769 0
35.28947368421137 7
35.350877192983305 5
35.359649122807866 20
35.456140350878044 23
35.48245614035173 36
35.65789473684296 48
35.666666666667524 3
35.675438596492086 6
35.70175438596577 1
35.728070175439456 8
35.74561403508858 15
35.78947368421139 24
35.89473684210613 43
35.982456140351744 17
36.00877192982543 26
36.01754385964999 7
36.05263157894824 5
36.07017543859736 47
36.10526315789561 27
36.28070175438684 36
36.33333333333421 42
36.34210526315877 41
36.359649122807895 9
36.412280701755265 6
36.50877192982544 50
36.53508771929913 25
36.55263157894825 45
36.622807017544744 29
36.65789473684299 24
36.675438596492114 4
36.74561403508861 7
36.76315789473773 1
36.780701754386854 17
36.789473684211416 40
37.052631578948265 15
37.07894736842195 11
37.07894736842195 36
37.14912280701844 6
37.16666666666757 3
37.24561403508862 16
37.324561403509676 14
37.473684210527225 7
37.482456140351786 42
37.49122807017635 44
37.526315789474594 24
37.54385964912372 2
37.578947368421964 17
37.59649122807109 35
37.640350877193896 33
37.77192982456232 10
37.789473684211444 11
37.80701754386057 58
37.8684210526325 25
37.8684210526325 47
37.87719298245706 36
37.88596491228162 6
37.947368421053554 43
38.15789473684303 55
38.17543859649216 44
38.2105263157904 7
38.219298245614965 29
38.23684210526409 9
38.271929824562335 8
38.2807017543869 57
38.29824561403602 48
38.35964912280795 0
38.35964912280795 15
38.377192982457075 17
38.3947368421062 24
38.543859649123746 53
38.587719298246554 27
38.596491228071116 11
38.6228070175448 6
38.63157894736936 42
38.66666666666761 3
38.66666666666761 5
38.67543859649217 36
38.72807017543954 1
38.754385964913226 4
38.850877192983404 34
38.850877192983404 50
38.903508771930774 20
38.93859649122902 7
39.07894736842201 41
39.175438596492185 17
39.20175438596587 25
39.25438596491324 22
39.2631578947378 24
39.35964912280798 6
39.35964912280798 23
39.3771929824571 39
39.47368421052728 36
39.52631578947465 11
39.53508771929921 5
39.649122807018514 47
39.66666666666764 7
39.66666666666764 15
39.6754385964922 43
39.78070175438694 42
39.79824561403606 29
39.973684210527296 17
39.99122807017642 1
40.00877192982554 28
40.03508771929923 45
40.09649122807116 6
40.10526315789572 9
40.131578947369405 24
40.14912280701853 37
40.16666666666765 3
40.236842105264145 16
40.25438596491327 48
40.27192982456239 36
40.394736842106255 7
40.48245614035187 8
40.53508771929924 25
40.614035087720296 26
40.771929824562406 5
40.771929824562406 17
40.78947368421153 54
40.83333333333434 4
40.83333333333434 6
40.929824561404516 42
40.94736842105364 14
40.973684210527324 15
40.99122807017645 11
41.00000000000101 24
41.0701754385975 36
41.0701754385975 41
41.078947368422064 2
41.12280701754487 7
41.14912280701856 29
41.22807017543961 0
41.42982456140453 47
41.4824561403519 43
41.570175438597516 6
41.570175438597516 17
41.58771929824664 27
41.58771929824664 40
41.666666666667695 3
41.728070175439626 1
41.85087719298349 7
41.86842105263261 24
41.86842105263261 25
41.86842105263261 36
41.95614035087823 58
41.982456140351914 9
42.06140350877297 44
42.07894736842209 42
42.17543859649227 20
42.201754385965955 5
42.26315789473789 29
42.28070175438701 15
42.307017543860695 6
42.33333333333438 53
42.36842105263263 17
42.412280701755435 48
42.42105263158 55
42.47368421052737 35
42.57894736842211 7
42.66666666666772 36
42.736842105264216 24
42.91228070175545 4
43.000000000001066 1
43.043859649123874 6
43.043859649123874 34
43.14035087719405 11
43.16666666666774 3
43.16666666666774 17
43.1754385964923 33
43.201754385965984 25
43.210526315790545 47
43.22807017543967 16
43.263157894737915 23
43.29824561403616 43
43.307017543860724 7
43.32456140350985 50
43.38596491228178 41
43.38596491228178 42
43.45614035087827 22
43.46491228070283 36
43.48245614035196 57
43.526315789474765 39
43.5877192982467 15
43.60526315789582 24
43.61403508772038 29
43.78070175438705 6
43.894736842106354 9
43.91228070175548 5
43.96491228070285 17
43.99122807017653 0
44.03508771929934 7
44.19298245614145 5
44.263157894737944 36
44.35087719298356 48
44.43859649122918 8
44.47368421052742 24
44.51754385965023 6
44.535087719299355 25
44.535087719299355 42
44.5701754385976 14
44.57894736842216 45
44.61403508772041 2
44.66666666666778 3
44.72807017543971 27
44.76315789473796 7
44.76315789473796 17
44.82456140350989 20
44.89473684210638 15
44.982456140352 28
44.99122807017656 4
44.99122807017656 47
45.061403508773054 36
45.10526315789586 29
45.122807017544986 37
45.25438596491341 6
45.34210526315903 24
45.377192982457274 41
45.438596491229205 1
45.491228070176575 7
45.52631578947482 10
45.56140350877307 17
45.66666666666781 50
45.68421052631693 42
45.71052631579062 26
45.74561403508886 54
45.76315789473799 9
45.84210526315904 44
45.859649122808165 36
45.868421052632726 25
45.99122807017659 6
46.14035087719414 55
46.16666666666782 3
46.175438596492384 5
46.20175438596607 15
46.21052631579063 24
46.21052631579063 57
46.21929824561519 7
46.21929824561519 16
46.228070175439754 53
46.24561403508888 11
46.280701754387124 43
46.289473684211686 48
46.333333333334494 44
46.35964912280818 17
46.552631578948535 11
46.657894736843275 36
46.68421052631696 0
46.72807017543977 1
46.72807017543977 6
46.77192982456258 11
46.77192982456258 47
46.83333333333451 42
46.877192982457316 8
46.921052631580125 39
46.94736842105381 7
47.07017543859767 4
47.078947368422234 24
47.140350877194166 27
47.15789473684329 17
47.16666666666785 23
47.2017543859661 25
47.21929824561522 40
47.236842105264344 34
47.236842105264344 44
47.298245614036276 35
47.342105263159084 20
47.456140350878385 36
47.46491228070295 6
47.508771929825755 15
47.63157894736962 9
47.6578947368433 22
47.666666666667865 3
47.67543859649243 7
47.68421052631699 41
47.7280701754398 5
47.83333333333454 1
47.90350877193103 45
47.94736842105384 24
47.9561403508784 17
47.982456140352085 42
48.00877192982577 50
48.149122807018756 2
48.192982456141564 14
48.201754385966126 6
48.21929824561525 48
48.254385964913496 36
48.350877192983674 11
48.38596491228192 29
48.403508771931044 7
48.53508771929947 25
48.53508771929947 25
48.55263157894859 47
48.75438596491351 17
48.76315789473807 33
48.78947368421176 11
48.81578947368544 15
48.81578947368544 24
48.938596491229305 6
49.02631578947492 8
49.052631578948606 36
49.08771929824685 58
49.13157894736966 7
49.13157894736966 42
49.149122807018784 4
49.16666666666791 3
49.201754385966154 1
49.210526315790716 16
49.307017543860894 0
49.50877192982581 9
49.55263157894862 17
49.55263157894862 27
49.60526315789599 39
49.675438596492484 6
49.684210526317045 24
49.80701754386091 43
49.85087719298372 36
49.85964912280828 7
49.86842105263284 25
49.96491228070302 28
50.061403508773196 29
50.07894736842232 11
50.09649122807144 37
50.12280701754513 15
50.25438596491355 20
50.25438596491355 48
50.28070175438724 42
50.33333333333461 47
50.35087719298373 17
50.41228070175566 6
50.44736842105391 1
50.55263157894865 24
50.55263157894865 53
50.587719298246896 7
50.64912280701883 36
50.66666666666795 3
50.77192982456269 57
50.82456140351006 55
50.83333333333462 26
50.88596491228199 50
51.070175438597786 5
51.070175438597786 23
51.10526315789603 41
51.14912280701884 6
51.14912280701884 17
51.1578947368434 8
51.20175438596621 25
51.228070175439896 4
51.31578947368551 5
51.31578947368551 7
51.35087719298376 45
51.385964912282006 9
51.42105263158025 24
51.429824561404814 15
51.429824561404814 15
51.429824561404814 34
51.429824561404814 42
51.44736842105394 5
51.44736842105394 36
51.6842105263171 2
51.78947368421184 10
51.81578947368553 14
51.859649122808335 22
51.88596491228202 6
51.94736842105395 17
51.964912280703075 27
52.04385964912413 7
52.08771929824694 39
52.11403508772062 47
52.16666666666799 3
52.20175438596624 16
52.24561403508905 36
52.26315789473817 5
52.289473684211856 24
52.48245614035221 44
52.53508771929958 25
52.56140350877327 11
52.57894736842239 42
52.6228070175452 6
52.66666666666801 35
52.7368421052645 15
52.74561403508906 17
52.77192982456275 7
52.807017543860994 48
52.815789473685555 58
52.92982456140486 5
52.94736842105398 11
52.94736842105398 43
52.9649122807031 29
52.98245614035223 40
53.026315789475035 20
53.04385964912416 36
53.131578947369775 5
53.131578947369775 41
53.1491228070189 11
53.15789473684346 24
53.21929824561539 1
53.2631578947382 9
53.30701754386101 0
53.30701754386101 4
53.35964912280838 6
53.403508771931186 8
53.46491228070312 50
53.500000000001364 7
53.54385964912417 17
53.64035087719435 57
53.666666666668036 3
53.710526315790844 54
53.72807017543997 42
53.75438596491365 11
53.84210526315927 36
53.868421052632954 25
53.877192982457515 33
53.89473684210664 47
54.02631578947506 24
54.04385964912419 15
54.09649122807156 6
54.22807017543998 7
54.32456140351016 5
54.34210526315928 17
54.34210526315928 17
54.37719298245753 27
54.60526315789613 29
54.64035087719438 36
54.81578947368561 1
54.824561403510174 5
54.833333333334735 6
54.877192982457544 42
54.885964912282105 53
54.89473684210667 24
54.938596491229475 28
54.94736842105404 5
54.9561403508786 7
54.97368421052772 23
55.00000000000141 43
55.02631578947509 11
55.0701754385979 37
55.13157894736983 9
55.14035087719439 17
55.149122807018955 41
55.16666666666808 3
55.19298245614176 16
55.201754385966325 25
55.21929824561545 2
55.28947368421194 48
55.35087719298387 15
55.38596491228212 4
55.42982456140493 45
55.43859649122949 14
55.43859649122949 36
55.570175438597914 6
55.622807017545284 34
55.66666666666809 8
55.675438596492654 47
55.684210526317216 7
55.76315789473827 24
55.77192982456283 5
55.80701754386108 50
55.842105263159326 11
55.938596491229504 17
55.97368421052775 20
56.02631578947512 42
56.06140350877337 22
56.07894736842249 55
56.13157894736986 1
56.19298245614179 5
56.2368421052646 36
56.30701754386109 6
56.315789473685655 11
56.368421052633025 26
56.41228070175583 7
56.526315789475134 57
56.535087719299696 25
56.62280701754531 0
56.631578947369874 24
56.65789473684356 15
56.66666666666812 3
56.71929824561549 43
56.736842105264614 17
56.789473684211984 27
56.97368421052778 44
57.008771929826025 9
57.03508771929971 36
57.04385964912427 6
57.14035087719445 7
57.1754385964927 42
57.18421052631726 1
57.219298245615505 48
57.39473684210674 11
57.42105263158042 29
57.42105263158042 41
57.45614035087867 47
57.46491228070323 4
57.50000000000148 24
57.535087719299725 17
57.78070175438745 6
57.83333333333482 36
57.86842105263307 7
57.86842105263307 25
57.956140350878684 44
57.964912280703246 15
57.99122807017693 39
58.13157894736992 8
58.14912280701904 50
58.16666666666816 3
58.18421052631729 16
58.20175438596641 35
58.32456140351027 42
58.333333333334835 17
58.36842105263308 24
58.40350877193133 58
58.47368421052782 20
58.51754385965063 6
58.596491228071685 7
58.63157894736993 36
58.754385964913794 2
58.868421052633096 29
58.87719298245766 23
58.88596491228222 9
58.88596491228222 53
58.94736842105415 33
59.03508771929977 1
59.06140350877345 14
59.070175438598014 44
59.078947368422575 54
59.131578947369945 17
59.20175438596644 25
59.20175438596644 27
59.236842105264685 24
59.236842105264685 47
59.25438596491381 6
59.27192982456293 15
59.3245614035103 7
59.42982456140504 36
59.47368421052785 42
59.54385964912434 4
59.59649122807171 57
59.6228070175454 5
59.666666666668206 3
59.815789473685754 34
59.91228070175593 28
59.91228070175593 43
59.929824561405056 17
59.99122807017699 6
