0.008771929824561403 41
0.03508771929824561 18
0.06140350877192982 53
0.07017543859649122 2
0.08771929824561403 38
0.09649122807017543 39
0.09649122807017543 59
0.10526315789473684 47
0.17543859649122806 20
0.26315789473684215 18
0.28947368421052644 5
0.3070175438596493 8
0.32456140350877216 10
0.32456140350877216 54
0.3596491228070179 28
0.3596491228070179 50
0.41228070175438647 25
0.42982456140350933 18
0.46491228070175505 16
0.4824561403508779 1
0.4824561403508779 24
0.5000000000000008 7
0.5000000000000008 44
0.5350877192982465 15
0.5438596491228079 36
0.5438596491228079 43
0.5789473684210537 34
0.5964912280701765 42
0.605263157894738 14
0.6140350877192994 6
0.728070175438598 18
0.728070175438598 29
0.7368421052631594 37
0.7543859649122823 58
0.7631578947368437 5
0.9473684210526337 0
0.9912280701754409 18
1.0087719298245637 48
1.0526315789473708 5
1.157894736842108 17
1.1842105263157923 11
1.2368421052631609 7
1.2456140350877223 9
1.2456140350877223 44
1.2456140350877223 45
1.3070175438596523 18
1.3245614035087752 26
1.3596491228070209 24
1.3684210526315823 6
1.3771929824561437 40
1.4385964912280738 35
1.4385964912280738 36
1.464912280701758 31
1.4736842105263195 59
1.482456140350881 5
1.5614035087719338 44
1.5789473684210567 55
1.6228070175438638 18
1.6315789473684252 27
1.8596491228070224 15
1.8859649122807067 57
1.8947368421052682 47
1.9385964912280753 1
1.9649122807017596 7
2.070175438596495 23
2.1228070175438623 6
2.1315789473684235 22
2.2105263157894743 30
2.236842105263158 24
2.3333333333333313 36
2.3333333333333313 41
2.3947368421052597 11
2.4298245614035046 59
2.5438596491228003 43
2.622807017543851 39
2.701754385964902 7
2.7982456140350753 29
2.877192982456126 6
2.956140350877177 50
3.114035087719279 24
3.157894736842085 1
3.1754385964912073 15
3.2192982456140133 44
3.2280701754385746 17
3.2280701754385746 36
3.2719298245613806 5
3.2719298245613806 48
3.3508771929824315 20
3.368421052631554 8
3.4035087719297987 11
3.41228070175436 9
3.4298245614034824 7
3.456140350877166 16
3.535087719298217 44
3.5614035087719005 25
3.5964912280701453 11
3.6052631578947065 2
3.63157894736839 6
3.6842105263157574 47
3.70175438596488 18
3.833333333333298 59
3.877192982456104 0
3.9385964912280325 53
3.964912280701716 11
3.9824561403508385 24
4.122807017543824 36
4.157894736842071 7
4.228070175438564 18
4.280701754385934 14
4.31578947368418 17
4.385964912280674 6
4.394736842105235 29
4.482456140350852 15
4.4912280701754135 41
4.4912280701754135 43
4.508771929824537 30
4.543859649122783 44
4.763157894736825 10
4.850877192982441 24
4.859649122807003 42
4.885964912280688 7
4.8947368421052495 25
4.9210526315789345 11
4.938596491228058 1
4.964912280701743 44
4.999999999999989 31
5.017543859649113 36
5.131578947368414 27
5.140350877192976 6
5.166666666666661 17
5.192982456140346 39
5.219298245614031 18
5.228070175438592 58
5.315789473684209 9
5.403508771929825 11
5.403508771929825 28
5.508771929824565 8
5.517543859649127 47
5.53508771929825 29
5.578947368421058 18
5.614035087719305 7
5.657894736842113 45
5.684210526315798 59
5.710526315789483 37
5.719298245614045 24
5.789473684210538 15
5.894736842105278 6
5.912280701754401 36
5.9561403508772095 40
6.043859649122826 11
6.061403508771949 17
6.236842105263182 50
6.298245614035114 34
6.342105263157922 7
6.350877192982484 22
6.4385964912281 0
6.447368421052662 16
6.447368421052662 18
6.464912280701785 48
6.508771929824594 44
6.517543859649155 38
6.54385964912284 55
6.570175438596525 57
6.578947368421087 41
6.578947368421087 54
6.605263157894772 24
6.605263157894772 35
6.64912280701758 6
6.75438596491232 23
6.798245614035128 30
6.80701754385969 36
6.8157894736842515 29
7.0175438596491695 59
7.070175438596539 7
7.096491228070224 15
7.131578947368471 1
7.140350877193033 2
7.175438596491279 5
7.254385964912334 9
7.307017543859704 47
7.403508771929882 6
7.473684210526375 24
7.482456140350937 53
7.543859649122869 17
7.701754385964978 36
7.719298245614102 27
7.798245614035157 7
7.807017543859718 25
7.807017543859718 49
7.912280701754458 14
7.991228070175513 11
8.008771929824636 18
8.017543859649198 43
8.157894736842184 6
8.157894736842184 8
8.271929824561486 42
8.315789473684294 29
8.324561403508856 39
8.342105263157979 24
8.368421052631664 17
8.40350877192991 15
8.45614035087728 20
8.491228070175527 48
8.50877192982465 5
8.526315789473774 7
8.552631578947459 50
8.596491228070267 36
8.640350877193075 31
8.780701754386062 18
8.903508771929925 44
8.903508771929925 58
8.912280701754487 6
9.078947368421158 30
9.08771929824572 47
9.210526315789583 24
9.254385964912391 7
9.280701754386076 26
9.385964912280816 17
9.394736842105377 25
9.421052631579062 9
9.438596491228186 16
9.491228070175556 36
9.596491228070295 42
9.631578947368542 29
9.666666666666789 6
9.67543859649135 41
9.710526315789597 15
9.72807017543872 5
9.982456140351008 7
10.008771929824693 1
10.078947368421186 24
10.192982456140488 17
10.20175438596505 18
10.289473684210666 5
10.30701754385979 55
10.385964912280844 36
10.42105263157909 6
10.447368421052776 28
10.491228070175584 57
10.552631578947516 22
10.587719298245762 11
10.605263157894885 27
10.622807017544009 29
10.675438596491379 2
10.68421052631594 37
10.719298245614187 7
10.728070175438749 25
10.763157894736995 40
10.815789473684365 48
10.89473684210542 0
10.89473684210542 23
10.903508771929982 47
10.94736842105279 11
10.94736842105279 24
10.991228070175598 17
11.017543859649283 15
11.017543859649283 50
11.131578947368585 20
11.175438596491393 6
11.201754385965078 53
11.21052631578964 8
11.236842105263324 18
11.254385964912448 59
11.280701754386133 36
11.324561403508941 9
11.359649122807188 30
11.447368421052804 7
11.543859649122982 14
11.789473684210709 17
11.815789473684394 24
11.885964912280887 5
11.885964912280887 43
11.929824561403695 6
11.947368421052818 11
11.973684210526503 42
12.035087719298435 38
12.06140350877212 25
12.122807017544051 18
12.175438596491421 7
12.175438596491421 36
12.228070175438791 54
12.254385964912476 18
12.32456140350897 15
12.342105263158093 59
12.37719298245634 44
12.42982456140371 16
12.48245614035108 45
12.587719298245819 17
12.684210526315997 6
12.684210526315997 24
12.692982456140559 47
12.719298245614244 5
12.763157894737052 48
12.789473684210737 29
12.903508771930039 7
13.052631578947587 41
13.07017543859671 36
13.105263157894957 5
13.149122807017765 11
13.219298245614258 9
13.350877192982683 18
13.377192982456368 17
13.38596491228093 35
13.394736842105491 25
13.4385964912283 6
13.49122807017567 18
13.5526315789476 24
13.578947368421286 42
13.631578947368656 15
13.640350877193217 7
13.65789473684234 30
13.666666666666902 8
13.666666666666902 49
13.71052631578971 20
13.728070175438834 11
13.76315789473708 43
13.807017543859889 50
13.850877192982697 18
13.964912280701999 36
13.982456140351122 5
14.017543859649368 58
14.061403508772177 57
14.070175438596738 10
14.070175438596738 27
14.122807017544108 59
14.175438596491478 17
14.192982456140601 6
14.210526315789725 2
14.219298245614286 1
14.28947368421078 0
14.350877192982711 39
14.368421052631835 5
14.368421052631835 7
14.421052631579204 24
14.429824561403766 29
14.473684210526574 47
14.535087719298506 18
14.728070175438862 25
14.754385964912547 22
14.754385964912547 44
14.780701754386232 48
14.859649122807287 36
14.868421052631849 23
14.938596491228342 15
14.947368421052904 6
14.973684210526589 17
15.026315789473959 55
15.096491228070452 7
15.105263157895013 9
15.14035087719326 5
15.175438596491507 14
15.263157894737123 42
15.280701754386246 40
15.289473684210808 24
15.40350877193011 18
15.421052631579233 16
15.447368421052918 31
15.491228070175726 28
15.570175438596781 5
15.657894736842398 37
15.701754385965206 6
15.710526315789767 11
15.754385964912576 36
15.771929824561699 17
15.798245614035384 18
15.815789473684507 59
15.824561403509069 7
15.842105263158192 34
15.859649122807316 41
15.929824561403809 30
16.000000000000302 11
16.061403508772234 25
16.09649122807048 29
16.122807017544165 50
16.15789473684241 24
16.19298245614066 18
16.21052631578978 11
16.24561403508803 15
16.25438596491259 47
16.350877192982768 1
16.377192982456453 18
16.429824561403823 44
16.456140350877508 6
16.500000000000316 5
16.552631578947686 7
16.561403508772248 18
16.57017543859681 17
16.649122807017864 36
16.701754385965234 45
16.72807017543892 20
16.73684210526348 43
16.73684210526348 48
16.78070175438629 39
16.798245614035412 59
16.912280701754714 26
16.921052631579276 18
16.99122807017577 42
17.00000000000033 9
17.026315789474015 24
17.070175438596824 8
17.15789473684244 27
17.21052631578981 6
17.25438596491262 5
17.280701754386303 7
17.289473684210865 58
17.298245614035427 29
17.36842105263192 17
17.394736842105605 25
17.447368421052975 11
17.543859649123153 36
17.552631578947715 15
17.58771929824596 1
17.675438596491578 53
17.74561403508807 2
17.89473684210562 24
17.938596491228427 41
17.938596491228427 59
17.964912280702112 6
17.973684210526674 57
17.991228070175797 10
18.00000000000036 11
18.00877192982492 7
18.043859649123167 47
18.16666666666703 17
18.175438596491592 54
18.21052631578984 35
18.2192982456144 30
18.3333333333337 5
18.350877192982825 38
18.37719298245651 44
18.38596491228107 43
18.394736842105633 55
18.412280701754757 16
18.421052631579318 5
18.43859649122844 36
18.59649122807055 50
18.719298245614414 6
18.719298245614414 18
18.719298245614414 48
18.728070175438976 25
18.736842105263538 7
18.763157894737223 23
18.763157894737223 24
18.80701754386003 14
18.815789473684593 1
18.8596491228074 15
18.885964912281086 9
18.947368421053017 22
18.96491228070214 17
18.96491228070214 31
19.131578947368812 11
19.33333333333373 20
19.33333333333373 36
19.368421052631977 44
19.39473684210566 18
19.403508771930223 11
19.421052631579347 42
19.464912280702155 8
19.473684210526716 6
19.473684210526716 7
19.631578947368826 24
19.684210526316196 59
19.76315789473725 17
19.771929824561813 40
19.833333333333744 47
19.938596491228484 44
20.043859649123224 43
20.061403508772347 25
20.166666666667087 15
20.17543859649165 27
20.201754385965334 7
20.22807017543902 6
20.22807017543902 36
20.324561403509197 0
20.38596491228113 41
20.4385964912285 45
20.49122807017587 30
20.50000000000043 24
20.517543859649553 29
20.526315789474115 28
20.56140350877236 17
20.60526315789517 5
20.61403508771973 42
20.631578947368855 37
20.692982456140786 48
20.77192982456184 9
20.77192982456184 58
20.789473684210964 5
20.789473684210964 34
20.92982456140395 7
20.938596491228513 1
20.956140350877636 50
20.98245614035132 6
21.122807017544307 36
21.228070175439047 57
21.280701754386417 2
21.359649122807472 17
21.368421052632034 24
21.377192982456595 5
21.39473684210572 25
21.40350877193028 16
21.438596491228527 26
21.473684210526773 11
21.473684210526773 15
21.535087719298705 53
21.587719298246075 43
21.62280701754432 47
21.657894736842568 7
21.710526315789938 8
21.736842105263623 6
21.82456140350924 29
21.82456140350924 42
21.88596491228117 10
22.017543859649596 5
22.017543859649596 36
22.08771929824609 59
22.114035087719774 11
22.157894736842582 17
22.236842105263637 24
22.2456140350882 55
22.30701754386013 1
22.385964912281185 7
22.429824561403993 14
22.491228070175925 6
22.657894736842596 9
22.657894736842596 48
22.692982456140843 18
22.72807017543909 5
22.72807017543909 25
22.72807017543909 27
22.771929824561898 30
22.78070175438646 15
22.868421052632076 11
22.912280701754884 36
22.956140350877693 17
23.026315789474186 18
23.10526315789524 24
23.114035087719802 7
23.14912280701805 22
23.175438596491734 39
23.20175438596542 29
23.236842105263666 54
23.245614035088227 6
23.25438596491279 38
23.324561403509282 23
23.385964912281214 42
23.394736842105775 50
23.403508771930337 47
23.42105263157946 59
23.561403508772447 49
23.701754385965433 0
23.754385964912803 17
23.807017543860173 36
23.84210526315842 7
23.94736842105316 45
23.973684210526844 24
23.973684210526844 41
24.00000000000053 1
24.00000000000053 6
24.00000000000053 43
24.06140350877246 25
24.087719298246146 15
24.201754385965447 29
24.385964912281242 35
24.394736842105804 16
24.500000000000544 11
24.517543859649667 59
24.561403508772475 9
24.561403508772475 17
24.570175438597037 7
24.63157894736897 48
24.70175438596546 36
24.75438596491283 6
24.815789473684763 2
24.842105263158448 24
24.85964912280757 8
24.85964912280757 57
25.052631578947928 30
25.06140350877249 11
25.131578947368983 31
25.184210526316352 47
25.236842105263722 34
25.245614035088284 5
25.245614035088284 44
25.254385964912846 4
25.263157894737407 3
25.298245614035654 7
25.359649122807586 17
25.359649122807586 18
25.394736842105832 15
25.394736842105832 25
25.464912280702325 53
25.508771929825134 6
25.59649122807075 28
25.59649122807075 36
25.59649122807075 40
25.605263157895312 37
25.614035087719873 27
25.71052631579005 24
25.71052631579005 50
25.736842105263737 11
25.771929824561983 29
25.780701754386545 43
25.8596491228076 20
25.96491228070234 26
26.02631578947427 7
26.052631578947956 14
26.114035087719888 39
26.157894736842696 17
26.219298245614628 42
26.263157894737436 6
26.28947368421112 0
26.377192982456737 58
26.3859649122813 1
26.429824561404107 59
26.456140350877792 9
26.49122807017604 36
26.578947368421655 24
26.59649122807078 41
26.59649122807078 48
26.614035087719902 55
26.70175438596552 15
26.728070175439203 25
26.75438596491289 7
26.76315789473745 3
26.956140350877806 17
26.964912280702368 8
26.964912280702368 47
27.000000000000615 18
27.017543859649738 6
27.096491228070793 18
27.105263157895354 44
27.210526315790094 23
27.28947368421115 43
27.324561403509396 30
27.34210526315852 18
27.34210526315852 22
27.385964912281327 16
27.385964912281327 36
27.44736842105326 24
27.482456140351506 7
27.701754385965547 18
27.736842105263793 59
27.745614035088355 17
27.77192982456204 6
27.842105263158533 18
27.894736842105903 44
28.008771929825205 15
28.061403508772575 25
28.184210526316438 50
28.210526315790123 7
28.280701754386616 36
28.315789473684863 24
28.35087719298311 9
28.35964912280767 2
28.377192982456794 1
28.51754385964978 57
28.526315789474342 6
28.526315789474342 31
28.543859649123466 17
28.56140350877259 48
28.62280701754452 38
28.631578947369082 5
28.701754385965575 10
28.710526315790137 3
28.710526315790137 18
28.745614035088384 0
28.763157894737507 47
28.789473684211192 20
28.815789473684877 41
28.850877192983123 5
28.87719298245681 4
28.88596491228137 27
28.912280701755055 39
28.93859649122874 7
29.008771929825233 45
29.05263157894804 5
29.140350877193658 5
29.175438596491905 35
29.175438596491905 36
29.175438596491905 44
29.184210526316466 24
29.228070175439274 43
29.280701754386644 6
29.31578947368489 15
29.342105263158576 17
29.394736842105946 25
29.57017543859718 18
29.596491228070864 30
29.666666666667357 7
29.67543859649192 14
29.68421052631648 8
29.798245614035782 1
29.824561403509467 42
29.83333333333403 34
30.035087719298946 6
30.035087719298946 29
30.05263157894807 24
30.070175438597193 36
30.096491228070878 5
30.140350877193686 17
30.184210526316495 54
30.21052631579018 3
30.236842105263865 9
30.37719298245685 16
30.394736842105974 7
30.500000000000714 50
30.543859649123522 47
30.57894736842177 37
30.622807017544577 15
30.63157894736914 28
30.649122807018262 59
30.666666666667385 11
30.728070175439317 25
30.763157894737564 26
30.78947368421125 6
30.79824561403581 18
30.824561403509495 53
30.921052631579673 24
30.938596491228797 17
30.96491228070248 36
31.07017543859722 48
31.087719298246345 23
31.12280701754459 7
31.131578947369153 18
31.21929824561477 57
31.22807017543933 44
31.32456140350951 20
31.38596491228144 11
31.38596491228144 43
31.394736842106003 4
31.412280701755126 55
31.53508771929899 22
31.54385964912355 6
31.614035087720044 41
31.631578947369167 42
31.64035087719373 11
31.684210526316537 1
31.710526315790222 3
31.710526315790222 18
31.719298245614784 0
31.728070175439345 17
31.789473684211277 24
31.815789473684962 29
31.85087719298321 7
31.85964912280777 36
31.868421052632332 30
31.894736842106017 2
31.91228070175514 11
31.929824561404264 15
31.96491228070251 59
32.061403508772685 25
32.070175438597246 40
32.13157894736918 9
32.29824561403585 6
32.324561403509534 47
32.438596491228836 58
32.52631578947445 17
32.57894736842182 7
32.65789473684288 24
32.754385964913055 36
32.78070175438674 42
32.81578947368499 50
32.82456140350955 43
32.89473684210604 45
33.02631578947447 48
33.05263157894815 6
33.15789473684289 8
33.2017543859657 1
33.21052631579026 3
33.236842105263946 15
33.29824561403588 14
33.30701754386044 7
33.315789473685 18
33.32456140350956 17
33.36842105263237 16
33.394736842106056 25
33.52631578947448 24
33.53508771929904 4
33.605263157895536 11
33.62280701754466 31
33.64035087719378 57
33.649122807018344 36
33.7280701754394 20
33.807017543860454 6
33.815789473685015 38
33.87719298245695 44
33.96491228070256 29
34.026315789474495 9
34.03508771929906 7
34.10526315789555 47
34.12280701754467 17
34.1403508771938 30
34.35964912280784 0
34.394736842106084 24
34.42105263157977 43
34.46491228070258 34
34.54385964912363 15
34.54385964912363 36
34.54385964912363 59
34.552631578948194 39
34.561403508772756 6
34.64035087719381 35
34.710526315790304 3
34.72807017543943 25
34.763157894737674 7
34.921052631579784 17
34.95614035087803 23
35.07894736842189 48
35.087719298246455 29
35.192982456141195 50
35.26315789473769 24
35.307017543860496 26
35.31578947368506 6
35.350877192983305 42
35.42982456140436 2
35.43859649122892 36
35.49122807017629 7
35.55263157894822 37
35.622807017544716 4
35.666666666667524 28
35.71052631579033 10
35.719298245614894 17
35.728070175439456 22
35.73684210526402 11
35.771929824562264 27
35.84210526315876 1
35.84210526315876 8
35.85087719298332 15
35.85964912280788 41
35.885964912281565 47
35.885964912281565 55
35.91228070175525 9
36.0614035087728 25
36.07017543859736 6
36.10526315789561 53
36.13157894736929 24
36.15789473684298 43
36.16666666666754 45
36.1754385964921 20
36.21052631579035 3
36.21929824561491 7
36.23684210526403 57
36.24561403508859 58
36.33333333333421 36
36.359649122807895 16
36.412280701755265 30
36.50000000000088 42
36.517543859650004 17
36.56140350877281 40
36.578947368421936 11
36.77192982456229 59
36.8157894736851 0
36.82456140350966 5
36.82456140350966 6
36.90350877193072 29
36.92105263157984 14
36.947368421053525 7
37.000000000000895 24
37.03508771929914 48
37.157894736843005 15
37.17543859649213 5
37.2280701754395 36
37.23684210526406 1
37.23684210526406 39
37.315789473685115 17
37.377192982457046 31
37.39473684210617 25
37.473684210527225 44
37.50877192982547 50
37.578947368421964 6
37.587719298246526 43
37.59649122807109 11
37.64912280701846 42
37.66666666666758 47
37.67543859649214 7
37.70175438596583 4
37.71052631579039 3
37.71052631579039 18
37.798245614036006 9
37.8684210526325 24
38.04385964912373 54
38.114035087720225 17
38.12280701754479 36
38.26315789473777 18
38.2807017543869 27
38.29824561403602 41
38.324561403509705 29
38.33333333333427 6
38.40350877193076 7
38.42105263157988 1
38.46491228070269 15
38.587719298246554 11
38.649122807018486 8
38.68421052631673 30
38.701754385965856 34
38.72807017543954 25
38.72807017543954 25
38.7368421052641 5
38.7368421052641 24
38.754385964913226 44
38.798245614036034 42
38.82456140350972 23
38.912280701755336 17
38.912280701755336 38
38.964912280702706 2
38.99122807017639 48
39.017543859650075 36
39.08771929824657 6
39.13157894736938 7
39.13157894736938 57
39.21052631579043 3
39.34210526315886 11
39.35087719298342 16
39.42982456140447 45
39.447368421053596 47
39.552631578948336 29
39.605263157895706 5
39.605263157895706 24
39.63157894736939 39
39.649122807018514 53
39.69298245614132 9
39.710526315790446 17
39.77192982456238 15
39.78070175438694 4
39.7894736842115 1
39.82456140350975 50
39.84210526315887 6
39.859649122807994 7
39.868421052632556 11
39.89473684210624 20
39.89473684210624 26
39.912280701755364 36
39.921052631579926 22
39.94736842105361 42
40.06140350877291 25
40.078947368422035 55
40.14035087719397 5
40.236842105264145 43
40.28070175438695 59
40.43859649122906 18
40.47368421052731 24
40.500000000000995 17
40.52631578947468 37
40.53508771929924 5
40.5438596491238 14
40.561403508772926 18
40.58771929824661 7
40.59649122807117 6
40.64912280701854 5
40.710526315790474 3
40.710526315790474 28
40.7280701754396 41
40.80701754386065 36
40.85087719298346 8
40.877192982457146 18
40.96491228070276 30
40.973684210527324 5
41.01754385965013 48
41.078947368422064 15
41.09649122807119 0
41.09649122807119 42
41.22807017543961 27
41.22807017543961 47
41.298245614036105 17
41.31578947368523 7
41.33333333333435 35
41.34210526315891 24
41.350877192983475 6
41.39473684210628 25
41.43859649122909 44
41.55263157894839 5
41.561403508772955 59
41.58771929824664 9
41.64035087719401 43
41.70175438596594 36
41.7105263157905 40
41.719298245615065 11
41.824561403509804 1
41.85964912280805 4
41.877192982457174 10
41.91228070175542 31
41.94736842105367 58
42.0087719298256 39
42.043859649123846 7
42.096491228071216 17
42.10526315789578 6
42.21052631579052 3
42.21052631579052 24
42.245614035088764 42
42.28947368421157 18
42.34210526315894 16
42.38596491228175 15
42.38596491228175 54
42.50000000000105 2
42.59649122807123 36
42.60526315789579 5
42.6491228070186 50
42.684210526316846 44
42.69298245614141 23
42.70175438596597 45
42.728070175439655 25
42.77192982456246 7
42.780701754387024 59
42.85964912280808 6
42.894736842106326 17
42.894736842106326 20
42.894736842106326 29
42.90350877193089 34
42.97368421052738 48
43.00877192982563 47
43.043859649123874 41
43.061403508773 5
43.07894736842212 24
43.23684210526423 30
43.254385964913354 5
43.33333333333441 57
43.39473684210634 42
43.48245614035196 9
43.49122807017652 36
43.50877192982564 7
43.50877192982564 43
43.61403508772038 6
43.692982456141436 15
43.692982456141436 17
43.71052631579056 3
43.736842105264245 27
43.82456140350986 11
43.83333333333442 38
43.93859649122916 4
43.947368421053724 24
44.01754385965022 5
44.061403508773026 25
44.114035087720396 22
44.13157894736952 55
44.157894736843204 29
44.166666666667766 14
44.24561403508882 7
44.30701754386075 59
44.342105263159 8
44.368421052632684 6
44.38596491228181 36
44.44736842105374 11
44.4561403508783 1
44.46491228070286 39
44.47368421052742 53
44.49122807017655 17
44.51754385965023 0
44.54385964912392 42
44.78947368421164 47
44.81578947368533 24
44.87719298245726 18
44.912280701755506 26
44.92105263158007 5
44.92982456140463 48
44.964912280702876 50
44.97368421052744 7
45.00000000000112 15
45.122807017544986 6
45.2105263157906 3
45.271929824562534 29
45.280701754387096 36
45.28947368421166 17
45.333333333334465 16
45.333333333334465 31
45.34210526315903 18
45.36842105263271 9
45.3947368421064 25
45.50000000000114 11
45.50000000000114 37
45.5087719298257 30
45.68421052631693 24
45.701754385966055 7
45.74561403508886 28
45.84210526315904 42
45.87719298245729 6
46.017543859650274 4
46.0350877192994 2
46.08771929824677 1
46.08771929824677 17
46.15789473684326 59
46.175438596492384 36
46.184210526316946 41
46.21052631579063 58
46.21929824561519 35
46.30701754386081 15
46.42982456140467 7
46.46491228070292 8
46.46491228070292 20
46.50877192982573 27
46.552631578948535 24
46.5614035087731 23
46.57017543859766 18
46.57017543859766 47
46.57894736842222 49
46.63157894736959 6
46.64035087719415 29
46.64035087719415 43
46.710526315790645 3
46.72807017543977 25
46.85087719298363 54
46.88596491228188 17
46.88596491228188 48
46.99122807017662 42
47.035087719299426 0
47.07017543859767 36
47.087719298246796 11
47.09649122807136 34
47.15789473684329 7
47.192982456141536 45
47.22807017543978 18
47.26315789473803 9
47.26315789473803 10
47.28070175438715 50
47.38596491228189 6
47.42105263158014 24
47.614035087720495 15
47.64912280701874 59
47.68421052631699 17
47.69298245614155 18
47.75438596491348 29
47.75438596491348 55
47.78070175438717 30
47.78947368421173 14
47.79824561403629 57
47.885964912281906 7
47.94736842105384 18
47.96491228070296 36
48.06140350877314 25
48.096491228071386 4
48.13157894736963 53
48.140350877194194 6
48.140350877194194 42
48.21052631579069 3
48.21929824561525 40
48.27192982456262 39
48.28070175438718 41
48.28947368421174 24
48.307017543860866 22
48.32456140350999 16
48.350877192983674 47
48.4824561403521 17
48.614035087720524 7
48.833333333334565 48
48.85964912280825 36
48.8947368421065 6
48.8947368421065 18
48.92105263158018 15
48.92105263158018 31
48.947368421053866 27
48.96491228070299 59
49.096491228071415 43
49.157894736843346 9
49.157894736843346 24
49.17543859649247 11
49.18421052631703 18
49.27192982456265 17
49.28947368421177 42
49.315789473685456 5
49.34210526315914 7
49.359649122808264 20
49.39473684210651 25
49.50000000000125 29
49.526315789474936 5
49.526315789474936 38
49.570175438597744 2
49.59649122807143 50
49.622807017545114 8
49.6491228070188 6
49.71052631579073 3
49.71052631579073 26
49.736842105264415 11
49.75438596491354 36
49.80701754386091 49
49.93859649122933 59
49.947368421053895 0
50.02631578947495 24
50.052631578948635 18
50.052631578948635 30
50.061403508773196 17
50.07017543859776 7
50.13157894736969 47
50.1754385964925 4
50.1754385964925 18
50.22807017543987 15
50.34210526315917 58
50.4035087719311 6
50.429824561404786 23
50.43859649122935 42
50.43859649122935 42
50.473684210527594 37
50.50877192982584 29
50.64912280701883 36
50.64912280701883 39
50.67543859649251 45
50.72807017543988 25
50.78070175438725 28
50.78070175438725 48
50.798245614036375 7
50.85964912280831 17
50.86842105263287 5
50.89473684210655 24
50.92105263158024 43
51.02631578947498 1
51.0438596491241 9
51.10526315789603 18
51.1578947368434 6
51.21052631579077 3
51.228070175439896 41
51.280701754387266 35
51.28947368421183 34
51.31578947368551 16
51.41228070175569 14
51.4561403508785 10
51.50877192982587 59
51.52631578947499 7
51.52631578947499 11
51.535087719299554 15
51.543859649124116 36
51.57894736842236 55
51.587719298246924 42
51.61403508772061 18
51.649122807018855 17
51.754385964913595 54
51.76315789473816 24
51.76315789473816 57
51.859649122808335 44
51.912280701755705 6
51.912280701755705 47
51.912280701755705 50
52.06140350877325 25
52.25438596491361 4
52.25438596491361 7
52.27192982456273 31
52.3245614035101 11
52.3245614035101 30
52.438596491229404 36
52.447368421053966 17
52.46491228070309 18
52.491228070176774 40
52.500000000001336 22
52.57894736842239 5
52.57894736842239 44
52.58771929824695 43
52.605263157896076 27
52.63157894736976 24
52.66666666666801 6
52.701754385966254 53
52.710526315790815 3
52.72807017543994 48
52.7368421052645 42
52.7368421052645 59
52.815789473685555 18
52.84210526315924 15
52.93859649122942 9
52.99122807017679 7
53.00877192982591 49
53.09649122807153 11
53.10526315789609 2
53.192982456141706 8
53.245614035089076 17
53.33333333333469 36
53.394736842106624 25
53.42105263158031 6
53.500000000001364 24
53.614035087720666 39
53.69298245614172 47
53.719298245615406 7
53.72807017543997 11
53.78070175438734 41
53.824561403510145 29
53.877192982457515 59
53.88596491228208 42
53.96491228070313 58
54.0175438596505 45
54.04385964912419 17
54.14912280701893 15
54.17543859649261 6
54.21052631579086 3
54.21929824561542 0
54.22807017543998 36
54.22807017543998 50
54.298245614036475 23
54.307017543861036 16
54.33333333333472 4
54.36842105263297 24
54.39473684210665 5
54.44736842105402 7
54.570175438597886 1
54.570175438597886 5
54.60526315789613 30
54.675438596492626 48
54.68421052631719 20
54.71052631579087 5
54.719298245615434 11
54.728070175439996 25
54.76315789473824 44
54.80701754386105 38
54.824561403510174 9
54.8421052631593 17
54.929824561404914 6
55.02631578947509 29
55.03508771929965 14
55.03508771929965 42
55.12280701754527 36
55.17543859649264 7
55.21052631579089 43
55.22807017544001 11
55.23684210526457 24
55.42982456140493 5
55.44736842105405 37
55.45614035087861 15
55.45614035087861 55
55.464912280703174 26
55.473684210527736 47
55.4824561403523 34
55.64035087719441 1
55.64035087719441 17
55.684210526317216 6
55.69298245614178 31
55.70175438596634 11
55.7105263157909 3
55.75438596491371 59
55.79824561403652 44
55.81578947368564 28
55.8245614035102 8
55.90350877193126 7
56.01754385965056 36
56.03508771929968 5
56.043859649124244 57
56.06140350877337 25
56.06140350877337 25
56.07894736842249 35
56.105263157896175 24
56.18421052631723 42
56.2368421052646 11
56.377192982457586 53
56.41228070175583 4
56.43859649122952 6
56.43859649122952 17
56.50877192982601 18
56.54385964912426 41
56.54385964912426 50
56.57017543859794 49
56.587719298247066 11
56.59649122807163 10
56.62280701754531 48
56.631578947369874 7
56.640350877194436 2
56.692982456141806 22
56.71052631579093 9
56.7631578947383 15
56.77192982456286 18
56.81578947368567 39
56.82456140351023 1
56.8771929824576 29
56.8771929824576 30
56.91228070175585 36
56.97368421052778 24
56.97368421052778 54
56.97368421052778 59
57.03508771929971 27
57.13157894736989 0
57.19298245614182 6
57.19298245614182 44
57.20175438596638 18
57.21052631579094 3
57.22807017544007 17
57.23684210526463 40
57.25438596491375 47
57.29824561403656 16
57.33333333333481 42
57.35964912280849 7
57.39473684210674 25
57.491228070176916 18
57.56140350877341 5
57.649122807019026 5
57.71929824561552 45
57.754385964913766 5
57.807017543861136 36
57.84210526315938 24
57.93859649122956 58
57.94736842105412 6
58.008771929826054 29
58.02631578947518 17
58.070175438597985 15
58.07894736842255 20
58.08771929824711 7
58.16666666666816 23
58.48245614035238 42
58.491228070176945 4
58.491228070176945 43
58.570175438598 48
58.605263157896246 9
58.62280701754537 18
58.649122807019054 41
58.657894736843616 14
58.701754385966424 6
58.701754385966424 36
58.710526315790986 3
58.710526315790986 24
58.72807017544011 25
58.763157894738356 57
58.815789473685726 7
58.82456140351029 17
58.859649122808534 50
58.99122807017696 18
59.03508771929977 47
59.070175438598014 8
59.15789473684363 30
59.20175438596644 31
59.20175438596644 39
59.37719298245767 15
59.38596491228223 55
59.45614035087873 6
59.54385964912434 7
59.57894736842259 24
59.59649122807171 18
59.59649122807171 36
59.614035087720836 17
59.63157894736996 42
59.67543859649277 34
59.771929824562946 0
59.771929824562946 49
59.88596491228225 38
59.91228070175593 1
59.99122807017699 27
