0.017543859649122806 40
0.06140350877192982 14
0.08771929824561403 8
0.10526315789473684 56
0.15789473684210525 25
0.17543859649122806 15
0.19298245614035087 7
0.20175438596491227 18
0.21052631578947367 6
0.26315789473684215 30
0.2719298245614036 31
0.32456140350877216 11
0.32456140350877216 22
0.37719298245614075 34
0.3859649122807022 59
0.41228070175438647 41
0.46491228070175505 57
0.5438596491228079 54
0.5526315789473694 43
0.5614035087719308 23
0.5701754385964922 24
0.5789473684210537 16
0.605263157894738 12
0.6140350877192994 47
0.6491228070175451 27
0.7192982456140365 38
0.8684210526315809 53
0.9385964912280723 6
0.9561403508771952 28
0.973684210526318 58
1.0263157894736865 7
1.035087719298248 29
1.2368421052631609 1
1.2631578947368451 26
1.3070175438596523 2
1.3333333333333366 46
1.3684210526315823 24
1.4912280701754423 15
1.5087719298245652 0
1.5701754385964952 20
1.666666666666671 6
1.6842105263157938 42
1.7456140350877238 25
1.850877192982461 7
1.9649122807017596 10
2.0175438596491277 48
2.0877192982456174 52
2.1315789473684235 55
2.1666666666666683 24
2.3947368421052597 6
2.4385964912280658 47
2.447368421052627 32
2.5526315789473615 18
2.570175438596484 30
2.6403508771929736 11
2.6491228070175348 43
2.6842105263157796 7
2.7982456140350753 15
2.8508771929824426 41
2.9649122807017383 24
3.0964912280701564 42
3.114035087719279 27
3.12280701754384 6
3.280701754385942 1
3.499999999999972 29
3.5087719298245332 7
3.5263157894736556 57
3.666666666666635 14
3.70175438596488 11
3.7192982456140022 5
3.7631578947368083 24
3.7807017543859307 4
3.798245614035053 3
3.8508771929824204 6
4.008771929824523 11
4.008771929824523 39
4.026315789473646 8
4.026315789473646 16
4.043859649122769 12
4.105263157894701 15
4.114035087719262 5
4.122807017543824 20
4.166666666666632 25
4.175438596491194 48
4.192982456140317 44
4.192982456140317 56
4.219298245614002 36
4.219298245614002 37
4.2631578947368105 47
4.333333333333304 7
4.447368421052605 40
4.447368421052605 58
4.456140350877167 43
4.543859649122783 29
4.561403508771907 24
4.57894736842103 6
4.587719298245592 22
4.657894736842085 1
4.763157894736825 2
4.763157894736825 2
4.78947368421051 52
4.833333333333318 44
4.912280701754373 18
4.964912280701743 53
4.982456140350866 41
4.991228070175428 59
5.078947368421044 30
5.087719298245606 34
5.131578947368414 3
5.140350877192976 0
5.157894736842099 7
5.184210526315784 18
5.192982456140346 36
5.201754385964907 31
5.307017543859647 6
5.3508771929824555 18
5.359649122807017 24
5.412280701754387 12
5.412280701754387 15
5.473684210526319 55
5.5263157894736885 54
5.605263157894743 27
5.614035087719305 46
5.657894736842113 38
5.824561403508785 5
5.859649122807031 4
5.9824561403508945 7
5.9824561403508945 57
6.008771929824579 28
6.035087719298264 6
6.078947368421073 47
6.122807017543881 18
6.149122807017566 42
6.1578947368421275 24
6.166666666666689 36
6.368421052631607 18
6.464912280701785 3
6.482456140350909 5
6.49122807017547 59
6.526315789473717 48
6.675438596491265 20
6.719298245614073 15
6.763157894736882 6
6.780701754386005 32
6.80701754385969 7
6.894736842105306 16
6.956140350877238 24
7.000000000000046 12
7.026315789473731 5
7.070175438596539 23
7.131578947368471 29
7.140350877193033 36
7.236842105263211 14
7.368421052631636 18
7.368421052631636 30
7.464912280701814 44
7.491228070175499 6
7.50000000000006 39
7.587719298245677 0
7.631578947368485 7
7.6491228070176085 26
7.754385964912348 24
7.798245614035157 3
7.894736842105335 47
7.929824561403581 43
8.008771929824636 58
8.017543859649198 41
8.02631578947376 15
8.114035087719376 36
8.219298245614116 2
8.219298245614116 6
8.280701754386047 18
8.368421052631664 5
8.377192982456226 4
8.394736842105349 18
8.45614035087728 7
8.50877192982465 48
8.552631578947459 24
8.701754385965007 31
8.780701754386062 12
8.833333333333432 22
8.859649122807117 40
8.921052631579048 25
8.947368421052733 6
9.070175438596596 18
9.08771929824572 36
9.131578947368528 3
9.14035087719309 44
9.184210526315898 1
9.184210526315898 57
9.19298245614046 37
9.19298245614046 55
9.228070175438706 29
9.280701754386076 7
9.324561403508884 20
9.333333333333446 15
9.35087719298257 24
9.46491228070187 46
9.57017543859661 44
9.649122807017665 30
9.67543859649135 6
9.692982456140474 52
9.710526315789597 47
9.736842105263282 34
9.763157894736967 16
9.798245614035213 54
9.842105263158022 59
9.9385964912282 5
10.061403508772063 36
10.114035087719433 7
10.14912280701768 0
10.14912280701768 24
10.210526315789611 11
10.324561403508913 1
10.324561403508913 39
10.333333333333474 25
10.36842105263172 5
10.403508771929967 6
10.403508771929967 43
10.456140350877337 4
10.464912280701899 3
10.561403508772077 38
10.561403508772077 42
10.640350877193132 15
10.798245614035242 14
10.929824561403667 23
10.938596491228228 7
10.94736842105279 24
10.973684210526475 41
10.973684210526475 53
11.017543859649283 44
11.035087719298406 36
11.061403508772091 28
11.1052631578949 10
11.114035087719461 59
11.131578947368585 6
11.228070175438763 27
11.342105263158064 8
11.359649122807188 32
11.403508771929996 46
11.526315789473859 47
11.526315789473859 57
11.675438596491407 2
11.7456140350879 24
11.754385964912462 1
11.763157894737024 7
11.771929824561585 58
11.79824561403527 3
11.859649122807202 6
11.885964912280887 12
11.929824561403695 5
11.929824561403695 30
11.929824561403695 44
11.947368421052818 15
12.000000000000188 42
12.00877192982475 36
12.131578947368613 59
12.175438596491421 31
12.254385964912476 43
12.403508771930024 48
12.48245614035108 25
12.54385964912301 4
12.54385964912301 24
12.587719298245819 6
12.587719298245819 7
12.631578947368627 16
12.815789473684422 29
12.885964912280915 20
12.982456140351093 36
13.01754385964934 52
13.078947368421272 22
13.131578947368642 3
13.17543859649145 55
13.210526315789696 18
13.254385964912505 15
13.307017543859875 26
13.315789473684436 6
13.342105263158121 24
13.350877192982683 47
13.412280701754614 7
13.60526315789497 45
13.649122807017779 41
13.736842105263396 18
13.780701754386204 59
13.798245614035327 1
13.903508771930067 27
13.956140350877437 36
14.02631578947393 54
14.035087719298492 39
14.043859649123053 6
14.087719298245862 5
14.13157894736867 56
14.140350877193232 24
14.166666666666917 29
14.166666666666917 37
14.201754385965163 30
14.245614035087971 7
14.298245614035341 34
14.324561403509026 42
14.359649122807273 14
14.385964912280958 43
14.39473684210552 12
14.456140350877451 57
14.464912280702013 3
14.482456140351136 46
14.508771929824821 0
14.526315789473944 25
14.561403508772191 15
14.622807017544122 4
14.77192982456167 6
14.807017543859917 23
14.92982456140378 36
14.938596491228342 24
15.017543859649397 1
15.070175438596767 7
15.096491228070452 44
15.131578947368698 2
15.166666666666945 47
15.271929824561685 53
15.324561403509055 48
15.377192982456425 5
15.500000000000288 6
15.500000000000288 16
15.517543859649411 38
15.56140350877222 58
15.640350877193274 5
15.649122807017836 20
15.657894736842398 32
15.67543859649152 29
15.692982456140644 11
15.692982456140644 18
15.72807017543889 59
15.736842105263452 24
15.798245614035384 3
15.868421052631877 15
15.894736842105562 7
15.903508771930124 36
16.026315789473987 18
16.04385964912311 46
16.09649122807048 28
16.175438596491535 40
16.21052631578978 5
16.228070175438905 6
16.26315789473715 31
16.271929824561713 43
16.342105263158206 12
16.36842105263189 42
16.429824561403823 25
16.438596491228385 44
16.47368421052663 30
16.535087719298563 24
16.701754385965234 4
16.719298245614358 7
16.877192982456467 36
16.88596491228103 59
16.956140350877522 6
16.982456140351207 5
16.982456140351207 47
17.04385964912314 39
17.04385964912314 52
17.131578947368755 0
17.131578947368755 3
17.175438596491563 15
17.298245614035427 48
17.31578947368455 22
17.31578947368455 29
17.333333333333673 24
17.543859649123153 7
17.68421052631614 6
17.79824561403544 27
17.807017543860002 26
17.85087719298281 36
17.859649122807372 41
17.921052631579304 14
18.11403508771966 44
18.131578947368784 24
18.201754385965277 5
18.254385964912647 10
18.289473684210893 18
18.32456140350914 55
18.342105263158263 42
18.36842105263195 1
18.36842105263195 7
18.36842105263195 16
18.412280701754757 6
18.464912280702126 3
18.48245614035125 15
18.561403508772305 25
18.58771929824599 2
18.614035087719675 44
18.64912280701792 23
18.657894736842483 29
18.7456140350881 30
18.771929824561784 57
18.780701754386346 4
18.79824561403547 56
18.80701754386003 47
18.824561403509154 36
18.929824561403894 24
18.991228070175826 12
19.052631578947757 5
19.06140350877232 53
19.105263157895127 18
19.12280701754425 46
19.140350877193374 6
19.140350877193374 34
19.140350877193374 37
19.192982456140744 7
19.22807017543899 59
19.28070175438636 43
19.289473684210922 54
19.298245614035483 18
19.34210526315829 49
19.37719298245654 48
19.37719298245654 50
19.517543859649525 18
19.728070175439004 24
19.745614035088128 20
19.75438596491269 0
19.76315789473725 29
19.789473684210936 15
19.798245614035498 3
19.798245614035498 32
19.798245614035498 36
19.86842105263199 6
19.929824561403922 31
20.01754385964954 7
20.096491228070594 8
20.192982456140772 52
20.307017543860074 59
20.45614035087762 12
20.45614035087762 18
20.526315789474115 24
20.596491228070608 6
20.596491228070608 41
20.622807017544293 47
20.640350877193416 25
20.684210526316225 11
20.745614035088156 1
20.77192982456184 36
20.780701754386403 46
20.842105263158334 7
20.859649122807458 4
20.956140350877636 11
21.02631578947413 30
21.043859649123252 38
21.0789473684215 42
21.096491228070622 15
21.13157894736887 3
21.149122807017992 28
21.166666666667115 11
21.210526315789924 18
21.23684210526361 16
21.28947368421098 58
21.324561403509225 6
21.324561403509225 24
21.368421052632034 11
21.39473684210572 18
21.39473684210572 48
21.438596491228527 44
21.473684210526773 14
21.50877192982502 43
21.51754385964958 29
21.535087719298705 57
21.552631578947828 22
21.56140350877239 11
21.66666666666713 7
21.692982456140815 50
21.7192982456145 18
21.745614035088185 36
21.77192982456187 27
21.912280701754856 18
21.956140350877664 59
22.04385964912328 2
22.052631578947842 6
22.122807017544336 24
22.122807017544336 25
22.131578947368897 18
22.236842105263637 46
22.25438596491276 55
22.368421052632062 8
22.40350877193031 15
22.438596491228555 47
22.447368421053117 26
22.46491228070224 3
22.482456140351363 23
22.491228070175925 7
22.500000000000487 20
22.552631578947857 56
22.605263157895227 0
22.614035087719788 49
22.640350877193473 12
22.719298245614528 36
22.78070175438646 6
22.850877192982953 44
22.921052631579446 24
22.93859649122857 4
22.93859649122857 59
23.017543859649624 53
23.122807017544364 11
23.15789473684261 43
23.236842105263666 10
23.26315789473735 1
23.30701754386016 30
23.31578947368472 7
23.31578947368472 11
23.385964912281214 41
23.394736842105775 48
23.403508771930337 31
23.4122807017549 5
23.42105263157946 34
23.508771929825077 6
23.508771929825077 11
23.561403508772447 25
23.58771929824613 39
23.69298245614087 36
23.701754385965433 11
23.710526315789995 15
23.719298245614556 24
23.728070175439118 44
23.74561403508824 54
23.79824561403561 3
23.833333333333858 42
23.885964912281228 57
23.90350877193035 11
23.991228070175968 32
24.00000000000053 52
24.00877192982509 50
24.078947368421584 46
24.10526315789527 11
24.10526315789527 16
24.11403508771983 37
24.140350877193516 7
24.236842105263694 6
24.245614035088256 47
24.307017543860187 11
24.333333333333872 44
24.412280701754927 5
24.42105263157949 12
24.47368421052686 18
24.500000000000544 11
24.517543859649667 24
24.517543859649667 58
24.64035087719353 43
24.666666666667215 36
24.6929824561409 11
24.728070175439147 29
24.780701754386516 5
24.885964912281256 11
24.96491228070231 6
24.973684210526873 7
25.01754385964968 4
25.01754385964968 15
25.01754385964968 20
25.026315789474243 42
25.035087719298804 14
25.078947368421613 11
25.11403508771986 40
25.131578947368983 3
25.27192982456197 11
25.315789473684777 24
25.350877192983024 48
25.368421052632147 1
25.421052631579517 59
25.464912280702325 11
25.464912280702325 44
25.500000000000572 2
25.53508771929882 12
25.578947368421627 30
25.631578947368997 0
25.64035087719356 36
25.65789473684268 11
25.65789473684268 41
25.69298245614093 6
25.75438596491286 55
25.789473684211107 22
25.798245614035668 7
25.842105263158476 49
25.850877192983038 11
25.982456140351463 18
25.991228070176025 44
26.043859649123394 11
26.061403508772518 47
26.114035087719888 24
26.192982456140943 28
26.23684210526375 11
26.324561403509367 15
26.324561403509367 23
26.421052631579546 6
26.429824561404107 11
26.456140350877792 8
26.464912280702354 3
26.49122807017604 43
26.60526315789534 1
26.60526315789534 46
26.614035087719902 36
26.622807017544464 7
26.622807017544464 11
26.64912280701815 12
26.76315789473745 31
26.789473684211135 5
26.81578947368482 11
26.859649122807628 57
26.86842105263219 50
26.885964912281313 53
26.912280701754998 24
26.97368421052693 16
27.008771929825176 11
27.017543859649738 25
27.096491228070793 4
27.114035087719916 27
27.149122807018163 6
27.157894736842724 10
27.201754385965533 11
27.228070175439218 44
27.307017543860272 48
27.39473684210589 11
27.412280701755012 20
27.44736842105326 7
27.587719298246245 11
27.587719298246245 36
27.587719298246245 59
27.596491228070807 38
27.631578947369054 15
27.649122807018177 29
27.701754385965547 1
27.701754385965547 56
27.71052631579011 24
27.76315789473748 12
27.7807017543866 11
27.798245614035725 3
27.83333333333397 44
27.850877192983095 30
27.859649122807657 39
27.86842105263222 47
27.87719298245678 6
27.894736842105903 41
27.973684210526958 11
28.026315789474328 54
28.166666666667314 11
28.166666666667314 43
28.271929824562054 7
28.35964912280767 11
28.500000000000657 0
28.50877192982522 24
28.526315789474342 58
28.535087719298904 46
28.552631578948027 11
28.552631578948027 32
28.56140350877259 36
28.587719298246274 14
28.605263157895397 6
28.745614035088384 11
28.763157894737507 59
28.789473684211192 34
28.798245614035753 29
28.82456140350944 25
28.87719298245681 12
28.93859649122874 11
28.93859649122874 15
28.956140350877863 2
29.035087719298918 5
29.070175438597165 49
29.078947368421726 42
29.087719298246288 37
29.09649122807085 7
29.131578947369096 3
29.131578947369096 11
29.175438596491905 4
29.184210526316466 50
29.280701754386644 48
29.30701754386033 24
29.31578947368489 52
29.324561403509453 11
29.333333333334014 6
29.385964912281384 5
29.403508771930507 1
29.473684210527 55
29.51754385964981 11
29.52631578947437 40
29.535087719298932 36
29.67543859649192 47
29.710526315790165 11
29.798245614035782 20
29.84210526315859 16
29.859649122807713 59
29.90350877193052 11
29.921052631579645 7
29.93859649122877 57
29.99122807017614 12
30.026315789474385 22
30.06140350877263 6
30.096491228070878 11
30.096491228070878 26
30.10526315789544 24
30.131578947369125 30
30.192982456141056 23
30.245614035088426 15
30.289473684211234 11
30.32456140350948 41
30.394736842105974 29
30.42982456140422 43
30.464912280702467 3
30.48245614035159 11
30.508771929825276 36
30.649122807018262 46
30.649122807018262 53
30.675438596491947 11
30.754385964913002 7
30.78947368421125 6
30.868421052632304 11
30.885964912281427 27
30.90350877193055 24
31.035087719298975 59
31.06140350877266 11
31.078947368421783 31
31.105263157895468 12
31.210526315790208 0
31.22807017543933 28
31.22807017543933 48
31.254385964913016 4
31.254385964913016 11
31.447368421053373 11
31.456140350877934 10
31.456140350877934 42
31.48245614035162 25
31.48245614035162 36
31.49122807017618 47
31.500000000000743 50
31.517543859649866 6
31.552631578948112 15
31.578947368421797 1
31.578947368421797 7
31.64035087719373 11
31.70175438596566 24
31.75438596491303 39
31.79824561403584 3
31.833333333334085 11
32.02631578947444 11
32.02631578947444 18
32.14035087719374 14
32.1491228070183 44
32.166666666667425 29
32.175438596491986 20
32.219298245614794 11
32.219298245614794 12
32.24561403508848 6
32.25438596491304 59
32.29824561403585 49
32.40350877193059 7
32.40350877193059 30
32.41228070175515 2
32.41228070175515 11
32.45614035087796 36
32.46491228070252 58
32.50000000000077 24
32.55263157894814 43
32.587719298246384 38
32.60526315789551 11
32.640350877193754 1
32.66666666666744 5
32.71052631579025 16
32.798245614035864 11
32.81578947368499 42
32.83333333333411 56
32.859649122807795 15
32.9736842105271 6
32.99122807017622 11
33.017543859649905 41
33.05263157894815 5
33.0877192982464 34
33.09649122807096 44
33.131578947369206 3
33.131578947369206 55
33.175438596492015 48
33.184210526316576 11
33.228070175439385 7
33.29824561403588 24
33.29824561403588 46
33.30701754386044 47
33.333333333334124 4
33.333333333334124 12
33.342105263158686 29
33.35087719298325 32
33.37719298245693 11
33.4298245614043 36
33.4298245614043 57
33.57017543859729 11
33.596491228070974 0
33.701754385965714 6
33.73684210526396 1
33.763157894737645 5
33.763157894737645 11
33.815789473685015 50
33.859649122807824 8
33.859649122807824 40
33.868421052632385 27
33.92982456140432 42
33.956140350878 11
34.00877192982537 5
34.01754385964993 23
34.05263157894818 7
34.06140350877274 37
34.06140350877274 44
34.06140350877274 54
34.09649122807099 24
34.14912280701836 11
34.16666666666748 15
34.26315789473766 22
34.298245614035906 43
34.33333333333415 18
34.342105263158714 11
34.35964912280784 39
34.403508771930646 36
34.42982456140433 6
34.447368421053454 12
34.46491228070258 3
34.53508771929907 11
34.552631578948194 20
34.596491228071 29
34.64035087719381 31
34.67543859649206 30
34.72807017543943 11
34.877192982456975 7
34.88596491228154 5
34.8947368421061 24
34.8947368421061 25
34.921052631579784 11
35.04385964912365 42
35.11403508772014 11
35.1228070175447 47
35.13157894736926 48
35.140350877193825 1
35.15789473684295 6
35.16666666666751 53
35.307017543860496 11
35.307017543860496 41
35.307017543860496 46
35.359649122807866 59
35.37719298245699 36
35.412280701755236 4
35.47368421052717 15
35.50000000000085 11
35.508771929825414 26
35.52631578947454 49
35.561403508772784 12
35.57894736842191 16
35.69298245614121 11
35.69298245614121 14
35.69298245614121 24
35.70175438596577 7
35.79824561403595 3
35.86842105263244 2
35.885964912281565 6
35.885964912281565 11
36.05263157894824 0
36.07894736842192 11
36.13157894736929 50
36.19298245614122 1
36.263157894737716 28
36.27192982456228 11
36.35087719298333 36
36.464912280702634 11
36.48245614035176 44
36.49122807017632 24
36.526315789474566 7
36.61403508772018 6
36.64035087719387 45
36.65789473684299 11
36.675438596492114 12
36.780701754386854 15
36.85087719298335 11
36.92105263157984 27
36.9298245614044 20
36.938596491228964 43
36.938596491228964 47
36.947368421053525 30
36.947368421053525 42
37.0438596491237 11
37.08771929824651 48
37.13157894736932 3
37.23684210526406 11
37.23684210526406 11
37.28947368421143 24
37.324561403509676 36
37.3421052631588 6
37.35087719298336 7
37.35087719298336 57
37.38596491228161 1
37.421052631579855 34
37.429824561404416 11
37.429824561404416 25
37.429824561404416 59
37.49122807017635 4
37.587719298246526 38
37.62280701754477 11
37.76315789473776 39
37.789473684211444 12
37.81578947368513 11
37.842105263158814 23
37.947368421053554 32
38.008771929825485 11
38.061403508772855 42
38.07017543859742 6
38.07894736842198 18
38.08771929824654 15
38.08771929824654 24
38.12280701754479 40
38.17543859649216 7
38.20175438596584 11
38.22807017543953 55
38.29824561403602 36
38.35964912280795 46
38.385964912281636 56
38.3947368421062 11
38.44736842105357 16
38.44736842105357 50
38.46491228070269 3
38.46491228070269 5
38.50000000000094 22
38.5087719298255 31
38.543859649123746 59
38.57017543859743 1
38.587719298246554 11
38.754385964913226 47
38.754385964913226 47
38.754385964913226 49
38.78070175438691 11
38.78947368421147 44
38.798245614036034 6
38.88596491228165 24
38.903508771930774 12
38.903508771930774 25
38.903508771930774 58
38.93859649122902 53
38.97368421052727 11
39.00000000000095 54
39.008771929825514 7
39.0350877192992 37
39.0350877192992 48
39.05263157894832 0
39.14035087719394 18
39.16666666666762 11
39.20175438596587 43
39.21929824561499 30
39.23684210526412 42
39.24561403508868 14
39.27192982456236 36
39.30701754386061 20
39.32456140350973 2
39.32456140350973 41
39.35964912280798 11
39.385964912281665 52
39.39473684210623 15
39.41228070175535 18
39.52631578947465 6
39.552631578948336 11
39.57017543859746 4
39.62280701754483 8
39.68421052631676 24
39.74561403508869 11
39.79824561403606 3
39.79824561403606 59
39.83333333333431 7
39.921052631579926 1
39.93859649122905 11
39.98245614035186 27
39.99122807017642 46
40.017543859650104 12
40.131578947369405 11
40.14912280701853 5
40.184210526316775 18
40.24561403508871 36
40.25438596491327 6
40.29824561403608 26
40.32456140350976 11
40.35087719298345 42
40.394736842106255 18
40.48245614035187 24
40.51754385965012 11
40.57017543859749 47
40.657894736843105 7
40.69298245614135 44
40.70175438596591 15
40.710526315790474 11
40.763157894737844 50
40.90350877193083 11
40.982456140351886 6
40.982456140351886 48
41.09649122807119 11
41.131578947369434 3
41.131578947369434 12
41.21929824561505 36
41.28070175438698 24
41.28947368421154 11
41.298245614036105 0
41.298245614036105 28
41.31578947368523 5
41.31578947368523 16
41.34210526315891 1
41.39473684210628 25
41.41228070175541 55
41.4824561403519 7
41.4824561403519 11
41.49122807017646 30
41.49122807017646 41
41.49122807017646 42
41.64912280701857 4
41.666666666667695 23
41.675438596492256 11
41.68421052631682 20
41.7105263157905 6
41.73684210526419 5
41.86842105263261 11
41.92105263157998 57
41.982456140351914 49
42.0087719298256 15
42.0087719298256 18
42.043859649123846 43
42.06140350877297 11
42.07894736842209 24
42.17543859649227 32
42.192982456141394 36
42.245614035088764 5
42.245614035088764 12
42.254385964913325 11
42.307017543860695 7
42.38596491228175 47
42.412280701755435 1
42.43859649122912 6
42.44736842105368 11
42.464912280702805 3
42.47368421052737 38
42.517543859650175 40
42.57894736842211 46
42.58771929824667 18
42.60526315789579 42
42.64035087719404 11
42.736842105264216 22
42.780701754387024 2
42.79824561403615 14
42.833333333334394 11
42.8771929824572 24
42.8771929824572 58
42.91228070175545 31
42.92982456140457 48
42.95614035087826 39
43.02631578947475 11
43.052631578948436 18
43.07894736842212 50
43.11403508772037 34
43.13157894736949 7
43.16666666666774 6
43.16666666666774 36
43.201754385965984 25
43.21929824561511 11
43.22807017543967 18
43.315789473685285 15
43.35087719298353 29
43.359649122808094 12
43.4035087719309 18
43.41228070175546 11
43.54385964912389 54
43.56140350877301 41
43.5877192982467 59
43.60526315789582 11
43.67543859649231 24
43.692982456141436 0
43.71929824561512 42
43.72807017543968 4
43.76315789473793 30
43.798245614036176 3
43.798245614036176 11
43.894736842106354 6
43.9298245614046 27
43.956140350878286 7
43.99122807017653 11
44.008771929825656 37
44.061403508773026 20
44.08771929824671 18
44.13157894736952 1
44.14035087719408 36
44.18421052631689 11
44.18421052631689 16
44.20175438596601 47
44.2280701754397 18
44.23684210526426 46
44.377192982457245 11
44.47368421052742 12
44.47368421052742 24
44.5701754385976 11
44.587719298246725 52
44.62280701754497 6
44.62280701754497 15
44.70175438596603 29
44.76315789473796 11
44.78070175438708 7
44.78947368421164 18
44.81578947368533 25
44.83333333333445 42
44.88596491228182 48
44.956140350878314 11
45.08771929824674 5
45.114035087720424 36
45.13157894736955 3
45.14912280701867 11
45.166666666667794 43
45.166666666667794 55
45.18421052631692 10
45.2105263157906 49
45.271929824562534 24
45.31578947368534 8
45.34210526315903 11
45.35087719298359 6
45.3947368421064 50
45.44736842105377 5
45.45614035087833 53
45.491228070176575 23
45.491228070176575 26
45.53508771929938 11
45.58771929824675 12
45.60526315789588 7
45.622807017545 18
45.72807017543974 11
45.74561403508886 1
45.807017543860795 4
45.921052631580096 11
45.92982456140466 15
45.92982456140466 57
45.94736842105378 42
45.95614035087834 41
46.017543859650274 47
46.026315789474836 5
46.0350877192994 30
46.070175438597644 24
46.078947368422206 6
46.08771929824677 36
46.11403508772045 11
46.236842105264316 2
46.236842105264316 59
46.30701754386081 11
46.30701754386081 18
46.333333333334494 28
46.35087719298362 14
46.42982456140467 7
46.438596491229234 20
46.46491228070292 3
46.46491228070292 25
46.500000000001165 11
46.57017543859766 32
46.58771929824678 58
46.64035087719415 5
46.69298245614152 11
46.70175438596608 12
46.72807017543977 46
46.80701754386082 6
46.83333333333451 40
46.83333333333451 48
46.85087719298363 0
46.868421052632755 24
46.88596491228188 11
46.973684210527495 22
47.05263157894855 16
47.06140350877311 36
47.06140350877311 42
47.078947368422234 11
47.2017543859661 39
47.236842105264344 15
47.25438596491347 7
47.27192982456259 11
47.46491228070295 11
47.53508771929944 6
47.58771929824681 43
47.6578947368433 11
47.666666666667865 24
47.71052631579067 50
47.79824561403629 3
47.81578947368541 12
47.83333333333454 47
47.85087719298366 11
47.877192982457345 18
47.885964912281906 4
47.91228070175559 38
47.982456140352085 34
47.991228070176646 29
48.00000000000121 46
48.01754385965033 27
48.035087719299455 36
48.043859649124016 11
48.05263157894858 31
48.07894736842226 7
48.17543859649244 42
48.23684210526437 11
48.23684210526437 56
48.26315789473806 6
48.27192982456262 59
48.307017543860866 30
48.42982456140473 11
48.43859649122929 49
48.464912280702976 24
48.517543859650345 25
48.54385964912403 15
48.55263157894859 18
48.622807017545085 11
48.73684210526439 55
48.76315789473807 41
48.780701754387195 48
48.81578947368544 11
48.81578947368544 20
48.81578947368544 20
48.90350877193106 7
48.92982456140474 12
48.98245614035211 37
48.991228070176675 6
49.0087719298258 11
49.0087719298258 36
49.11403508772054 29
49.13157894736966 3
49.201754385966154 11
49.263157894738086 24
49.27192982456265 5
49.28947368421177 42
49.29824561403633 59
49.315789473685456 23
49.39473684210651 11
49.43859649122932 1
49.50877192982581 44
49.58771929824687 11
49.66666666666792 47
49.69298245614161 2
49.69298245614161 39
49.71929824561529 6
49.736842105264415 7
49.7631578947381 54
49.78070175438722 11
49.85087719298372 15
49.90350877193109 14
49.92105263158021 16
49.96491228070302 4
49.97368421052758 11
49.98245614035214 36
50.02631578947495 50
50.03508771929951 58
50.04385964912407 12
50.061403508773196 24
50.166666666667936 11
50.35964912280829 11
50.4035087719311 42
50.44736842105391 6
50.46491228070303 3
50.526315789474964 27
50.535087719299526 1
50.535087719299526 43
50.535087719299526 59
50.55263157894865 11
50.57017543859777 7
50.578947368422334 30
50.59649122807146 44
50.65789473684339 52
50.72807017543988 48
50.745614035089005 11
50.78070175438725 32
50.82456140351006 53
50.85964912280831 24
50.88596491228199 29
50.93859649122936 11
50.956140350878485 36
50.99122807017673 26
51.0438596491241 41
51.114035087720595 5
51.13157894736972 11
51.1578947368434 12
51.1578947368434 15
51.175438596492526 6
51.19298245614165 20
51.21052631579077 22
51.324561403510074 11
51.35964912280832 57
51.36842105263288 28
51.36842105263288 46
51.40350877193113 7
51.42105263158025 8
51.47368421052762 47
51.47368421052762 47
51.491228070176746 18
51.51754385965043 11
51.51754385965043 42
51.65789473684342 24
51.66666666666798 49
51.71052631579079 11
51.798245614036404 3
51.90350877193114 6
51.90350877193114 11
51.92982456140483 36
51.93859649122939 18
52.02631578947501 43
52.04385964912413 4
52.04385964912413 56
52.07894736842238 59
52.0964912280715 11
52.14912280701887 31
52.228070175439925 7
52.27192982456273 12
52.289473684211856 11
52.289473684211856 34
52.289473684211856 55
52.30701754386098 1
52.342105263159226 50
52.385964912282034 25
52.45614035087853 15
52.45614035087853 24
52.48245614035221 11
52.56140350877327 5
52.63157894736976 6
52.63157894736976 42
52.67543859649257 11
52.68421052631713 48
52.71929824561538 0
52.763157894738185 40
52.78947368421187 16
52.815789473685555 46
52.859649122808364 30
52.868421052632925 11
52.90350877193117 36
53.00877192982591 18
53.05263157894872 7
53.06140350877328 11
53.11403508772065 59
53.131578947369775 3
53.14035087719434 23
53.14035087719434 44
53.1491228070189 2
53.15789473684346 18
53.15789473684346 27
53.20175438596627 29
53.25438596491364 11
53.25438596491364 24
53.289473684211885 47
53.35964912280838 6
53.38596491228206 12
53.42105263158031 58
53.447368421053994 11
53.456140350878556 14
53.4912280701768 41
53.57017543859786 20
53.64035087719435 5
53.64035087719435 11
53.74561403508909 42
53.763157894738214 15
53.7894736842119 39
53.83333333333471 11
53.877192982457515 7
53.877192982457515 36
53.95614035087857 37
54.02631578947506 11
54.035087719299625 54
54.05263157894875 24
54.087719298246995 6
54.12280701754524 4
54.192982456141735 18
54.21929824561542 11
54.254385964913666 8
54.359649122808406 38
54.412280701755776 11
54.42105263158034 25
54.464912280703146 3
54.464912280703146 44
54.50000000000139 12
54.50000000000139 29
54.60526315789613 11
54.60526315789613 46
54.63157894736982 48
54.6578947368435 50
54.70175438596631 7
54.74561403508912 57
54.79824561403649 11
54.80701754386105 5
54.81578947368561 6
54.85087719298386 24
54.85087719298386 36
54.85087719298386 59
54.85964912280842 42
54.89473684210667 49
54.991228070176845 11
55.0701754385979 15
55.096491228071585 47
55.13157894736983 30
55.1842105263172 11
55.19298245614176 1
55.307017543861065 0
55.33333333333475 44
55.37719298245756 11
55.42982456140493 18
55.44736842105405 22
55.517543859650544 32
55.517543859650544 55
55.526315789475106 7
55.54385964912423 6
55.55263157894879 18
55.570175438597914 11
55.578947368422476 10
55.61403508772072 12
55.622807017545284 27
55.64912280701897 24
55.65789473684353 16
55.675438596492654 18
55.75438596491371 44
55.76315789473827 11
55.79824561403652 3
55.79824561403652 18
55.8245614035102 36
55.894736842106695 31
55.947368421054065 20
55.95614035087863 11
55.96491228070319 41
55.97368421052775 42
55.98245614035231 5
56.052631578948805 43
56.13157894736986 46
56.14912280701898 11
56.20175438596635 4
56.27192982456285 6
56.34210526315934 11
56.3508771929839 7
56.377192982457586 15
56.40350877193127 28
56.429824561404956 25
56.44736842105408 24
56.535087719299696 11
56.57017543859794 34
56.578947368422504 48
56.60526315789619 2
56.72807017544005 11
56.72807017544005 12
56.75438596491374 18
56.798245614036546 36
56.798245614036546 39
56.903508771931286 47
56.92105263158041 11
56.96491228070322 23
56.97368421052778 50
57.000000000001464 6
57.008771929826025 14
57.08771929824708 42
57.114035087720765 11
57.114035087720765 56
57.13157894736989 3
57.1754385964927 7
57.24561403508919 24
57.30701754386112 11
57.324561403510245 58
57.377192982457615 29
57.4035087719313 30
57.50000000000148 11
57.649122807019026 57
57.67543859649271 0
57.68421052631727 15
57.692982456141834 11
57.71052631579096 53
57.72807017544008 6
57.76315789473833 40
57.77192982456289 36
57.83333333333482 46
57.84210526315938 12
57.859649122808506 43
57.88596491228219 11
57.964912280703246 8
58.00000000000149 7
58.0438596491243 24
58.070175438597985 44
58.07894736842255 11
58.07894736842255 26
58.122807017545355 49
58.175438596492725 27
58.20175438596641 42
58.21929824561553 41
58.2719298245629 11
58.280701754387465 4
58.32456140351027 20
58.4561403508787 6
58.46491228070326 3
58.46491228070326 11
58.52631578947519 16
58.52631578947519 48
58.543859649124315 25
58.657894736843616 11
58.67543859649274 59
58.69298245614186 5
58.71929824561555 47
58.74561403508923 36
58.82456140351029 7
58.84210526315941 24
58.85087719298397 11
58.92982456140503 37
58.92982456140503 54
58.95614035087871 12
58.99122807017696 15
59.00000000000152 55
59.04385964912433 11
59.184210526317315 6
59.236842105264685 11
59.289473684212055 50
59.31578947368574 42
59.42982456140504 11
59.508771929826096 18
59.52631578947522 46
59.6228070175454 11
59.64035087719452 24
59.64912280701908 7
59.69298245614189 22
59.69298245614189 22
59.719298245615576 36
59.75438596491382 30
59.78947368421207 39
59.79824561403663 3
59.815789473685754 11
59.91228070175593 6
59.91228070175593 32
59.95614035087874 5
