0.03508771929824561 15
0.043859649122807015 34
0.07017543859649122 33
0.09649122807017543 12
0.18421052631578946 7
0.23684210526315788 27
0.28947368421052644 17
0.342105263157895 38
0.35087719298245645 28
0.3596491228070179 4
0.3684210526315793 39
0.43859649122807076 47
0.46491228070175505 25
0.4736842105263165 44
0.4824561403508779 36
0.49122807017543935 48
0.6578947368421065 29
0.6578947368421065 37
0.6842105263157908 46
0.6929824561403523 8
0.7017543859649137 16
0.7456140350877208 24
0.7543859649122823 3
0.8684210526315809 55
0.9385964912280723 52
0.973684210526318 42
1.0263157894736865 7
1.096491228070178 19
1.096491228070178 32
1.1052631578947394 1
1.1228070175438623 2
1.1228070175438623 20
1.2894736842105294 17
1.3859649122807052 15
1.3859649122807052 26
1.403508771929828 57
1.526315789473688 36
1.543859649122811 24
1.649122807017548 14
1.666666666666671 6
1.7719298245614081 25
1.7719298245614081 56
1.8596491228070224 7
1.8771929824561453 9
1.912280701754391 12
1.9561403508771982 41
2.0000000000000053 19
2.245614035087719 3
2.3421052631578925 24
2.3771929824561373 40
2.3859649122806985 47
2.3947368421052597 6
2.403508771929821 19
2.4210526315789433 23
2.4298245614035046 44
2.447368421052627 1
2.491228070175433 22
2.570175438596484 36
2.578947368421045 4
2.6491228070175348 48
2.657894736842096 58
2.692982456140341 7
2.7192982456140244 15
2.7982456140350753 27
2.7982456140350753 42
2.8157894736841977 39
3.0087719298245443 17
3.035087719298228 43
3.078947368421034 25
3.12280701754384 6
3.1315789473684013 12
3.1403508771929625 24
3.499999999999972 16
3.5263157894736556 7
3.543859649122778 46
3.6140350877192677 36
3.7368421052631247 5
3.789473684210492 19
3.8070175438596143 20
3.8508771929824204 6
3.912280701754349 52
3.92105263157891 10
3.9298245614034713 3
3.9385964912280325 24
3.9473684210525937 11
4.043859649122769 15
4.070175438596454 11
4.175438596491194 11
4.210526315789441 42
4.298245614035057 55
4.324561403508742 47
4.359649122806989 7
4.385964912280674 25
4.447368421052605 12
4.47368421052629 11
4.482456140350852 41
4.508771929824537 57
4.543859649122783 17
4.543859649122783 34
4.561403508771907 19
4.570175438596468 11
4.57894736842103 6
4.657894736842085 36
4.6666666666666465 11
4.710526315789455 4
4.73684210526314 24
4.763157894736825 11
4.859649122807003 11
4.8947368421052495 9
4.9210526315789345 48
4.929824561403496 2
4.956140350877181 11
5.052631578947359 11
5.149122807017537 11
5.192982456140346 7
5.192982456140346 32
5.245614035087716 11
5.254385964912277 14
5.263157894736839 3
5.289473684210524 28
5.307017543859647 6
5.342105263157894 11
5.368421052631579 15
5.438596491228072 11
5.473684210526319 17
5.491228070175442 38
5.53508771929825 11
5.53508771929825 24
5.543859649122812 12
5.631578947368428 11
5.631578947368428 37
5.675438596491237 19
5.69298245614036 25
5.701754385964922 36
5.7280701754386065 11
5.7280701754386065 39
5.74561403508773 31
5.824561403508785 11
5.824561403508785 30
5.921052631578963 11
6.017543859649141 11
6.026315789473703 7
6.035087719298264 6
6.114035087719319 11
6.210526315789497 11
6.271929824561429 20
6.271929824561429 47
6.289473684210552 17
6.289473684210552 29
6.298245614035114 16
6.298245614035114 16
6.307017543859676 11
6.333333333333361 24
6.350877192982484 58
6.403508771929854 11
6.4122807017544154 43
6.4385964912281 27
6.500000000000032 11
6.59649122807021 3
6.59649122807021 11
6.640350877193018 12
6.692982456140388 11
6.692982456140388 15
6.745614035087758 36
6.763157894736882 6
6.7894736842105665 11
6.833333333333375 22
6.842105263157936 4
6.85964912280706 7
6.885964912280745 11
6.903508771929868 46
6.982456140350923 11
7.000000000000046 25
7.0175438596491695 42
7.026315789473731 26
7.078947368421101 11
7.131578947368471 24
7.131578947368471 52
7.175438596491279 11
7.271929824561457 11
7.315789473684266 17
7.368421052631636 11
7.438596491228129 41
7.438596491228129 44
7.464912280701814 11
7.491228070175499 6
7.561403508771992 11
7.65789473684217 1
7.65789473684217 11
7.684210526315855 57
7.692982456140417 7
7.736842105263225 12
7.754385964912348 11
7.789473684210595 36
7.8508771929825265 11
7.929824561403581 3
7.929824561403581 24
7.947368421052705 11
8.017543859649198 15
8.043859649122883 11
8.070175438596568 43
8.105263157894814 48
8.122807017543938 30
8.140350877193061 11
8.149122807017623 49
8.219298245614116 6
8.228070175438678 40
8.23684210526324 11
8.2456140350878 47
8.271929824561486 23
8.307017543859732 25
8.333333333333417 11
8.421052631579034 2
8.429824561403596 11
8.438596491228157 10
8.526315789473774 7
8.526315789473774 11
8.622807017543952 11
8.631578947368514 8
8.71929824561413 11
8.71929824561413 20
8.728070175438692 24
8.736842105263253 42
8.736842105263253 50
8.754385964912377 19
8.754385964912377 39
8.763157894736938 44
8.780701754386062 1
8.815789473684308 11
8.815789473684308 14
8.833333333333432 12
8.833333333333432 36
8.833333333333432 36
8.912280701754487 11
8.947368421052733 6
8.973684210526418 4
8.98245614035098 46
9.000000000000103 34
9.008771929824665 11
9.096491228070281 16
9.105263157894843 11
9.14035087719309 17
9.201754385965021 11
9.236842105263268 27
9.24561403508783 9
9.263157894736953 3
9.2982456140352 11
9.342105263158007 15
9.35087719298257 7
9.394736842105377 11
9.46491228070187 32
9.491228070175556 11
9.526315789473802 24
9.561403508772049 19
9.587719298245734 11
9.614035087719419 25
9.67543859649135 6
9.684210526315912 11
9.78070175438609 11
9.798245614035213 56
9.815789473684337 33
9.859649122807145 43
9.877192982456268 1
9.877192982456268 11
9.877192982456268 36
9.929824561403638 12
9.956140350877323 17
9.973684210526446 11
10.070175438596625 11
10.105263157894871 42
10.131578947368556 48
10.166666666666803 11
10.175438596491365 7
10.184210526315926 47
10.210526315789611 28
10.263157894736981 11
10.324561403508913 24
10.35964912280716 11
10.403508771929967 6
10.456140350877337 11
10.464912280701899 29
10.552631578947516 11
10.596491228070324 3
10.605263157894885 37
10.605263157894885 57
10.622807017544009 46
10.649122807017694 11
10.666666666666817 15
10.745614035087872 11
10.84210526315805 11
10.84210526315805 17
10.868421052631735 19
10.921052631579105 25
10.921052631579105 36
10.938596491228228 11
11.008771929824722 7
11.026315789473845 12
11.035087719298406 11
11.061403508772091 38
11.1052631578949 4
11.114035087719461 58
11.122807017544023 24
11.131578947368585 6
11.131578947368585 11
11.140350877193146 9
11.149122807017708 50
11.15789473684227 20
11.175438596491393 22
11.228070175438763 11
11.324561403508941 11
11.342105263158064 30
11.403508771929996 19
11.412280701754558 43
11.42105263157912 11
11.42105263157912 42
11.491228070175612 5
11.517543859649297 11
11.614035087719476 11
11.675438596491407 17
11.710526315789654 11
11.807017543859832 11
11.807017543859832 27
11.824561403508955 1
11.842105263158079 7
11.859649122807202 6
11.894736842105448 16
11.90350877193001 11
11.912280701754572 2
11.912280701754572 5
11.921052631579133 24
11.929824561403695 3
11.964912280701942 36
11.991228070175627 15
12.000000000000188 11
12.096491228070366 11
12.122807017544051 12
12.175438596491421 55
12.192982456140545 11
12.228070175438791 25
12.263157894737038 46
12.289473684210723 11
12.32456140350897 47
12.368421052631778 14
12.385964912280901 11
12.456140350877394 26
12.48245614035108 11
12.500000000000203 17
12.578947368421257 11
12.587719298245819 6
12.675438596491436 7
12.675438596491436 11
12.692982456140559 48
12.719298245614244 24
12.771929824561614 11
12.868421052631792 11
12.868421052631792 23
12.868421052631792 42
12.921052631579162 52
12.96491228070197 11
13.008771929824778 36
13.01754385964934 39
13.061403508772148 11
13.12280701754408 1
13.149122807017765 9
13.157894736842326 11
13.210526315789696 5
13.210526315789696 57
13.219298245614258 12
13.236842105263381 4
13.254385964912505 11
13.263157894737066 3
13.315789473684436 6
13.315789473684436 15
13.315789473684436 17
13.350877192982683 11
13.350877192982683 43
13.4385964912283 40
13.447368421052861 11
13.508771929824793 7
13.517543859649354 24
13.535087719298478 25
13.54385964912304 11
13.5526315789476 19
13.561403508772162 50
13.587719298245847 20
13.640350877193217 11
13.684210526316026 30
13.736842105263396 11
13.833333333333574 11
13.929824561403752 11
13.97368421052656 34
13.991228070175683 44
14.008771929824807 5
14.02631578947393 11
14.043859649123053 6
14.052631578947615 36
14.122807017544108 11
14.13157894736867 17
14.157894736842355 41
14.219298245614286 11
14.263157894737095 47
14.315789473684465 11
14.315789473684465 12
14.315789473684465 24
14.34210526315815 7
14.403508771930081 32
14.412280701754643 1
14.412280701754643 11
14.421052631579204 56
14.429824561403766 46
14.50000000000026 49
14.508771929824821 11
14.570175438596753 27
14.596491228070438 3
14.605263157895 11
14.640350877193246 15
14.692982456140616 16
14.701754385965177 11
14.701754385965177 48
14.77192982456167 6
14.798245614035356 11
14.842105263158164 25
14.894736842105534 11
14.98245614035115 17
14.991228070175712 11
15.08771929824589 11
15.096491228070452 36
15.114035087719575 24
15.131578947368698 28
15.157894736842383 19
15.175438596491507 7
15.175438596491507 43
15.184210526316068 11
15.201754385965192 58
15.280701754386246 11
15.315789473684493 44
15.368421052631863 4
15.377192982456425 11
15.40350877193011 2
15.412280701754671 12
15.438596491228356 9
15.473684210526603 11
15.473684210526603 45
15.500000000000288 6
15.500000000000288 22
15.552631578947658 39
15.570175438596781 11
15.578947368421343 37
15.66666666666696 11
15.763157894737137 11
15.798245614035384 17
15.842105263158192 19
15.859649122807316 11
15.885964912281 38
15.912280701754685 24
15.921052631579247 14
15.929824561403809 3
15.956140350877494 11
15.964912280702055 15
16.000000000000302 30
16.008771929824864 7
16.017543859649425 20
16.052631578947672 1
16.052631578947672 11
16.14035087719329 36
16.14912280701785 11
16.14912280701785 25
16.20175438596522 47
16.228070175438905 6
16.24561403508803 11
16.24561403508803 52
16.271929824561713 55
16.342105263158206 11
16.438596491228385 11
16.508771929824878 12
16.535087719298563 11
16.614035087719618 17
16.63157894736874 11
16.692982456140673 48
16.710526315789796 24
16.72807017543892 11
16.771929824561727 43
16.824561403509097 11
16.84210526315822 7
16.921052631579276 11
16.956140350877522 6
17.017543859649454 11
17.026315789474015 26
17.035087719298577 46
17.087719298245947 33
17.114035087719632 11
17.114035087719632 11
17.15789473684244 44
17.184210526316125 36
17.20175438596525 42
17.20175438596525 50
17.21052631578981 11
17.25438596491262 41
17.26315789473718 3
17.289473684210865 15
17.30701754385999 11
17.403508771930166 11
17.456140350877536 17
17.456140350877536 25
17.491228070175783 16
17.500000000000345 4
17.500000000000345 11
17.508771929824906 24
17.543859649123153 9
17.561403508772276 49
17.596491228070523 11
17.605263157895084 12
17.675438596491578 7
17.68421052631614 6
17.6929824561407 11
17.710526315789824 1
17.78947368421088 11
17.807017543860002 27
17.885964912281057 11
17.89473684210562 57
17.973684210526674 10
17.982456140351236 11
17.982456140351236 23
18.078947368421414 11
18.140350877193345 47
18.16666666666703 56
18.175438596491592 11
18.228070175438962 36
18.27192982456177 11
18.27192982456177 17
18.27192982456177 34
18.298245614035455 30
18.307017543860017 24
18.31578947368458 42
18.36842105263195 11
18.412280701754757 6
18.447368421053003 20
18.464912280702126 11
18.464912280702126 40
18.508771929824935 7
18.508771929824935 29
18.54385964912318 19
18.561403508772305 11
18.59649122807055 3
18.614035087719675 15
18.657894736842483 11
18.675438596491606 48
18.70175438596529 12
18.719298245614414 39
18.75438596491266 11
18.763157894737223 25
18.85087719298284 11
18.85087719298284 46
18.868421052631962 44
18.877192982456524 58
18.894736842105647 2
18.91228070175477 32
18.947368421053017 11
19.043859649123196 11
19.087719298246004 17
19.096491228070565 19
19.105263157895127 24
19.131578947368812 43
19.140350877193374 6
19.140350877193374 11
19.236842105263552 11
19.2719298245618 9
19.2719298245618 36
19.33333333333373 11
19.34210526315829 7
19.42982456140391 11
19.473684210526716 14
19.526315789474086 11
19.614035087719703 50
19.622807017544265 11
19.631578947368826 4
19.719298245614443 11
19.798245614035498 12
19.81578947368462 11
19.81578947368462 22
19.86842105263199 6
19.903508771930237 17
19.903508771930237 24
19.9122807017548 11
19.929824561403922 3
19.938596491228484 15
20.008771929824977 11
20.052631578947786 28
20.07017543859691 25
20.07017543859691 47
20.105263157895156 11
20.17543859649165 7
20.17543859649165 52
20.201754385965334 11
20.28947368421095 16
20.28947368421095 57
20.298245614035512 11
20.307017543860074 41
20.315789473684635 36
20.39473684210569 11
20.464912280702183 44
20.464912280702183 46
20.49122807017587 11
20.49122807017587 55
20.50000000000043 27
20.5526315789478 37
20.587719298246046 11
20.587719298246046 30
20.596491228070608 6
20.622807017544293 49
20.65789473684254 48
20.684210526316225 11
20.701754385965348 24
20.71929824561447 17
20.736842105263595 38
20.736842105263595 42
20.780701754386403 11
20.86842105263202 19
20.87719298245658 11
20.87719298245658 20
20.894736842105704 12
20.97368421052676 11
20.991228070175882 9
21.008771929825006 1
21.008771929825006 7
21.070175438596937 11
21.166666666667115 11
21.263157894737294 3
21.263157894737294 11
21.263157894737294 15
21.324561403509225 6
21.359649122807472 11
21.359649122807472 36
21.377192982456595 25
21.45614035087765 11
21.50000000000046 24
21.50877192982502 39
21.535087719298705 17
21.552631578947828 11
21.649122807018006 11
21.745614035088185 11
21.763157894737308 4
21.842105263158363 7
21.842105263158363 11
21.93859649122854 11
21.964912280702226 26
21.973684210526788 46
21.99122807017591 12
22.000000000000473 47
22.026315789474157 50
22.03508771929872 11
22.03508771929872 42
22.03508771929872 56
22.052631578947842 6
22.131578947368897 11
22.175438596491706 8
22.20175438596539 10
22.228070175439075 11
22.29824561403557 24
22.324561403509254 11
22.35087719298294 17
22.3596491228075 23
22.385964912281185 2
22.40350877193031 36
22.41228070175487 1
22.421052631579432 11
22.482456140351363 33
22.51754385964961 11
22.56140350877242 58
22.587719298246103 15
22.596491228070665 3
22.614035087719788 11
22.63157894736891 48
22.666666666667158 7
22.68421052631628 25
22.701754385965405 9
22.710526315789966 11
22.78070175438646 6
22.807017543860145 11
22.84210526315839 34
22.850877192982953 57
22.877192982456638 30
22.903508771930323 11
22.982456140351378 41
23.0000000000005 11
23.017543859649624 14
23.087719298246117 12
23.087719298246117 16
23.09649122807068 11
23.09649122807068 24
23.166666666667172 17
23.192982456140857 11
23.228070175439104 52
23.289473684211035 11
23.30701754386016 20
23.385964912281214 11
23.447368421053145 36
23.47368421052683 43
23.482456140351392 11
23.491228070175953 7
23.508771929825077 6
23.57894736842157 11
23.58771929824613 27
23.675438596491748 11
23.68421052631631 49
23.771929824561926 11
23.84210526315842 32
23.868421052632105 11
23.89473684210579 4
23.89473684210579 24
23.912280701754913 15
23.929824561404036 3
23.929824561404036 46
23.938596491228598 47
23.964912280702283 11
23.982456140351406 17
23.991228070175968 25
24.06140350877246 11
24.078947368421584 19
24.10526315789527 1
24.122807017544392 44
24.131578947368954 22
24.15789473684264 11
24.184210526316324 12
24.236842105263694 6
24.254385964912817 11
24.31578947368475 7
24.350877192982995 11
24.385964912281242 55
24.412280701754927 9
24.438596491228612 50
24.447368421053174 11
24.491228070175982 36
24.543859649123352 11
24.614035087719845 48
24.64035087719353 11
24.6929824561409 24
24.70175438596546 42
24.736842105263708 11
24.763157894737393 19
24.771929824561955 44
24.79824561403564 17
24.833333333333886 11
24.929824561404065 11
24.96491228070231 6
24.973684210526873 28
25.026315789474243 11
25.12280701754442 11
25.149122807018106 7
25.157894736842668 30
25.2192982456146 11
25.22807017543916 46
25.236842105263722 15
25.263157894737407 3
25.28070175438653 12
25.289473684211092 57
25.298245614035654 25
25.315789473684777 11
25.342105263158462 40
25.412280701754955 11
25.447368421053202 1
25.49122807017601 24
25.508771929825134 11
25.526315789474257 37
25.526315789474257 39
25.53508771929882 36
25.605263157895312 11
25.614035087719873 17
25.675438596491805 5
25.69298245614093 6
25.70175438596549 11
25.736842105263737 20
25.7456140350883 38
25.780701754386545 44
25.798245614035668 11
25.842105263158476 43
25.86842105263216 47
25.877192982456723 2
25.885964912281285 16
25.894736842105846 11
25.894736842105846 11
25.982456140351463 7
25.991228070176025 11
26.008771929825148 52
26.02631578947427 4
26.052631578947956 10
26.052631578947956 19
26.087719298246203 11
26.087719298246203 11
26.114035087719888 9
26.18421052631638 11
26.28070175438656 11
26.28947368421112 24
26.377192982456737 11
26.377192982456737 12
26.421052631579546 6
26.429824561404107 17
26.44736842105323 5
26.473684210526915 11
26.508771929825162 19
26.570175438597094 11
26.570175438597094 15
26.578947368421655 14
26.578947368421655 36
26.587719298246217 48
26.59649122807078 3
26.60526315789534 25
26.622807017544464 23
26.64912280701815 44
26.666666666667272 11
26.692982456140957 46
26.76315789473745 11
26.780701754386573 49
26.81578947368482 7
26.850877192983067 50
26.859649122807628 11
26.859649122807628 11
26.87719298245675 42
26.92105263157956 26
26.956140350877806 11
27.008771929825176 19
27.052631578947985 11
27.061403508772546 1
27.08771929824623 24
27.149122807018163 6
27.149122807018163 11
27.24561403508834 11
27.24561403508834 17
27.324561403509396 41
27.333333333333957 58
27.34210526315852 11
27.421052631579574 33
27.438596491228697 11
27.438596491228697 27
27.438596491228697 30
27.473684210526944 12
27.526315789474314 34
27.526315789474314 44
27.535087719298875 11
27.622807017544492 36
27.631578947369054 11
27.649122807018177 7
27.71929824561467 43
27.728070175439232 11
27.798245614035725 47
27.82456140350941 9
27.82456140350941 11
27.87719298245678 6
27.88596491228134 24
27.894736842105903 15
27.912280701755027 25
27.921052631579588 11
27.92982456140415 3
28.017543859649766 11
28.052631578948013 5
28.061403508772575 17
28.105263157895383 42
28.114035087719945 11
28.157894736842753 4
28.166666666667314 20
28.184210526316438 5
28.210526315790123 11
28.3070175438603 11
28.40350877193048 11
28.447368421053287 22
28.482456140351534 7
28.500000000000657 11
28.526315789474342 46
28.57017543859715 12
28.57017543859715 48
28.596491228070835 11
28.605263157895397 6
28.66666666666733 36
28.684210526316452 16
28.684210526316452 24
28.692982456141014 11
28.789473684211192 11
28.87719298245681 17
28.88596491228137 11
28.982456140351548 11
29.070175438597165 56
29.078947368421726 11
29.175438596491905 11
29.219298245614713 15
29.219298245614713 25
29.228070175439274 44
29.26315789473752 3
29.271929824562083 11
29.31578947368489 7
29.333333333334014 6
29.333333333334014 32
29.36842105263226 2
29.36842105263226 11
29.377192982456823 5
29.456140350877877 55
29.46491228070244 11
29.482456140351562 24
29.535087719298932 9
29.561403508772617 11
29.649122807018234 52
29.657894736842795 11
29.657894736842795 57
29.666666666667357 12
29.666666666667357 50
29.692982456141042 17
29.710526315790165 36
29.719298245614727 30
29.72807017543929 47
29.754385964912974 11
29.84210526315859 49
29.850877192983152 11
29.868421052632275 42
29.90350877193052 10
29.90350877193052 28
29.929824561404207 39
29.94736842105333 11
30.00877192982526 29
30.043859649123508 11
30.06140350877263 6
30.122807017544563 14
30.131578947369125 44
30.140350877193686 11
30.149122807018248 7
30.236842105263865 11
30.245614035088426 19
30.280701754386673 24
30.289473684211234 4
30.333333333334043 11
30.403508771930536 46
30.42982456140422 11
30.500000000000714 37
30.508771929825276 17
30.5263157894744 11
30.5263157894744 25
30.543859649123522 15
30.552631578948084 48
30.596491228070892 3
30.596491228070892 20
30.622807017544577 11
30.6403508771937 58
30.68421052631651 41
30.719298245614755 11
30.719298245614755 43
30.754385964913002 36
30.763157894737564 12
30.78947368421125 6
30.78947368421125 44
30.815789473684934 11
30.833333333334057 40
30.912280701755112 11
30.929824561404235 23
30.982456140351605 7
31.00877192982529 11
31.078947368421783 24
31.087719298246345 42
31.105263157895468 11
31.157894736842838 38
31.201754385965646 11
31.236842105263893 44
31.245614035088455 9
31.298245614035825 1
31.298245614035825 11
31.307017543860386 19
31.32456140350951 17
31.394736842106003 11
31.48245614035162 16
31.49122807017618 11
31.517543859649866 6
31.58771929824636 11
31.657894736842852 47
31.666666666667414 27
31.684210526316537 11
31.780701754386715 11
31.79824561403584 36
31.815789473684962 7
31.833333333334085 25
31.85964912280777 12
31.868421052632332 15
31.877192982456894 11
31.877192982456894 24
31.90350877193058 31
31.929824561404264 3
31.97368421052707 11
31.97368421052707 34
31.991228070176195 30
32.070175438597246 11
32.07894736842181 50
32.14035087719374 17
32.1491228070183 46
32.166666666667425 11
32.24561403508848 6
32.2631578947376 11
32.30701754386041 26
32.35964912280778 11
32.41228070175515 1
32.42105263157971 4
32.45614035087796 11
32.52631578947445 48
32.55263157894814 11
32.649122807018315 7
32.649122807018315 11
32.675438596492 24
32.745614035088494 11
32.754385964913055 57
32.76315789473762 22
32.81578947368499 33
32.84210526315867 11
32.84210526315867 36
32.85087719298323 42
32.859649122807795 2
32.92105263157973 49
32.93859649122885 11
32.95614035087797 9
32.95614035087797 12
32.95614035087797 17
32.9736842105271 6
33.02631578947447 20
33.03508771929903 11
33.131578947369206 11
33.14035087719377 25
33.19298245614114 15
33.228070175439385 11
33.236842105263946 55
33.26315789473763 3
33.32456140350956 11
33.36842105263237 32
33.42105263157974 11
33.47368421052711 24
33.48245614035167 7
33.51754385964992 11
33.57017543859729 8
33.605263157895536 47
33.6140350877201 11
33.66666666666747 14
33.701754385965714 6
33.710526315790275 11
33.754385964913084 10
33.77192982456221 17
33.78947368421133 41
33.807017543860454 11
33.815789473685015 52
33.88596491228151 36
33.90350877193063 11
34.00000000000081 11
34.00877192982537 39
34.03508771929906 42
34.04385964912362 43
34.05263157894818 12
34.06140350877274 19
34.09649122807099 11
34.192982456141166 11
34.26315789473766 30
34.27192982456222 24
34.28070175438678 16
34.289473684211345 11
34.30701754386047 7
34.342105263158714 58
34.38596491228152 11
34.42982456140433 6
34.447368421053454 25
34.4824561403517 11
34.49122807017626 50
34.500000000000824 48
34.51754385964995 15
34.552631578948194 4
34.57894736842188 11
34.58771929824644 17
34.596491228071 3
34.657894736842934 9
34.67543859649206 11
34.771929824562235 11
34.79824561403592 23
34.83333333333417 28
34.868421052632414 11
34.88596491228154 27
34.929824561404345 36
34.96491228070259 11
35.06140350877277 11
35.07017543859733 24
35.13157894736926 7
35.14912280701839 12
35.15789473684295 6
35.15789473684295 11
35.192982456141195 46
35.254385964913126 11
35.26315789473769 42
35.350877192983305 11
35.403508771930674 17
35.44736842105348 11
35.456140350878044 1
35.456140350878044 20
35.47368421052717 37
35.5350877192991 47
35.54385964912366 11
35.63157894736928 56
35.64035087719384 11
35.675438596492086 19
35.675438596492086 57
35.73684210526402 11
35.74561403508858 31
35.75438596491314 25
35.833333333334195 11
35.84210526315876 15
35.86842105263244 24
35.885964912281565 6
35.929824561404374 3
35.929824561404374 11
35.96491228070262 7
35.97368421052718 36
35.982456140351744 49
36.02631578947455 11
36.03508771929911 19
36.12280701754473 11
36.21929824561491 11
36.21929824561491 17
36.22807017543947 41
36.24561403508859 12
36.315789473685086 11
36.32456140350965 34
36.35087719298333 2
36.368421052632456 9
36.412280701755265 11
36.473684210527196 40
36.48245614035176 48
36.50877192982544 11
36.53508771929913 52
36.55263157894825 30
36.60526315789562 11
36.61403508772018 6
36.66666666666755 24
36.684210526316676 4
36.7017543859658 11
36.789473684211416 1
36.789473684211416 5
36.79824561403598 7
36.79824561403598 11
36.87719298245703 46
36.894736842106155 11
36.90350877193072 26
36.90350877193072 50
36.9298245614044 19
36.98245614035177 44
36.991228070176334 11
37.01754385965002 36
37.03508771929914 17
37.06140350877283 25
37.07894736842195 16
37.07894736842195 22
37.08771929824651 11
37.16666666666757 15
37.18421052631669 11
37.210526315790375 14
37.263157894737745 3
37.28070175438687 11
37.28070175438687 42
37.30701754386055 19
37.3421052631588 6
37.3421052631588 12
37.377192982457046 11
37.40350877193073 32
37.46491228070266 24
37.46491228070266 47
37.473684210527225 11
37.56140350877284 33
37.5701754385974 11
37.60526315789565 10
37.631578947369334 7
37.631578947369334 55
37.66666666666758 11
37.76315789473776 11
37.850877192983376 17
37.85964912280794 11
37.88596491228162 20
37.956140350878115 11
38.000000000000924 58
38.052631578948294 11
38.061403508772855 36
38.07017543859742 6
38.07894736842198 9
38.14912280701847 11
38.18421052631672 38
38.20175438596584 39
38.24561403508865 11
38.26315789473777 24
38.30701754386058 1
38.34210526315883 11
38.36842105263251 25
38.377192982457075 27
38.40350877193076 42
38.438596491229006 11
38.438596491229006 12
38.45614035087813 48
38.46491228070269 7
38.491228070176376 15
38.535087719299185 11
38.56140350877287 19
38.57017543859743 46
38.596491228071116 3
38.596491228071116 44
38.63157894736936 11
38.66666666666761 17
38.66666666666761 23
38.72807017543954 11
38.76315789473779 57
38.798245614036034 6
38.81578947368516 4
38.82456140350972 11
38.82456140350972 30
38.88596491228165 19
38.88596491228165 43
38.9210526315799 11
39.017543859650075 11
39.04385964912376 49
39.061403508772884 24
39.10526315789569 36
39.114035087720254 11
39.21052631579043 11
39.29824561403605 7
39.30701754386061 11
39.31578947368517 50
39.35964912280798 1
39.385964912281665 56
39.39473684210623 47
39.40350877193079 11
39.48245614035184 17
39.500000000000966 11
39.52631578947465 6
39.52631578947465 44
39.53508771929921 12
39.596491228071145 11
39.649122807018514 41
39.649122807018514 42
39.6754385964922 25
39.69298245614132 11
39.754385964913254 28
39.77192982456238 5
39.7894736842115 9
39.7894736842115 11
39.815789473685186 15
39.83333333333431 29
39.84210526315887 2
39.859649122807994 24
39.87719298245712 16
39.88596491228168 11
39.92982456140449 3
39.98245614035186 11
40.078947368422035 11
40.131578947369405 7
40.14912280701853 36
40.175438596492214 11
40.25438596491327 6
40.27192982456239 11
40.29824561403608 17
40.3157894736852 20
40.36842105263257 11
40.4298245614045 48
40.447368421053625 37
40.46491228070275 11
40.46491228070275 19
40.500000000000995 1
40.500000000000995 46
40.561403508772926 11
40.63157894736942 12
40.657894736843105 11
40.657894736843105 24
40.657894736843105 52
40.75438596491328 11
40.75438596491328 14
40.771929824562406 43
40.8421052631589 34
40.85087719298346 11
40.85964912280802 27
40.85964912280802 42
40.929824561404516 39
40.94736842105364 4
40.94736842105364 11
40.96491228070276 7
40.982456140351886 6
40.982456140351886 25
41.04385964912382 11
41.05263157894838 44
41.10526315789575 30
41.11403508772031 17
41.140350877193995 11
41.140350877193995 15
41.192982456141365 36
41.236842105264174 11
41.26315789473786 3
41.32456140350979 47
41.33333333333435 11
41.39473684210628 22
41.42982456140453 11
41.456140350878215 10
41.456140350878215 24
41.456140350878215 32
41.49122807017646 19
41.50000000000102 9
41.52631578947471 11
41.561403508772955 58
41.622807017544886 1
41.622807017544886 11
41.7105263157905 6
41.719298245615065 11
41.728070175439626 12
41.728070175439626 50
41.79824561403612 7
41.80701754386068 57
41.81578947368524 11
41.85087719298349 40
41.91228070175542 11
41.929824561404544 17
42.0087719298256 11
42.096491228071216 26
42.10526315789578 11
42.10526315789578 49
42.11403508772034 19
42.201754385965955 11
42.2368421052642 36
42.254385964913325 24
42.28070175438701 42
42.28947368421157 25
42.298245614036134 11
42.39473684210631 11
42.412280701755435 48
42.43859649122912 6
42.464912280702805 15
42.49122807017649 11
42.50000000000105 41
42.54385964912386 19
42.56140350877298 23
42.57894736842211 46
42.58771929824667 11
42.59649122807123 3
42.631578947369476 7
42.65789473684316 44
42.675438596492285 16
42.684210526316846 11
42.74561403508878 17
42.74561403508878 20
42.780701754387024 11
42.80701754386071 19
42.82456140350983 12
42.85087719298352 45
42.85964912280808 55
42.8771929824572 11
42.97368421052738 11
43.052631578948436 24
43.07017543859756 11
43.07894736842212 4
43.16666666666774 6
43.16666666666774 11
43.210526315790545 9
43.254385964913354 47
43.263157894737915 11
43.28070175438704 19
43.28070175438704 36
43.33333333333441 2
43.33333333333441 2
43.359649122808094 11
43.39473684210634 33
43.45614035087827 11
43.46491228070283 7
43.50000000000108 8
43.55263157894845 11
43.56140350877301 17
43.578947368422135 38
43.59649122807126 25
43.60526315789582 30
43.64912280701863 11
43.684210526316875 19
43.71052631579056 1
43.72807017543968 52
43.736842105264245 39
43.745614035088806 11
43.789473684211615 15
43.8157894736853 27
43.842105263158984 11
43.850877192983546 24
43.894736842106354 6
43.92105263158004 12
43.9298245614046 3
43.93859649122916 11
44.03508771929934 11
44.03508771929934 29
44.13157894736952 11
44.14035087719408 50
44.17543859649233 57
44.210526315790574 43
44.2280701754397 11
44.24561403508882 42
44.28947368421163 7
44.29824561403619 14
44.324561403509875 11
44.324561403509875 36
44.377192982457245 17
44.38596491228181 48
44.421052631580054 11
44.4561403508783 31
44.51754385965023 11
44.61403508772041 11
44.62280701754497 6
44.64912280701866 24
44.67543859649234 28
44.71052631579059 11
44.78070175438708 1
44.807017543860766 11
44.859649122808136 19
44.903508771930944 11
44.903508771930944 25
44.912280701755506 9
45.00000000000112 11
45.017543859650246 12
45.04385964912393 44
45.0964912280713 11
45.114035087720424 15
45.122807017544986 7
45.175438596492356 20
45.18421052631692 19
45.18421052631692 47
45.18421052631692 49
45.19298245614148 11
45.19298245614148 17
45.2105263157906 4
45.24561403508885 46
45.26315789473797 3
45.28947368421166 11
45.30701754386078 10
45.35087719298359 6
45.36842105263271 36
45.385964912281835 11
45.42105263158008 37
45.44736842105377 24
45.47368421052745 16
45.482456140352014 11
45.482456140352014 42
45.491228070176575 32
45.57894736842219 11
45.66666666666781 41
45.67543859649237 11
45.71052631579062 22
45.77192982456255 11
45.84210526315904 56
45.868421052632726 11
45.87719298245729 30
45.95614035087834 7
45.964912280702904 11
46.00877192982571 17
46.06140350877308 11
46.078947368422206 6
46.078947368422206 19
46.11403508772045 12
46.15789473684326 11
46.16666666666782 34
46.175438596492384 44
46.21052631579063 25
46.228070175439754 43
46.236842105264316 58
46.24561403508888 24
46.25438596491344 11
46.35087719298362 11
46.41228070175555 36
46.41228070175555 48
46.42105263158011 23
46.438596491229234 15
46.447368421053795 11
46.48245614035204 55
46.543859649123974 11
46.552631578948535 50
46.5614035087731 39
46.59649122807134 3
46.59649122807134 42
46.62280701754503 9
46.64035087719415 11
46.73684210526433 1
46.73684210526433 11
46.7894736842117 7
46.80701754386082 6
46.824561403509946 2
46.824561403509946 17
46.83333333333451 11
46.903508771931 40
46.929824561404686 11
47.00000000000118 19
47.026315789474864 11
47.04385964912399 24
47.11403508772048 47
47.12280701754504 11
47.21052631579066 12
47.21929824561522 11
47.3157894736854 11
47.342105263159084 4
47.41228070175558 11
47.456140350878385 36
47.508771929825755 11
47.508771929825755 27
47.51754385965032 25
47.53508771929944 6
47.59649122807137 19
47.60526315789593 11
47.60526315789593 20
47.62280701754506 7
47.64035087719418 17
47.70175438596611 11
47.76315789473804 15
47.76315789473804 42
47.771929824562605 52
47.79824561403629 11
47.8421052631591 14
47.8421052631591 24
47.8421052631591 26
47.885964912281906 1
47.89473684210647 11
47.929824561404715 3
47.991228070176646 11
48.087719298246824 11
48.15789473684332 30
48.184210526317 11
48.245614035088934 49
48.26315789473806 6
48.27192982456262 16
48.28070175438718 11
48.307017543860866 12
48.33333333333455 9
48.33333333333455 57
48.37719298245736 11
48.38596491228192 48
48.456140350878414 7
48.456140350878414 17
48.47368421052754 11
48.50000000000122 36
48.570175438597715 11
48.63157894736965 46
48.64035087719421 24
48.66666666666789 11
48.76315789473807 11
48.82456140351 25
48.85964912280825 11
48.95614035087843 11
48.96491228070299 50
48.991228070176675 6
49.043859649124045 47
49.052631578948606 11
49.08771929824685 15
49.14035087719422 42
49.149122807018784 11
49.157894736843346 10
49.157894736843346 39
49.22807017543984 19
49.24561403508896 11
49.263157894738086 3
49.27192982456265 17
49.28947368421177 7
49.34210526315914 11
49.3508771929837 1
49.40350877193107 12
49.421052631580196 38
49.43859649122932 11
49.43859649122932 24
49.473684210527566 4
49.50877192982581 56
49.5350877192995 11
49.54385964912406 36
49.59649122807143 28
49.631578947369675 11
49.71929824561529 6
49.72807017543985 11
49.82456140351003 11
49.92105263158021 11
50.01754385965039 11
50.02631578947495 5
50.02631578947495 22
50.03508771929951 20
50.04385964912407 9
50.07894736842232 44
50.08771929824688 17
50.114035087720566 11
50.12280701754513 7
50.13157894736969 25
50.157894736843375 32
50.20175438596618 27
50.210526315790744 11
50.23684210526443 24
50.24561403508899 46
50.30701754386092 11
50.315789473685484 2
50.315789473685484 23
50.35087719298373 8
50.368421052632854 48
50.39473684210654 37
50.4035087719311 11
50.4035087719311 58
50.41228070175566 15
50.43859649122935 30
50.43859649122935 34
50.44736842105391 6
50.50000000000128 11
50.50000000000128 12
50.50000000000128 42
50.587719298246896 36
50.59649122807146 3
50.59649122807146 11
50.640350877194265 1
50.692982456141635 11
50.692982456141635 57
50.78947368421181 11
50.88596491228199 11
50.903508771931115 17
50.94736842105392 7
50.97368421052761 47
50.98245614035217 11
51.03508771929954 24
51.070175438597786 16
51.07894736842235 11
51.07894736842235 43
51.175438596492526 6
51.175438596492526 11
51.271929824562704 11
51.30701754386095 49
51.3421052631592 44
51.35087719298376 55
51.36842105263288 11
51.377192982457444 50
51.385964912282006 14
51.438596491229376 25
51.44736842105394 41
51.46491228070306 11
51.56140350877324 11
51.5701754385978 46
51.596491228071486 12
51.60526315789605 4
51.61403508772061 42
51.63157894736973 36
51.65789473684342 11
51.71929824561535 17
51.72807017543991 39
51.73684210526447 15
51.745614035089034 9
51.754385964913595 11
51.77192982456272 7
51.83333333333465 24
51.85087719298377 11
51.90350877193114 6
51.92982456140483 3
51.94736842105395 11
52.00877192982588 1
52.03508771929957 19
52.04385964912413 11
52.14035087719431 11
52.236842105264486 11
52.333333333334664 11
52.35087719298379 48
52.42982456140484 11
52.46491228070309 20
52.52631578947502 11
52.53508771929958 17
52.605263157896076 7
52.61403508772064 52
52.6228070175452 11
52.63157894736976 6
52.63157894736976 24
52.67543859649257 36
52.69298245614169 12
52.71929824561538 11
52.71929824561538 30
52.72807017543994 42
52.74561403508906 25
52.815789473685555 11
52.90350877193117 47
52.91228070175573 11
53.00877192982591 10
53.00877192982591 11
53.01754385965047 46
53.06140350877328 1
53.06140350877328 15
53.078947368422405 26
53.10526315789609 11
53.12280701754521 44
53.20175438596627 11
53.21929824561539 19
53.2631578947382 3
53.298245614036446 11
53.32456140351013 8
53.350877192983816 17
53.35964912280838 6
53.3771929824575 43
53.394736842106624 11
53.42982456140487 7
53.42982456140487 24
53.447368421053994 9
53.4912280701768 11
53.500000000001364 19
53.500000000001364 40
53.508771929825926 27
53.51754385965049 44
53.58771929824698 11
53.68421052631716 11
53.68421052631716 33
53.70175438596628 57
53.719298245615406 36
53.73684210526453 4
53.771929824562775 56
53.78070175438734 11
53.7894736842119 12
53.7894736842119 50
53.80701754386102 2
53.84210526315927 42
53.868421052632954 16
53.877192982457515 11
53.97368421052769 11
54.05263157894875 25
54.07017543859787 11
54.087719298246995 6
54.16666666666805 11
54.16666666666805 17
54.192982456141735 32
54.21052631579086 23
54.22807017543998 24
54.245614035089105 39
54.245614035089105 41
54.254385964913666 7
54.26315789473823 11
54.32456140351016 48
54.34210526315928 22
54.359649122808406 11
54.36842105263297 49
54.38596491228209 15
54.42105263158034 58
54.456140350878584 11
54.517543859650516 28
54.55263157894876 11
54.59649122807157 3
54.64912280701894 11
54.728070175439996 34
54.74561403508912 11
54.76315789473824 36
54.81578947368561 6
54.833333333334735 47
54.8421052631593 11
54.885964912282105 12
54.89473684210667 20
54.929824561404914 14
54.938596491229475 11
54.9561403508786 42
54.982456140352284 17
55.02631578947509 24
55.03508771929965 11
55.07894736842246 7
55.11403508772071 43
55.13157894736983 11
55.14035087719439 46
55.149122807018955 9
55.149122807018955 9
55.22807017544001 11
55.315789473685626 19
55.32456140351019 11
55.359649122808435 25
55.368421052632996 37
55.421052631580366 11
55.517543859650544 11
55.54385964912423 6
55.61403508772072 11
55.631578947369846 5
55.7105263157909 11
55.7105263157909 15
55.79824561403652 17
55.80701754386108 11
55.80701754386108 36
55.8245614035102 24
55.86842105263301 4
55.90350877193126 11
55.91228070175582 7
55.92105263158038 19
55.92982456140494 3
55.95614035087863 27
55.98245614035231 12
56.000000000001435 11
56.06140350877337 31
56.07017543859793 42
56.09649122807161 11
56.09649122807161 30
56.19298245614179 11
56.20175438596635 50
56.263157894738285 45
56.27192982456285 6
56.28947368421197 11
56.29824561403653 48
56.38596491228215 11
56.482456140352326 11
56.482456140352326 57
56.578947368422504 11
56.61403508772075 1
56.61403508772075 17
56.61403508772075 43
56.62280701754531 24
56.640350877194436 19
56.66666666666812 16
56.66666666666812 25
56.67543859649268 11
56.67543859649268 38
56.71052631579093 46
56.745614035089176 7
56.7631578947383 47
56.77192982456286 11
56.850877192983916 36
56.85964912280848 9
56.85964912280848 10
56.86842105263304 11
56.96491228070322 11
56.9912280701769 52
57.000000000001464 6
57.03508771929971 15
57.061403508773395 11
57.07894736842252 12
57.15789473684357 11
57.18421052631726 42
57.219298245615505 44
57.25438596491375 11
57.26315789473831 3
57.29824561403656 2
57.29824561403656 55
57.324561403510245 20
57.35087719298393 11
57.42105263158042 24
57.429824561404985 17
57.44736842105411 11
57.44736842105411 49
57.543859649124286 11
57.57894736842253 7
57.57894736842253 44
57.640350877194464 11
57.72807017544008 6
57.73684210526464 11
57.78070175438745 19
57.83333333333482 11
57.89473684210675 36
57.912280701755876 39
57.929824561405 11
57.97368421052781 25
58.00000000000149 4
58.017543859650615 1
58.02631578947518 11
58.03508771929974 44
58.070175438597985 23
58.122807017545355 11
58.175438596492725 12
58.21929824561553 11
58.21929824561553 24
58.24561403508922 17
58.280701754387465 48
58.28947368421203 19
58.31578947368571 11
58.35964912280852 15
58.36842105263308 30
58.41228070175589 7
58.41228070175589 11
58.4561403508787 6
58.47368421052782 14
58.50877192982607 11
58.570175438598 9
58.596491228071685 3
58.605263157896246 11
58.61403508772081 50
58.62280701754537 58
58.63157894736993 43
58.64035087719449 42
58.657894736843616 22
58.69298245614186 47
58.701754385966424 11
58.72807017544011 32
58.754385964913794 27
58.7982456140366 11
58.89473684210678 11
58.93859649122959 36
58.99122807017696 11
59.017543859650644 24
59.06140350877345 17
59.08771929824714 11
59.14912280701907 26
59.184210526317315 6
59.184210526317315 11
59.24561403508925 7
59.27192982456293 12
59.28070175438749 11
59.28070175438749 25
59.37719298245767 11
59.394736842106795 19
59.41228070175592 57
59.4385964912296 28
59.46491228070329 16
59.47368421052785 11
59.57017543859803 11
59.57017543859803 34
59.64912280701908 8
59.666666666668206 11
59.67543859649277 5
59.68421052631733 15
59.68421052631733 33
59.75438596491382 20
59.75438596491382 42
59.763157894738384 11
59.80701754386119 5
59.815789473685754 24
59.85964912280856 11
59.877192982457686 17
59.877192982457686 40
59.91228070175593 6
59.929824561405056 3
59.93859649122962 1
59.95614035087874 11
59.982456140352426 36
