0.017543859649122806 2
0.017543859649122806 36
0.02631578947368421 14
0.08771929824561403 37
0.08771929824561403 50
0.13157894736842105 39
0.14912280701754385 48
0.15789473684210525 28
0.17543859649122806 15
0.17543859649122806 47
0.19298245614035087 23
0.23684210526315788 25
0.24561403508771928 22
0.26315789473684215 33
0.2719298245614036 24
0.28947368421052644 17
0.29824561403508787 16
0.3070175438596493 58
0.3684210526315793 43
0.37719298245614075 41
0.3947368421052636 8
0.41228070175438647 5
0.41228070175438647 53
0.43859649122807076 7
0.43859649122807076 40
0.4561403508771936 6
0.4736842105263165 27
0.5350877192982465 5
0.7719298245614051 34
0.8157894736842123 36
0.9473684210526337 11
0.973684210526318 57
1.0263157894736865 29
1.0438596491228094 26
1.0526315789473708 54
1.0614035087719322 42
1.1403508771929851 24
1.1754385964912308 7
1.1754385964912308 20
1.1929824561403537 6
1.3771929824561437 35
1.4912280701754423 15
1.6140350877193024 36
1.7017543859649167 0
1.7456140350877238 11
1.850877192982461 17
1.8771929824561453 25
1.8859649122807067 55
1.9035087719298296 7
1.9298245614035139 6
1.9649122807017596 47
2.0087719298245665 24
2.070175438596495 10
2.0877192982456174 3
2.1228070175438623 11
2.149122807017546 29
2.157894736842107 9
2.1754385964912295 4
2.289473684210525 45
2.32456140350877 1
2.412280701754382 36
2.4999999999999942 8
2.535087719298239 39
2.6315789473684124 7
2.666666666666657 6
2.6754385964912184 44
2.789473684210514 48
2.8070175438596365 15
2.8157894736841977 5
2.8421052631578814 50
2.877192982456126 24
3.070175438596473 27
3.210526315789452 25
3.210526315789452 29
3.210526315789452 36
3.289473684210503 16
3.3596491228069927 7
3.4035087719297987 6
3.4473684210526048 1
3.5526315789473393 2
3.587719298245584 3
3.5964912280701453 17
3.6842105263157574 14
3.745614035087686 24
3.754385964912247 47
3.8947368421052264 5
3.999999999999961 5
4.008771929824523 36
4.0614035087718925 9
4.0877192982455774 7
4.122807017543824 15
4.140350877192947 6
4.166666666666632 43
4.377192982456112 58
4.543859649122783 25
4.614035087719277 24
4.745614035087701 44
4.807017543859633 36
4.824561403508756 7
4.850877192982441 29
4.877192982456126 6
4.885964912280688 57
4.9210526315789345 23
4.964912280701743 22
5.061403508771921 8
5.061403508771921 37
5.087719298245606 3
5.140350877192976 28
5.175438596491222 17
5.280701754385962 11
5.289473684210524 41
5.307017543859647 4
5.359649122807017 42
5.37719298245614 1
5.412280701754387 39
5.42982456140351 15
5.456140350877195 0
5.48245614035088 24
5.543859649122812 27
5.5526315789473735 7
5.578947368421058 47
5.578947368421058 48
5.605263157894743 36
5.614035087719305 6
5.657894736842113 33
5.69298245614036 43
5.85087719298247 45
5.877192982456155 25
5.885964912280716 40
5.894736842105278 55
5.921052631578963 44
5.938596491228086 5
5.973684210526333 34
6.192982456140374 10
6.280701754385991 7
6.280701754385991 16
6.333333333333361 9
6.350877192982484 6
6.350877192982484 24
6.403508771929854 36
6.482456140350909 50
6.535087719298279 1
6.5877192982456485 3
6.622807017543895 42
6.666666666666703 44
6.736842105263197 15
6.771929824561443 17
6.868421052631621 54
7.008771929824608 7
7.052631578947416 26
7.087719298245663 2
7.087719298245663 6
7.131578947368471 20
7.1929824561404025 43
7.201754385964964 36
7.201754385964964 53
7.210526315789526 25
7.2192982456140875 24
7.315789473684266 14
7.359649122807074 47
7.403508771929882 44
7.719298245614102 17
7.736842105263225 7
7.8245614035088416 6
7.8245614035088416 8
7.833333333333403 44
8.000000000000075 36
8.035087719298321 5
8.043859649122883 15
8.061403508772006 4
8.087719298245691 3
8.087719298245691 24
8.087719298245691 48
8.1315789473685 57
8.149122807017623 1
8.192982456140431 58
8.219298245614116 9
8.385964912280787 44
8.412280701754472 39
8.429824561403596 11
8.438596491228157 29
8.464912280701842 7
8.543859649122897 25
8.56140350877202 6
8.61403508771939 43
8.66666666666676 17
8.692982456140445 5
8.710526315789568 42
8.754385964912377 27
8.798245614035185 36
8.921052631579048 35
8.956140350877295 24
9.14035087719309 47
9.149122807017651 5
9.166666666666774 23
9.19298245614046 7
9.19298245614046 22
9.271929824561514 16
9.2982456140352 6
9.35087719298257 15
9.51754385964924 44
9.587719298245734 3
9.596491228070295 36
9.649122807017665 50
9.701754385965035 17
9.78070175438609 41
9.78070175438609 45
9.824561403508898 24
9.877192982456268 25
9.88596491228083 11
9.929824561403638 7
10.035087719298378 6
10.035087719298378 37
10.035087719298378 43
10.04385964912294 29
10.122807017543995 8
10.122807017543995 28
10.166666666666803 1
10.175438596491365 9
10.20175438596505 4
10.20175438596505 20
10.35964912280716 0
10.394736842105406 36
10.52631578947383 17
10.622807017544009 2
10.657894736842255 7
10.657894736842255 15
10.692982456140502 24
10.728070175438749 48
10.771929824561557 6
10.929824561403667 47
10.94736842105279 14
11.026315789473845 10
11.026315789473845 57
11.035087719298406 34
11.043859649122968 33
11.087719298245776 3
11.184210526315955 1
11.192982456140516 36
11.21052631578964 25
11.333333333333503 17
11.342105263158064 27
11.385964912280873 7
11.508771929824736 6
11.508771929824736 29
11.543859649122982 55
11.552631578947544 5
11.561403508772106 24
11.578947368421229 54
11.675438596491407 40
11.824561403508955 43
11.964912280701942 15
11.973684210526503 11
11.991228070175627 36
12.00877192982475 50
12.017543859649312 5
12.052631578947558 9
12.052631578947558 58
12.11403508771949 7
12.140350877193175 17
12.149122807017736 5
12.245614035087915 6
12.263157894737038 16
12.289473684210723 4
12.412280701754586 53
12.42982456140371 24
12.438596491228271 11
12.517543859649326 26
12.526315789473887 41
12.54385964912301 25
12.561403508772134 1
12.587719298245819 3
12.640350877193189 29
12.640350877193189 42
12.745614035087929 47
12.789473684210737 36
12.850877192982669 5
12.850877192982669 7
12.938596491228285 17
12.982456140351093 6
13.035087719298463 11
13.271929824561628 15
13.298245614035313 24
13.315789473684436 0
13.359649122807244 5
13.482456140351108 11
13.482456140351108 22
13.517543859649354 45
13.578947368421286 7
13.587719298245847 36
13.71052631578971 1
13.719298245614272 6
13.736842105263396 5
13.736842105263396 17
13.798245614035327 11
13.81578947368445 39
13.81578947368445 42
13.81578947368445 57
13.833333333333574 8
13.842105263158135 48
13.877192982456382 25
13.92105263157919 9
14.0789473684213 29
14.087719298245862 3
14.13157894736867 35
14.157894736842355 2
14.166666666666917 24
14.166666666666917 44
14.192982456140601 20
14.263157894737095 5
14.307017543859903 7
14.368421052631835 4
14.385964912280958 36
14.456140350877451 6
14.526315789473944 47
14.535087719298506 17
14.578947368421314 14
14.578947368421314 15
14.745614035087986 1
15.008771929824835 37
15.03508771929852 7
15.03508771929852 24
15.114035087719575 28
15.184210526316068 36
15.19298245614063 6
15.19298245614063 43
15.210526315789753 25
15.219298245614315 5
15.219298245614315 27
15.254385964912561 16
15.333333333333616 17
15.342105263158178 11
15.394736842105548 55
15.438596491228356 23
15.45614035087748 41
15.473684210526603 33
15.50877192982485 44
15.552631578947658 10
15.587719298245904 3
15.66666666666696 42
15.684210526316082 34
15.710526315789767 5
15.763157894737137 7
15.789473684210822 9
15.885964912281 15
15.903508771930124 24
15.929824561403809 6
15.982456140351179 36
15.99122807017574 1
16.008771929824864 44
16.026315789473987 50
16.061403508772234 0
16.131578947368727 17
16.289473684210837 48
16.30701754385996 29
16.31578947368452 58
16.324561403509083 44
16.333333333333645 47
16.447368421052946 4
16.491228070175755 7
16.543859649123124 25
16.552631578947686 11
16.57894736842137 20
16.666666666666988 6
16.68421052631611 44
16.771929824561727 24
16.78070175438629 36
16.824561403509097 43
16.929824561403837 17
17.00000000000033 26
17.087719298245947 3
17.10526315789507 39
17.15789473684244 57
17.184210526316125 53
17.192982456140687 15
17.21052631578981 44
17.21929824561437 7
17.228070175438933 8
17.245614035088057 45
17.30701754385999 29
17.403508771930166 6
17.42982456140385 5
17.438596491228413 11
17.517543859649468 40
17.5789473684214 36
17.64035087719333 24
17.657894736842454 9
17.6929824561407 2
17.6929824561407 22
17.728070175438948 11
17.728070175438948 17
17.859649122807372 5
17.877192982456496 25
17.94736842105299 7
18.1052631578951 11
18.122807017544222 47
18.140350877193345 6
18.201754385965277 14
18.2192982456144 41
18.245614035088085 16
18.37719298245651 36
18.456140350877565 48
18.464912280702126 44
18.500000000000373 15
18.508771929824935 24
18.526315789474058 4
18.526315789474058 17
18.578947368421428 29
18.58771929824599 3
18.64912280701792 50
18.675438596491606 7
18.719298245614414 54
18.79824561403547 1
18.877192982456524 6
18.885964912281086 44
19.026315789474072 35
19.12280701754425 27
19.17543859649162 36
19.201754385965305 20
19.210526315789867 25
19.28070175438636 42
19.32456140350917 17
19.37719298245654 24
19.412280701754785 7
19.421052631579347 55
19.570175438596895 9
19.614035087719703 6
19.65789473684251 29
19.692982456140758 11
19.719298245614443 8
19.789473684210936 5
19.80701754386006 15
19.9122807017548 47
19.947368421053046 34
19.96491228070217 10
19.97368421052673 36
19.982456140351292 37
20.087719298246032 3
20.087719298246032 28
20.12280701754428 17
20.140350877193402 7
20.245614035088142 24
20.254385964912704 23
20.271929824561827 44
20.350877192982882 6
20.38596491228113 39
20.429824561403937 48
20.517543859649553 1
20.543859649123238 25
20.578947368421485 0
20.60526315789517 4
20.60526315789517 11
20.77192982456184 36
20.789473684210964 57
20.86842105263202 7
20.92105263157939 17
20.938596491228513 41
21.08771929824606 6
21.096491228070622 33
21.114035087719746 15
21.114035087719746 24
21.210526315789924 11
21.228070175439047 2
21.23684210526361 16
21.429824561403965 58
21.438596491228527 9
21.57017543859695 36
21.587719298246075 3
21.596491228070636 7
21.62280701754432 26
21.692982456140815 47
21.701754385965376 29
21.7192982456145 17
21.82456140350924 6
21.82456140350924 14
21.87719298245661 25
21.894736842105733 22
21.92982456140398 8
21.947368421053103 42
21.98245614035135 24
21.99122807017591 11
22.017543859649596 43
22.175438596491706 20
22.184210526316267 40
22.289473684211007 45
22.324561403509254 7
22.368421052632062 36
22.385964912281185 48
22.421052631579432 15
22.51754385964961 17
22.56140350877242 6
22.614035087719788 27
22.68421052631628 4
22.850877192982953 1
22.850877192982953 24
22.850877192982953 53
23.05263157894787 7
23.05263157894787 7
23.087719298246117 3
23.166666666667172 0
23.166666666667172 36
23.21052631578998 25
23.245614035088227 5
23.298245614035597 6
23.30701754386016 9
23.31578947368472 17
23.456140350877707 11
23.491228070175953 47
23.53508771929876 57
23.649122807018063 11
23.710526315789995 54
23.719298245614556 24
23.728070175439118 15
23.780701754386488 7
23.807017543860173 42
23.929824561404036 50
23.964912280702283 36
24.035087719298776 6
24.0526315789479 41
24.11403508771983 17
24.1666666666672 34
24.175438596491762 55
24.228070175439132 16
24.32456140350931 48
24.359649122807557 29
24.456140350877735 10
24.500000000000544 23
24.508771929825105 7
24.543859649123352 25
24.58771929824616 3
24.58771929824616 24
24.58771929824616 35
24.64912280701809 5
24.736842105263708 11
24.763157894737393 2
24.763157894737393 4
24.763157894737393 36
24.771929824561955 6
24.91228070175494 17
24.95614035087775 37
25.000000000000558 42
25.035087719298804 15
25.07017543859705 28
25.184210526316352 9
25.210526315790037 58
25.236842105263722 7
25.27192982456197 47
25.289473684211092 8
25.447368421053202 14
25.456140350877764 24
25.508771929825134 6
25.561403508772504 36
25.58771929824619 1
25.71052631579005 17
25.833333333333915 39
25.877192982456723 25
25.96491228070234 5
25.96491228070234 7
26.000000000000586 45
26.035087719298833 43
26.087719298246203 3
26.096491228070764 22
26.245614035088312 6
26.254385964912874 27
26.254385964912874 48
26.324561403509367 24
26.34210526315849 15
26.350877192983052 57
26.359649122807614 36
26.412280701754984 11
26.508771929825162 17
26.692982456140957 7
26.736842105263765 33
26.780701754386573 42
26.81578947368482 11
26.842105263158505 4
26.859649122807628 20
26.92105263157956 41
26.98245614035149 6
27.052631578947985 9
27.052631578947985 47
27.070175438597108 50
27.08771929824623 40
27.157894736842724 36
27.19298245614097 24
27.210526315790094 25
27.219298245614656 16
27.23684210526378 11
27.307017543860272 17
27.429824561404136 7
27.491228070176067 44
27.56140350877256 26
27.56140350877256 53
27.56140350877256 55
27.587719298246245 3
27.649122807018177 0
27.649122807018177 15
27.675438596491862 5
27.71929824561467 6
27.956140350877835 36
28.04385964912345 11
28.061403508772575 24
28.09649122807082 43
28.105263157895383 17
28.157894736842753 1
28.157894736842753 7
28.184210526316438 48
28.29824561403574 2
28.35964912280767 34
28.40350877193048 29
28.438596491228726 58
28.45614035087785 6
28.491228070176096 23
28.50877192982522 42
28.543859649123466 25
28.754385964912945 36
28.850877192983123 47
28.88596491228137 7
28.903508771930493 17
28.912280701755055 8
28.921052631579617 4
28.92982456140418 9
28.92982456140418 24
28.956140350877863 15
29.070175438597165 14
29.087719298246288 3
29.122807017544535 5
29.131578947369096 41
29.175438596491905 54
29.192982456141028 6
29.20175438596559 20
29.280701754386644 27
29.31578947368489 1
29.552631578948056 36
29.614035087719987 7
29.67543859649192 39
29.701754385965604 17
29.798245614035782 24
29.798245614035782 45
29.877192982456837 25
29.929824561404207 6
29.929824561404207 37
30.05263157894807 28
30.05263157894807 43
30.10526315789544 48
30.21052631579018 16
30.236842105263865 11
30.26315789473755 15
30.280701754386673 0
30.298245614035796 22
30.342105263158604 7
30.350877192983166 36
30.500000000000714 17
30.58771929824633 3
30.63157894736914 47
30.666666666667385 6
30.666666666667385 24
30.68421052631651 42
30.771929824562125 35
30.807017543860372 9
30.84210526315862 44
30.85087719298318 5
30.89473684210599 50
30.94736842105336 29
31.00000000000073 4
31.01754385964985 8
31.035087719298975 1
31.07017543859722 7
31.149122807018276 36
31.184210526316523 5
31.192982456141085 33
31.210526315790208 25
31.298245614035825 17
31.307017543860386 57
31.350877192983194 44
31.403508771930564 6
31.53508771929899 24
31.570175438597236 15
31.59649122807092 53
31.622807017544606 20
31.64912280701829 41
31.79824561403584 7
31.833333333334085 2
31.85964912280777 44
31.91228070175514 43
31.947368421053387 36
32.04385964912356 11
32.061403508772685 1
32.08771929824637 3
32.09649122807093 17
32.122807017544616 40
32.14035087719374 6
32.14035087719374 39
32.228070175439356 42
32.40350877193059 24
32.40350877193059 27
32.41228070175515 47
32.45614035087796 23
32.45614035087796 29
32.47368421052708 48
32.491228070176206 58
32.52631578947445 7
32.543859649123576 25
32.5614035087727 34
32.66666666666744 0
32.68421052631656 9
32.692982456141124 14
32.745614035088494 36
32.87719298245692 6
32.87719298245692 15
32.89473684210604 17
32.89473684210604 17
32.93859649122885 44
33.07894736842184 4
33.2017543859657 16
33.25438596491307 7
33.27192982456219 24
33.29824561403588 50
33.342105263158686 26
33.447368421053426 43
33.45614035087799 42
33.47368421052711 8
33.47368421052711 54
33.543859649123604 36
33.543859649123604 36
33.552631578948166 10
33.58771929824641 3
33.605263157895536 11
33.605263157895536 45
33.6140350877201 6
33.69298245614115 17
33.710526315790275 1
33.815789473685015 5
33.859649122807824 55
33.87719298245695 25
33.98245614035169 7
34.1403508771938 24
34.184210526316605 15
34.184210526316605 20
34.192982456141166 47
34.236842105263975 44
34.342105263158714 36
34.350877192983276 6
34.350877192983276 41
34.394736842106084 48
34.42105263157977 11
34.49122807017626 17
34.500000000000824 22
34.508771929825386 29
34.552631578948194 9
34.605263157895564 42
34.710526315790304 7
34.83333333333417 57
34.877192982456975 43
34.90350877193066 37
34.921052631579784 1
34.94736842105347 11
35.0087719298254 24
35.02631578947452 28
35.087719298246455 3
35.087719298246455 6
35.140350877193825 36
35.15789473684295 4
35.15789473684295 11
35.21052631579032 25
35.22807017543944 44
35.245614035088565 0
35.28947368421137 17
35.36842105263243 2
35.43859649122892 7
35.49122807017629 11
35.49122807017629 15
35.570175438597346 35
35.57894736842191 8
35.614035087720154 53
35.824561403509634 6
35.85087719298332 44
35.877192982457004 24
35.938596491228935 36
35.95614035087806 29
35.97368421052718 47
36.08771929824648 17
36.16666666666754 7
36.19298245614122 16
36.201754385965785 1
36.307017543860525 27
36.307017543860525 48
36.315789473685086 14
36.37719298245702 23
36.421052631579826 9
36.54385964912369 25
36.56140350877281 6
36.570175438597374 39
36.5877192982465 3
36.736842105264046 36
36.74561403508861 24
36.780701754386854 40
36.780701754386854 42
36.79824561403598 15
36.8157894736851 34
36.885964912281594 17
36.894736842106155 7
37.052631578948265 33
37.07894736842195 50
37.14035087719388 41
37.157894736843005 11
37.157894736843005 29
37.23684210526406 4
37.27192982456231 1
37.29824561403599 6
37.429824561404416 57
37.4561403508781 5
37.46491228070266 20
37.535087719299156 36
37.61403508772021 24
37.62280701754477 7
37.62280701754477 45
37.684210526316704 17
37.72807017543951 55
37.7543859649132 47
37.87719298245706 25
38.03508771929917 6
38.03508771929917 43
38.04385964912373 26
38.07894736842198 42
38.08771929824654 3
38.10526315789566 15
38.219298245614965 48
38.30701754386058 11
38.33333333333427 9
38.33333333333427 36
38.35964912280795 7
38.35964912280795 54
38.42105263157988 8
38.482456140351815 17
38.482456140351815 24
38.56140350877287 11
38.63157894736936 29
38.701754385965856 22
38.77192982456235 6
38.78070175438691 0
38.903508771930774 2
38.98245614035183 58
39.08771929824657 7
39.13157894736938 36
39.175438596492185 53
39.18421052631675 16
39.21052631579043 25
39.228070175439555 42
39.280701754386925 17
39.30701754386061 41
39.31578947368517 4
39.35087719298342 24
39.3771929824571 27
39.3771929824571 44
39.385964912281665 5
39.41228070175535 15
39.42105263157991 50
39.50877192982553 1
39.50877192982553 6
39.53508771929921 47
39.58771929824658 3
39.754385964913254 43
39.77192982456238 5
39.815789473685186 7
39.87719298245712 5
39.87719298245712 37
39.88596491228168 10
39.89473684210624 39
39.92982456140449 36
39.93859649122905 14
39.93859649122905 20
40.00000000000098 28
40.04385964912379 57
40.078947368422035 17
40.131578947369405 48
40.16666666666765 11
40.2017543859659 9
40.21929824561502 24
40.24561403508871 6
40.28070175438695 23
40.37719298245713 42
40.41228070175538 29
40.5438596491238 7
40.5438596491238 25
40.5438596491238 25
40.710526315790474 35
40.719298245615036 15
40.7280701754396 36
40.80701754386065 1
40.877192982457146 17
40.982456140351886 6
41.00877192982557 34
41.026315789474694 11
41.04385964912382 45
41.087719298246625 3
41.087719298246625 24
41.20175438596593 40
41.28070175438698 7
41.31578947368523 47
41.32456140350979 43
41.39473684210628 4
41.47368421052734 5
41.52631578947471 36
41.52631578947471 42
41.58771929824664 29
41.675438596492256 17
41.69298245614138 11
41.719298245615065 6
41.76315789473787 50
41.78947368421156 5
41.86842105263261 41
41.877192982457174 1
41.877192982457174 25
41.95614035087823 24
42.00000000000104 55
42.01754385965016 7
42.02631578947472 15
42.043859649123846 48
42.07017543859753 0
42.07894736842209 9
42.17543859649227 16
42.32456140350982 36
42.34210526315894 44
42.36842105263263 27
42.40350877193087 5
42.43859649122912 2
42.45614035087824 6
42.47368421052737 17
42.50000000000105 5
42.58771929824667 3
42.60526315789579 57
42.6491228070186 33
42.675438596492285 42
42.74561403508878 7
42.82456140350983 24
42.833333333334394 8
42.90350877193089 22
42.92982456140457 39
42.947368421053696 58
42.98245614035194 11
43.096491228071244 47
43.12280701754493 36
43.19298245614142 6
43.210526315790545 25
43.27192982456248 17
43.33333333333441 15
43.34210526315897 53
43.473684210527395 4
43.473684210527395 7
43.56140350877301 14
43.692982456141436 24
43.745614035088806 29
43.82456140350986 42
43.92105263158004 36
43.9298245614046 6
43.956140350878286 9
43.956140350878286 48
44.07017543859759 17
44.08771929824671 3
44.105263157895834 50
44.18421052631689 23
44.19298245614145 41
44.20175438596601 7
44.47368421052742 20
44.49122807017655 10
44.54385964912392 25
44.56140350877304 24
44.61403508772041 5
44.640350877194095 15
44.66666666666778 6
44.66666666666778 26
44.67543859649234 11
44.71929824561515 36
44.745614035088835 1
44.754385964913396 5
44.850877192983575 37
44.8684210526327 17
44.87719298245726 47
44.93859649122919 7
44.964912280702876 29
44.97368421052744 42
44.982456140352 28
45.03508771929937 5
45.08771929824674 27
45.166666666667794 16
45.175438596492356 8
45.20175438596604 34
45.25438596491341 11
45.324561403509904 57
45.40350877193096 6
45.429824561404644 24
45.51754385965026 36
45.51754385965026 36
45.55263157894851 4
45.55263157894851 55
45.58771929824675 3
45.61403508772044 43
45.66666666666781 7
45.66666666666781 17
45.77192982456255 1
45.82456140350992 9
45.87719298245729 25
45.93859649122922 48
45.94736842105378 15
45.973684210527466 2
46.06140350877308 11
46.10526315789589 39
46.122807017545014 35
46.122807017545014 42
46.14035087719414 5
46.14035087719414 6
46.21929824561519 45
46.25438596491344 58
46.27192982456256 41
46.29824561403625 24
46.31578947368537 36
46.394736842106425 7
46.447368421053795 50
46.46491228070292 17
46.52631578947485 44
46.657894736843275 47
46.73684210526433 11
46.877192982457316 6
46.903508771931 20
47.06140350877311 40
47.07017543859767 53
47.078947368422234 11
47.087719298246796 3
47.09649122807136 54
47.10526315789592 22
47.11403508772048 36
47.12280701754504 7
47.140350877194166 1
47.16666666666785 24
47.184210526316974 14
47.21052631579066 25
47.25438596491347 15
47.26315789473803 17
47.26315789473803 44
47.27192982456259 42
47.42105263158014 29
47.46491228070295 0
47.614035087720495 6
47.63157894736962 4
47.67543859649243 5
47.70175438596611 9
47.8421052631591 43
47.8421052631591 48
47.85087719298366 7
47.91228070175559 36
48.035087719299455 24
48.06140350877314 17
48.087719298246824 23
48.12280701754507 5
48.15789473684332 16
48.254385964913496 57
48.27192982456262 41
48.350877192983674 6
48.350877192983674 11
48.42105263158017 42
48.43859649122929 47
48.54385964912403 25
48.561403508773154 15
48.57894736842228 7
48.58771929824684 3
48.5964912280714 29
48.60526315789596 33
48.7105263157907 36
48.78947368421176 50
48.80701754386088 27
48.85087719298369 5
48.85964912280825 17
48.90350877193106 24
49.000000000001236 1
49.08771929824685 6
49.210526315790716 44
49.307017543860894 7
49.368421052632826 20
49.39473684210651 34
49.43859649122932 5
49.464912280703004 39
49.464912280703004 58
49.50877192982581 2
49.50877192982581 36
49.570175438597744 42
49.59649122807143 26
49.61403508772055 9
49.65789473684336 17
49.71052631579073 4
49.77192982456266 24
49.82456140351003 6
49.82456140351003 37
49.82456140351003 48
49.86842105263284 15
49.8771929824574 25
49.894736842106525 0
49.92105263158021 29
49.95614035087846 28
50.03508771929951 7
50.08771929824688 3
50.09649122807144 1
50.105263157896005 43
50.219298245615306 47
50.23684210526443 45
50.30701754386092 36
50.45614035087847 17
50.55263157894865 41
50.56140350877321 6
50.640350877194265 24
50.65789473684339 53
50.684210526317074 44
50.692982456141635 5
50.71929824561532 42
50.76315789473813 7
50.80701754386094 14
50.99122807017673 5
51.10526315789603 36
51.114035087720595 29
51.14912280701884 16
51.175438596492526 15
51.21052631579077 25
51.25438596491358 17
51.29824561403639 6
51.30701754386095 22
51.36842105263288 50
51.491228070176746 7
51.50000000000131 27
51.50877192982587 24
51.52631578947499 9
51.587719298246924 3
51.67543859649254 44
51.78947368421184 4
51.8684210526329 42
51.90350877193114 36
51.99122807017676 23
52.00000000000132 44
52.03508771929957 6
52.05263157894869 17
52.05263157894869 55
52.0964912280715 5
52.21929824561536 7
52.21929824561536 20
52.25438596491361 5
52.289473684211856 10
52.37719298245747 24
52.438596491229404 48
52.47368421052765 47
52.48245614035221 15
52.543859649124144 25
52.701754385966254 36
52.77192982456275 6
52.79824561403643 58
52.815789473685555 54
52.8508771929838 17
52.95614035087854 7
52.95614035087854 8
53.00000000000135 11
53.04385964912416 2
53.08771929824697 3
53.131578947369775 41
53.15789473684346 1
53.16666666666802 43
53.17543859649258 42
53.245614035089076 24
53.25438596491364 33
53.35964912280838 0
53.394736842106624 9
53.41228070175575 29
53.500000000001364 36
53.508771929825926 6
53.508771929825926 45
53.58771929824698 34
53.64035087719435 5
53.64912280701891 17
53.68421052631716 7
53.74561403508909 40
53.7894736842119 15
53.868421052632954 4
53.877192982457515 25
53.97368421052769 27
54.07894736842243 35
54.11403508772068 24
54.140350877194365 16
54.245614035089105 6
54.254385964913666 47
54.298245614036475 36
54.3157894736856 39
54.32456140351016 42
54.350877192983845 48
54.412280701755776 7
54.4298245614049 14
54.4298245614049 29
54.44736842105402 17
54.464912280703146 1
54.58771929824701 3
54.780701754387366 50
54.79824561403649 37
54.8421052631593 26
54.929824561404914 28
54.982456140352284 6
54.982456140352284 24
55.096491228071585 15
55.096491228071585 36
55.12280701754527 8
55.14035087719439 7
55.16666666666808 5
55.21052631579089 25
55.24561403508913 17
55.26315789473826 9
55.26315789473826 20
55.42982456140493 43
55.43859649122949 5
55.45614035087861 55
55.473684210527736 42
55.50877192982598 22
55.526315789475106 5
55.60526315789616 57
55.65789473684353 11
55.71929824561546 6
55.736842105264586 53
55.75438596491371 41
55.85087719298389 24
55.86842105263301 7
55.894736842106695 23
55.894736842106695 36
55.92105263158038 1
55.947368421054065 4
56.008771929826 58
56.03508771929968 0
56.03508771929968 47
56.043859649124244 17
56.08771929824705 3
56.210526315790915 11
56.263157894738285 48
56.38596491228215 27
56.40350877193127 15
56.45614035087864 6
56.54385964912426 25
56.578947368422504 2
56.59649122807163 7
56.62280701754531 42
56.692982456141806 36
56.71929824561549 24
56.78070175438742 45
56.842105263159354 17
57.1052631578962 5
57.1052631578962 43
57.12280701754533 50
57.13157894736989 16
57.14035087719445 9
57.19298245614182 6
57.24561403508919 29
57.324561403510245 7
57.36842105263305 11
57.491228070176916 36
57.587719298247094 3
57.587719298247094 24
57.587719298247094 54
57.640350877194464 17
57.66666666666815 11
57.692982456141834 39
57.71052631579096 15
57.77192982456289 42
57.78070175438745 34
57.8157894736857 47
57.87719298245763 25
57.929824561405 6
57.964912280703246 5
57.99122807017693 33
58.02631578947518 4
58.05263157894886 7
58.05263157894886 14
58.1578947368436 41
58.19298245614185 8
58.21929824561553 20
58.24561403508922 48
58.280701754387465 57
58.28947368421203 36
58.385964912282205 1
58.42105263158045 11
58.438596491229575 17
58.4561403508787 24
58.47368421052782 40
58.66666666666818 6
58.78070175438748 7
58.7982456140366 27
58.82456140351029 5
58.921052631580466 42
59.017543859650644 9
59.017543859650644 15
59.08771929824714 3
59.08771929824714 36
59.122807017545384 55
59.16666666666819 11
59.210526315791 25
59.236842105264685 17
59.289473684212055 58
59.3245614035103 24
59.40350877193136 6
59.46491228070329 50
59.47368421052785 43
59.508771929826096 1
59.508771929826096 7
59.58771929824715 26
59.59649122807171 47
59.614035087720836 44
59.710526315791014 22
59.7368421052647 53
59.771929824562946 37
59.79824561403663 23
59.83333333333488 29
59.88596491228225 36
59.90350877193137 28
