0.0 12
0.0 48
0.02631578947368421 58
0.07017543859649122 35
0.08771929824561403 47
0.09649122807017543 14
0.12280701754385964 23
0.13157894736842105 43
0.14035087719298245 40
0.14912280701754385 56
0.15789473684210525 15
0.16666666666666666 38
0.18421052631578946 22
0.20175438596491227 45
0.21052631578947367 4
0.23684210526315788 34
0.28947368421052644 57
0.3070175438596493 50
0.342105263157895 25
0.3684210526315793 7
0.3684210526315793 24
0.3859649122807022 6
0.4210526315789479 0
0.4561403508771936 2
0.4561403508771936 17
0.4736842105263165 16
0.5526315789473694 20
0.5701754385964922 1
0.6491228070175451 59
0.7105263157894751 44
0.7543859649122823 36
0.7543859649122823 37
0.7631578947368437 32
0.7807017543859666 28
0.850877192982458 27
1.0087719298245637 42
1.0526315789473708 31
1.096491228070178 5
1.1052631578947394 7
1.1140350877193008 6
1.1315789473684237 30
1.2280701754385994 26
1.2368421052631609 24
1.3771929824561437 18
1.4473684210526352 41
1.4736842105263195 15
1.5350877192982495 10
1.5526315789473724 3
1.649122807017548 36
1.728070175438601 25
1.7368421052631624 11
1.7543859649122853 12
1.7543859649122853 29
1.7982456140350924 18
1.8070175438596539 17
1.8245614035087767 59
1.8421052631578996 7
1.8771929824561453 6
1.9035087719298296 43
2.10526315789474 24
2.2280701754385968 48
2.2631578947368416 42
2.3070175438596476 44
2.3070175438596476 47
2.535087719298239 5
2.5438596491228003 36
2.570175438596484 4
2.578947368421045 7
2.6052631578947287 6
2.6315789473684124 1
2.666666666666657 0
2.692982456140341 53
2.7280701754385857 54
2.7543859649122693 57
2.780701754385953 15
2.8947368421052486 3
2.947368421052616 18
2.9736842105262995 24
3.0526315789473504 17
3.0614035087719116 25
3.087719298245595 18
3.1052631578947176 50
3.1315789473684013 11
3.1842105263157685 12
3.298245614035064 29
3.3070175438596254 7
3.333333333333309 6
3.4298245614034824 30
3.4385964912280436 36
3.464912280701727 16
3.491228070175411 44
3.543859649122778 58
3.5614035087719005 41
3.666666666666635 42
3.7719298245613695 14
3.798245614035053 44
3.798245614035053 45
3.842105263157859 24
3.964912280701716 43
4.008771929824523 20
4.026315789473646 39
4.0350877192982075 7
4.0614035087718925 6
4.096491228070139 15
4.105263157894701 23
4.131578947368386 47
4.131578947368386 59
4.210526315789441 56
4.2368421052631255 3
4.333333333333304 36
4.350877192982427 11
4.403508771929797 27
4.429824561403482 22
4.570175438596468 11
4.587719298245592 5
4.649122807017523 4
4.68421052631577 2
4.68421052631577 31
4.701754385964893 17
4.710526315789455 24
4.763157894736825 1
4.763157894736825 7
4.780701754385948 18
4.78947368421051 6
4.885964912280688 44
5.061403508771921 34
5.087719298245606 25
5.175438596491222 12
5.192982456140346 40
5.192982456140346 48
5.228070175438592 36
5.403508771929825 15
5.412280701754387 57
5.5000000000000036 7
5.508771929824565 29
5.517543859649127 6
5.543859649122812 38
5.578947368421058 3
5.578947368421058 24
5.649122807017552 5
5.684210526315798 17
5.69298245614036 42
5.701754385964922 59
5.719298245614045 30
5.7280701754386065 37
5.824561403508785 28
5.9561403508772095 47
5.964912280701771 11
6.070175438596511 35
6.114035087719319 1
6.122807017543881 36
6.192982456140374 41
6.236842105263182 7
6.245614035087744 6
6.271929824561429 18
6.447368421052662 24
6.456140350877224 16
6.500000000000032 17
6.535087719298279 0
6.54385964912284 26
6.684210526315827 25
6.710526315789512 15
6.719298245614073 11
6.728070175438635 4
6.763157894736882 43
6.780701754386005 53
6.850877192982498 27
6.85964912280706 58
6.921052631578991 3
6.938596491228115 59
6.9649122807018 7
6.973684210526361 6
7.0175438596491695 36
7.026315789473731 39
7.052631578947416 20
7.105263157894786 54
7.149122807017594 29
7.149122807017594 42
7.254385964912334 12
7.315789473684266 24
7.368421052631636 17
7.368421052631636 18
7.403508771929882 14
7.4473684210526905 45
7.631578947368485 44
7.692982456140417 7
7.701754385964978 6
7.754385964912348 48
7.780701754386033 47
7.81578947368428 50
7.885964912280773 11
7.912280701754458 36
8.000000000000075 30
8.017543859649198 15
8.017543859649198 25
8.02631578947376 23
8.18421052631587 24
8.219298245614116 2
8.23684210526324 5
8.263157894736924 3
8.315789473684294 44
8.324561403508856 5
8.368421052631664 18
8.421052631579034 7
8.429824561403596 6
8.61403508771939 42
8.640350877193075 1
8.675438596491322 22
8.71929824561413 57
8.745614035087815 43
8.789473684210623 18
8.807017543859747 36
8.815789473684308 4
8.82456140350887 0
9.052631578947473 24
9.070175438596596 18
9.149122807017651 7
9.157894736842213 6
9.201754385965021 17
9.210526315789583 12
9.236842105263268 18
9.324561403508884 15
9.333333333333446 41
9.35087719298257 25
9.447368421052747 16
9.491228070175556 31
9.500000000000117 18
9.51754385964924 20
9.51754385964924 32
9.543859649122926 11
9.605263157894857 3
9.605263157894857 47
9.701754385965035 36
9.815789473684337 40
9.877192982456268 7
9.88596491228083 6
9.921052631579077 24
9.964912280701885 42
9.964912280701885 44
10.061403508772063 56
10.263157894736981 18
10.271929824561543 10
10.280701754386104 30
10.30701754385979 44
10.385964912280844 59
10.500000000000146 38
10.500000000000146 43
10.596491228070324 36
10.605263157894885 7
10.605263157894885 34
10.614035087719447 6
10.63157894736857 15
10.68421052631594 25
10.701754385965064 37
10.719298245614187 11
10.78947368421068 24
10.833333333333488 27
10.859649122807173 53
10.868421052631735 28
10.877192982456297 5
10.89473684210542 4
10.903508771929982 35
10.94736842105279 3
10.973684210526475 29
11.035087719298406 1
11.035087719298406 14
11.26315789473701 11
11.307017543859818 0
11.31578947368438 58
11.333333333333503 7
11.342105263158064 6
11.342105263158064 48
11.359649122807188 12
11.42982456140368 18
11.456140350877366 47
11.491228070175612 11
11.491228070175612 36
11.657894736842284 24
11.69298245614053 11
11.719298245614215 18
11.728070175438777 5
11.754385964912462 2
11.763157894737024 17
11.885964912280887 20
11.894736842105448 11
11.894736842105448 57
11.938596491228257 15
11.938596491228257 50
11.938596491228257 59
12.00877192982475 23
12.017543859649312 25
12.017543859649312 54
12.06140350877212 7
12.070175438596682 6
12.087719298245805 11
12.105263157894928 29
12.131578947368613 26
12.184210526315983 45
12.192982456140545 39
12.280701754386161 11
12.289473684210723 3
12.385964912280901 36
12.42982456140371 21
12.438596491228271 16
12.473684210526518 11
12.526315789473887 24
12.552631578947572 30
12.684210526315997 11
12.780701754386175 42
12.789473684210737 7
12.798245614035299 6
12.868421052631792 17
12.877192982456354 44
12.885964912280915 5
12.885964912280915 11
12.894736842105477 12
12.9122807017546 43
12.921052631579162 22
12.973684210526532 4
13.07017543859671 18
13.078947368421272 11
13.245614035087943 15
13.271929824561628 11
13.271929824561628 47
13.28070175438619 36
13.315789473684436 5
13.350877192982683 25
13.350877192982683 41
13.394736842105491 24
13.421052631579176 18
13.464912280701984 11
13.517543859649354 7
13.526315789473916 6
13.622807017544094 27
13.631578947368656 3
13.65789473684234 11
13.701754385965149 31
13.81578947368445 0
13.842105263158135 29
13.850877192982697 11
13.938596491228314 32
14.008771929824807 12
14.043859649123053 11
14.0789473684213 42
14.0789473684213 56
14.096491228070423 1
14.105263157894985 18
14.114035087719547 59
14.175438596491478 36
14.192982456140601 40
14.201754385965163 17
14.23684210526341 11
14.23684210526341 20
14.245614035087971 7
14.254385964912533 6
14.263157894737095 24
14.429824561403766 11
14.473684210526574 48
14.55263157894763 15
14.561403508772191 44
14.561403508772191 58
14.622807017544122 11
14.640350877193246 50
14.66666666666693 14
14.684210526316054 25
14.815789473684479 11
14.82456140350904 30
14.850877192982725 5
14.859649122807287 18
14.973684210526589 3
14.973684210526589 7
14.973684210526589 18
14.98245614035115 6
15.008771929824835 11
15.017543859649397 17
15.052631578947643 4
15.070175438596767 36
15.096491228070452 47
15.122807017544137 12
15.131578947368698 24
15.157894736842383 43
15.184210526316068 1
15.201754385965192 11
15.210526315789753 29
15.254385964912561 53
15.289473684210808 2
15.307017543859931 59
15.394736842105548 11
15.429824561403795 16
15.587719298245904 11
15.67543859649152 37
15.684210526316082 42
15.692982456140644 57
15.701754385965206 7
15.701754385965206 41
15.710526315789767 6
15.78070175438626 11
15.859649122807316 15
15.894736842105562 23
15.903508771930124 28
15.929824561403809 18
15.93859649122837 17
15.964912280702055 36
15.973684210526617 11
16.000000000000302 24
16.017543859649425 25
16.09649122807048 18
16.166666666666973 11
16.19298245614066 5
16.20175438596522 18
16.236842105263467 12
16.31578947368452 3
16.35964912280733 11
16.438596491228385 6
16.438596491228385 7
16.447368421052946 34
16.500000000000316 54
16.552631578947686 11
16.57894736842137 20
16.745614035088042 11
16.754385964912604 5
16.771929824561727 17
16.78947368421085 59
16.859649122807344 36
16.868421052631906 24
16.9385964912284 11
16.94736842105296 47
16.964912280702084 43
17.087719298245947 35
17.131578947368755 4
17.131578947368755 11
17.166666666667002 6
17.166666666667002 15
17.166666666667002 22
17.175438596491563 7
17.228070175438933 38
17.27192982456174 30
17.32456140350911 11
17.350877192982797 12
17.350877192982797 25
17.359649122807358 1
17.403508771930166 0
17.517543859649468 11
17.58771929824596 18
17.596491228070523 17
17.605263157895084 5
17.657894736842454 3
17.710526315789824 11
17.73684210526351 24
17.754385964912633 36
17.859649122807372 58
17.89473684210562 6
17.90350877193018 7
17.90350877193018 11
17.921052631579304 41
17.94736842105299 45
18.05263157894773 42
18.096491228070537 11
18.11403508771966 31
18.16666666666703 5
18.184210526316154 18
18.289473684210893 11
18.289473684210893 14
18.36842105263195 50
18.36842105263195 56
18.421052631579318 16
18.421052631579318 17
18.43859649122844 43
18.464912280702126 12
18.464912280702126 48
18.473684210526688 15
18.48245614035125 11
18.58771929824599 27
18.605263157895113 24
18.622807017544236 6
18.631578947368798 7
18.64912280701792 36
18.675438596491606 11
18.684210526316168 25
18.719298245614414 57
18.771929824561784 47
18.824561403509154 2
18.833333333333716 40
18.868421052631962 11
18.91228070175477 20
18.947368421053017 1
19.000000000000387 3
19.06140350877232 11
19.07017543859688 26
19.210526315789867 4
19.245614035088114 17
19.254385964912675 5
19.254385964912675 11
19.350877192982853 6
19.359649122807415 7
19.44736842105303 11
19.473684210526716 24
19.54385964912321 30
19.54385964912321 36
19.55263157894777 59
19.570175438596895 29
19.578947368421456 12
19.640350877193388 11
19.666666666667073 42
19.736842105263566 5
19.780701754386374 15
19.789473684210936 23
19.833333333333744 11
19.885964912281114 32
19.894736842105676 53
19.96491228070217 0
19.97368421052673 5
20.01754385964954 25
20.0263157894741 11
20.07017543859691 17
20.07894736842147 6
20.087719298246032 7
20.219298245614457 11
20.34210526315832 3
20.34210526315832 24
20.368421052632005 43
20.412280701754813 11
20.4385964912285 36
20.60526315789517 11
20.61403508771973 47
20.649122807017978 37
20.692982456140786 12
20.692982456140786 50
20.798245614035526 11
20.807017543860088 6
20.81578947368465 7
20.859649122807458 54
20.894736842105704 17
20.938596491228513 28
20.991228070175882 11
21.08771929824606 15
21.08771929824606 42
21.14035087719343 34
21.157894736842554 39
21.157894736842554 41
21.18421052631624 11
21.210526315789924 24
21.24561403508817 20
21.28947368421098 4
21.333333333333787 36
21.35087719298291 25
21.377192982456595 11
21.40350877193028 22
21.41228070175484 16
21.46491228070221 27
21.482456140351335 59
21.535087719298705 6
21.543859649123267 7
21.57017543859695 11
21.57017543859695 58
21.61403508771976 45
21.62280701754432 57
21.684210526316253 3
21.7192982456145 17
21.763157894737308 11
21.77192982456187 18
21.807017543860116 12
21.82456140350924 30
21.8333333333338 29
21.903508771930294 1
21.912280701754856 14
21.92982456140398 43
21.956140350877664 11
21.956140350877664 31
22.078947368421527 24
22.14912280701802 11
22.184210526316267 10
22.228070175439075 36
22.263157894737322 6
22.263157894737322 18
22.280701754386445 7
22.342105263158377 11
22.3596491228075 2
22.394736842105747 15
22.438596491228555 47
22.46491228070224 38
22.482456140351363 35
22.535087719298733 11
22.543859649123295 17
22.56140350877242 48
22.67543859649172 42
22.68421052631628 25
22.710526315789966 44
22.72807017543909 11
22.921052631579446 11
22.921052631579446 12
22.94736842105313 24
22.99122807017594 6
23.017543859649624 7
23.026315789474186 3
23.114035087719802 11
23.122807017544364 36
23.25438596491279 18
23.30701754386016 11
23.342105263158405 17
23.36842105263209 4
23.394736842105775 41
23.500000000000515 11
23.57894736842157 20
23.666666666667187 23
23.69298245614087 11
23.701754385965433 15
23.701754385965433 39
23.719298245614556 6
23.754385964912803 7
23.763157894737365 29
23.807017543860173 43
23.815789473684735 24
23.885964912281228 11
23.885964912281228 18
23.921052631579474 40
24.017543859649653 25
24.017543859649653 36
24.026315789474214 18
24.035087719298776 12
24.078947368421584 11
24.096491228070708 30
24.140350877193516 32
24.1666666666672 17
24.254385964912817 47
24.254385964912817 50
24.27192982456194 11
24.280701754386502 59
24.36842105263212 3
24.403508771930365 16
24.42982456140405 18
24.447368421053174 6
24.464912280702297 11
24.491228070175982 7
24.500000000000544 42
24.614035087719845 48
24.657894736842653 11
24.68421052631634 24
24.6929824561409 44
24.763157894737393 27
24.85087719298301 11
24.91228070175494 36
24.929824561404065 18
24.96491228070231 17
25.00877192982512 15
25.00877192982512 57
25.043859649123366 11
25.052631578947928 26
25.06140350877249 29
25.149122807018106 12
25.17543859649179 6
25.22807017543916 7
25.236842105263722 11
25.245614035088284 53
25.32456140350934 54
25.350877192983024 25
25.37719298245671 49
25.403508771930394 59
25.412280701754955 18
25.42982456140408 11
25.447368421053202 4
25.464912280702325 5
25.48245614035145 31
25.53508771929882 14
25.552631578947942 24
25.622807017544435 11
25.622807017544435 37
25.64035087719356 22
25.64035087719356 43
25.71052631579005 3
25.789473684211107 17
25.80701754386023 36
25.81578947368479 11
25.8596491228076 0
25.894736842105846 2
25.903508771930408 5
25.903508771930408 6
25.91228070175497 20
25.92105263157953 58
25.947368421053216 34
25.956140350877778 7
25.9736842105269 28
26.008771929825148 11
26.01754385964971 1
26.07017543859708 47
26.17543859649182 45
26.201754385965504 11
26.263157894737436 12
26.28070175438656 41
26.315789473684806 15
26.34210526315849 18
26.368421052632176 30
26.39473684210586 11
26.421052631579546 24
26.44736842105323 56
26.5000000000006 29
26.570175438597094 44
26.587719298246217 11
26.614035087719902 17
26.631578947369025 6
26.65789473684271 5
26.65789473684271 48
26.684210526316395 7
26.684210526316395 25
26.70175438596552 36
26.780701754386573 11
26.97368421052693 11
27.052631578947985 3
27.061403508772546 5
27.157894736842724 50
27.166666666667286 11
27.28947368421115 24
27.307017543860272 42
27.359649122807642 6
27.359649122807642 11
27.368421052632204 27
27.377192982456766 12
27.39473684210589 16
27.412280701755012 7
27.438596491228697 17
27.526315789474314 4
27.535087719298875 23
27.535087719298875 23
27.552631578948 11
27.587719298246245 35
27.596491228070807 36
27.622807017544492 15
27.745614035088355 11
27.83333333333397 29
27.88596491228134 47
27.93859649122871 11
28.017543859649766 25
28.052631578948013 38
28.08771929824626 6
28.131578947369068 11
28.14912280701819 7
28.157894736842753 24
28.24561403508837 20
28.263157894737493 17
28.29824561403574 5
28.324561403509424 11
28.35087719298311 18
28.368421052632232 0
28.394736842105917 3
28.473684210526972 44
28.491228070176096 12
28.491228070176096 36
28.51754385964978 11
28.543859649123466 57
28.587719298246274 40
28.61403508771996 32
28.640350877193644 30
28.710526315790137 11
28.815789473684877 6
28.87719298245681 7
28.87719298245681 29
28.903508771930493 11
28.92982456140418 15
28.956140350877863 18
28.982456140351548 53
29.00000000000067 44
29.026315789474356 24
29.05263157894804 18
29.061403508772603 17
29.061403508772603 59
29.09649122807085 11
29.131578947369096 1
29.15789473684278 14
29.15789473684278 48
29.228070175439274 31
29.289473684211206 11
29.342105263158576 18
29.350877192983138 25
29.3596491228077 44
29.385964912281384 36
29.429824561404192 2
29.482456140351562 11
29.543859649123494 6
29.605263157895426 4
29.605263157895426 7
29.605263157895426 12
29.649122807018234 54
29.67543859649192 11
29.701754385965604 47
29.73684210526385 3
29.868421052632275 11
29.877192982456837 22
29.8859649122814 17
29.89473684210596 24
29.929824561404207 44
29.99122807017614 5
30.06140350877263 11
30.070175438597193 26
30.070175438597193 45
30.236842105263865 15
30.254385964912988 11
30.27192982456211 6
30.280701754386673 36
30.280701754386673 58
30.333333333334043 7
30.385964912281413 16
30.403508771930536 41
30.447368421053344 11
30.447368421053344 49
30.464912280702467 5
30.48245614035159 59
30.500000000000714 1
30.57894736842177 20
30.596491228070892 37
30.614035087720016 27
30.6403508771937 11
30.68421052631651 18
30.68421052631651 25
30.69298245614107 17
30.719298245614755 12
30.763157894737564 24
30.833333333334057 11
30.912280701755112 30
31.00000000000073 6
31.00877192982529 28
31.01754385964985 43
31.026315789474413 11
31.07017543859722 7
31.078947368421783 3
31.1666666666674 48
31.17543859649196 36
31.21929824561477 11
31.315789473684948 39
31.403508771930564 23
31.412280701755126 11
31.43859649122881 59
31.517543859649866 17
31.517543859649866 47
31.54385964912355 15
31.605263157895482 11
31.631578947369167 24
31.631578947369167 34
31.675438596491976 56
31.684210526316537 4
31.728070175439345 6
31.79824561403584 11
31.8070175438604 7
31.833333333334085 12
31.833333333334085 44
31.90350877193058 0
31.991228070176195 11
32.01754385964988 25
32.02631578947444 18
32.070175438597246 36
32.15789473684286 5
32.18421052631655 11
32.34210526315866 17
32.377192982456904 11
32.42105263157971 3
32.45614035087796 6
32.50000000000077 24
32.51754385964989 29
32.535087719299014 7
32.57017543859726 11
32.68421052631656 57
32.692982456141124 5
32.72807017543937 42
32.754385964913055 50
32.76315789473762 11
32.78070175438674 14
32.81578947368499 43
32.85087719298323 15
32.912280701755165 20
32.93859649122885 1
32.94736842105341 12
32.95614035087797 11
32.964912280702535 2
32.964912280702535 36
33.05263157894815 38
33.10526315789552 35
33.14035087719377 31
33.14912280701833 11
33.16666666666745 17
33.184210526316576 6
33.184210526316576 30
33.228070175439385 32
33.26315789473763 7
33.342105263158686 11
33.342105263158686 11
33.342105263158686 47
33.35087719298325 25
33.36842105263237 24
33.37719298245693 16
33.53508771929904 11
33.69298245614115 59
33.710526315790275 18
33.7280701754394 11
33.763157894737645 3
33.763157894737645 4
33.859649122807824 36
33.91228070175519 6
33.91228070175519 42
33.921052631579755 11
33.99122807017625 7
33.99122807017625 17
34.06140350877274 12
34.11403508772011 11
34.11403508772011 22
34.15789473684292 15
34.15789473684292 18
34.15789473684292 41
34.236842105263975 24
34.27192982456222 39
34.27192982456222 45
34.30701754386047 11
34.32456140350959 1
34.32456140350959 48
34.37719298245696 58
34.43859649122889 49
34.500000000000824 11
34.500000000000824 40
34.52631578947451 0
34.596491228071 54
34.64035087719381 6
34.64035087719381 18
34.68421052631662 25
34.69298245614118 11
34.719298245614866 7
34.75438596491311 26
34.75438596491311 36
34.815789473685044 17
34.815789473685044 17
34.88596491228154 11
34.94736842105347 44
35.035087719299085 18
35.05263157894821 29
35.07017543859733 50
35.07894736842189 11
35.10526315789558 3
35.10526315789558 24
35.15789473684295 47
35.17543859649207 12
35.245614035088565 20
35.254385964913126 44
35.27192982456225 11
35.27192982456225 23
35.28070175438681 27
35.36842105263243 6
35.4210526315798 43
35.44736842105348 7
35.456140350878044 30
35.464912280702606 11
35.464912280702606 15
35.570175438597346 37
35.614035087720154 10
35.64035087719384 17
35.6491228070184 36
35.65789473684296 11
35.65789473684296 59
35.71052631579033 1
35.7631578947377 42
35.84210526315876 4
35.84210526315876 4
35.85087719298332 11
35.97368421052718 24
36.01754385964999 25
36.043859649123675 11
36.043859649123675 28
36.096491228071045 6
36.10526315789561 5
36.1754385964921 7
36.23684210526403 11
36.2894736842114 12
36.315789473685086 48
36.368421052632456 16
36.4035087719307 14
36.42982456140439 11
36.44736842105351 3
36.464912280702634 17
36.50000000000088 2
36.54385964912369 36
36.622807017544744 11
36.69298245614124 41
36.77192982456229 15
36.8157894736851 11
36.82456140350966 6
36.842105263158786 24
36.86842105263247 39
36.91228070175528 7
36.97368421052721 47
36.991228070176334 5
37.00877192982546 11
37.20175438596581 11
37.21929824561494 59
37.263157894737745 44
37.27192982456231 53
37.28947368421143 17
37.35087719298336 25
37.38596491228161 32
37.39473684210617 11
37.39473684210617 45
37.40350877193073 12
37.43859649122898 31
37.43859649122898 36
37.55263157894828 6
37.578947368421964 20
37.587719298246526 11
37.631578947369334 0
37.640350877193896 7
37.64912280701846 43
37.692982456141266 27
37.71052631579039 24
37.72807017543951 30
37.78070175438688 11
37.789473684211444 3
37.92105263157987 4
37.97368421052724 11
38.07894736842198 15
38.08771929824654 58
38.0964912280711 38
38.114035087720225 17
38.15789473684303 29
38.166666666667595 11
38.2807017543869 6
38.2807017543869 42
38.2807017543869 48
38.33333333333427 36
38.35087719298339 22
38.35964912280795 11
38.36842105263251 7
38.429824561404445 18
38.44736842105357 50
38.5087719298255 5
38.51754385965006 12
38.55263157894831 11
38.57894736842199 24
38.63157894736936 59
38.68421052631673 25
38.692982456141294 57
38.745614035088664 11
38.78947368421147 47
38.82456140350972 54
38.93859649122902 1
38.93859649122902 11
38.93859649122902 17
39.008771929825514 6
39.09649122807113 7
39.13157894736938 3
39.13157894736938 5
39.13157894736938 11
39.14035087719394 23
39.1491228070185 34
39.228070175439555 36
39.2631578947378 56
39.27192982456236 29
39.29824561403605 41
39.32456140350973 11
39.32456140350973 35
39.333333333334295 43
39.333333333334295 49
39.35964912280798 16
39.385964912281665 15
39.385964912281665 40
39.447368421053596 24
39.51754385965009 11
39.63157894736939 12
39.701754385965884 42
39.710526315790446 11
39.73684210526413 6
39.74561403508869 26
39.763157894737816 17
39.82456140350975 7
39.868421052632556 59
39.9035087719308 11
39.912280701755364 20
40.00000000000098 4
40.00000000000098 30
40.017543859650104 25
40.026315789474666 14
40.03508771929923 2
40.09649122807116 11
40.10526315789572 27
40.122807017544844 36
40.19298245614134 10
40.21052631579046 44
40.25438596491327 48
40.289473684211515 11
40.3157894736852 24
40.46491228070275 6
40.47368421052731 3
40.48245614035187 11
40.508771929825556 0
40.5438596491238 37
40.552631578948365 7
40.58771929824661 17
40.605263157895735 47
40.67543859649223 11
40.69298245614135 15
40.69298245614135 29
40.74561403508872 12
40.763157894737844 50
40.78947368421153 18
40.868421052632584 11
40.96491228070276 59
40.982456140351886 39
40.99122807017645 45
41.01754385965013 36
41.05263157894838 43
41.06140350877294 11
41.078947368422064 28
41.12280701754487 53
41.17543859649224 31
41.184210526316804 24
41.192982456141365 6
41.21052631579049 5
41.2543859649133 11
41.28070175438698 7
41.28947368421154 42
41.350877192983475 25
41.38596491228172 57
41.41228070175541 17
41.44736842105365 11
41.64035087719401 11
41.81578947368524 3
41.833333333334366 11
41.85964912280805 12
41.91228070175542 36
41.92105263157998 6
42.00000000000104 15
42.0087719298256 7
42.02631578947472 11
42.05263157894841 5
42.05263157894841 24
42.06140350877297 41
42.07894736842209 4
42.21929824561508 5
42.21929824561508 11
42.22807017543964 48
42.2368421052642 17
42.245614035088764 20
42.27192982456245 30
42.3508771929835 16
42.412280701755435 11
42.42105263158 47
42.47368421052737 43
42.49122807017649 42
42.517543859650175 27
42.5350877192993 49
42.56140350877298 58
42.58771929824667 22
42.60526315789579 11
42.6491228070186 6
42.684210526316846 25
42.736842105264216 7
42.79824561403615 11
42.80701754386071 36
42.82456140350983 59
42.894736842106326 5
42.90350877193089 0
42.92105263158001 24
42.92982456140457 44
42.97368421052738 12
42.97368421052738 18
42.991228070176504 11
43.00877192982563 23
43.03508771929931 17
43.07894736842212 50
43.157894736843176 3
43.18421052631686 11
43.307017543860724 15
43.37719298245722 6
43.37719298245722 11
43.46491228070283 7
43.57017543859757 2
43.57017543859757 11
43.59649122807126 40
43.64912280701863 14
43.67543859649231 32
43.701754385966 1
43.701754385966 36
43.76315789473793 11
43.77192982456249 18
43.78070175438705 44
43.78070175438705 59
43.789473684211615 24
43.83333333333442 17
43.956140350878286 11
44.000000000001094 18
44.008771929825656 43
44.01754385965022 25
44.08771929824671 12
44.105263157895834 6
44.14912280701864 11
44.157894736843204 4
44.19298245614145 7
44.19298245614145 42
44.19298245614145 48
44.20175438596601 57
44.24561403508882 54
44.25438596491338 26
44.25438596491338 47
44.342105263159 11
44.35087719298356 35
44.35964912280812 29
44.49122807017655 45
44.50000000000111 3
44.535087719299355 11
44.535087719299355 38
44.56140350877304 30
44.57894736842216 20
44.59649122807129 36
44.61403508772041 15
44.65789473684322 17
44.65789473684322 24
44.66666666666778 18
44.66666666666778 44
44.72807017543971 11
44.78947368421164 18
44.798245614036205 59
44.81578947368533 41
44.83333333333445 6
44.92105263158007 7
44.92105263158007 11
44.92982456140463 18
44.92982456140463 27
45.114035087720424 11
45.20175438596604 12
45.23684210526429 18
45.280701754387096 53
45.30701754386078 11
45.324561403509904 10
45.34210526315903 16
45.35087719298359 25
45.3947368421064 50
45.482456140352014 17
45.482456140352014 39
45.491228070176575 36
45.491228070176575 44
45.50000000000114 11
45.51754385965026 37
45.52631578947482 24
45.56140350877307 6
45.61403508772044 31
45.65789473684325 7
45.69298245614149 11
45.7368421052643 49
45.815789473685356 1
45.84210526315904 3
45.8508771929836 0
45.88596491228185 11
45.89473684210641 59
45.921052631580096 15
46.070175438597644 47
46.078947368422206 11
46.11403508772045 28
46.1491228070187 5
46.1491228070187 48
46.20175438596607 44
46.236842105264316 4
46.27192982456256 11
46.289473684211686 6
46.289473684211686 34
46.30701754386081 17
46.31578947368537 12
46.385964912281864 7
46.385964912281864 36
46.394736842106425 24
46.46491228070292 11
46.605263157895905 43
46.657894736843275 11
46.68421052631696 25
46.824561403509946 22
46.83333333333451 30
46.85087719298363 11
46.877192982457316 23
46.91228070175556 20
47.0175438596503 6
47.04385964912399 11
47.06140350877311 29
47.10526315789592 2
47.11403508772048 7
47.11403508772048 18
47.12280701754504 17
47.14912280701873 1
47.14912280701873 41
47.14912280701873 58
47.184210526316974 3
47.22807017543978 15
47.236842105264344 11
47.26315789473803 24
47.27192982456259 14
47.28070175438715 36
47.342105263159084 27
47.4298245614047 11
47.4298245614047 12
47.62280701754506 11
47.74561403508892 6
47.74561403508892 32
47.81578947368541 11
47.8421052631591 7
47.86842105263278 59
47.885964912281906 47
47.938596491229276 42
47.94736842105384 17
47.94736842105384 50
48.00877192982577 11
48.01754385965033 25
48.035087719299455 45
48.11403508772051 48
48.11403508772051 57
48.13157894736963 24
48.17543859649244 36
48.201754385966126 11
48.201754385966126 40
48.31578947368543 4
48.33333333333455 16
48.33333333333455 29
48.39473684210648 11
48.47368421052754 6
48.52631578947491 3
48.53508771929947 15
48.54385964912403 12
48.57894736842228 7
48.58771929824684 11
48.64912280701877 54
48.70175438596614 43
48.77192982456263 17
48.780701754387195 11
48.85087719298369 0
48.938596491229305 49
48.97368421052755 11
49.000000000001236 24
49.07017543859773 36
49.11403508772054 30
49.11403508772054 42
49.13157894736966 59
49.14035087719422 31
49.16666666666791 11
49.201754385966154 6
49.201754385966154 18
49.21929824561528 10
49.24561403508896 20
49.29824561403633 18
49.307017543860894 7
49.34210526315914 35
49.34210526315914 41
49.3508771929837 25
49.359649122808264 11
49.44736842105388 18
49.50000000000125 53
49.55263157894862 11
49.56140350877318 44
49.570175438597744 26
49.58771929824687 1
49.59649122807143 17
49.65789473684336 12
49.70175438596617 18
49.70175438596617 38
49.70175438596617 47
49.74561403508898 11
49.75438596491354 27
49.842105263159155 15
49.842105263159155 29
49.86842105263284 3
49.86842105263284 24
49.92982456140477 6
49.93859649122933 11
49.96491228070302 36
50.03508771929951 7
50.07017543859776 48
50.13157894736969 11
50.263157894738114 50
50.324561403510046 11
50.39473684210654 4
50.4035087719311 5
50.421052631580224 17
50.49122807017672 37
50.5175438596504 11
50.54385964912409 34
50.578947368422334 58
50.60526315789602 57
50.640350877194265 2
50.65789473684339 6
50.67543859649251 5
50.684210526317074 25
50.692982456141635 56
50.71052631579076 11
50.736842105264444 24
50.736842105264444 59
50.745614035089005 23
50.76315789473813 7
50.77192982456269 12
50.78070175438725 5
50.85964912280831 36
50.89473684210655 14
50.89473684210655 39
50.903508771931115 11
51.061403508773225 22
51.08771929824691 1
51.09649122807147 11
51.14912280701884 15
51.14912280701884 28
51.21052631579077 3
51.24561403508902 17
51.28947368421183 11
51.324561403510074 16
51.3421052631592 18
51.385964912282006 6
51.385964912282006 30
51.385964912282006 45
51.41228070175569 44
51.482456140352184 11
51.50000000000131 7
51.51754385965043 47
51.535087719299554 42
51.57894736842236 20
51.60526315789605 24
51.67543859649254 11
51.72807017543991 29
51.72807017543991 44
51.754385964913595 36
51.84210526315921 18
51.8684210526329 11
51.8684210526329 41
51.88596491228202 0
51.88596491228202 12
51.95614035087851 32
52.017543859650445 25
52.02631578947501 48
52.06140350877325 11
52.070175438597815 17
52.11403508772062 6
52.14035087719431 49
52.16666666666799 27
52.228070175439925 7
52.25438596491361 11
52.25438596491361 43
52.447368421053966 11
52.45614035087853 15
52.47368421052765 4
52.47368421052765 24
52.552631578948706 3
52.552631578948706 59
52.57894736842239 50
52.64035087719432 11
52.649122807018884 31
52.649122807018884 36
52.69298245614169 44
52.710526315790815 42
52.74561403508906 40
52.78070175438731 18
52.83333333333468 11
52.84210526315924 6
52.868421052632925 17
52.88596491228205 54
52.95614035087854 7
53.00000000000135 12
53.00877192982591 5
53.026315789475035 11
53.0350877192996 1
53.07017543859784 53
53.11403508772065 5
53.15789473684346 29
53.15789473684346 44
53.21929824561539 11
53.33333333333469 47
53.342105263159254 24
53.350877192983816 25
53.41228070175575 11
53.42982456140487 39
53.46491228070312 57
53.54385964912417 36
53.561403508773296 5
53.57017543859786 6
53.58771929824698 59
53.605263157896104 11
53.657894736843474 30
53.68421052631716 7
53.69298245614172 17
53.763157894738214 15
53.771929824562775 18
53.78070175438734 5
53.79824561403646 11
53.89473684210664 3
53.91228070175576 20
53.96491228070313 10
53.982456140352255 48
53.99122807017682 11
54.11403508772068 12
54.14912280701893 43
54.17543859649261 2
54.18421052631717 11
54.192982456141735 26
54.21052631579086 24
54.27192982456279 18
54.298245614036475 6
54.3157894736856 16
54.359649122808406 41
54.37719298245753 11
54.37719298245753 42
54.42105263158034 7
54.43859649122946 36
54.517543859650516 1
54.517543859650516 14
54.517543859650516 17
54.5438596491242 0
54.55263157894876 4
54.570175438597886 11
54.57894736842245 27
54.614035087720694 23
54.68421052631719 25
54.74561403508912 5
54.76315789473824 11
54.76315789473824 11
54.771929824562804 59
54.79824561403649 34
54.89473684210667 50
54.9561403508786 11
55.02631578947509 6
55.05263157894878 58
55.0701754385979 15
55.07894736842246 24
55.149122807018955 7
55.149122807018955 11
55.149122807018955 47
55.22807017544001 12
55.23684210526457 3
55.2982456140365 22
55.2982456140365 45
55.33333333333475 36
55.34210526315931 11
55.34210526315931 17
55.34210526315931 49
55.45614035087861 35
55.464912280703174 37
55.53508771929967 11
55.55263157894879 42
55.70175438596634 5
55.728070175440024 11
55.75438596491371 6
55.80701754386108 39
55.87719298245757 7
55.92105263158038 11
55.938596491229504 30
55.938596491229504 48
55.947368421054065 24
56.01754385965056 25
56.02631578947512 31
56.03508771929968 5
56.08771929824705 18
56.11403508772074 11
56.13157894736986 57
56.14035087719442 17
56.18421052631723 28
56.18421052631723 43
56.22807017544004 36
56.24561403508916 20
56.30701754386109 11
56.34210526315934 12
56.377192982457586 15
56.43859649122952 29
56.482456140352326 6
56.50000000000145 11
56.54385964912426 1
56.55263157894882 32
56.578947368422504 3
56.60526315789619 7
56.60526315789619 38
56.631578947369874 4
56.649122807019 41
56.692982456141806 11
56.71052631579093 18
56.72807017544005 42
56.789473684211984 59
56.81578947368567 24
56.85964912280848 5
56.88596491228216 11
56.96491228070322 17
56.96491228070322 47
56.9912280701769 27
57.07894736842252 11
57.12280701754533 36
57.12280701754533 44
57.21052631579094 6
57.21052631579094 50
57.271929824562875 11
57.30701754386112 16
57.34210526315937 7
57.35087719298393 25
57.45614035087867 12
57.46491228070323 11
57.65789473684359 1
57.65789473684359 11
57.68421052631727 15
57.68421052631727 24
57.71052631579096 2
57.78947368421201 17
57.78947368421201 54
57.83333333333482 43
57.850877192983944 11
57.903508771931314 42
57.92105263158044 3
57.93859649122956 6
57.956140350878684 48
58.017543859650615 36
58.0438596491243 5
58.0438596491243 11
58.07894736842255 7
58.14035087719448 14
58.18421052631729 40
58.21052631579097 30
58.23684210526466 11
58.3421052631594 18
58.42982456140501 11
58.48245614035238 23
58.543859649124315 49
58.552631578948876 24
58.570175438598 12
58.57894736842256 20
58.58771929824712 17
58.62280701754537 11
58.66666666666818 6
58.6842105263173 25
58.710526315790986 4
58.754385964913794 59
58.763157894738356 18
58.78070175438748 47
58.7982456140366 57
58.815789473685726 7
58.815789473685726 11
58.868421052633096 18
58.912280701755904 36
58.99122807017696 15
59.00877192982608 11
59.14035087719451 41
59.175438596492754 42
59.20175438596644 11
59.22807017544012 18
59.236842105264685 44
59.26315789473837 3
59.28070175438749 5
59.342105263159425 39
59.36842105263311 31
59.394736842106795 6
59.394736842106795 11
59.40350877193136 27
59.41228070175592 1
59.41228070175592 17
59.42105263158048 24
59.447368421054165 5
59.52631578947522 50
59.53508771929978 22
59.552631578948905 7
59.58771929824715 11
59.68421052631733 12
59.710526315791014 5
59.78070175438751 11
59.79824561403663 58
59.80701754386119 36
59.91228070175593 48
59.921052631580494 34
59.973684210527864 11
