0.0 44
0.02631578947368421 54
0.043859649122807015 12
0.07894736842105263 20
0.08771929824561403 42
0.10526315789473684 47
0.18421052631578946 55
0.19298245614035087 28
0.19298245614035087 36
0.21052631578947367 30
0.22807017543859648 22
0.22807017543859648 32
0.2543859649122807 27
0.3070175438596493 3
0.40350877192982504 39
0.40350877192982504 57
0.43859649122807076 48
0.46491228070175505 14
0.49122807017543935 16
0.5263157894736851 15
0.5350877192982465 24
0.5350877192982465 31
0.6754385964912294 7
0.6842105263157908 6
0.7543859649122823 35
0.8245614035087737 46
0.8947368421052652 4
0.912280701754388 40
1.0000000000000022 17
1.035087719298248 33
1.1315789473684237 38
1.219298245614038 12
1.2368421052631609 36
1.342105263157898 24
1.4122807017543895 6
1.4385964912280738 26
1.4561403508771966 25
1.5000000000000038 7
1.6140350877193024 0
1.6403508771929867 3
1.649122807017548 19
1.666666666666671 45
1.6842105263157938 37
1.7543859649122853 15
1.973684210526321 47
2.070175438596495 52
2.0877192982456174 44
2.1315789473684235 34
2.1403508771929847 6
2.1403508771929847 24
2.1666666666666683 56
2.280701754385964 36
2.315789473684209 7
2.359649122807015 10
2.412280701754382 23
2.447368421052627 1
2.4649122807017494 2
2.535087719298239 30
2.61403508771929 12
2.657894736842096 48
2.7105263157894632 41
2.789473684210514 57
2.8070175438596365 9
2.8070175438596365 17
2.8070175438596365 25
2.868421052631565 6
2.8859649122806874 46
2.9385964912280547 24
2.9736842105262995 3
2.9736842105262995 15
3.0175438596491055 43
3.1315789473684013 7
3.1315789473684013 7
3.289473684210503 16
3.324561403508748 36
3.4035087719297987 27
3.4736842105262884 4
3.4824561403508496 8
3.5964912280701453 6
3.6491228070175126 17
3.7368421052631247 24
3.8508771929824204 47
3.9385964912280325 7
4.017543859649084 14
4.0350877192982075 1
4.157894736842071 25
4.157894736842071 53
4.184210526315756 15
4.228070175438564 42
4.228070175438564 46
4.307017543859619 3
4.324561403508742 6
4.36842105263155 36
4.377192982456112 32
4.429824561403482 55
4.438596491228044 0
4.535087719298222 24
4.561403508771907 22
4.701754385964893 43
4.710526315789455 54
4.745614035087701 7
4.771929824561386 12
4.982456140350866 5
4.982456140350866 9
5.017543859649113 39
5.052631578947359 6
5.201754385964907 28
5.236842105263154 1
5.333333333333332 24
5.394736842105264 15
5.412280701754387 36
5.473684210526319 52
5.5526315789473735 7
5.64035087719299 3
5.649122807017552 46
5.7280701754386065 30
5.7280701754386065 47
5.780701754385976 6
5.921052631578963 35
5.938596491228086 40
5.9561403508772095 2
6.000000000000018 56
6.070175438596511 26
6.087719298245634 16
6.096491228070196 38
6.1315789473684426 24
6.254385964912306 43
6.3596491228070455 7
6.368421052631607 1
6.3859649122807305 17
6.394736842105292 25
6.4122807017544154 45
6.456140350877224 36
6.473684210526347 4
6.508771929824594 6
6.5614035087719635 12
6.5614035087719635 57
6.605263157894772 15
6.631578947368457 37
6.710526315789512 34
6.824561403508813 44
6.929824561403553 24
6.956140350877238 11
6.973684210526361 3
7.131578947368471 10
7.140350877193033 27
7.175438596491279 7
7.210526315789526 11
7.236842105263211 6
7.429824561403567 0
7.429824561403567 41
7.438596491228129 23
7.50000000000006 36
7.535087719298307 14
7.561403508771992 9
7.561403508771992 42
7.631578947368485 47
7.666666666666732 12
7.666666666666732 46
7.728070175438663 24
7.745614035087787 25
7.81578947368428 15
7.912280701754458 43
7.964912280701828 6
7.97368421052639 55
7.982456140350951 7
8.02631578947376 44
8.307017543859732 3
8.359649122807102 39
8.517543859649212 32
8.526315789473774 24
8.543859649122897 36
8.56140350877202 30
8.692982456140445 6
8.789473684210623 7
8.842105263157993 12
8.885964912280802 16
8.885964912280802 22
8.991228070175541 11
9.000000000000103 17
9.008771929824665 4
9.026315789473788 15
9.096491228070281 25
9.166666666666774 11
9.219298245614144 52
9.280701754386076 11
9.324561403508884 24
9.385964912280816 11
9.421052631579062 6
9.438596491228186 42
9.447368421052747 2
9.46491228070187 41
9.491228070175556 11
9.508771929824679 43
9.526315789473802 33
9.535087719298364 54
9.543859649122926 47
9.587719298245734 11
9.587719298245734 36
9.596491228070295 7
9.640350877193104 3
9.684210526315912 11
9.78070175438609 11
9.798245614035213 57
9.877192982456268 11
9.982456140351008 11
10.035087719298378 12
10.061403508772063 46
10.078947368421186 11
10.122807017543995 24
10.14912280701768 6
10.175438596491365 11
10.210526315789611 48
10.228070175438734 28
10.228070175438734 40
10.236842105263296 15
10.263157894736981 5
10.271929824561543 11
10.36842105263172 11
10.41228070175453 7
10.447368421052776 25
10.464912280701899 11
10.535087719298392 44
10.561403508772077 11
10.561403508772077 26
10.570175438596639 29
10.605263157894885 56
10.63157894736857 36
10.63157894736857 42
10.657894736842255 11
10.754385964912434 11
10.850877192982612 11
10.877192982456297 6
10.912280701754543 27
10.921052631579105 24
10.94736842105279 11
10.973684210526475 3
11.026315789473845 35
11.043859649122968 11
11.043859649122968 14
11.070175438596653 34
11.122807017544023 30
11.140350877193146 4
11.228070175438763 7
11.342105263158064 17
11.359649122807188 1
11.42105263157912 47
11.447368421052804 15
11.578947368421229 37
11.605263157894914 6
11.605263157894914 38
11.675438596491407 9
11.675438596491407 36
11.684210526315969 16
11.719298245614215 24
11.719298245614215 46
11.728070175438777 8
11.7456140350879 31
11.79824561403527 25
11.859649122807202 0
11.912280701754572 20
11.991228070175627 43
12.00877192982475 10
12.026315789473873 11
12.035087719298435 7
12.122807017544051 11
12.131578947368613 53
12.184210526315983 29
12.21929824561423 11
12.236842105263353 17
12.307017543859846 3
12.315789473684408 11
12.333333333333531 6
12.368421052631778 42
12.412280701754586 11
12.508771929824764 11
12.517543859649326 24
12.552631578947572 32
12.587719298245819 45
12.605263157894942 11
12.657894736842312 15
12.692982456140559 1
12.70175438596512 11
12.719298245614244 36
12.736842105263367 48
12.798245614035299 11
12.842105263158107 7
12.877192982456354 23
12.894736842105477 11
12.938596491228285 2
12.991228070175655 11
13.061403508772148 6
13.087719298245833 11
13.087719298245833 17
13.149122807017765 25
13.184210526316011 11
13.210526315789696 22
13.271929824561628 4
13.28070175438619 11
13.28070175438619 41
13.298245614035313 47
13.315789473684436 24
13.377192982456368 11
13.412280701754614 30
13.421052631579176 9
13.473684210526546 11
13.570175438596724 11
13.640350877193217 3
13.649122807017779 7
13.666666666666902 11
13.76315789473708 11
13.76315789473708 36
13.789473684210765 6
13.807017543859889 46
13.842105263158135 1
13.859649122807259 11
13.86842105263182 15
13.92105263157919 17
13.956140350877437 11
14.008771929824807 42
14.052631578947615 11
14.114035087719547 24
14.114035087719547 44
14.149122807017793 11
14.245614035087971 11
14.298245614035341 43
14.307017543859903 56
14.315789473684465 54
14.34210526315815 11
14.438596491228328 11
14.464912280702013 7
14.482456140351136 16
14.50000000000026 25
14.517543859649383 6
14.535087719298506 11
14.55263157894763 14
14.631578947368684 11
14.728070175438862 11
14.745614035087986 17
14.789473684210794 44
14.807017543859917 36
14.82456140350904 11
14.850877192982725 5
14.850877192982725 33
14.868421052631849 1
14.912280701754657 24
14.912280701754657 24
14.921052631579219 11
14.973684210526589 3
15.017543859649397 11
15.070175438596767 55
15.078947368421328 15
15.114035087719575 11
15.131578947368698 27
15.19298245614063 47
15.201754385965192 9
15.210526315789753 11
15.219298245614315 12
15.236842105263438 28
15.245614035088 6
15.280701754386246 7
15.307017543859931 11
15.40350877193011 4
15.40350877193011 11
15.500000000000288 11
15.570175438596781 17
15.596491228070466 11
15.596491228070466 57
15.684210526316082 48
15.692982456140644 11
15.710526315789767 24
15.745614035088014 8
15.771929824561699 30
15.789473684210822 11
15.815789473684507 42
15.850877192982754 25
15.850877192982754 36
15.885964912281 11
15.894736842105562 35
15.973684210526617 6
15.982456140351179 11
16.026315789473987 26
16.04385964912311 34
16.078947368421357 11
16.08771929824592 7
16.131578947368727 0
16.14912280701785 39
16.175438596491535 11
16.280701754386275 46
16.289473684210837 15
16.30701754385996 3
16.394736842105576 17
16.429824561403823 2
16.456140350877508 29
16.508771929824878 24
16.526315789474 37
16.57017543859681 12
16.596491228070494 11
16.596491228070494 41
16.614035087719618 32
16.692982456140673 11
16.701754385965234 6
16.78947368421085 11
16.88596491228103 11
16.89473684210559 7
16.89473684210559 36
16.9385964912284 9
16.982456140351207 11
17.061403508772262 47
17.078947368421385 11
17.078947368421385 40
17.131578947368755 23
17.175438596491563 11
17.20175438596525 25
17.21929824561437 17
17.27192982456174 11
17.280701754386303 16
17.30701754385999 24
17.36842105263192 11
17.42982456140385 6
17.464912280702098 11
17.500000000000345 15
17.53508771929859 4
17.53508771929859 22
17.561403508772276 11
17.622807017544208 38
17.64035087719333 1
17.64035087719333 3
17.64035087719333 12
17.657894736842454 11
17.701754385965263 7
17.728070175438948 42
17.754385964912633 11
17.85087719298281 11
17.90350877193018 48
17.921052631579304 53
17.938596491228427 36
17.94736842105299 11
18.043859649123167 11
18.043859649123167 17
18.06140350877229 14
18.087719298245975 30
18.1052631578951 24
18.140350877193345 11
18.15789473684247 6
18.184210526316154 10
18.228070175438962 44
18.236842105263523 11
18.27192982456177 56
18.27192982456177 57
18.298245614035455 5
18.3333333333337 11
18.42982456140388 11
18.43859649122844 46
18.500000000000373 43
18.517543859649496 7
18.526315789474058 11
18.552631578947743 25
18.622807017544236 11
18.657894736842483 1
18.666666666667044 9
18.710526315789853 15
18.719298245614414 11
18.780701754386346 52
18.815789473684593 11
18.868421052631962 17
18.885964912281086 6
18.90350877193021 24
18.91228070175477 11
18.938596491228456 47
18.938596491228456 55
18.95614035087758 54
18.973684210526702 3
18.982456140351264 36
19.00877192982495 11
19.105263157895127 11
19.201754385965305 11
19.298245614035483 11
19.33333333333373 7
19.37719298245654 44
19.39473684210566 11
19.44736842105303 12
19.49122807017584 11
19.561403508772333 27
19.578947368421456 0
19.587719298246018 11
19.614035087719703 6
19.666666666667073 4
19.684210526316196 11
19.692982456140758 17
19.70175438596532 24
19.780701754386374 11
19.877192982456553 11
19.885964912281114 39
19.903508771930237 25
19.92105263157936 2
19.92105263157936 15
19.97368421052673 11
20.008771929824977 48
20.0263157894741 36
20.07017543859691 11
20.07894736842147 16
20.140350877193402 7
20.166666666667087 11
20.23684210526358 28
20.263157894737265 11
20.28947368421095 42
20.307017543860074 3
20.34210526315832 6
20.34210526315832 34
20.359649122807443 11
20.38596491228113 9
20.39473684210569 30
20.44736842105306 33
20.44736842105306 43
20.45614035087762 11
20.50000000000043 24
20.517543859649553 12
20.517543859649553 17
20.543859649123238 5
20.5526315789478 11
20.649122807017978 11
20.649122807017978 32
20.684210526316225 8
20.745614035088156 11
20.807017543860088 47
20.807017543860088 57
20.842105263158334 11
20.842105263158334 20
20.938596491228513 11
20.947368421053074 7
21.000000000000444 41
21.03508771929869 11
21.070175438596937 6
21.070175438596937 36
21.13157894736887 11
21.13157894736887 15
21.157894736842554 1
21.228070175439047 11
21.254385964912732 25
21.29824561403554 24
21.29824561403554 26
21.324561403509225 11
21.324561403509225 44
21.34210526315835 17
21.421052631579403 11
21.473684210526773 37
21.51754385964958 11
21.526315789474143 46
21.57017543859695 14
21.61403508771976 11
21.640350877193445 3
21.710526315789938 11
21.72807017543906 42
21.754385964912746 7
21.798245614035554 4
21.798245614035554 6
21.807017543860116 11
21.859649122807486 22
21.903508771930294 11
22.000000000000473 11
22.061403508772404 23
22.09649122807065 24
22.105263157895212 9
22.105263157895212 35
22.114035087719774 36
22.166666666667144 17
22.184210526316267 12
22.210526315789952 11
22.30701754386013 0
22.30701754386013 11
22.342105263158377 15
22.342105263158377 27
22.35087719298294 48
22.3596491228075 5
22.40350877193031 11
22.500000000000487 11
22.52631578947417 6
22.56140350877242 7
22.56140350877242 53
22.57894736842154 44
22.596491228070665 11
22.605263157895227 25
22.640350877193473 52
22.67543859649172 47
22.692982456140843 11
22.78947368421102 11
22.877192982456638 16
22.8859649122812 11
22.89473684210576 24
22.973684210526816 3
22.982456140351378 11
22.99122807017594 17
23.008771929825063 44
23.078947368421556 11
23.087719298246117 38
23.122807017544364 5
23.131578947368926 30
23.15789473684261 36
23.175438596491734 11
23.20175438596542 57
23.245614035088227 46
23.25438596491279 6
23.271929824561912 55
23.342105263158405 42
23.36842105263209 7
23.4122807017549 2
23.508771929825077 54
23.552631578947885 1
23.552631578947885 15
23.605263157895255 40
23.69298245614087 24
23.833333333333858 17
23.90350877193035 9
23.929824561404036 4
23.938596491228598 39
23.95614035087772 25
23.982456140351406 6
24.175438596491762 7
24.201754385965447 36
24.280701754386502 43
24.307017543860187 3
24.31578947368475 20
24.464912280702297 48
24.491228070175982 24
24.543859649123352 5
24.543859649123352 47
24.58771929824616 1
24.58771929824616 42
24.614035087719845 34
24.657894736842653 17
24.68421052631634 32
24.710526315790023 6
24.763157894737393 15
24.85964912280757 11
24.868421052632133 12
24.95614035087775 11
24.982456140351434 46
24.991228070175996 7
25.052631578947928 11
25.07017543859705 14
25.07017543859705 33
25.131578947368983 27
25.149122807018106 11
25.236842105263722 28
25.245614035088284 11
25.245614035088284 36
25.289473684211092 24
25.307017543860216 25
25.307017543860216 56
25.342105263158462 11
25.421052631579517 30
25.43859649122864 6
25.43859649122864 11
25.48245614035145 17
25.49122807017601 0
25.53508771929882 11
25.570175438597065 10
25.614035087719873 9
25.631578947368997 11
25.64035087719356 3
25.675438596491805 16
25.728070175439175 11
25.798245614035668 7
25.824561403509353 11
25.92105263157953 11
25.9736842105269 15
26.01754385964971 11
26.02631578947427 8
26.061403508772518 4
26.087719298246203 24
26.114035087719888 11
26.166666666667258 6
26.18421052631638 22
26.210526315790066 11
26.210526315790066 23
26.23684210526375 44
26.28947368421112 36
26.307017543860244 11
26.307017543860244 17
26.324561403509367 46
26.403508771930422 11
26.412280701754984 47
26.421052631579546 37
26.482456140351477 49
26.5000000000006 11
26.526315789474285 42
26.55263157894797 1
26.570175438597094 48
26.59649122807078 11
26.60526315789534 7
26.65789473684271 25
26.692982456140957 11
26.70175438596552 57
26.71052631579008 26
26.71929824561464 50
26.789473684211135 11
26.789473684211135 11
26.82456140350938 12
26.833333333333943 55
26.885964912281313 11
26.885964912281313 24
26.894736842105875 6
26.903508771930436 2
26.903508771930436 44
26.97368421052693 3
26.98245614035149 11
27.07894736842167 11
27.105263157895354 35
27.13157894736904 17
27.175438596491848 11
27.18421052631641 15
27.271929824562026 11
27.315789473684834 9
27.333333333333957 36
27.368421052632204 11
27.385964912281327 20
27.412280701755012 7
27.412280701755012 52
27.464912280702382 11
27.473684210526944 41
27.56140350877256 11
27.622807017544492 6
27.65789473684274 11
27.684210526316424 24
27.701754385965547 39
27.71052631579011 30
27.754385964912917 11
27.83333333333397 1
27.850877192983095 11
27.87719298245678 40
27.947368421053273 11
27.956140350877835 17
28.008771929825205 25
28.04385964912345 11
28.14035087719363 11
28.192982456141 4
28.210526315790123 46
28.228070175439246 7
28.236842105263808 11
28.271929824562054 43
28.280701754386616 47
28.3070175438603 3
28.333333333333986 11
28.35087719298311 6
28.377192982456794 36
28.394736842105917 15
28.429824561404164 11
28.438596491228726 54
28.473684210526972 16
28.482456140351534 24
28.526315789474342 11
28.56140350877259 48
28.57017543859715 14
28.62280701754452 11
28.7192982456147 11
28.7192982456147 32
28.78070175438663 17
28.78070175438663 44
28.815789473684877 11
28.850877192983123 27
28.89473684210593 34
28.912280701755055 1
28.912280701755055 11
28.92982456140418 0
29.00000000000067 8
29.008771929825233 11
29.017543859649795 9
29.035087719298918 7
29.078947368421726 6
29.10526315789541 11
29.192982456141028 12
29.20175438596559 11
29.280701754386644 24
29.298245614035768 11
29.3596491228077 25
29.394736842105946 11
29.42105263157963 10
29.42105263157963 36
29.491228070176124 11
29.587719298246302 11
29.605263157895426 15
29.605263157895426 17
29.640350877193672 3
29.68421052631648 11
29.78070175438666 11
29.798245614035782 57
29.807017543860344 6
29.84210526315859 7
29.877192982456837 11
29.973684210527015 11
30.0000000000007 42
30.00877192982526 46
30.035087719298946 38
30.05263157894807 55
30.070175438597193 11
30.070175438597193 30
30.078947368421755 24
30.149122807018248 47
30.16666666666737 11
30.236842105263865 28
30.245614035088426 1
30.26315789473755 11
30.32456140350948 4
30.359649122807728 11
30.394736842105974 2
30.42105263157966 39
30.42982456140422 17
30.456140350877906 11
30.464912280702467 36
30.508771929825276 22
30.508771929825276 23
30.53508771929896 6
30.552631578948084 11
30.570175438597207 48
30.649122807018262 7
30.649122807018262 11
30.710526315790194 25
30.719298245614755 9
30.74561403508844 11
30.815789473684934 15
30.84210526315862 11
30.877192982456865 24
30.938596491228797 11
30.973684210527043 3
31.035087719298975 11
31.131578947369153 11
31.140350877193715 42
31.149122807018276 12
31.22807017543933 11
31.254385964913016 17
31.254385964913016 31
31.263157894737578 6
31.27192982456214 16
31.32456140350951 11
31.342105263158633 0
31.368421052632318 37
31.421052631579688 11
31.456140350877934 7
31.464912280702496 46
31.508771929825304 36
31.517543859649866 11
31.614035087720044 11
31.631578947369167 27
31.666666666667414 52
31.675438596491976 24
31.6929824561411 1
31.710526315790222 11
31.728070175439345 26
31.8070175438604 11
31.90350877193058 11
31.97368421052707 5
31.991228070176195 6
32.00000000000075 11
32.008771929825315 47
32.02631578947444 15
32.061403508772685 25
32.070175438597246 14
32.07894736842181 17
32.09649122807093 11
32.122807017544616 33
32.18421052631655 53
32.19298245614111 11
32.19298245614111 12
32.2631578947376 7
32.2631578947376 8
32.28947368421129 11
32.30701754386041 3
32.34210526315866 30
32.385964912281466 11
32.42105263157971 9
32.45614035087796 4
32.47368421052708 24
32.482456140351644 11
32.55263157894814 36
32.57894736842182 11
32.62280701754463 56
32.675438596492 11
32.692982456141124 48
32.71929824561481 6
32.754385964913055 32
32.77192982456218 11
32.86842105263236 11
32.87719298245692 43
32.9035087719306 17
32.964912280702535 11
32.99122807017622 45
33.00000000000078 49
33.00000000000078 54
33.02631578947447 35
33.06140350877271 11
33.070175438597275 7
33.0877192982464 41
33.0877192982464 57
33.15789473684289 11
33.16666666666745 34
33.236842105263946 15
33.25438596491307 11
33.27192982456219 10
33.27192982456219 24
33.35087719298325 11
33.41228070175518 25
33.447368421053426 6
33.447368421053426 11
33.45614035087799 55
33.48245614035167 46
33.51754385964992 12
33.543859649123604 11
33.552631578948166 29
33.596491228070974 36
33.62280701754466 44
33.64035087719378 3
33.64035087719378 11
33.7280701754394 17
33.73684210526396 11
33.83333333333414 11
33.859649122807824 1
33.87719298245695 7
33.87719298245695 47
33.88596491228151 2
33.92982456140432 11
33.98245614035169 0
34.026315789474495 11
34.0701754385973 16
34.0701754385973 24
34.0701754385973 39
34.12280701754467 9
34.12280701754467 11
34.17543859649204 6
34.21929824561485 11
34.31578947368503 11
34.3684210526324 52
34.38596491228152 23
34.394736842106084 42
34.394736842106084 50
34.41228070175521 11
34.447368421053454 15
34.456140350878016 5
34.508771929825386 11
34.51754385964995 40
34.54385964912363 17
34.57017543859732 44
34.58771929824644 4
34.605263157895564 11
34.62280701754469 30
34.64035087719381 36
34.67543859649206 48
34.68421052631662 7
34.70175438596574 11
34.763157894737674 25
34.79824561403592 11
34.824561403509605 22
34.868421052632414 24
34.8947368421061 11
34.90350877193066 6
34.97368421052715 3
34.99122807017628 11
35.087719298246455 11
35.11403508772014 43
35.14912280701839 27
35.17543859649207 46
35.18421052631663 11
35.236842105264 28
35.28070175438681 11
35.36842105263243 17
35.37719298245699 11
35.4210526315798 1
35.47368421052717 11
35.49122807017629 7
35.570175438597346 11
35.570175438597346 14
35.63157894736928 6
35.63157894736928 38
35.65789473684296 15
35.666666666667524 11
35.666666666667524 24
35.68421052631665 36
35.73684210526402 42
35.73684210526402 47
35.75438596491314 53
35.7631578947377 11
35.771929824562264 44
35.833333333334195 9
35.85964912280788 11
35.95614035087806 11
36.05263157894824 11
36.11403508772017 25
36.149122807018415 11
36.149122807018415 29
36.19298245614122 17
36.24561403508859 11
36.307017543860525 3
36.307017543860525 7
36.315789473685086 37
36.34210526315877 11
36.359649122807895 6
36.421052631579826 41
36.43859649122895 11
36.464912280702634 24
36.53508771929913 11
36.59649122807106 33
36.631578947369306 11
36.71929824561492 4
36.728070175439484 11
36.728070175439484 36
36.789473684211416 32
36.82456140350966 11
36.86842105263247 15
36.86842105263247 16
36.90350877193072 30
36.90350877193072 48
36.92105263157984 11
37.01754385965002 11
37.01754385965002 17
37.052631578948265 49
37.08771929824651 6
37.1140350877202 11
37.12280701754476 7
37.12280701754476 10
37.12280701754476 26
37.19298245614125 42
37.19298245614125 50
37.210526315790375 11
37.21929824561494 57
37.23684210526406 8
37.263157894737745 24
37.30701754386055 11
37.33333333333424 46
37.35087719298336 44
37.377192982457046 2
37.377192982457046 20
37.40350877193073 11
37.43859649122898 34
37.4561403508781 43
37.46491228070266 25
37.50000000000091 11
37.535087719299156 9
37.56140350877284 55
37.59649122807109 11
37.60526315789565 47
37.61403508772021 39
37.640350877193896 3
37.692982456141266 11
37.71052631579039 1
37.77192982456232 36
37.789473684211444 11
37.80701754386057 54
37.81578947368513 6
37.842105263158814 17
37.88596491228162 11
37.92982456140443 7
37.9824561403518 11
38.061403508772855 24
38.07894736842198 11
38.07894736842198 15
38.17543859649216 11
38.17543859649216 27
38.271929824562335 11
38.30701754386058 42
38.36842105263251 11
38.429824561404445 41
38.46491228070269 11
38.46491228070269 56
38.51754385965006 23
38.543859649123746 6
38.56140350877287 11
38.65789473684305 11
38.66666666666761 17
38.68421052631673 29
38.7368421052641 7
38.754385964913226 11
38.81578947368516 25
38.81578947368516 36
38.81578947368516 46
38.850877192983404 4
38.850877192983404 11
38.859649122807966 24
38.903508771930774 48
38.94736842105358 11
38.956140350878144 35
38.97368421052727 3
39.04385964912376 11
39.070175438597445 14
39.14035087719394 11
39.14035087719394 22
39.18421052631675 30
39.23684210526412 9
39.23684210526412 11
39.27192982456236 0
39.27192982456236 6
39.28947368421149 15
39.333333333334295 11
39.34210526315886 12
39.42982456140447 11
39.45614035087816 43
39.46491228070272 47
39.47368421052728 42
39.491228070176405 17
39.52631578947465 11
39.543859649123775 7
39.605263157895706 50
39.62280701754483 11
39.657894736843076 24
39.66666666666764 16
39.71929824561501 11
39.754385964913254 44
39.815789473685186 11
39.859649122807994 36
39.868421052632556 29
39.9035087719308 1
39.912280701755364 11
40.00000000000098 6
40.00877192982554 11
40.10526315789572 11
40.122807017544844 49
40.16666666666765 25
40.2017543859659 11
40.236842105264145 28
40.29824561403608 11
40.30701754386064 3
40.3157894736852 17
40.35087719298345 7
40.394736842106255 11
40.40350877193082 44
40.42105263157994 20
40.45614035087819 24
40.49122807017643 11
40.500000000000995 15
40.58771929824661 11
40.605263157895735 5
40.614035087720296 12
40.68421052631679 11
40.7280701754396 6
40.78070175438697 11
40.824561403509776 27
40.868421052632584 2
40.877192982457146 11
40.90350877193083 36
40.929824561404516 43
40.94736842105364 9
40.973684210527324 10
40.973684210527324 11
40.982456140351886 4
41.01754385965013 39
41.04385964912382 44
41.04385964912382 46
41.0701754385975 11
41.131578947369434 48
41.140350877193995 17
41.15789473684312 7
41.16666666666768 11
41.184210526316804 1
41.2543859649133 24
41.26315789473786 11
41.26315789473786 37
41.32456140350979 47
41.35964912280804 11
41.456140350878215 6
41.456140350878215 11
41.51754385965015 25
41.55263157894839 11
41.64035087719401 3
41.64912280701857 11
41.7105263157905 15
41.7105263157905 38
41.73684210526419 30
41.74561403508875 11
41.771929824562434 55
41.80701754386068 44
41.84210526315893 11
41.938596491229106 11
41.94736842105367 36
41.96491228070279 17
41.97368421052735 7
42.02631578947472 32
42.035087719299284 11
42.05263157894841 24
42.13157894736946 11
42.18421052631683 6
42.201754385965955 1
42.21929824561508 29
42.21929824561508 44
42.22807017543964 11
42.298245614036134 41
42.32456140350982 11
42.42105263158 11
42.464912280702805 16
42.464912280702805 23
42.517543859650175 11
42.570175438597545 14
42.61403508772035 11
42.64035087719404 0
42.65789473684316 9
42.71052631579053 11
42.7631578947379 43
42.77192982456246 12
42.780701754387024 7
42.789473684211586 17
42.789473684211586 42
42.789473684211586 50
42.79824561403615 33
42.80701754386071 11
42.80701754386071 34
42.85087719298352 24
42.86842105263264 25
42.90350877193089 11
42.91228070175545 6
42.92105263158001 15
42.95614035087826 57
42.97368421052738 3
42.991228070176504 36
43.000000000001066 11
43.07017543859756 20
43.096491228071244 11
43.11403508772037 4
43.12280701754493 48
43.19298245614142 11
43.19298245614142 47
43.19298245614142 49
43.201754385965984 52
43.201754385965984 56
43.2894736842116 11
43.38596491228178 11
43.421052631580025 44
43.45614035087827 5
43.45614035087827 22
43.48245614035196 11
43.50000000000108 26
43.578947368422135 11
43.5877192982467 7
43.61403508772038 17
43.64035087719407 6
43.64912280701863 24
43.65789473684319 53
43.67543859649231 11
43.77192982456249 11
43.8157894736853 12
43.86842105263267 11
43.903508771930916 42
43.91228070175548 46
43.96491228070285 11
43.96491228070285 27
44.01754385965022 30
44.02631578947478 54
44.03508771929934 36
44.061403508773026 11
44.13157894736952 15
44.157894736843204 11
44.219298245615136 25
44.24561403508882 1
44.25438596491338 11
44.30701754386075 3
44.35087719298356 11
44.35964912280812 2
44.368421052632684 6
44.368421052632684 9
44.39473684210637 7
44.43859649122918 17
44.44736842105374 11
44.44736842105374 24
44.54385964912392 11
44.640350877194095 11
44.73684210526427 11
44.77192982456252 35
44.807017543860766 5
44.82456140350989 10
44.83333333333445 11
44.859649122808136 12
44.87719298245726 43
44.92982456140463 11
45.017543859650246 42
45.02631578947481 11
45.04385964912393 0
45.061403508773054 47
45.07894736842218 36
45.0964912280713 6
45.122807017544986 11
45.19298245614148 48
45.20175438596604 7
45.20175438596604 50
45.219298245615164 11
45.228070175439726 28
45.24561403508885 4
45.24561403508885 24
45.26315789473797 16
45.26315789473797 17
45.31578947368534 11
45.34210526315903 15
45.41228070175552 11
45.5087719298257 11
45.51754385965026 20
45.51754385965026 41
45.57017543859763 25
45.58771929824675 57
45.60526315789588 11
45.60526315789588 44
45.64035087719412 3
45.701754385966055 11
45.79824561403623 11
45.82456140350992 6
45.89473684210641 11
45.90350877193097 12
45.99122807017659 11
46.00877192982571 7
46.04385964912396 24
46.070175438597644 14
46.078947368422206 9
46.08771929824677 11
46.08771929824677 17
46.122807017545014 36
46.131578947369576 42
46.175438596492384 29
46.184210526316946 11
46.20175438596607 44
46.21052631579063 37
46.25438596491344 49
46.280701754387124 11
46.29824561403625 30
46.35087719298362 1
46.35964912280818 43
46.36842105263274 23
46.3771929824573 11
46.47368421052748 11
46.552631578948535 6
46.552631578948535 15
46.57017543859766 11
46.57894736842222 55
46.66666666666784 11
46.763157894738015 11
46.815789473685385 7
46.815789473685385 38
46.84210526315907 24
46.85964912280819 11
46.91228070175556 17
46.921052631580125 25
46.929824561404686 47
46.93859649122925 44
46.94736842105381 12
46.95614035087837 11
46.973684210527495 3
47.05263157894855 11
47.078947368422234 34
47.078947368422234 34
47.14912280701873 11
47.16666666666785 36
47.17543859649241 48
47.245614035088906 11
47.245614035088906 42
47.28070175438715 6
47.298245614036276 32
47.33333333333452 33
47.342105263159084 11
47.37719298245733 4
47.43859649122926 11
47.49122807017663 27
47.53508771929944 11
47.614035087720495 50
47.63157894736962 7
47.63157894736962 11
47.64035087719418 24
47.7280701754398 11
47.73684210526436 17
47.76315789473804 15
47.771929824562605 22
47.78070175438717 29
47.78947368421173 9
47.824561403509975 11
47.824561403509975 41
47.824561403509975 43
47.85087719298366 2
47.92105263158015 11
47.929824561404715 56
47.938596491229276 44
47.9561403508784 20
47.991228070176646 12
48.00877192982577 6
48.01754385965033 11
48.06140350877314 16
48.11403508772051 11
48.16666666666788 31
48.201754385966126 5
48.21052631579069 11
48.21052631579069 36
48.27192982456262 19
48.27192982456262 25
48.307017543860866 3
48.307017543860866 11
48.359649122808236 42
48.403508771931044 11
48.42105263158017 52
48.43859649122929 24
48.44736842105385 7
48.50000000000122 11
48.517543859650345 1
48.561403508773154 17
48.570175438597715 30
48.5964912280714 11
48.60526315789596 40
48.65789473684333 46
48.675438596492455 10
48.69298245614158 11
48.70175438596614 29
48.728070175439825 0
48.73684210526439 6
48.78947368421176 11
48.79824561403632 47
48.80701754386088 57
48.84210526315913 53
48.885964912281935 11
48.97368421052755 15
48.98245614035211 11
48.991228070176675 44
49.03508771929948 12
49.07894736842229 11
49.149122807018784 48
49.17543859649247 11
49.210526315790716 54
49.2368421052644 24
49.254385964913524 7
49.254385964913524 36
49.263157894738086 26
49.27192982456265 11
49.315789473685456 49
49.368421052632826 11
49.38596491228195 17
49.464912280703004 6
49.464912280703004 11
49.473684210527566 42
49.49122807017669 39
49.50000000000125 9
49.50877192982581 4
49.56140350877318 11
49.570175438597744 14
49.622807017545114 25
49.622807017545114 29
49.64035087719424 3
49.65789473684336 11
49.75438596491354 11
49.75438596491354 35
49.85087719298372 11
49.947368421053895 11
49.98245614035214 46
50.02631578947495 50
50.03508771929951 24
50.04385964912407 11
50.061403508773196 7
50.07894736842232 12
50.14035087719425 11
50.18421052631706 15
50.19298245614162 6
50.210526315790744 17
50.219298245615306 28
50.23684210526443 11
50.23684210526443 23
50.29824561403636 36
50.315789473685484 43
50.33333333333461 11
50.39473684210654 20
50.429824561404786 11
50.526315789474964 11
50.587719298246896 42
50.62280701754514 11
50.65789473684339 47
50.71929824561532 11
50.8157894736855 11
50.83333333333462 24
50.84210526315918 27
50.84210526315918 30
50.85964912280831 16
50.86842105263287 7
50.91228070175568 11
50.92105263158024 6
50.97368421052761 3
50.97368421052761 25
51.008771929825855 11
51.03508771929954 17
51.07894736842235 8
51.10526315789603 11
51.122807017545156 12
51.13157894736972 48
51.1578947368434 37
51.20175438596621 9
51.20175438596621 11
51.29824561403639 11
51.333333333334636 32
51.3421052631592 2
51.3421052631592 36
51.35087719298376 34
51.39473684210657 11
51.39473684210657 15
51.46491228070306 41
51.491228070176746 11
51.587719298246924 1
51.587719298246924 11
51.63157894736973 24
51.640350877194294 4
51.649122807018855 6
51.67543859649254 7
51.6842105263171 11
51.701754385966225 38
51.701754385966225 42
51.77192982456272 33
51.78070175438728 11
51.798245614036404 56
51.83333333333465 44
51.859649122808335 17
51.87719298245746 11
51.90350877193114 43
51.92982456140483 46
51.94736842105395 55
51.97368421052764 11
52.070175438597815 11
52.08771929824694 22
52.15789473684343 0
52.16666666666799 11
52.16666666666799 12
52.26315789473817 11
52.30701754386098 3
52.3245614035101 25
52.35964912280835 11
52.37719298245747 6
52.37719298245747 49
52.385964912282034 36
52.42982456140484 24
52.438596491229404 50
52.45614035087853 11
52.48245614035221 7
52.51754385965046 57
52.52631578947502 10
52.52631578947502 47
52.552631578948706 11
52.57894736842239 53
52.605263157896076 15
52.649122807018884 11
52.68421052631713 17
52.74561403508906 11
52.815789473685555 42
52.82456140351012 20
52.83333333333468 39
52.84210526315924 11
52.90350877193117 9
52.93859649122942 11
53.0350877192996 11
53.07017543859784 14
53.10526315789609 6
53.11403508772065 48
53.12280701754521 30
53.131578947369775 11
53.21052631579083 12
53.22807017543995 11
53.22807017543995 24
53.236842105264515 46
53.289473684211885 7
53.32456140351013 11
53.42105263158031 11
53.42982456140487 36
53.508771929825926 17
53.51754385965049 11
53.614035087720666 11
53.64035087719435 3
53.64035087719435 27
53.657894736843474 16
53.6754385964926 25
53.710526315790844 11
53.771929824562775 4
53.80701754386102 11
53.815789473685584 15
53.83333333333471 6
53.85964912280839 1
53.9035087719312 11
53.99122807017682 19
54.00000000000138 11
54.02631578947506 24
54.09649122807156 7
54.09649122807156 11
54.1315789473698 23
54.18421052631717 44
54.192982456141735 11
54.192982456141735 42
54.254385964913666 12
54.28947368421191 11
54.33333333333472 17
54.38596491228209 11
54.39473684210665 47
54.42105263158034 8
54.47368421052771 36
54.48245614035227 0
54.48245614035227 11
54.561403508773324 6
54.57894736842245 11
54.60526315789613 9
54.675438596492626 11
54.675438596492626 31
54.771929824562804 11
54.824561403510174 24
54.833333333334735 2
54.85087719298386 50
54.86842105263298 11
54.86842105263298 57
54.885964912282105 41
54.90350877193123 7
54.96491228070316 11
54.97368421052772 3
55.02631578947509 15
55.02631578947509 25
55.06140350877334 11
55.0701754385979 46
55.0701754385979 52
55.096491228071585 48
55.14035087719439 5
55.15789473684352 11
55.15789473684352 17
55.17543859649264 26
55.19298245614176 44
55.201754385966325 28
55.23684210526457 35
55.254385964913695 11
55.254385964913695 20
55.28947368421194 6
55.2982456140365 12
55.307017543861065 42
55.35087719298387 11
55.368421052632996 32
55.37719298245756 40
55.39473684210668 30
55.43859649122949 49
55.44736842105405 11
55.517543859650544 36
55.54385964912423 11
55.622807017545284 24
55.622807017545284 34
55.631578947369846 44
55.64035087719441 11
55.64912280701897 5
55.684210526317216 56
55.70175438596634 39
55.7105263157909 7
55.736842105264586 11
55.789473684211956 43
55.833333333334764 11
55.85964912280845 54
55.90350877193126 4
55.92982456140494 11
55.98245614035231 17
56.01754385965056 6
56.02631578947512 11
56.052631578948805 1
56.105263157896175 37
56.1228070175453 11
56.17543859649267 27
56.210526315790915 33
56.21929824561548 11
56.2368421052646 15
56.25438596491372 47
56.28947368421197 55
56.30701754386109 3
56.30701754386109 9
56.315789473685655 11
56.34210526315934 12
56.368421052633025 44
56.377192982457586 10
56.377192982457586 25
56.40350877193127 22
56.41228070175583 11
56.421052631580395 24
56.421052631580395 42
56.45614035087864 16
56.50000000000145 53
56.50877192982601 11
56.51754385965057 7
56.51754385965057 46
56.56140350877338 36
56.57017543859794 14
56.60526315789619 11
56.70175438596637 11
56.745614035089176 6
56.798245614036546 11
56.80701754386111 17
56.894736842106724 11
56.9912280701769 0
56.9912280701769 11
57.07017543859796 48
57.08771929824708 11
57.18421052631726 11
57.19298245614182 38
57.219298245615505 24
57.26315789473831 50
57.28070175438744 11
57.289473684212 44
57.324561403510245 7
57.377192982457615 11
57.385964912282176 12
57.44736842105411 15
57.47368421052779 6
57.47368421052779 11
57.57017543859797 11
57.60526315789622 1
57.60526315789622 36
57.6315789473699 17
57.640350877194464 3
57.66666666666815 11
57.66666666666815 30
57.68421052631727 20
57.72807017544008 25
57.76315789473833 11
57.78070175438745 42
57.78070175438745 57
57.859649122808506 11
57.956140350878684 11
57.99122807017693 23
58.008771929826054 46
58.017543859650615 9
58.017543859650615 24
58.02631578947518 44
58.03508771929974 4
58.05263157894886 11
58.122807017545355 47
58.13157894736992 7
58.14912280701904 11
58.20175438596641 6
58.20175438596641 29
58.20175438596641 41
58.24561403508922 11
58.32456140351027 2
58.333333333334835 39
58.3421052631594 11
58.41228070175589 44
58.42982456140501 12
58.438596491229575 11
58.4561403508787 17
58.500000000001506 49
58.53508771929975 11
58.53508771929975 43
58.63157894736993 11
58.649122807019054 36
58.657894736843616 15
58.72807017544011 11
58.815789473685726 24
58.82456140351029 11
58.89473684210678 42
58.89473684210678 52
58.921052631580466 11
58.92982456140503 6
58.93859649122959 7
58.973684210527836 3
59.017543859650644 11
59.04385964912433 48
59.078947368422575 25
59.11403508772082 11
59.210526315791 11
59.25438596491381 16
59.28070175438749 1
59.28070175438749 17
59.30701754386118 11
59.33333333333486 31
59.342105263159425 27
59.40350877193136 11
59.40350877193136 32
59.47368421052785 12
59.500000000001535 11
59.59649122807171 11
59.614035087720836 24
59.657894736843645 6
59.67543859649277 50
59.69298245614189 11
59.69298245614189 36
59.72807017544014 9
59.75438596491382 7
59.78947368421207 11
59.824561403510316 55
59.84210526315944 44
59.868421052633124 15
59.88596491228225 11
59.89473684210681 34
59.93859649122962 30
59.982456140352426 11
59.99122807017699 47
