0.02631578947368421 8
0.02631578947368421 29
0.07017543859649122 10
0.09649122807017543 43
0.09649122807017543 57
0.14035087719298245 58
0.17543859649122806 50
0.19298245614035087 48
0.21052631578947367 12
0.21929824561403508 42
0.23684210526315788 7
0.2543859649122807 40
0.26315789473684215 13
0.26315789473684215 39
0.26315789473684215 47
0.280701754385965 41
0.3070175438596493 22
0.31578947368421073 18
0.3333333333333336 32
0.342105263157895 28
0.35087719298245645 15
0.3596491228070179 20
0.3596491228070179 59
0.4473684210526322 45
0.46491228070175505 37
0.4736842105263165 18
0.4736842105263165 36
0.5263157894736851 1
0.5350877192982465 25
0.5789473684210537 24
0.5877192982456151 16
0.6140350877192994 30
0.6929824561403523 27
0.7105263157894751 11
0.7543859649122823 31
0.850877192982458 0
0.8596491228070194 4
0.912280701754388 54
0.9210526315789495 38
0.9824561403508795 34
1.035087719298248 7
1.078947368421055 11
1.1140350877193008 26
1.1929824561403537 23
1.2982456140350909 46
1.4122807017543895 55
1.4473684210526352 24
1.4473684210526352 36
1.464912280701758 2
1.464912280701758 3
1.5087719298245652 18
1.526315789473688 43
1.5526315789473724 11
1.6754385964912324 15
1.6754385964912324 29
1.7017543859649167 42
1.7543859649122853 44
1.8333333333333381 7
2.078947368421056 47
2.271929824561403 12
2.271929824561403 56
2.315789473684209 24
2.4210526315789433 36
2.5087719298245554 5
2.526315789473678 41
2.5614035087719227 50
2.6052631578947287 25
2.6315789473684124 7
2.6842105263157796 8
2.7982456140350753 3
2.7982456140350753 29
2.83333333333332 11
2.877192982456126 57
2.912280701754371 30
2.912280701754371 44
2.9385964912280547 4
2.991228070175422 15
3.12280701754384 18
3.1315789473684013 48
3.1842105263157685 24
3.2368421052631358 59
3.280701754385942 11
3.298245614035064 18
3.3947368421052375 36
3.4298245614034824 7
3.4298245614034824 16
3.4824561403508496 18
3.6403508771929514 1
3.657894736842074 44
3.70175438596488 20
3.912280701754349 47
3.956140350877155 10
4.052631578947331 24
4.070175438596454 53
4.131578947368386 3
4.219298245614002 59
4.228070175438564 7
4.245614035087687 11
4.245614035087687 43
4.2631578947368105 12
4.271929824561372 27
4.307017543859619 15
4.36842105263155 36
4.412280701754359 18
4.42105263157892 25
4.438596491228044 45
4.447368421052605 40
4.587719298245592 22
4.605263157894715 58
4.675438596491208 0
4.675438596491208 5
4.754385964912263 29
4.815789473684195 14
4.815789473684195 55
4.833333333333318 6
4.885964912280688 50
4.912280701754373 32
4.9210526315789345 24
4.964912280701743 18
4.999999999999989 2
5.026315789473674 1
5.026315789473674 7
5.043859649122798 13
5.0964912280701675 31
5.210526315789469 41
5.219298245614031 30
5.280701754385962 5
5.2982456140350855 4
5.342105263157894 34
5.342105263157894 36
5.385964912280702 28
5.403508771929825 8
5.438596491228072 37
5.464912280701757 3
5.561403508771935 6
5.622807017543867 15
5.666666666666675 44
5.789473684210538 24
5.815789473684223 7
5.938596491228086 25
5.9561403508772095 23
6.008771929824579 48
6.052631578947388 59
6.061403508771949 47
6.114035087719319 38
6.1578947368421275 39
6.271929824561429 16
6.289473684210552 6
6.307017543859676 18
6.307017543859676 54
6.315789473684237 36
6.403508771929854 11
6.605263157894772 7
6.64912280701758 46
6.657894736842142 24
6.7894736842105665 44
6.798245614035128 3
6.85964912280706 29
6.885964912280745 27
6.929824561403553 15
7.0175438596491695 6
7.070175438596539 26
7.114035087719348 42
7.289473684210581 20
7.289473684210581 36
7.298245614035142 57
7.394736842105321 7
7.491228070175499 4
7.508771929824622 25
7.517543859649184 30
7.526315789473745 24
7.6491228070176085 53
7.684210526315855 43
7.728070175438663 50
7.745614035087787 6
7.81578947368428 45
7.885964912280773 47
7.97368421052639 10
8.061403508772006 44
8.1315789473685 3
8.166666666666746 18
8.192982456140431 7
8.201754385964993 12
8.219298245614116 48
8.23684210526324 15
8.263157894736924 36
8.368421052631664 46
8.394736842105349 24
8.429824561403596 14
8.438596491228157 0
8.473684210526404 6
8.50877192982465 58
8.535087719298335 2
8.552631578947459 31
8.710526315789568 59
8.807017543859747 5
8.833333333333432 22
8.973684210526418 32
8.98245614035098 7
9.017543859649226 5
9.114035087719405 16
9.122807017543966 43
9.14035087719309 1
9.19298245614046 42
9.201754385965021 6
9.236842105263268 36
9.263157894736953 24
9.289473684210638 8
9.289473684210638 18
9.368421052631692 40
9.4122807017545 56
9.46491228070187 3
9.482456140350994 11
9.543859649122926 15
9.57017543859661 4
9.614035087719419 55
9.67543859649135 27
9.710526315789597 47
9.719298245614159 13
9.72807017543872 46
9.72807017543872 59
9.763157894736967 11
9.771929824561528 7
9.789473684210652 25
9.807017543859775 30
9.929824561403638 6
9.929824561403638 20
9.947368421052762 23
10.131578947368556 24
10.131578947368556 29
10.20175438596505 44
10.210526315789611 36
10.219298245614173 48
10.25438596491242 11
10.350877192982598 34
10.41228070175453 37
10.42105263157909 28
10.429824561403652 57
10.464912280701899 39
10.491228070175584 11
10.561403508772077 7
10.657894736842255 6
10.675438596491379 50
10.763157894736995 44
10.798245614035242 3
10.824561403508927 0
10.850877192982612 15
10.89473684210542 54
10.929824561403667 42
11.00000000000016 24
11.078947368421215 41
11.140350877193146 43
11.184210526315955 36
11.219298245614201 29
11.26315789473701 5
11.350877192982626 7
11.385964912280873 6
11.491228070175612 46
11.517543859649297 1
11.517543859649297 11
11.526315789473859 47
11.570175438596667 38
11.649122807017722 4
11.868421052631764 24
11.929824561403695 11
11.95614035087738 16
11.982456140351065 31
12.000000000000188 14
12.070175438596682 2
12.087719298245805 30
12.105263157894928 8
12.11403508771949 6
12.131578947368613 3
12.140350877193175 7
12.157894736842298 15
12.157894736842298 36
12.184210526315983 11
12.21929824561423 27
12.298245614035284 10
12.385964912280901 25
12.54385964912301 44
12.54385964912301 59
12.552631578947572 53
12.70175438596512 11
12.736842105263367 1
12.736842105263367 24
12.745614035087929 20
12.842105263158107 6
12.921052631579162 29
12.929824561403723 7
12.947368421052847 48
13.052631578947587 42
13.078947368421272 22
13.131578947368642 36
13.166666666666888 45
13.350877192982683 47
13.464912280701984 3
13.464912280701984 15
13.570175438596724 6
13.60526315789497 24
13.60526315789497 40
13.622807017544094 0
13.649122807017779 18
13.675438596491464 11
13.719298245614272 7
13.719298245614272 58
13.728070175438834 4
13.745614035087957 18
13.771929824561642 46
13.789473684210765 12
13.859649122807259 23
13.877192982456382 41
13.894736842105505 11
13.97368421052656 18
14.000000000000245 59
14.096491228070423 11
14.105263157894985 36
14.166666666666917 44
14.263157894737095 43
14.298245614035341 6
14.298245614035341 11
14.298245614035341 11
14.368421052631835 30
14.473684210526574 24
14.482456140351136 57
14.491228070175698 11
14.50000000000026 1
14.508771929824821 7
14.570175438596753 55
14.596491228070438 18
14.657894736842369 8
14.66666666666693 5
14.684210526316054 11
14.684210526316054 42
14.736842105263424 25
14.77192982456167 15
14.798245614035356 3
14.798245614035356 16
14.815789473684479 32
14.842105263158164 44
14.87719298245641 11
14.903508771930095 50
15.026315789473959 6
15.078947368421328 11
15.078947368421328 36
15.149122807017822 5
15.175438596491507 34
15.210526315789753 20
15.219298245614315 12
15.245614035088 54
15.271929824561685 11
15.289473684210808 47
15.29824561403537 7
15.324561403509055 18
15.342105263158178 24
15.359649122807301 59
15.385964912280986 37
15.421052631579233 48
15.464912280702041 11
15.473684210526603 28
15.56140350877222 14
15.578947368421343 26
15.605263157895028 2
15.657894736842398 11
15.692982456140644 1
15.754385964912576 6
15.807017543859946 4
15.850877192982754 11
15.850877192982754 46
15.947368421052932 13
16.04385964912311 11
16.052631578947672 0
16.052631578947672 18
16.052631578947672 36
16.078947368421357 15
16.08771929824592 7
16.131578947368727 3
16.21052631578978 24
16.236842105263467 11
16.236842105263467 41
16.25438596491259 31
16.333333333333645 12
16.350877192982768 39
16.429824561403823 11
16.447368421052946 43
16.482456140351193 6
16.51754385964944 56
16.596491228070494 29
16.62280701754418 11
16.666666666666988 30
16.754385964912604 59
16.815789473684536 11
16.877192982456467 7
16.912280701754714 45
17.008771929824892 11
17.026315789474015 36
17.035087719298577 25
17.078947368421385 24
17.10526315789507 47
17.20175438596525 11
17.21052631578981 6
17.26315789473718 58
17.32456140350911 22
17.359649122807358 46
17.385964912281043 15
17.394736842105605 11
17.447368421052975 12
17.464912280702098 3
17.552631578947715 48
17.570175438596838 20
17.58771929824596 11
17.614035087719646 18
17.64035087719333 16
17.64035087719333 50
17.666666666667016 7
17.701754385965263 8
17.74561403508807 23
17.780701754386318 11
17.877192982456496 29
17.885964912281057 4
17.89473684210562 27
17.921052631579304 55
17.938596491228427 6
17.94736842105299 24
17.973684210526674 11
18.00000000000036 36
18.05263157894773 5
18.087719298245975 1
18.16666666666703 11
18.28070175438633 43
18.359649122807387 11
18.456140350877565 7
18.552631578947743 11
18.552631578947743 42
18.561403508772305 12
18.578947368421428 40
18.666666666667044 6
18.69298245614073 15
18.7456140350881 11
18.79824561403547 3
18.815789473684593 24
18.921052631579332 47
18.938596491228456 11
18.95614035087758 30
18.96491228070214 25
18.973684210526702 36
18.973684210526702 44
19.043859649123196 0
19.06140350877232 1
19.06140350877232 41
19.096491228070565 46
19.12280701754425 14
19.131578947368812 11
19.140350877193374 2
19.149122807017935 18
19.245614035088114 7
19.307017543860045 59
19.32456140350917 11
19.37719298245654 18
19.39473684210566 6
19.517543859649525 11
19.561403508772333 48
19.640350877193388 44
19.675438596491635 12
19.684210526316196 24
19.70175438596532 29
19.71052631578988 11
19.771929824561813 53
19.789473684210936 54
19.798245614035498 5
19.798245614035498 43
19.903508771930237 11
19.9122807017548 8
19.9122807017548 20
19.947368421053046 36
19.96491228070217 4
20.000000000000416 15
20.035087719298662 7
20.043859649123224 26
20.096491228070594 11
20.114035087719717 38
20.12280701754428 6
20.13157894736884 3
20.166666666667087 32
20.254385964912704 50
20.28947368421095 11
20.350877192982882 5
20.359649122807443 37
20.482456140351307 11
20.482456140351307 16
20.50877192982499 13
20.50877192982499 28
20.5526315789478 24
20.61403508771973 44
20.675438596491663 11
20.736842105263595 47
20.789473684210964 12
20.82456140350921 7
20.850877192982896 6
20.86842105263202 11
20.92105263157939 36
21.061403508772376 11
21.096491228070622 39
21.24561403508817 30
21.254385964912732 11
21.254385964912732 59
21.307017543860102 15
21.385964912281157 55
21.421052631579403 24
21.421052631579403 34
21.44736842105309 11
21.46491228070221 3
21.473684210526773 41
21.552631578947828 48
21.56140350877239 22
21.57017543859695 1
21.578947368421513 6
21.605263157895198 46
21.61403508771976 7
21.640350877193445 11
21.66666666666713 27
21.745614035088185 23
21.754385964912746 58
21.8333333333338 11
21.842105263158363 31
21.842105263158363 42
21.894736842105733 36
21.894736842105733 44
21.903508771930294 12
21.921052631579418 56
22.026315789474157 11
22.03508771929872 25
22.04385964912328 4
22.122807017544336 10
22.131578947368897 0
22.14035087719346 57
22.157894736842582 43
22.219298245614514 5
22.219298245614514 11
22.2456140350882 20
22.289473684211007 24
22.30701754386013 6
22.3596491228075 18
22.3596491228075 59
22.40350877193031 7
22.41228070175487 11
22.447368421053117 8
22.535087719298733 18
22.552631578947857 47
22.605263157895227 11
22.614035087719788 15
22.657894736842596 29
22.67543859649172 2
22.68421052631628 14
22.78947368421102 18
22.798245614035583 3
22.798245614035583 11
22.868421052632076 36
22.912280701754884 49
22.912280701754884 50
22.973684210526816 45
22.99122807017594 11
23.017543859649624 12
23.026315789474186 5
23.035087719298748 6
23.035087719298748 44
23.15789473684261 24
23.184210526316296 11
23.192982456140857 7
23.236842105263666 5
23.324561403509282 16
23.377192982456652 11
23.4122807017549 5
23.46491228070227 53
23.51754385964964 30
23.552631578947885 48
23.57017543859701 11
23.649122807018063 39
23.69298245614087 41
23.763157894737365 6
23.763157894737365 11
23.763157894737365 40
23.807017543860173 59
23.84210526315842 36
23.885964912281228 29
23.89473684210579 46
23.921052631579474 15
23.95614035087772 11
23.982456140351406 7
24.026315789474214 24
24.122807017544392 4
24.131578947368954 3
24.131578947368954 12
24.149122807018077 11
24.32456140350931 43
24.342105263158434 11
24.36842105263212 47
24.394736842105804 1
24.412280701754927 25
24.456140350877735 42
24.491228070175982 6
24.53508771929879 11
24.58771929824616 20
24.59649122807072 27
24.614035087719845 8
24.70175438596546 54
24.719298245614585 57
24.728070175439147 11
24.771929824561955 7
24.815789473684763 36
24.894736842105818 24
24.921052631579503 11
25.000000000000558 32
25.01754385964968 18
25.11403508771986 11
25.2192982456146 6
25.22807017543916 15
25.22807017543916 50
25.245614035088284 12
25.307017543860216 11
25.3333333333339 37
25.394736842105832 44
25.464912280702325 3
25.49122807017601 31
25.500000000000572 11
25.54385964912338 28
25.54385964912338 48
25.561403508772504 7
25.622807017544435 18
25.622807017544435 23
25.64035087719356 29
25.69298245614093 11
25.76315789473742 24
25.780701754386545 18
25.789473684211107 36
25.80701754386023 22
25.80701754386023 30
25.877192982456723 44
25.885964912281285 0
25.885964912281285 5
25.885964912281285 11
25.947368421053216 6
25.947368421053216 41
25.991228070176025 25
26.052631578947956 18
26.07894736842164 11
26.096491228070764 55
26.140350877193573 43
26.166666666667258 16
26.166666666667258 18
26.18421052631638 47
26.201754385965504 4
26.210526315790066 2
26.23684210526375 14
26.271929824561997 11
26.350877192983052 7
26.359649122807614 12
26.412280701754984 13
26.43859649122867 34
26.464912280702354 11
26.526315789474285 5
26.535087719298847 15
26.631578947369025 24
26.65789473684271 11
26.65789473684271 42
26.675438596491833 6
26.76315789473745 36
26.798245614035697 3
26.80701754386026 46
26.850877192983067 11
26.92105263157956 20
26.947368421053245 58
26.97368421052693 59
26.991228070176053 18
27.043859649123423 11
27.061403508772546 5
27.07894736842167 45
27.1403508771936 1
27.1403508771936 7
27.23684210526378 11
27.28947368421115 38
27.35087719298308 8
27.377192982456766 25
27.40350877193045 6
27.429824561404136 11
27.473684210526944 12
27.50000000000063 24
27.517543859649752 48
27.570175438597122 43
27.622807017544492 11
27.631578947369054 56
27.640350877193615 50
27.6666666666673 49
27.736842105263793 36
27.754385964912917 57
27.81578947368485 11
27.842105263158533 15
27.842105263158533 27
27.92982456140415 7
27.99122807017608 26
28.000000000000643 47
28.008771929825205 11
28.078947368421698 30
28.131578947369068 3
28.131578947369068 6
28.131578947369068 41
28.20175438596556 11
28.280701754386616 4
28.342105263158548 42
28.368421052632232 24
28.394736842105917 11
28.447368421053287 0
28.587719298246274 11
28.587719298246274 12
28.649122807018205 39
28.710526315790137 36
28.7192982456147 7
28.754385964912945 29
28.78070175438663 11
28.859649122807685 6
28.921052631579617 1
28.973684210526987 11
28.99122807017611 40
29.008771929825233 16
29.026315789474356 25
29.14912280701822 15
29.166666666667343 11
29.236842105263836 24
29.245614035088398 54
29.25438596491296 20
29.26315789473752 32
29.3596491228077 11
29.394736842105946 46
29.42105263157963 53
29.46491228070244 3
29.491228070176124 23
29.491228070176124 48
29.508771929825247 7
29.552631578948056 11
29.587719298246302 6
29.62280701754455 5
29.649122807018234 44
29.68421052631648 36
29.701754385965604 12
29.745614035088412 2
29.745614035088412 11
29.78947368421122 14
29.815789473684905 47
29.859649122807713 8
29.877192982456837 18
29.93859649122877 11
29.95614035087789 50
30.00877192982526 5
30.043859649123508 22
30.087719298246316 10
30.096491228070878 1
30.10526315789544 24
30.10526315789544 55
30.131578947369125 11
30.26315789473755 42
30.27192982456211 43
30.280701754386673 31
30.298245614035796 7
30.298245614035796 27
30.307017543860358 18
30.307017543860358 37
30.31578947368492 6
30.31578947368492 58
30.32456140350948 11
30.350877192983166 30
30.359649122807728 4
30.456140350877906 15
30.517543859649837 11
30.57894736842177 28
30.6403508771937 57
30.657894736842824 36
30.710526315790194 0
30.710526315790194 11
30.771929824562125 44
30.79824561403581 3
30.815789473684934 12
30.84210526315862 25
30.90350877193055 11
30.96491228070248 29
30.973684210527043 24
31.043859649123537 6
31.087719298246345 7
31.087719298246345 39
31.096491228070906 11
31.131578947369153 1
31.140350877193715 13
31.140350877193715 46
31.236842105263893 59
31.27192982456214 5
31.289473684211263 11
31.342105263158633 41
31.456140350877934 42
31.456140350877934 48
31.48245614035162 11
31.570175438597236 18
31.578947368421797 34
31.58771929824636 20
31.614035087720044 5
31.622807017544606 47
31.631578947369167 36
31.675438596491976 11
31.736842105263907 18
31.763157894737592 15
31.771929824562154 6
31.780701754386715 45
31.815789473684962 43
31.842105263158647 24
31.85087719298321 16
31.868421052632332 11
31.877192982456894 7
31.929824561404264 12
32.061403508772685 11
32.114035087720055 18
32.13157894736918 3
32.20175438596567 8
32.23684210526392 25
32.25438596491304 11
32.271929824562164 50
32.385964912281466 38
32.438596491228836 4
32.4473684210534 1
32.4473684210534 11
32.50000000000077 6
32.51754385964989 46
32.52631578947445 29
32.60526315789551 36
32.62280701754463 30
32.640350877193754 11
32.66666666666744 7
32.71052631579025 24
32.82456140350955 42
32.83333333333411 11
33.02631578947447 11
33.04385964912359 12
33.070175438597275 15
33.14035087719377 44
33.21929824561482 11
33.228070175439385 6
33.280701754386754 2
33.342105263158686 14
33.35087719298325 53
33.35964912280781 23
33.41228070175518 11
33.438596491228864 1
33.438596491228864 47
33.45614035087799 7
33.46491228070255 3
33.491228070176234 48
33.52631578947448 54
33.552631578948166 41
33.57017543859729 57
33.57894736842185 5
33.57894736842185 24
33.57894736842185 36
33.596491228070974 32
33.605263157895536 11
33.7280701754394 29
33.79824561403589 11
33.83333333333414 59
33.868421052632385 5
33.91228070175519 58
33.921052631579755 20
33.921052631579755 20
33.956140350878 6
33.973684210527125 25
33.973684210527125 44
33.99122807017625 11
34.00000000000081 18
34.00000000000081 31
34.05263157894818 27
34.11403508772011 40
34.1403508771938 56
34.15789473684292 12
34.16666666666748 0
34.184210526316605 11
34.184210526316605 49
34.245614035088536 7
34.26315789473766 42
34.28070175438678 22
34.32456140350959 5
34.35964912280784 46
34.37719298245696 11
34.37719298245696 15
34.447368421053454 24
34.4824561403517 43
34.51754385964995 4
34.552631578948194 36
34.57017543859732 11
34.58771929824644 50
34.68421052631662 6
34.69298245614118 16
34.763157894737674 11
34.79824561403592 3
34.84210526315873 59
34.8947368421061 30
34.90350877193066 44
34.95614035087803 8
34.95614035087803 11
35.035087719299085 7
35.14912280701839 11
35.21052631579032 55
35.254385964913126 47
35.27192982456225 12
35.28070175438681 37
35.31578947368506 24
35.32456140350962 26
35.33333333333418 44
35.34210526315874 11
35.37719298245699 29
35.412280701755236 6
35.43859649122892 48
35.52631578947454 36
35.5350877192991 11
35.60526315789559 46
35.614035087720154 28
35.6491228070184 18
35.68421052631665 1
35.68421052631665 15
35.728070175439456 11
35.81578947368507 42
35.824561403509634 7
35.89473684210613 44
35.92105263157981 11
35.92105263157981 13
36.11403508772017 11
36.11403508772017 45
36.13157894736929 3
36.14035087719385 6
36.14035087719385 34
36.18421052631666 24
36.18421052631666 41
36.254385964913155 20
36.307017543860525 11
36.33333333333421 43
36.34210526315877 18
36.38596491228158 12
36.4035087719307 0
36.50000000000088 11
36.50000000000088 36
36.59649122807106 4
36.61403508772018 7
36.69298245614124 11
36.71052631579036 27
36.74561403508861 59
36.76315789473773 18
36.8157894736851 2
36.842105263158786 5
36.86842105263247 6
36.885964912281594 11
36.894736842106155 14
36.90350877193072 50
36.9298245614044 42
36.95614035087809 1
36.991228070176334 15
37.052631578948265 24
37.07017543859739 47
37.07894736842195 11
37.16666666666757 30
37.2280701754395 23
37.27192982456231 11
37.28070175438687 58
37.38596491228161 48
37.38596491228161 49
37.40350877193073 7
37.46491228070266 3
37.46491228070266 11
37.473684210527225 36
37.50000000000091 12
37.535087719299156 16
37.54385964912372 8
37.59649122807109 6
37.65789473684302 11
37.71929824561495 29
37.71929824561495 59
37.736842105264074 44
37.798245614036006 57
37.850877192983376 11
37.92105263157987 24
37.92982456140443 56
38.04385964912373 11
38.061403508772855 1
38.12280701754479 39
38.19298245614128 7
38.2105263157904 53
38.23684210526409 11
38.29824561403602 15
38.324561403509705 6
38.34210526315883 54
38.41228070175532 5
38.429824561404445 11
38.438596491229006 44
38.44736842105357 36
38.51754385965006 22
38.587719298246554 20
38.61403508772024 12
38.6228070175448 11
38.6228070175448 11
38.67543859649217 4
38.7368421052641 18
38.745614035088664 31
38.78070175438691 25
38.78947368421147 24
38.798245614036034 3
38.81578947368516 11
38.82456140350972 32
38.850877192983404 43
38.88596491228165 47
38.98245614035183 7
39.008771929825514 11
39.05263157894832 6
39.07894736842201 44
39.16666666666762 46
39.18421052631675 1
39.19298245614131 40
39.20175438596587 11
39.21929824561499 50
39.24561403508868 41
39.24561403508868 42
39.280701754386925 45
39.28947368421149 27
39.34210526315886 48
39.36842105263254 5
39.39473684210623 11
39.42105263157991 36
39.447368421053596 30
39.45614035087816 5
39.57894736842202 10
39.58771929824658 11
39.605263157895706 15
39.657894736843076 24
39.710526315790446 29
39.72807017543957 12
39.77192982456238 18
39.78070175438694 6
39.78070175438694 7
39.78070175438694 11
39.859649122807994 26
39.89473684210624 5
39.973684210527296 11
40.070175438597474 59
40.122807017544844 8
40.131578947369405 3
40.16666666666765 11
40.25438596491327 37
40.35087719298345 2
40.35964912280801 11
40.37719298245713 16
40.394736842106255 36
40.447368421053625 14
40.48245614035187 38
40.508771929825556 6
40.52631578947468 24
40.552631578948365 11
40.561403508772926 18
40.57017543859749 7
40.58771929824661 49
40.64035087719398 58
40.64912280701854 13
40.64912280701854 28
40.70175438596591 47
40.74561403508872 11
40.75438596491328 4
40.75438596491328 46
40.8421052631589 12
40.8421052631589 18
40.877192982457146 1
40.88596491228171 39
40.91228070175539 15
40.921052631579954 20
40.93859649122908 11
41.09649122807119 23
41.131578947369434 11
41.16666666666768 5
41.184210526316804 44
41.192982456141365 43
41.236842105264174 6
41.298245614036105 48
41.32456140350979 11
41.35964912280804 7
41.3684210526326 36
41.39473684210628 24
41.46491228070278 3
41.46491228070278 18
41.51754385965015 11
41.65789473684313 18
41.7105263157905 11
41.719298245615065 30
41.73684210526419 25
41.74561403508875 41
41.90350877193086 11
41.91228070175542 1
41.92105263157998 44
41.95614035087823 12
41.96491228070279 6
42.0087719298256 50
42.096491228071216 11
42.149122807018585 7
42.21929824561508 15
42.245614035088764 57
42.26315789473789 24
42.27192982456245 34
42.28070175438701 42
42.28947368421157 11
42.298245614036134 8
42.34210526315894 36
42.36842105263263 5
42.48245614035193 11
42.517543859650175 47
42.631578947369476 0
42.675438596492285 11
42.69298245614141 6
42.69298245614141 59
42.74561403508878 54
42.75438596491334 22
42.79824561403615 3
42.833333333334394 4
42.86842105263264 11
42.86842105263264 53
42.938596491229134 7
43.000000000001066 27
43.02631578947475 18
43.03508771929931 5
43.061403508773 11
43.07017543859756 12
43.07894736842212 29
43.11403508772037 55
43.13157894736949 24
43.21929824561511 16
43.24561403508879 48
43.254385964913354 11
43.254385964913354 20
43.315789473685285 36
43.34210526315897 45
43.39473684210634 44
43.421052631580025 6
43.44736842105371 11
43.526315789474765 15
43.53508771929933 46
43.631578947369505 43
43.64035087719407 11
43.67543859649231 42
43.72807017543968 7
43.76315789473793 40
43.80701754386074 41
43.80701754386074 49
43.83333333333442 11
43.850877192983546 18
43.88596491228179 2
44.000000000001094 14
44.000000000001094 24
44.000000000001094 30
44.02631578947478 11
44.02631578947478 58
44.03508771929934 5
44.08771929824671 32
44.13157894736952 3
44.14912280701864 6
44.18421052631689 12
44.219298245615136 11
44.28947368421163 36
44.324561403509875 50
44.33333333333444 47
44.41228070175549 11
44.50000000000111 26
44.51754385965023 7
44.60526315789585 11
44.73684210526427 18
44.78947368421164 42
44.798245614036205 11
44.82456140350989 39
44.83333333333445 15
44.8684210526327 24
44.87719298245726 6
44.912280701755506 4
44.964912280702876 8
44.99122807017656 11
45.00000000000112 23
45.04385964912393 5
45.070175438597616 1
45.0964912280713 18
45.18421052631692 11
45.19298245614148 48
45.228070175439726 37
45.26315789473797 36
45.271929824562534 5
45.28947368421166 18
45.29824561403622 12
45.30701754386078 7
45.377192982457274 11
45.46491228070289 3
45.57017543859763 11
45.58771929824675 20
45.60526315789588 6
45.649122807018685 25
45.68421052631693 57
45.69298245614149 28
45.7368421052643 24
45.76315789473799 11
45.87719298245729 38
45.93859649122922 27
45.95614035087834 11
46.00000000000115 59
46.06140350877308 16
46.070175438597644 29
46.070175438597644 44
46.09649122807133 7
46.11403508772045 13
46.14035087719414 15
46.1491228070187 11
46.1491228070187 47
46.184210526316946 31
46.236842105264316 36
46.27192982456256 30
46.29824561403625 55
46.333333333334494 6
46.342105263159056 11
46.35087719298362 42
46.41228070175555 12
46.42105263158011 1
46.500000000001165 5
46.53508771929941 11
46.543859649123974 56
46.5614035087731 44
46.57017543859766 43
46.58771929824678 5
46.59649122807134 41
46.605263157895905 24
46.64035087719415 50
46.69298245614152 45
46.710526315790645 0
46.71929824561521 10
46.72807017543977 11
46.79824561403626 3
46.88596491228188 7
46.921052631580125 11
46.99122807017662 4
46.99122807017662 22
47.00000000000118 46
47.00877192982574 49
47.0175438596503 25
47.06140350877311 6
47.11403508772048 11
47.140350877194166 48
47.14912280701873 53
47.21052631579066 36
47.245614035088906 54
47.26315789473803 29
47.289473684211714 58
47.30701754386084 11
47.42105263158014 2
47.447368421053824 15
47.46491228070295 42
47.47368421052751 24
47.500000000001194 11
47.52631578947488 12
47.552631578948564 14
47.614035087720495 18
47.64912280701874 5
47.67543859649243 7
47.69298245614155 11
47.71052631579067 34
47.78947368421173 6
47.885964912281906 11
47.92105263158015 20
47.96491228070296 47
48.07894736842226 11
48.13157894736963 3
48.17543859649244 44
48.184210526317 36
48.23684210526437 1
48.27192982456262 11
48.34210526315911 24
48.464912280702976 7
48.464912280702976 11
48.517543859650345 6
48.54385964912403 30
48.57894736842228 42
48.64035087719421 12
48.64035087719421 32
48.65789473684333 11
48.75438596491351 15
48.80701754386088 43
48.85087719298369 11
48.85964912280825 25
48.86842105263281 23
48.90350877193106 16
48.95614035087843 50
48.96491228070299 5
49.043859649124045 11
49.07017543859773 4
49.096491228071415 48
49.13157894736966 41
49.157894736843346 36
49.210526315790716 24
49.22807017543984 0
49.2368421052644 11
49.24561403508896 6
49.254385964913524 7
49.254385964913524 40
49.315789473685456 5
49.42982456140476 11
49.464912280703004 3
49.622807017545114 11
49.64035087719424 31
49.684210526317045 27
49.69298245614161 42
49.75438596491354 12
49.78070175438722 47
49.79824561403635 46
49.81578947368547 11
49.88596491228196 45
49.91228070175565 26
49.97368421052758 6
50.008771929825826 11
50.04385964912407 7
50.061403508773196 15
50.07894736842232 24
50.105263157896005 5
50.12280701754513 59
50.13157894736969 36
50.18421052631706 8
50.20175438596618 11
50.20175438596618 37
50.210526315790744 18
50.210526315790744 49
50.25438596491355 20
50.263157894738114 29
50.38596491228198 25
50.39473684210654 11
50.587719298246896 11
50.631578947369704 1
50.640350877194265 55
50.7017543859662 6
50.71052631579076 57
50.72807017543988 28
50.78070175438725 11
50.798245614036375 3
50.80701754386094 42
50.82456140351006 30
50.83333333333462 7
50.86842105263287 12
50.91228070175568 43
50.94736842105392 24
50.956140350878485 2
50.97368421052761 11
51.0438596491241 48
51.09649122807147 58
51.10526315789603 14
51.10526315789603 36
51.14912280701884 4
51.166666666667965 11
51.228070175439896 22
51.271929824562704 50
51.3421052631592 29
51.3421052631592 53
51.35964912280832 11
51.36842105263288 15
51.36842105263288 15
51.429824561404814 6
51.47368421052762 59
51.543859649124116 10
51.55263157894868 11
51.61403508772061 47
51.62280701754517 7
51.63157894736973 13
51.745614035089034 11
51.745614035089034 16
51.807017543860965 1
51.81578947368553 24
51.87719298245746 44
51.92105263158027 42
51.92105263158027 42
51.93859649122939 11
51.95614035087851 38
51.9824561403522 12
52.070175438597815 34
52.07894736842238 36
52.131578947369746 3
52.131578947369746 11
52.15789473684343 6
52.20175438596624 27
52.3245614035101 11
52.342105263159226 41
52.42105263158028 7
52.42982456140484 0
52.51754385965046 11
52.56140350877327 25
52.58771929824695 20
52.649122807018884 29
52.67543859649257 15
52.67543859649257 18
52.68421052631713 24
52.69298245614169 46
52.710526315790815 11
52.7368421052645 23
52.79824561403643 18
52.88596491228205 6
52.89473684210661 5
52.90350877193117 11
52.90350877193117 11
52.9649122807031 18
52.99122807017679 48
53.0350877192996 42
53.05263157894872 36
53.06140350877328 5
53.07017543859784 44
53.09649122807153 11
53.09649122807153 12
53.10526315789609 30
53.10526315789609 30
53.14035087719434 31
53.21052631579083 7
53.22807017543995 4
53.289473684211885 11
53.298245614036446 43
53.342105263159254 18
53.38596491228206 59
53.41228070175575 49
53.42982456140487 47
53.46491228070312 3
53.48245614035224 11
53.508771929825926 45
53.552631578948734 24
53.57017543859786 8
53.58771929824698 50
53.59649122807154 18
53.614035087720666 6
53.6754385964926 11
53.6754385964926 40
53.75438596491365 54
53.868421052632954 11
53.982456140352255 15
53.99122807017682 46
54.00000000000138 7
54.02631578947506 36
54.06140350877331 11
54.06140350877331 29
54.1315789473698 32
54.14912280701893 42
54.192982456141735 18
54.21052631579086 12
54.245614035089105 56
54.254385964913666 11
54.34210526315928 6
54.403508771931214 5
54.412280701755776 1
54.42105263158034 24
54.44736842105402 11
54.48245614035227 41
54.49122807017683 2
54.53508771929964 26
54.561403508773324 59
54.58771929824701 16
54.64035087719438 11
54.6578947368435 14
54.78947368421193 7
54.79824561403649 3
54.833333333334735 11
54.8421052631593 43
54.85964912280842 27
54.877192982457544 55
54.89473684210667 5
54.92105263158035 20
54.929824561404914 0
54.938596491229475 48
55.00000000000141 25
55.00000000000141 36
55.02631578947509 11
55.02631578947509 58
55.0701754385979 6
55.11403508772071 29
55.17543859649264 37
55.1842105263172 53
55.21929824561545 11
55.24561403508913 47
55.26315789473826 42
55.28947368421194 15
55.28947368421194 24
55.307017543861065 4
55.32456140351019 12
55.33333333333475 46
55.37719298245756 30
55.38596491228212 18
55.412280701755805 11
55.464912280703174 22
55.55263157894879 57
55.578947368422476 7
55.60526315789616 11
55.69298245614178 1
55.76315789473827 28
55.79824561403652 6
55.79824561403652 11
55.90350877193126 50
55.97368421052775 36
55.991228070176874 11
56.008771929826 59
56.13157894736986 3
56.157894736843545 24
56.18421052631723 11
56.27192982456285 43
56.368421052633025 7
56.377192982457586 11
56.377192982457586 42
56.421052631580395 29
56.43859649122952 12
56.50000000000145 13
56.50877192982601 44
56.526315789475134 6
56.57017543859794 11
56.59649122807163 15
56.61403508772075 49
56.640350877194436 23
56.70175438596637 25
56.72807017544005 5
56.7631578947383 11
56.88596491228216 48
56.903508771931286 46
56.947368421054094 36
56.956140350878655 1
56.956140350878655 11
57.02631578947515 24
57.03508771929971 8
57.03508771929971 34
57.061403508773395 47
57.14912280701901 11
57.15789473684357 7
57.25438596491375 6
57.25438596491375 20
57.31578947368568 0
57.34210526315937 11
57.385964912282176 4
57.429824561404985 16
57.46491228070323 3
57.491228070176916 42
57.535087719299725 11
57.55263157894885 12
57.57017543859797 59
57.72807017544008 11
57.77192982456289 30
57.84210526315938 31
57.89473684210675 24
57.903508771931314 15
57.92105263158044 11
57.92105263158044 36
57.94736842105412 7
57.98245614035237 6
58.02631578947518 2
58.070175438597985 1
58.07894736842255 39
58.114035087720794 11
58.175438596492725 32
58.175438596492725 54
58.19298245614185 43
58.19298245614185 45
58.21052631579097 14
58.21929824561553 50
58.228070175440095 57
58.23684210526466 56
58.30701754386115 11
58.37719298245764 46
58.500000000001506 11
58.605263157896246 42
58.66666666666818 12
58.66666666666818 38
58.69298245614186 11
58.710526315790986 6
58.73684210526467 7
58.73684210526467 55
58.763157894738356 24
58.7982456140366 3
58.84210526315941 48
58.868421052633096 47
58.88596491228222 11
58.89473684210678 36
59.078947368422575 11
59.078947368422575 59
59.14035087719451 1
59.210526315791 15
59.22807017544012 40
59.26315789473837 25
59.27192982456293 11
59.35087719298399 44
59.4385964912296 6
59.447368421054165 29
59.46491228070329 4
59.46491228070329 11
59.52631578947522 7
59.58771929824715 20
59.59649122807171 53
59.63157894736996 24
59.64035087719452 26
59.657894736843645 11
59.68421052631733 5
59.70175438596645 22
59.710526315791014 10
59.78070175438751 12
59.815789473685754 49
59.84210526315944 41
59.84210526315944 43
59.850877192984 11
59.85964912280856 42
59.868421052633124 36
59.88596491228225 44
