0.02631578947368421 57
0.043859649122807015 28
0.13157894736842105 42
0.15789473684210525 12
0.23684210526315788 56
0.24561403508771928 3
0.2543859649122807 29
0.35087719298245645 47
0.42982456140350933 52
0.4561403508771936 41
0.46491228070175505 54
0.4824561403508779 16
0.49122807017543935 55
0.5350877192982465 2
0.6491228070175451 15
0.6578947368421065 36
0.6578947368421065 37
0.728070175438598 46
0.7631578947368437 27
0.7719298245614051 23
0.7807017543859666 43
0.789473684210528 24
0.7982456140350894 7
0.8157894736842123 0
0.8245614035087737 48
0.8596491228070194 14
0.8859649122807037 6
0.9298245614035109 22
0.9824561403508795 30
1.096491228070178 9
1.1052631578947394 10
1.1754385964912308 38
1.2982456140350909 42
1.3070175438596523 34
1.3245614035087752 33
1.3947368421052666 35
1.4561403508771966 50
1.5175438596491266 11
1.5964912280701795 24
1.6140350877193024 7
1.6228070175438638 32
1.6403508771929867 6
1.7368421052631624 36
1.7982456140350924 40
1.8245614035087767 44
1.8421052631578996 17
1.8684210526315839 15
2.1754385964912295 12
2.245614035087719 47
2.32456140350877 39
2.3508771929824537 11
2.368421052631576 6
2.3947368421052597 24
2.4298245614035046 7
2.4385964912280658 44
2.491228070175433 46
2.5614035087719227 1
2.736842105263147 17
2.8157894736841977 36
2.859649122807004 48
3.087719298245595 15
3.0964912280701564 6
3.1052631578947176 41
3.1929824561403297 24
3.201754385964891 5
3.245614035087697 7
3.280701754385942 16
3.289473684210503 3
3.5964912280701453 0
3.6052631578947065 52
3.70175438596488 12
3.8245614035087367 6
3.885964912280665 55
3.8947368421052264 36
3.92105263157891 42
3.964912280701716 43
3.964912280701716 46
3.9736842105262773 27
3.9912280701753997 24
4.017543859649084 44
4.052631578947331 7
4.114035087719262 47
4.298245614035057 15
4.324561403508742 8
4.342105263157865 56
4.403508771929797 14
4.429824561403482 11
4.456140350877167 4
4.4649122807017285 20
4.4649122807017285 23
4.552631578947345 6
4.605263157894715 11
4.614035087719277 30
4.7192982456140165 11
4.78947368421051 24
4.798245614035071 39
4.824561403508756 11
4.824561403508756 26
4.859649122807003 7
4.9210526315789345 48
4.929824561403496 54
4.973684210526304 36
5.043859649122798 28
5.254385964912277 22
5.280701754385962 6
5.473684210526319 11
5.508771929824565 15
5.5526315789473735 42
5.561403508771935 12
5.58771929824562 24
5.596491228070182 34
5.622807017543867 46
5.622807017543867 57
5.64035087719299 43
5.666666666666675 7
5.666666666666675 37
5.69298245614036 44
5.789473684210538 32
5.90350877192984 5
5.9298245614035245 2
5.964912280701771 0
5.9824561403508945 47
6.008771929824579 6
6.052631578947388 3
6.052631578947388 36
6.078947368421073 16
6.3859649122807305 24
6.447368421052662 38
6.473684210526347 7
6.578947368421087 40
6.719298245614073 15
6.736842105263197 6
6.745614035087758 27
6.745614035087758 33
6.771929824561443 12
6.780701754386005 42
6.885964912280745 53
6.9649122807018 44
6.9912280701754845 30
7.131578947368471 36
7.140350877193033 19
7.175438596491279 20
7.175438596491279 48
7.184210526315841 24
7.280701754386019 7
7.333333333333389 1
7.464912280701814 6
7.464912280701814 43
7.473684210526375 46
7.482456140350937 50
7.6491228070176085 4
7.666666666666732 11
7.692982456140417 41
7.859649122807088 47
7.92105263157902 14
7.929824561403581 15
7.982456140350951 24
8.000000000000075 55
8.087719298245691 7
8.087719298245691 49
8.114035087719376 11
8.1315789473685 3
8.157894736842184 23
8.192982456140431 6
8.210526315789554 36
8.219298245614116 57
8.377192982456226 0
8.412280701754472 52
8.56140350877202 5
8.692982456140445 11
8.780701754386062 24
8.87719298245624 8
8.87719298245624 16
8.894736842105363 7
8.903508771929925 44
8.921052631579048 6
8.956140350877295 43
9.105263157894843 46
9.14035087719309 15
9.19298245614046 48
9.289473684210638 36
9.324561403508884 29
9.46491228070187 44
9.57017543859661 35
9.578947368421172 24
9.596491228070295 22
9.649122807017665 6
9.701754385965035 7
9.736842105263282 47
9.868421052631707 44
9.912280701754515 3
10.035087719298378 27
10.04385964912294 28
10.09649122807031 26
10.333333333333474 44
10.350877192982598 15
10.36842105263172 36
10.377192982456283 6
10.377192982456283 24
10.377192982456283 54
10.464912280701899 46
10.508771929824707 7
10.552631578947516 50
10.5789473684212 30
10.5789473684212 41
10.675438596491379 37
10.68421052631594 42
10.719298245614187 34
10.973684210526475 20
11.1052631578949 6
11.175438596491393 24
11.324561403508941 7
11.333333333333503 29
11.333333333333503 39
11.385964912280873 10
11.42982456140368 14
11.447368421052804 36
11.47368421052649 5
11.561403508772106 15
11.561403508772106 38
11.605263157894914 47
11.614035087719476 11
11.666666666666845 56
11.675438596491407 16
11.833333333333517 6
11.85087719298264 11
11.947368421052818 46
11.982456140351065 24
12.035087719298435 44
12.131578947368613 43
12.140350877193175 7
12.16666666666686 32
12.21929824561423 2
12.403508771930024 48
12.438596491228271 55
12.526315789473887 36
12.552631578947572 27
12.561403508772134 6
12.614035087719504 57
12.622807017544066 58
12.657894736842312 29
12.719298245614244 52
12.771929824561614 15
12.780701754386175 24
12.921052631579162 9
12.956140350877408 5
12.956140350877408 7
13.043859649123025 23
13.289473684210751 6
13.368421052631806 42
13.394736842105491 30
13.447368421052861 41
13.456140350877423 50
13.473684210526546 47
13.578947368421286 24
13.578947368421286 25
13.60526315789497 36
13.71052631578971 44
13.719298245614272 49
13.754385964912519 46
13.771929824561642 7
13.859649122807259 0
13.92105263157919 22
13.982456140351122 3
13.982456140351122 15
14.017543859649368 6
14.254385964912533 11
14.280701754386218 4
14.315789473684465 1
14.377192982456396 24
14.438596491228328 5
14.456140350877451 48
14.473684210526574 16
14.473684210526574 17
14.561403508772191 43
14.578947368421314 7
14.578947368421314 26
14.675438596491492 42
14.684210526316054 36
14.692982456140616 12
14.728070175438862 11
14.745614035087986 6
14.82456140350904 11
14.912280701754657 20
14.921052631579219 11
14.938596491228342 14
14.956140350877465 8
15.017543859649397 11
15.043859649123082 28
15.052631578947643 9
15.08771929824589 39
15.114035087719575 11
15.175438596491507 24
15.19298245614063 15
15.210526315789753 11
15.307017543859931 3
15.307017543859931 11
15.35087719298274 47
15.385964912280986 7
15.40350877193011 11
15.40350877193011 57
15.421052631579233 29
15.429824561403795 41
15.473684210526603 6
15.500000000000288 11
15.500000000000288 33
15.596491228070466 11
15.596491228070466 34
15.684210526316082 37
15.692982456140644 10
15.692982456140644 11
15.710526315789767 2
15.719298245614329 30
15.736842105263452 52
15.763157894737137 36
15.789473684210822 11
15.798245614035384 44
15.859649122807316 46
15.885964912281 11
15.973684210526617 24
15.982456140351179 11
15.99122807017574 42
15.99122807017574 50
15.99122807017574 55
16.017543859649425 12
16.078947368421357 11
16.175438596491535 11
16.19298245614066 7
16.20175438596522 6
16.228070175438905 32
16.271929824561713 11
16.36842105263189 11
16.403508771930138 1
16.403508771930138 15
16.4122807017547 4
16.447368421052946 48
16.46491228070207 11
16.535087719298563 38
16.561403508772248 11
16.561403508772248 25
16.605263157895056 17
16.605263157895056 29
16.63157894736874 3
16.657894736842426 11
16.701754385965234 53
16.754385964912604 11
16.771929824561727 24
16.78070175438629 9
16.84210526315822 36
16.850877192982782 11
16.929824561403837 6
16.929824561403837 23
16.94736842105296 11
17.00000000000033 7
17.04385964912314 11
17.140350877193317 11
17.140350877193317 11
17.228070175438933 47
17.236842105263495 11
17.236842105263495 54
17.245614035088057 46
17.27192982456174 16
17.333333333333673 11
17.342105263158235 43
17.385964912281043 27
17.42982456140385 11
17.52631578947403 11
17.570175438596838 24
17.614035087719646 15
17.622807017544208 11
17.657894736842454 6
17.710526315789824 1
17.719298245614386 11
17.79824561403544 0
17.807017543860002 7
17.815789473684564 11
17.868421052631934 25
17.89473684210562 57
17.912280701754742 11
17.921052631579304 36
17.95614035087755 3
18.00877192982492 11
18.078947368421414 12
18.1052631578951 11
18.11403508771966 20
18.201754385965277 11
18.254385964912647 22
18.298245614035455 11
18.298245614035455 11
18.36842105263195 24
18.38596491228107 6
18.394736842105633 11
18.447368421053003 14
18.49122807017581 11
18.54385964912318 4
18.58771929824599 11
18.58771929824599 44
18.614035087719675 7
18.614035087719675 56
18.657894736842483 41
18.684210526316168 11
18.70175438596529 42
18.7456140350881 52
18.780701754386346 11
18.824561403509154 15
18.868421052631962 46
18.877192982456524 11
18.973684210526702 11
19.000000000000387 36
19.026315789474072 5
19.07017543859688 11
19.096491228070565 43
19.105263157895127 47
19.11403508771969 6
19.16666666666706 11
19.16666666666706 24
19.201754385965305 2
19.236842105263552 9
19.263157894737237 11
19.28070175438636 3
19.359649122807415 11
19.39473684210566 26
19.412280701754785 25
19.421052631579347 7
19.456140350877593 11
19.49122807017584 1
19.49122807017584 48
19.54385964912321 17
19.55263157894777 11
19.55263157894777 12
19.60526315789514 55
19.64912280701795 11
19.64912280701795 39
19.745614035088128 11
19.798245614035498 34
19.842105263158306 6
19.842105263158306 11
19.877192982456553 27
19.877192982456553 44
19.938596491228484 11
19.96491228070217 24
20.008771929824977 50
20.035087719298662 11
20.035087719298662 15
20.035087719298662 28
20.052631578947786 49
20.07017543859691 16
20.07894736842147 36
20.12280701754428 30
20.13157894736884 11
20.22807017543902 11
20.23684210526358 7
20.254385964912704 10
20.324561403509197 11
20.324561403509197 46
20.34210526315832 5
20.421052631579375 11
20.49122807017587 0
20.517543859649553 11
20.526315789474115 1
20.56140350877236 20
20.570175438596923 6
20.60526315789517 3
20.61403508771973 11
20.675438596491663 4
20.684210526316225 12
20.692982456140786 8
20.692982456140786 37
20.71052631578991 11
20.77192982456184 24
20.807017543860088 11
20.903508771930266 11
20.92982456140395 42
20.97368421052676 47
20.991228070175882 23
21.000000000000444 11
21.043859649123252 7
21.052631578947814 33
21.052631578947814 44
21.061403508772376 25
21.096491228070622 11
21.105263157895184 9
21.157894736842554 36
21.1929824561408 11
21.24561403508817 15
21.254385964912732 41
21.28947368421098 11
21.28947368421098 32
21.29824561403554 6
21.29824561403554 57
21.385964912281157 11
21.482456140351335 11
21.482456140351335 38
21.491228070175897 48
21.57017543859695 24
21.578947368421513 11
21.67543859649169 11
21.77192982456187 11
21.815789473684678 12
21.82456140350924 1
21.850877192982924 7
21.868421052632048 11
21.868421052632048 46
21.92982456140398 3
21.947368421053103 14
21.964912280702226 11
22.026315789474157 6
22.061403508772404 11
22.078947368421527 42
22.157894736842582 11
22.166666666667144 39
22.236842105263637 36
22.25438596491276 11
22.35087719298294 11
22.35087719298294 27
22.368421052632062 24
22.368421052632062 25
22.385964912281185 40
22.41228070175487 50
22.447368421053117 11
22.45614035087768 15
22.500000000000487 44
22.543859649123295 11
22.57894736842154 22
22.640350877193473 11
22.657894736842596 7
22.692982456140843 2
22.73684210526365 11
22.754385964912775 6
22.807017543860145 4
22.83333333333383 11
22.84210526315839 47
22.868421052632076 16
22.868421052632076 44
22.903508771930323 53
22.912280701754884 56
22.929824561404008 11
22.94736842105313 12
23.0000000000005 20
23.026315789474186 11
23.114035087719802 49
23.122807017544364 11
23.166666666667172 24
23.219298245614542 11
23.25438596491279 3
23.26315789473735 52
23.289473684211035 55
23.298245614035597 42
23.298245614035597 43
23.31578947368472 11
23.31578947368472 36
23.4122807017549 11
23.47368421052683 7
23.47368421052683 48
23.482456140351392 6
23.508771929825077 11
23.51754385964964 46
23.57894736842157 5
23.605263157895255 11
23.666666666667187 15
23.675438596491748 25
23.701754385965433 11
23.719298245614556 8
23.79824561403561 11
23.85087719298298 0
23.89473684210579 11
23.89473684210579 19
23.929824561404036 9
23.964912280702283 24
23.991228070175968 11
24.00000000000053 41
24.026315789474214 44
24.035087719298776 57
24.078947368421584 12
24.087719298246146 11
24.184210526316324 11
24.21052631579001 6
24.280701754386502 7
24.280701754386502 11
24.37719298245668 11
24.394736842105804 36
24.47368421052686 11
24.53508771929879 10
24.570175438597037 11
24.5789473684216 3
24.666666666667215 11
24.710526315790023 47
24.763157894737393 11
24.763157894737393 24
24.815789473684763 50
24.85964912280757 11
24.877192982456695 15
24.91228070175494 1
24.929824561404065 43
24.938596491228626 4
24.938596491228626 6
24.95614035087775 11
24.982456140351434 25
24.991228070175996 23
25.035087719298804 28
25.043859649123366 30
25.052631578947928 11
25.087719298246174 7
25.149122807018106 11
25.210526315790037 12
25.245614035088284 11
25.289473684211092 27
25.32456140350934 44
25.342105263158462 11
25.359649122807586 17
25.403508771930394 26
25.42982456140408 20
25.43859649122864 11
25.447368421053202 14
25.456140350877764 48
25.473684210526887 36
25.48245614035145 33
25.53508771929882 11
25.561403508772504 24
25.622807017544435 39
25.631578947368997 11
25.65789473684268 9
25.666666666667243 6
25.666666666667243 16
25.666666666667243 42
25.69298245614093 34
25.70175438596549 37
25.728070175439175 11
25.7456140350883 44
25.7456140350883 54
25.824561403509353 11
25.824561403509353 11
25.894736842105846 7
25.903508771930408 3
25.92105263157953 11
26.008771929825148 52
26.01754385964971 11
26.07017543859708 46
26.087719298246203 15
26.114035087719888 11
26.18421052631638 2
26.18421052631638 49
26.210526315790066 11
26.28947368421112 25
26.307017543860244 11
26.34210526315849 12
26.359649122807614 24
26.39473684210586 6
26.39473684210586 17
26.403508771930422 11
26.5000000000006 11
26.55263157894797 36
26.570175438597094 47
26.59649122807078 11
26.692982456140957 11
26.71052631579008 7
26.76315789473745 32
26.789473684211135 11
26.87719298245675 55
26.885964912281313 11
26.903508771930436 22
26.964912280702368 5
26.98245614035149 11
27.070175438597108 4
27.07894736842167 11
27.122807017544478 6
27.157894736842724 24
27.166666666667286 42
27.175438596491848 11
27.219298245614656 50
27.228070175439218 3
27.263157894737464 17
27.271929824562026 11
27.280701754386588 35
27.28947368421115 56
27.29824561403571 15
27.315789473684834 38
27.368421052632204 11
27.385964912281327 43
27.40350877193045 9
27.438596491228697 48
27.464912280702382 11
27.473684210526944 12
27.526315789474314 7
27.526315789474314 46
27.535087719298875 53
27.56140350877256 11
27.56140350877256 30
27.578947368421684 41
27.596491228070807 25
27.631578947369054 36
27.65789473684274 11
27.754385964912917 11
27.850877192983095 6
27.850877192983095 11
27.859649122807657 20
27.93859649122871 44
27.947368421053273 11
27.956140350877835 24
28.04385964912345 11
28.105263157895383 17
28.14035087719363 11
28.236842105263808 11
28.280701754386616 42
28.333333333333986 11
28.333333333333986 27
28.342105263158548 7
28.429824561404164 11
28.438596491228726 47
28.46491228070241 16
28.50877192982522 15
28.526315789474342 11
28.552631578948027 3
28.578947368421712 6
28.605263157895397 12
28.62280701754452 11
28.649122807018205 29
28.710526315790137 36
28.7192982456147 11
28.7192982456147 44
28.754385964912945 24
28.763157894737507 23
28.815789473684877 11
28.903508771930493 25
28.912280701755055 11
28.93859649122874 17
28.9473684210533 14
29.00000000000067 52
29.008771929825233 11
29.017543859649795 39
29.070175438597165 40
29.10526315789541 11
29.15789473684278 7
29.184210526316466 57
29.20175438596559 4
29.20175438596559 11
29.245614035088398 49
29.25438596491296 43
29.298245614035768 11
29.30701754386033 6
29.350877192983138 9
29.394736842105946 11
29.394736842105946 42
29.41228070175507 48
29.456140350877877 44
29.491228070176124 11
29.552631578948056 24
29.587719298246302 11
29.62280701754455 50
29.67543859649192 2
29.68421052631648 11
29.719298245614727 15
29.73684210526385 12
29.763157894737535 17
29.78070175438666 11
29.78947368421122 36
29.815789473684905 1
29.877192982456837 3
29.877192982456837 11
29.912280701755083 33
29.921052631579645 34
29.973684210527015 7
29.973684210527015 11
30.026315789474385 28
30.026315789474385 45
30.035087719298946 6
30.070175438597193 11
30.16666666666737 11
30.21052631579018 25
30.245614035088426 5
30.26315789473755 11
30.289473684211234 20
30.307017543860358 47
30.350877192983166 24
30.359649122807728 11
30.42105263157966 55
30.456140350877906 11
30.552631578948084 11
30.58771929824633 17
30.63157894736914 26
30.649122807018262 11
30.68421052631651 0
30.710526315790194 37
30.74561403508844 11
30.763157894737564 6
30.780701754386687 7
30.79824561403581 44
30.84210526315862 11
30.868421052632304 12
30.868421052632304 36
30.921052631579673 5
30.929824561404235 15
30.938596491228797 11
31.00000000000073 54
31.035087719298975 11
31.12280701754459 9
31.131578947369153 11
31.149122807018276 24
31.201754385965646 3
31.22807017543933 11
31.22807017543933 22
31.263157894737578 16
31.289473684211263 46
31.32456140350951 11
31.33333333333407 4
31.38596491228144 48
31.412280701755126 17
31.421052631579688 11
31.49122807017618 6
31.517543859649866 11
31.517543859649866 25
31.58771929824636 7
31.59649122807092 41
31.614035087720044 11
31.622807017544606 57
31.710526315790222 11
31.74561403508847 42
31.75438596491303 5
31.8070175438604 11
31.90350877193058 11
31.938596491228825 27
31.947368421053387 24
31.947368421053387 36
32.00000000000075 11
32.00000000000075 12
32.02631578947444 50
32.09649122807093 11
32.14035087719374 15
32.175438596491986 47
32.19298245614111 11
32.219298245614794 6
32.23684210526392 17
32.25438596491304 38
32.28947368421129 11
32.28947368421129 43
32.30701754386041 49
32.34210526315866 52
32.385964912281466 11
32.39473684210603 7
32.4473684210534 14
32.482456140351644 11
32.51754385964989 23
32.52631578947445 3
32.52631578947445 30
32.57894736842182 11
32.675438596492 11
32.71929824561481 20
32.745614035088494 24
32.754385964913055 32
32.77192982456218 11
32.82456140350955 25
32.859649122807795 35
32.859649122807795 42
32.86842105263236 11
32.87719298245692 9
32.94736842105341 6
32.964912280702535 11
33.02631578947447 36
33.06140350877271 11
33.06140350877271 17
33.131578947369206 12
33.15789473684289 0
33.15789473684289 11
33.16666666666745 2
33.2017543859657 7
33.25438596491307 11
33.35087719298325 11
33.35087719298325 15
33.36842105263237 48
33.447368421053426 11
33.46491228070255 4
33.491228070176234 39
33.52631578947448 31
33.543859649123604 11
33.543859649123604 24
33.64035087719378 11
33.67543859649203 6
33.73684210526396 11
33.83333333333414 11
33.85087719298326 3
33.88596491228151 17
33.91228070175519 55
33.92982456140432 11
34.00877192982537 7
34.026315789474495 11
34.026315789474495 42
34.04385964912362 47
34.06140350877274 16
34.0701754385973 56
34.10526315789555 36
34.11403508772011 34
34.12280701754467 11
34.131578947369235 25
34.21929824561485 11
34.26315789473766 12
34.31578947368503 11
34.32456140350959 8
34.342105263158714 24
34.403508771930646 6
34.41228070175521 11
34.42105263157977 53
34.42982456140433 50
34.508771929825386 11
34.561403508772756 15
34.57894736842188 41
34.596491228071 9
34.605263157895564 11
34.70175438596574 11
34.70175438596574 44
34.710526315790304 17
34.74561403508855 27
34.771929824562235 33
34.79824561403592 11
34.815789473685044 7
34.824561403509605 30
34.8947368421061 11
34.8947368421061 57
34.982456140351715 10
34.99122807017628 11
35.01754385964996 28
35.087719298246455 11
35.13157894736926 6
35.140350877193825 24
35.140350877193825 42
35.14912280701839 20
35.17543859649207 3
35.18421052631663 11
35.18421052631663 36
35.236842105264 26
35.28070175438681 11
35.350877192983305 48
35.36842105263243 49
35.37719298245699 11
35.39473684210611 12
35.43859649122892 25
35.47368421052717 11
35.5350877192991 17
35.54385964912366 22
35.570175438597346 11
35.59649122807103 4
35.622807017544716 7
35.666666666667524 11
35.719298245614894 37
35.719298245614894 40
35.7631578947377 11
35.771929824562264 15
35.85964912280788 6
35.85964912280788 11
35.929824561404374 47
35.938596491228935 24
35.938596491228935 43
35.9473684210535 14
35.9473684210535 52
35.95614035087806 11
36.05263157894824 11
36.149122807018415 11
36.21052631579035 23
36.24561403508859 11
36.254385964913155 42
36.263157894737716 36
36.29824561403596 9
36.34210526315877 11
36.359649122807895 17
36.42982456140439 7
36.43859649122895 11
36.50000000000088 3
36.526315789474566 12
36.53508771929913 11
36.5877192982465 6
36.631578947369306 11
36.65789473684299 2
36.728070175439484 11
36.736842105264046 24
36.74561403508861 25
36.789473684211416 54
36.8157894736851 32
36.8157894736851 39
36.82456140350966 11
36.833333333334224 50
36.85964912280791 16
36.92105263157984 11
36.98245614035177 15
37.01754385965002 11
37.1140350877202 11
37.16666666666757 0
37.18421052631669 17
37.210526315790375 11
37.21929824561494 46
37.23684210526406 7
37.30701754386055 11
37.315789473685115 6
37.315789473685115 38
37.33333333333424 48
37.3421052631588 36
37.368421052632485 42
37.40350877193073 11
37.44736842105354 55
37.4561403508781 30
37.50000000000091 11
37.535087719299156 24
37.578947368421964 20
37.59649122807109 11
37.65789473684302 12
37.692982456141266 11
37.72807017543951 4
37.789473684211444 11
37.789473684211444 47
37.82456140350969 3
37.88596491228162 11
37.91228070175531 41
37.947368421053554 44
37.96491228070268 27
37.9824561403518 11
38.02631578947461 17
38.03508771929917 9
38.04385964912373 6
38.04385964912373 7
38.052631578948294 25
38.07894736842198 11
38.13157894736935 53
38.17543859649216 11
38.19298245614128 15
38.271929824562335 11
38.30701754386058 34
38.33333333333427 24
38.36842105263251 11
38.42105263157988 36
38.429824561404445 49
38.46491228070269 11
38.482456140351815 42
38.56140350877287 11
38.587719298246554 57
38.65789473684305 11
38.754385964913226 11
38.77192982456235 6
38.78947368421147 12
38.850877192983404 7
38.850877192983404 11
38.850877192983404 17
38.850877192983404 44
38.86842105263253 1
38.92982456140446 10
38.94736842105358 11
39.04385964912376 11
39.13157894736938 24
39.14035087719394 11
39.1491228070185 3
39.20175438596587 33
39.23684210526412 11
39.23684210526412 50
39.27192982456236 5
39.27192982456236 43
39.30701754386061 48
39.31578947368517 52
39.333333333334295 11
39.35964912280798 25
39.40350877193079 15
39.42982456140447 11
39.447368421053596 14
39.500000000000966 6
39.500000000000966 36
39.52631578947465 11
39.596491228071145 42
39.605263157895706 0
39.62280701754483 11
39.657894736843076 7
39.657894736843076 16
39.657894736843076 47
39.6754385964922 17
39.71929824561501 11
39.74561403508869 9
39.79824561403606 30
39.79824561403606 45
39.815789473685186 11
39.859649122807994 4
39.859649122807994 22
39.912280701755364 11
39.921052631579926 12
39.92982456140449 23
39.92982456140449 24
39.964912280702734 44
40.00877192982554 11
40.00877192982554 28
40.017543859650104 20
40.10526315789572 11
40.14912280701853 2
40.2017543859659 11
40.22807017543958 6
40.29824561403608 11
40.342105263158885 44
40.36842105263257 35
40.394736842106255 11
40.40350877193082 5
40.46491228070275 7
40.47368421052731 3
40.49122807017643 11
40.500000000000995 17
40.552631578948365 27
40.57894736842205 36
40.58771929824661 11
40.614035087720296 15
40.64035087719398 39
40.666666666667666 25
40.68421052631679 11
40.710526315790474 42
40.710526315790474 56
40.7280701754396 24
40.7280701754396 37
40.78070175438697 11
40.877192982457146 11
40.877192982457146 29
40.90350877193083 44
40.9561403508782 6
40.973684210527324 11
41.05263157894838 12
41.0701754385975 11
41.16666666666768 11
41.184210526316804 8
41.192982456141365 43
41.26315789473786 11
41.27192982456242 7
41.32456140350979 17
41.33333333333435 48
41.35964912280804 11
41.41228070175541 54
41.43859649122909 9
41.456140350878215 11
41.49122807017646 49
41.52631578947471 24
41.52631578947471 47
41.54385964912383 1
41.55263157894839 11
41.58771929824664 55
41.64035087719401 50
41.64912280701857 11
41.65789473684313 36
41.68421052631682 6
41.74561403508875 11
41.79824561403612 3
41.824561403509804 15
41.824561403509804 42
41.84210526315893 11
41.938596491229106 11
41.94736842105367 57
41.97368421052735 25
41.982456140351914 44
41.991228070176476 4
42.00000000000104 26
42.035087719299284 11
42.043859649123846 32
42.07894736842209 7
42.10526315789578 30
42.13157894736946 11
42.149122807018585 17
42.18421052631683 12
42.22807017543964 11
42.32456140350982 11
42.32456140350982 24
42.412280701755435 6
42.42105263158 11
42.44736842105368 20
42.45614035087824 16
42.50000000000105 34
42.517543859650175 11
42.57894736842211 53
42.61403508772035 11
42.64035087719404 0
42.70175438596597 40
42.71052631579053 11
42.736842105264216 36
42.80701754386071 11
42.85087719298352 44
42.8771929824572 10
42.885964912281764 7
42.90350877193089 11
42.947368421053696 14
42.97368421052738 17
43.000000000001066 11
43.03508771929931 15
43.08771929824668 42
43.096491228071244 11
43.12280701754493 3
43.12280701754493 24
43.14035087719405 6
43.14035087719405 9
43.19298245614142 11
43.254385964913354 41
43.28070175438704 25
43.2894736842116 11
43.2894736842116 46
43.307017543860724 48
43.315789473685285 12
43.38596491228178 11
43.39473684210634 47
43.48245614035196 11
43.54385964912389 44
43.578947368422135 11
43.61403508772038 33
43.64035087719407 2
43.64912280701863 23
43.64912280701863 52
43.67543859649231 11
43.692982456141436 7
43.77192982456249 11
43.798245614036176 17
43.8157894736853 36
43.83333333333442 43
43.86842105263267 6
43.86842105263267 11
43.92105263158004 24
43.96491228070285 11
44.0438596491239 50
44.061403508773026 11
44.12280701754496 4
44.157894736843204 11
44.17543859649233 22
44.20175438596601 42
44.24561403508882 15
44.25438596491338 11
44.35087719298356 11
44.44736842105374 3
44.44736842105374 11
44.44736842105374 12
44.50000000000111 7
44.54385964912392 11
44.55263157894848 49
44.587719298246725 25
44.59649122807129 6
44.62280701754497 17
44.640350877194095 11
44.692982456141465 57
44.71929824561515 24
44.73684210526427 11
44.83333333333445 11
44.850877192983575 9
44.87719298245726 20
44.89473684210638 36
44.92982456140463 11
45.008771929825684 28
45.02631578947481 11
45.122807017544986 11
45.219298245615164 11
45.25438596491341 16
45.26315789473797 47
45.28947368421166 46
45.28947368421166 48
45.31578947368534 7
45.31578947368534 11
45.324561403509904 6
45.333333333334465 41
45.35087719298359 42
45.41228070175552 11
45.42105263158008 30
45.44736842105377 5
45.44736842105377 17
45.45614035087833 15
45.5087719298257 11
45.51754385965026 24
45.57894736842219 12
45.60526315789588 11
45.701754385966055 11
45.7368421052643 37
45.77192982456255 3
45.78947368421167 39
45.79824561403623 11
45.89473684210641 11
45.89473684210641 25
45.973684210527466 36
45.99122807017659 11
46.026315789474836 27
46.05263157894852 6
46.08771929824677 11
46.10526315789589 32
46.131578947369576 7
46.16666666666782 5
46.184210526316946 11
46.25438596491344 4
46.27192982456256 17
46.280701754387124 11
46.30701754386081 55
46.31578947368537 24
46.36842105263274 44
46.3771929824573 11
46.42105263158011 53
46.447368421053795 14
46.447368421053795 50
46.45614035087836 38
46.46491228070292 42
46.47368421052748 11
46.51754385965029 52
46.5614035087731 9
46.57017543859766 11
46.57894736842222 54
46.62280701754503 0
46.66666666666784 11
46.66666666666784 15
46.70175438596608 34
46.710526315790645 12
46.73684210526433 46
46.763157894738015 11
46.78070175438714 6
46.80701754386082 44
46.824561403509946 10
46.85964912280819 11
46.93859649122925 7
46.95614035087837 11
46.973684210527495 40
46.982456140352056 43
47.05263157894855 11
47.05263157894855 36
47.09649122807136 3
47.09649122807136 17
47.11403508772048 24
47.12280701754504 35
47.12280701754504 47
47.131578947369604 2
47.14912280701873 11
47.16666666666785 44
47.2017543859661 25
47.245614035088906 11
47.26315789473803 48
47.30701754386084 20
47.342105263159084 11
47.35964912280821 57
47.36842105263277 23
47.43859649122926 11
47.508771929825755 5
47.508771929825755 6
47.53508771929944 11
47.57894736842225 42
47.63157894736962 11
47.63157894736962 49
47.719298245615235 30
47.7280701754398 11
47.74561403508892 7
47.824561403509975 11
47.83333333333454 26
47.8421052631591 1
47.8421052631591 12
47.877192982457345 15
47.91228070175559 24
47.92105263158015 11
47.92105263158015 17
48.01754385965033 11
48.05263157894858 16
48.11403508772051 11
48.12280701754507 33
48.13157894736963 36
48.17543859649244 46
48.21052631579069 11
48.21052631579069 41
48.23684210526437 6
48.27192982456262 9
48.307017543860866 11
48.38596491228192 4
48.403508771931044 11
48.42105263158017 3
48.49122807017666 22
48.50000000000122 11
48.508771929825784 25
48.55263157894859 7
48.5964912280714 11
48.69298245614158 11
48.69298245614158 42
48.7105263157907 24
48.74561403508895 17
48.78947368421176 11
48.85087719298369 50
48.885964912281935 11
48.92105263158018 5
48.96491228070299 6
48.97368421052755 12
48.98245614035211 11
48.991228070176675 47
49.07894736842229 11
49.08771929824685 15
49.17543859649247 11
49.210526315790716 36
49.2368421052644 48
49.27192982456265 11
49.368421052632826 7
49.368421052632826 11
49.421052631580196 44
49.464912280703004 11
49.50877192982581 24
49.56140350877318 11
49.570175438597744 17
49.65789473684336 11
49.69298245614161 6
49.736842105264415 20
49.74561403508898 3
49.75438596491354 11
49.80701754386091 42
49.81578947368547 25
49.85087719298372 11
49.947368421053895 11
49.947368421053895 14
49.947368421053895 14
49.98245614035214 9
49.9912280701767 55
50.008771929825826 28
50.008771929825826 30
50.04385964912407 11
50.061403508773196 0
50.07894736842232 44
50.09649122807144 39
50.105263157896005 12
50.14035087719425 11
50.14912280701881 43
50.166666666667936 32
50.1754385964925 7
50.22807017543987 52
50.23684210526443 11
50.2894736842118 15
50.2894736842118 36
50.30701754386092 24
50.33333333333461 11
50.35087719298373 46
50.39473684210654 17
50.421052631580224 6
50.429824561404786 11
50.5175438596504 4
50.526315789474964 11
50.62280701754514 2
50.62280701754514 11
50.71052631579076 49
50.71929824561532 11
50.72807017543988 53
50.745614035089005 37
50.75438596491357 44
50.77192982456269 10
50.77192982456269 41
50.8157894736855 11
50.850877192983745 16
50.850877192983745 47
50.88596491228199 54
50.89473684210655 34
50.91228070175568 11
50.92105263158024 42
50.98245614035217 7
51.008771929825855 11
51.061403508773225 56
51.070175438597786 3
51.08771929824691 23
51.08771929824691 23
51.10526315789603 11
51.10526315789603 24
51.122807017545156 25
51.14912280701884 6
51.20175438596621 11
51.219298245615335 17
51.219298245615335 48
51.23684210526446 12
51.25438596491358 50
51.29824561403639 11
51.35964912280832 38
51.36842105263288 36
51.39473684210657 11
51.41228070175569 27
51.491228070176746 11
51.50000000000131 15
51.587719298246924 11
51.6842105263171 11
51.692982456141664 9
51.77192982456272 1
51.78070175438728 11
51.78947368421184 7
51.87719298245746 6
51.87719298245746 11
51.87719298245746 46
51.90350877193114 24
51.97368421052764 11
52.00877192982588 43
52.03508771929957 42
52.04385964912413 17
52.070175438597815 11
52.16666666666799 11
52.16666666666799 20
52.26315789473817 11
52.29824561403642 30
52.35964912280835 11
52.36842105263291 12
52.394736842106596 3
52.42982456140484 25
52.42982456140484 44
52.447368421053966 36
52.45614035087853 11
52.48245614035221 26
52.52631578947502 33
52.552631578948706 11
52.57894736842239 39
52.605263157896076 6
52.605263157896076 7
52.649122807018884 4
52.649122807018884 11
52.701754385966254 24
52.710526315790815 15
52.710526315790815 47
52.74561403508906 11
52.807017543860994 22
52.84210526315924 11
52.868421052632925 17
52.93859649122942 11
53.0350877192996 11
53.131578947369775 11
53.1491228070189 42
53.20175438596627 48
53.22807017543995 11
53.32456140351013 11
53.33333333333469 6
53.403508771931186 9
53.42105263158031 7
53.42105263158031 11
53.447368421053994 14
53.456140350878556 44
53.47368421052768 52
53.500000000001364 0
53.500000000001364 12
53.500000000001364 24
53.51754385965049 11
53.52631578947505 36
53.614035087720666 11
53.62280701754523 8
53.63157894736979 43
53.64912280701891 16
53.657894736843474 50
53.69298245614172 17
53.710526315790844 11
53.719298245615406 3
53.73684210526453 25
53.771929824562775 49
53.80701754386102 11
53.815789473685584 57
53.824561403510145 55
53.9035087719312 11
53.921052631580324 15
54.00000000000138 11
54.06140350877331 6
54.09649122807156 11
54.11403508772068 2
54.192982456141735 11
54.22807017543998 7
54.26315789473823 42
54.28947368421191 11
54.298245614036475 24
54.38596491228209 11
54.48245614035227 11
54.50000000000139 32
54.517543859650516 17
54.57894736842245 11
54.57894736842245 47
54.58771929824701 30
54.59649122807157 20
54.60526315789613 36
54.63157894736982 12
54.675438596492626 11
54.675438596492626 41
54.719298245615434 10
54.771929824562804 11
54.780701754387366 4
54.78947368421193 6
54.80701754386105 23
54.824561403510174 46
54.86842105263298 11
54.96491228070316 11
55.00000000000141 27
55.00000000000141 28
55.03508771929965 7
55.043859649124215 3
55.043859649124215 25
55.06140350877334 11
55.08771929824702 34
55.096491228071585 24
55.096491228071585 35
55.10526315789615 9
55.10526315789615 53
55.13157894736983 15
55.15789473684352 11
55.1842105263172 48
55.254385964913695 11
55.34210526315931 17
55.35087719298387 11
55.37719298245756 42
55.44736842105405 11
55.517543859650544 6
55.54385964912423 11
55.58771929824704 54
55.631578947369846 39
55.64035087719441 11
55.684210526317216 36
55.736842105264586 11
55.74561403508915 40
55.75438596491371 37
55.76315789473827 12
55.833333333334764 11
55.85087719298389 7
55.894736842106695 24
55.92982456140494 11
56.02631578947512 11
56.06140350877337 50
56.1228070175453 11
56.16666666666811 17
56.18421052631723 1
56.18421052631723 31
56.21929824561548 11
56.24561403508916 6
56.29824561403653 0
56.29824561403653 46
56.315789473685655 11
56.34210526315934 15
56.3508771929839 25
56.3508771929839 38
56.368421052633025 3
56.41228070175583 11
56.41228070175583 44
56.43859649122952 47
56.44736842105408 16
56.482456140352326 57
56.49122807017689 42
56.50877192982601 11
56.60526315789619 11
56.631578947369874 41
56.65789473684356 7
56.692982456141806 24
56.70175438596637 11
56.7631578947383 36
56.798245614036546 11
56.81578947368567 9
56.83333333333479 49
56.85964912280848 30
56.894736842106724 11
56.894736842106724 12
56.91228070175585 4
56.92105263158041 44
56.92982456140497 33
56.947368421054094 14
56.97368421052778 6
56.97368421052778 43
56.9912280701769 11
56.9912280701769 17
57.02631578947515 20
57.08771929824708 11
57.12280701754533 22
57.166666666668135 48
57.18421052631726 11
57.28070175438744 11
57.36842105263305 44
57.377192982457615 11
57.46491228070323 7
57.47368421052779 11
57.491228070176916 24
57.535087719299725 1
57.55263157894885 15
57.57017543859797 11
57.60526315789622 2
57.60526315789622 42
57.65789473684359 25
57.66666666666815 11
57.692982456141834 3
57.692982456141834 27
57.701754385966396 6
57.754385964913766 52
57.76315789473833 11
57.8157894736857 17
57.84210526315938 36
57.859649122808506 11
57.956140350878684 11
57.964912280703246 56
58.02631578947518 12
58.05263157894886 11
58.14912280701904 11
58.24561403508922 11
58.24561403508922 46
58.2719298245629 7
58.28947368421203 24
58.30701754386115 47
58.3421052631594 11
58.42982456140501 6
58.42982456140501 43
58.438596491229575 11
58.46491228070326 50
58.500000000001506 23
58.52631578947519 9
58.53508771929975 11
58.56140350877344 32
58.56140350877344 39
58.58771929824712 41
58.63157894736993 11
58.64035087719449 17
58.66666666666818 10
58.71929824561555 42
58.72807017544011 11
58.763157894738356 15
58.82456140351029 11
58.83333333333485 55
58.87719298245766 1
58.921052631580466 11
58.921052631580466 36
58.964912280703274 25
59.017543859650644 3
59.017543859650644 11
59.04385964912433 4
59.070175438598014 57
59.08771929824714 7
59.08771929824714 24
59.11403508772082 11
59.131578947369945 30
59.14035087719451 48
59.15789473684363 6
59.15789473684363 12
59.210526315791 11
59.24561403508925 16
59.28070175438749 34
59.30701754386118 11
59.33333333333486 26
59.40350877193136 11
59.45614035087873 20
59.46491228070329 17
59.49122807017697 0
59.500000000001535 11
59.59649122807171 11
59.69298245614189 11
59.78947368421207 11
59.83333333333488 42
59.88596491228225 6
59.88596491228225 11
59.88596491228225 24
59.89473684210681 7
59.89473684210681 49
59.94736842105418 54
59.973684210527864 15
59.982456140352426 11
59.99122807017699 28
