0.043859649122807015 0
0.043859649122807015 26
0.05263157894736842 32
0.11403508771929824 23
0.12280701754385964 24
0.19298245614035087 4
0.19298245614035087 20
0.23684210526315788 15
0.24561403508771928 7
0.24561403508771928 53
0.3333333333333336 11
0.3596491228070179 58
0.4473684210526322 12
0.5000000000000008 28
0.5087719298245622 22
0.5175438596491236 54
0.5263157894736851 48
0.5614035087719308 2
0.5614035087719308 47
0.5614035087719308 57
0.5964912280701765 43
0.6140350877192994 8
0.6228070175438608 16
0.6228070175438608 17
0.6491228070175451 29
0.8333333333333351 34
0.8596491228070194 38
0.973684210526318 45
0.9824561403508795 7
0.9824561403508795 37
0.9912280701754409 24
1.0263157894736865 36
1.1491228070175465 27
1.2543859649122837 11
1.280701754385968 1
1.280701754385968 14
1.2894736842105294 6
1.3245614035087752 50
1.4385964912280738 25
1.5526315789473724 10
1.5526315789473724 15
1.5701754385964952 3
1.5789473684210567 41
1.6403508771929867 11
1.649122807017548 40
1.6929824561403553 29
1.7105263157894781 7
1.8245614035087767 17
1.8596491228070224 24
1.8771929824561453 5
1.8859649122807067 59
1.912280701754391 9
1.9210526315789525 36
1.973684210526321 39
2.0175438596491277 6
2.0175438596491277 44
2.245614035087719 18
2.3859649122806985 4
2.3859649122806985 47
2.447368421052627 7
2.456140350877188 43
2.7280701754385857 24
2.745614035087708 6
2.8157894736841977 5
2.8157894736841977 36
2.859649122807004 15
2.912280701754371 3
3.0087719298245443 12
3.0087719298245443 59
3.1403508771929625 8
3.1491228070175237 20
3.1754385964912073 7
3.1754385964912073 57
3.1929824561403297 42
3.210526315789452 0
3.3157894736841866 11
3.4736842105262884 6
3.535087719298217 16
3.535087719298217 25
3.587719298245584 48
3.5964912280701453 24
3.710526315789441 36
3.745614035087686 18
3.9035087719297876 7
4.131578947368386 11
4.140350877192947 17
4.149122807017509 58
4.175438596491194 15
4.201754385964879 6
4.210526315789441 47
4.2368421052631255 41
4.254385964912249 3
4.271929824561372 32
4.342105263157865 23
4.447368421052605 5
4.4649122807017285 4
4.4649122807017285 24
4.535087719298222 53
4.543859649122783 27
4.605263157894715 36
4.6315789473684 7
4.6666666666666465 59
4.675438596491208 50
4.6929824561403315 44
4.780701754385948 26
4.780701754385948 45
4.78947368421051 22
4.8684210526315645 25
4.877192982456126 29
4.929824561403496 6
4.956140350877181 14
5.078947368421044 44
5.131578947368414 5
5.333333333333332 24
5.359649122807017 7
5.368421052631579 8
5.48245614035088 15
5.5000000000000036 36
5.5000000000000036 43
5.543859649122812 28
5.5526315789473735 0
5.614035087719305 1
5.657894736842113 6
5.807017543859661 38
5.824561403508785 44
5.868421052631593 18
5.894736842105278 40
5.9561403508772095 37
6.061403508771949 2
6.070175438596511 3
6.070175438596511 11
6.087719298245634 7
6.1578947368421275 20
6.201754385964936 24
6.245614035087744 59
6.254385964912306 54
6.298245614035114 11
6.315789473684237 47
6.3859649122807305 6
6.394736842105292 36
6.447368421052662 16
6.508771929824594 12
6.517543859649155 48
6.605263157894772 18
6.64912280701758 11
6.666666666666703 4
6.675438596491265 41
6.70175438596495 1
6.728070175438635 5
6.780701754386005 42
6.7894736842105665 15
6.8157894736842515 7
6.903508771929868 11
6.921052631578991 18
6.956140350877238 39
7.070175438596539 24
7.070175438596539 34
7.114035087719348 6
7.1929824561404025 50
7.210526315789526 43
7.271929824561457 11
7.271929824561457 18
7.289473684210581 36
7.412280701754444 3
7.543859649122869 7
7.55263157894743 18
7.666666666666732 8
7.789473684210595 25
7.807017543859718 29
7.8245614035088416 17
7.842105263157965 6
7.894736842105335 12
7.938596491228143 24
7.947368421052705 58
8.043859649122883 42
8.087719298245691 18
8.096491228070253 15
8.1315789473685 47
8.149122807017623 11
8.18421052631587 36
8.263157894736924 53
8.271929824561486 7
8.377192982456226 45
8.385964912280787 10
8.421052631579034 9
8.535087719298335 23
8.552631578947459 27
8.570175438596582 6
8.605263157894829 14
8.728070175438692 41
8.745614035087815 1
8.754385964912377 3
8.807017543859747 24
8.833333333333432 43
8.859649122807117 4
9.000000000000103 7
9.052631578947473 22
9.078947368421158 36
9.08771929824572 12
9.2982456140352 6
9.315789473684323 5
9.35964912280713 16
9.377192982456254 59
9.403508771929939 15
9.57017543859661 57
9.596491228070295 2
9.67543859649135 24
9.684210526315912 29
9.72807017543872 7
9.745614035087844 17
9.956140350877323 8
9.956140350877323 11
9.964912280701885 18
9.964912280701885 26
9.973684210526446 36
9.982456140351008 25
9.982456140351008 42
9.982456140351008 47
9.982456140351008 48
10.026315789473816 6
10.04385964912294 0
10.09649122807031 3
10.236842105263296 9
10.456140350877337 7
10.517543859649269 20
10.543859649122954 24
10.552631578947516 39
10.5789473684212 28
10.675438596491379 18
10.710526315789625 15
10.719298245614187 17
10.754385964912434 6
10.771929824561557 56
10.798245614035242 32
10.868421052631735 36
10.885964912280858 41
10.89473684210542 44
10.912280701754543 18
10.929824561403667 29
10.929824561403667 37
10.94736842105279 4
10.94736842105279 43
11.008771929824722 59
11.070175438596653 18
11.184210526315955 7
11.219298245614201 58
11.254385964912448 40
11.289473684210694 38
11.31578947368438 25
11.31578947368438 27
11.350877192982626 50
11.377192982456311 54
11.412280701754558 24
11.42105263157912 42
11.438596491228243 3
11.447368421052804 34
11.48245614035105 6
11.491228070175612 11
11.508771929824736 18
11.526315789473859 17
11.53508771929842 1
11.701754385965092 5
11.763157894737024 36
11.79824561403527 47
11.912280701754572 7
11.973684210526503 11
12.017543859649312 15
12.017543859649312 53
12.052631578947558 9
12.175438596491421 11
12.210526315789668 6
12.245614035087915 14
12.2719298245616 16
12.280701754386161 24
12.298245614035284 18
12.32456140350897 17
12.342105263158093 44
12.42982456140371 10
12.456140350877394 12
12.456140350877394 43
12.570175438596696 5
12.64912280701775 7
12.64912280701775 25
12.64912280701775 48
12.657894736842312 36
12.728070175438805 0
12.780701754386175 3
12.833333333333545 45
12.9122807017546 8
12.938596491228285 6
12.982456140351093 20
13.026315789473902 4
13.043859649123025 57
13.052631578947587 11
13.052631578947587 42
13.087719298245833 59
13.131578947368642 2
13.131578947368642 17
13.149122807017765 5
13.149122807017765 24
13.298245614035313 11
13.307017543859875 44
13.324561403508998 15
13.377192982456368 7
13.535087719298478 22
13.5526315789476 36
13.622807017544094 47
13.666666666666902 6
13.850877192982697 9
13.877192982456382 23
13.929824561403752 17
13.982456140351122 25
13.982456140351122 25
14.017543859649368 24
14.017543859649368 41
14.070175438596738 29
14.0789473684213 50
14.105263157894985 7
14.114035087719547 44
14.122807017544108 3
14.140350877193232 12
14.39473684210552 6
14.44736842105289 36
14.570175438596753 18
14.578947368421314 27
14.631578947368684 15
14.66666666666693 11
14.728070175438862 17
14.833333333333602 7
14.859649122807287 48
14.868421052631849 1
14.885964912280972 24
15.105263157895013 4
15.114035087719575 26
15.114035087719575 43
15.122807017544137 6
15.166666666666945 59
15.184210526316068 16
15.210526315789753 18
15.254385964912561 8
15.263157894737123 58
15.315789473684493 25
15.342105263158178 36
15.429824561403795 5
15.447368421052918 47
15.464912280702041 3
15.50877192982485 42
15.526315789473973 17
15.543859649123096 57
15.56140350877222 7
15.622807017544151 44
15.631578947368713 28
15.640350877193274 9
15.72807017543889 5
15.754385964912576 24
15.850877192982754 6
15.877192982456439 18
15.885964912281 14
15.903508771930124 37
15.903508771930124 54
15.93859649122837 15
15.93859649122837 15
15.956140350877494 0
16.000000000000302 20
16.026315789473987 40
16.078947368421357 34
16.122807017544165 5
16.236842105263467 36
16.289473684210837 7
16.324561403509083 17
16.42105263157926 32
16.447368421052946 38
16.46491228070207 41
16.47368421052663 1
16.47368421052663 44
16.57894736842137 6
16.614035087719618 29
16.62280701754418 24
16.63157894736874 18
16.649122807017864 25
16.649122807017864 43
16.666666666666988 2
16.67543859649155 50
16.68421052631611 11
16.719298245614358 59
16.807017543859974 3
17.017543859649454 7
17.070175438596824 42
17.078947368421385 11
17.114035087719632 5
17.122807017544194 17
17.131578947368755 36
17.184210526316125 4
17.245614035088057 15
17.289473684210865 47
17.30701754385999 6
17.333333333333673 44
17.359649122807358 8
17.385964912281043 12
17.394736842105605 27
17.438596491228413 9
17.447368421052975 56
17.491228070175783 24
17.596491228070523 1
17.710526315789824 11
17.74561403508807 7
17.807017543860002 59
17.824561403509126 45
17.868421052631934 22
17.868421052631934 22
17.921052631579304 17
17.921052631579304 17
17.982456140351236 25
18.026315789474044 36
18.035087719298605 6
18.096491228070537 16
18.149122807017907 3
18.21052631578984 44
18.26315789473721 0
18.28070175438633 42
18.359649122807387 24
18.37719298245651 20
18.37719298245651 57
18.473684210526688 7
18.552631578947743 15
18.684210526316168 29
18.719298245614414 17
18.75438596491266 53
18.763157894737223 6
18.90350877193021 59
18.91228070175477 23
18.921052631579332 36
19.12280701754425 41
19.12280701754425 47
19.131578947368812 5
19.140350877193374 18
19.184210526316182 12
19.201754385965305 7
19.22807017543899 24
19.236842105263552 9
19.263157894737237 4
19.315789473684607 25
19.473684210526716 18
19.49122807017584 3
19.49122807017584 6
19.508771929824963 17
19.517543859649525 42
19.526315789474086 14
19.666666666667073 5
19.719298245614443 29
19.745614035088128 11
19.798245614035498 39
19.81578947368462 36
19.85964912280743 15
19.929824561403922 7
20.0263157894741 27
20.096491228070594 24
20.12280701754428 11
20.192982456140772 58
20.201754385965334 2
20.219298245614457 6
20.23684210526358 1
20.28947368421095 18
20.298245614035512 17
20.473684210526745 26
20.50877192982499 43
20.517543859649553 48
20.543859649123238 40
20.596491228070608 54
20.60526315789517 11
20.649122807017978 25
20.6666666666671 7
20.6666666666671 28
20.71052631578991 36
20.789473684210964 0
20.833333333333773 3
20.87719298245658 37
20.938596491228513 47
20.947368421053074 6
20.956140350877636 42
20.964912280702197 24
21.008771929825006 16
21.008771929825006 20
21.070175438596937 9
21.070175438596937 57
21.096491228070622 17
21.105263157895184 50
21.122807017544307 34
21.166666666667115 15
21.175438596491677 5
21.175438596491677 44
21.34210526315835 4
21.39473684210572 7
21.473684210526773 41
21.526315789474143 12
21.596491228070636 11
21.605263157895198 36
21.67543859649169 6
21.72807017543906 8
21.789473684210993 18
21.8333333333338 24
21.88596491228117 17
21.93859649122854 59
21.956140350877664 44
21.98245614035135 25
22.000000000000473 56
22.122807017544336 7
22.122807017544336 22
22.14035087719346 32
22.157894736842582 11
22.175438596491706 3
22.219298245614514 42
22.289473684211007 45
22.385964912281185 38
22.40350877193031 6
22.4736842105268 15
22.500000000000487 36
22.50877192982505 18
22.596491228070665 5
22.67543859649172 48
22.68421052631628 17
22.701754385965405 24
22.754385964912775 12
22.754385964912775 47
22.850877192982953 7
22.859649122807514 18
22.868421052632076 9
22.929824561404008 44
23.008771929825063 18
23.008771929825063 23
23.10526315789524 1
23.131578947368926 6
23.15789473684261 5
23.15789473684261 14
23.25438596491279 11
23.271929824561912 53
23.289473684211035 18
23.31578947368472 25
23.31578947368472 43
23.35964912280753 20
23.394736842105775 36
23.42105263157946 4
23.482456140351392 17
23.51754385964964 3
23.53508771929876 50
23.552631578947885 11
23.57017543859701 24
23.57017543859701 44
23.57894736842157 7
23.6403508771935 29
23.73684210526368 2
23.780701754386488 15
23.78947368421105 5
23.78947368421105 27
23.807017543860173 58
23.833333333333858 10
23.859649122807543 6
23.912280701754913 44
23.921052631579474 16
24.131578947368954 1
24.201754385965447 42
24.245614035088256 41
24.280701754386502 17
24.289473684211064 36
24.31578947368475 7
24.31578947368475 57
24.438596491228612 24
24.447368421053174 39
24.48245614035142 8
24.552631578947913 44
24.570175438597037 47
24.58771929824616 6
24.59649122807072 0
24.64912280701809 25
24.657894736842653 9
24.75438596491283 18
24.789473684211078 11
24.85964912280757 3
25.043859649123366 7
25.043859649123366 18
25.052631578947928 40
25.07017543859705 17
25.087719298246174 15
25.184210526316352 36
25.307017543860216 24
25.315789473684777 6
25.350877192983024 54
25.456140350877764 5
25.500000000000572 4
25.58771929824619 42
25.59649122807075 26
25.605263157895312 29
25.622807017544435 1
25.71052631579005 28
25.76315789473742 45
25.771929824561983 7
25.850877192983038 37
25.86842105263216 17
25.903508771930408 34
25.982456140351463 25
26.043859649123394 6
26.07894736842164 12
26.07894736842164 36
26.096491228070764 20
26.17543859649182 24
26.18421052631638 59
26.192982456140943 11
26.201754385965504 3
26.307017543860244 5
26.368421052632176 22
26.377192982456737 41
26.39473684210586 11
26.39473684210586 15
26.39473684210586 47
26.44736842105323 9
26.5000000000006 7
26.526315789474285 48
26.59649122807078 11
26.59649122807078 27
26.640350877193587 5
26.64912280701815 8
26.666666666667272 17
26.71052631579008 1
26.77192982456201 6
26.789473684211135 11
26.789473684211135 14
26.833333333333943 16
26.903508771930436 42
26.938596491228683 43
26.97368421052693 36
26.98245614035149 11
27.043859649123423 24
27.175438596491848 11
27.210526315790094 29
27.228070175439218 7
27.271929824562026 2
27.280701754386588 12
27.315789473684834 25
27.333333333333957 38
27.368421052632204 11
27.40350877193045 53
27.421052631579574 23
27.464912280702382 17
27.50000000000063 6
27.517543859649752 5
27.543859649123437 3
27.56140350877256 11
27.578947368421684 4
27.596491228070807 57
27.684210526316424 10
27.701754385965547 15
27.754385964912917 11
27.859649122807657 32
27.86842105263222 36
27.912280701755027 24
27.947368421053273 11
27.956140350877835 7
28.070175438597136 18
28.14035087719363 11
28.210526315790123 47
28.228070175439246 6
28.236842105263808 9
28.263157894737493 17
28.280701754386616 39
28.333333333333986 11
28.35087719298311 59
28.385964912281356 0
28.394736842105917 12
28.438596491228726 20
28.526315789474342 11
28.56140350877259 42
28.649122807018205 25
28.66666666666733 18
28.67543859649189 58
28.684210526316452 7
28.710526315790137 48
28.7192982456147 11
28.763157894737507 36
28.78070175438663 24
28.868421052632247 41
28.88596491228137 3
28.903508771930493 8
28.912280701755055 11
28.956140350877863 6
29.008771929825233 15
29.061403508772603 1
29.061403508772603 17
29.078947368421726 50
29.10526315789541 11
29.25438596491296 18
29.26315789473752 29
29.298245614035768 11
29.41228070175507 7
29.491228070176124 11
29.508771929825247 12
29.543859649123494 45
29.57894736842174 40
29.649122807018234 24
29.657894736842795 4
29.657894736842795 36
29.68421052631648 6
29.68421052631648 11
29.745614035088412 16
29.763157894737535 27
29.83333333333403 18
29.850877192983152 17
29.877192982456837 11
29.89473684210596 43
29.982456140351577 25
30.017543859649823 42
30.026315789474385 9
30.035087719298946 47
30.070175438597193 11
30.078947368421755 1
30.078947368421755 56
30.140350877193686 7
30.184210526316495 59
30.228070175439303 3
30.236842105263865 57
30.26315789473755 11
30.31578947368492 15
30.32456140350948 34
30.412280701755098 6
30.42105263157966 14
30.456140350877906 11
30.464912280702467 18
30.491228070176152 5
30.500000000000714 26
30.517543859649837 24
30.53508771929896 54
30.552631578948084 36
30.614035087720016 22
30.622807017544577 12
30.649122807018262 11
30.649122807018262 17
30.74561403508844 28
30.754385964913002 5
30.780701754386687 20
30.807017543860372 2
30.824561403509495 37
30.84210526315862 11
30.868421052632304 7
30.938596491228797 48
31.00000000000073 18
31.035087719298975 11
31.06140350877266 8
31.140350877193715 6
31.140350877193715 53
31.22807017543933 11
31.307017543860386 0
31.307017543860386 5
31.315789473684948 25
31.38596491228144 24
31.403508771930564 23
31.421052631579688 11
31.447368421053373 17
31.447368421053373 36
31.526315789474427 43
31.53508771929899 10
31.570175438597236 3
31.59649122807092 7
31.614035087720044 11
31.622807017544606 15
31.6929824561411 41
31.736842105263907 4
31.736842105263907 12
31.771929824562154 1
31.8070175438604 11
31.8070175438604 59
31.815789473684962 9
31.85087719298321 47
31.868421052632332 6
32.00000000000075 11
32.008771929825315 42
32.19298245614111 11
32.19298245614111 32
32.219298245614794 5
32.24561403508848 17
32.25438596491304 24
32.324561403509534 7
32.34210526315866 36
32.377192982456904 29
32.385964912281466 11
32.4473684210534 39
32.57894736842182 11
32.596491228070946 6
32.649122807018315 25
32.65789473684288 16
32.745614035088494 38
32.745614035088494 57
32.77192982456218 11
32.78070175438674 58
32.7894736842113 1
32.85087719298323 12
32.912280701755165 3
32.92982456140429 15
32.964912280702535 11
33.04385964912359 17
33.05263157894815 7
33.06140350877271 44
33.11403508772008 20
33.122807017544645 24
33.15789473684289 11
33.16666666666745 59
33.236842105263946 36
33.32456140350956 6
33.35087719298325 11
33.36842105263237 8
33.447368421053426 43
33.447368421053426 50
33.543859649123604 11
33.552631578948166 5
33.57894736842185 0
33.58771929824641 18
33.596491228070974 29
33.605263157895536 9
33.66666666666747 47
33.73684210526396 11
33.78070175438677 7
33.79824561403589 27
33.815789473685015 4
33.8421052631587 17
33.8421052631587 17
33.92982456140432 11
33.96491228070256 12
33.98245614035169 25
33.99122807017625 24
34.03508771929906 18
34.05263157894818 6
34.05263157894818 14
34.12280701754467 11
34.131578947369235 36
34.236842105263975 15
34.2543859649131 3
34.31578947368503 11
34.342105263158714 2
34.447368421053454 48
34.508771929825386 7
34.508771929825386 11
34.508771929825386 18
34.51754385964995 40
34.64035087719381 17
34.68421052631662 34
34.70175438596574 11
34.7807017543868 6
34.78947368421136 18
34.85964912280785 22
34.85964912280785 24
34.8947368421061 11
35.02631578947452 36
35.07894736842189 12
35.087719298246455 11
35.22807017543944 5
35.236842105264 7
35.245614035088565 1
35.28070175438681 11
35.31578947368506 25
35.33333333333418 26
35.39473684210611 9
35.4210526315798 10
35.43859649122892 17
35.44736842105348 20
35.44736842105348 59
35.47368421052717 11
35.49122807017629 47
35.508771929825414 6
35.54385964912366 15
35.561403508772784 42
35.570175438597346 16
35.59649122807103 3
35.622807017544716 23
35.622807017544716 41
35.6491228070184 29
35.666666666667524 11
35.728070175439456 24
35.74561403508858 8
35.771929824562264 44
35.780701754386826 28
35.79824561403595 37
35.85964912280788 11
35.89473684210613 4
35.90350877193069 53
35.92105263157981 36
35.96491228070262 7
36.05263157894824 11
36.08771929824648 44
36.16666666666754 43
36.19298245614122 12
36.23684210526403 6
36.23684210526403 17
36.24561403508859 11
36.32456140350965 50
36.38596491228158 5
36.38596491228158 57
36.43859649122895 11
36.53508771929913 45
36.54385964912369 59
36.56140350877281 32
36.59649122807106 24
36.631578947369306 11
36.64912280701843 25
36.64912280701843 25
36.69298245614124 7
36.75438596491317 0
36.780701754386854 58
36.8157894736851 1
36.8157894736851 36
36.82456140350966 11
36.85087719298335 15
36.9298245614044 5
36.938596491228964 3
36.938596491228964 48
36.96491228070265 6
37.01754385965002 11
37.03508771929914 17
37.17543859649213 5
37.17543859649213 27
37.18421052631669 9
37.210526315790375 11
37.30701754386055 12
37.324561403509676 47
37.35087719298336 29
37.40350877193073 11
37.421052631579855 7
37.46491228070266 24
37.59649122807109 11
37.631578947369334 38
37.631578947369334 42
37.67543859649214 41
37.684210526316704 14
37.692982456141266 6
37.71052631579039 36
37.78070175438688 20
37.789473684211444 11
37.83333333333425 17
37.842105263158814 18
37.87719298245706 2
37.97368421052724 4
37.9824561403518 8
37.9824561403518 11
37.9824561403518 25
38.08771929824654 43
38.14912280701847 7
38.15789473684303 15
38.17543859649216 11
38.20175438596584 54
38.2807017543869 3
38.33333333333427 24
38.36842105263251 11
38.42105263157988 6
38.42105263157988 12
38.482456140351815 16
38.56140350877287 11
38.60526315789568 36
38.63157894736936 17
38.67543859649217 59
38.745614035088664 29
38.754385964913226 11
38.87719298245709 7
38.89473684210621 40
38.93859649122902 48
38.94736842105358 11
38.97368421052727 9
39.00000000000095 5
39.07894736842201 34
39.10526315789569 22
39.14035087719394 11
39.14035087719394 47
39.1491228070185 6
39.20175438596587 24
39.27192982456236 10
39.280701754386925 50
39.31578947368517 25
39.333333333334295 11
39.40350877193079 42
39.42982456140447 17
39.46491228070272 1
39.46491228070272 15
39.500000000000966 0
39.500000000000966 36
39.51754385965009 23
39.52631578947465 11
39.53508771929921 12
39.605263157895706 7
39.62280701754483 3
39.62280701754483 5
39.71929824561501 11
39.71929824561501 59
39.868421052632556 44
39.87719298245712 6
39.912280701755364 11
39.93859649122905 27
40.05263157894835 4
40.070175438597474 24
40.10526315789572 11
40.11403508772028 20
40.14035087719397 43
40.16666666666765 45
40.22807017543958 17
40.29824561403608 11
40.33333333333432 7
40.394736842106255 36
40.41228070175538 44
40.42105263157994 26
40.49122807017643 11
40.605263157895735 6
40.64912280701854 12
40.64912280701854 25
40.67543859649223 58
40.68421052631679 11
40.771929824562406 9
40.771929824562406 15
40.771929824562406 37
40.815789473685214 28
40.877192982457146 11
40.93859649122908 24
40.9561403508782 1
40.96491228070276 3
40.973684210527324 47
41.026315789474694 17
41.04385964912382 53
41.06140350877294 7
41.0701754385975 11
41.0701754385975 11
41.087719298246625 32
41.10526315789575 57
41.11403508772031 41
41.15789473684312 42
41.26315789473786 11
41.28947368421154 36
41.31578947368523 14
41.31578947368523 29
41.33333333333435 6
41.39473684210628 16
41.41228070175541 2
41.456140350878215 11
41.49122807017646 5
41.63157894736945 5
41.64912280701857 11
41.70175438596594 59
41.76315789473787 12
41.79824561403612 7
41.80701754386068 24
41.824561403509804 17
41.84210526315893 11
41.8947368421063 48
41.96491228070279 0
41.982456140351914 25
42.035087719299284 11
42.06140350877297 6
42.07894736842209 15
42.13157894736946 4
42.18421052631683 36
42.22807017543964 11
42.307017543860695 3
42.42105263158 11
42.43859649122912 18
42.44736842105368 20
42.464912280702805 5
42.517543859650175 54
42.52631578947474 7
42.56140350877298 56
42.570175438597545 9
42.61403508772035 11
42.622807017544915 17
42.675438596492285 24
42.70175438596597 1
42.789473684211586 6
42.789473684211586 47
42.80701754386071 11
42.8771929824572 12
43.000000000001066 11
43.02631578947475 27
43.07894736842212 8
43.07894736842212 36
43.12280701754493 10
43.157894736843176 59
43.19298245614142 11
43.201754385965984 50
43.254385964913354 7
43.315789473685285 25
43.35087719298353 22
43.38596491228178 11
43.38596491228178 15
43.421052631580025 17
43.46491228070283 41
43.5175438596502 6
43.526315789474765 23
43.54385964912389 24
43.578947368422135 11
43.61403508772038 42
43.631578947369505 5
43.64035087719407 34
43.64912280701863 3
43.67543859649231 43
43.736842105264245 44
43.75438596491337 57
43.77192982456249 11
43.86842105263267 40
43.96491228070285 11
43.97368421052741 36
43.98245614035197 7
43.99122807017653 12
44.14912280701864 18
44.157894736843204 11
44.210526315790574 4
44.210526315790574 17
44.24561403508882 6
44.271929824562505 59
44.30701754386075 16
44.35087719298356 11
44.35964912280812 9
44.39473684210637 45
44.41228070175549 24
44.46491228070286 29
44.54385964912392 11
44.62280701754497 47
44.64912280701866 25
44.692982456141465 15
44.71052631579059 7
44.73684210526427 11
44.78070175438708 20
44.8684210526327 36
44.92982456140463 11
44.94736842105375 2
44.94736842105375 14
44.97368421052744 6
44.99122807017656 3
45.008771929825684 17
45.02631578947481 38
45.10526315789586 12
45.114035087720424 44
45.122807017544986 11
45.2105263157906 48
45.280701754387096 24
45.30701754386078 53
45.31578947368534 11
45.36842105263271 39
45.3947368421064 42
45.44736842105377 7
45.44736842105377 32
45.44736842105377 43
45.5087719298257 11
45.649122807018685 44
45.701754385966055 6
45.701754385966055 11
45.71929824561518 0
45.74561403508886 37
45.76315789473799 36
45.807017543860795 17
45.859649122808165 28
45.89473684210641 11
45.98245614035203 18
45.98245614035203 25
45.98245614035203 25
46.00000000000115 1
46.00000000000115 15
46.08771929824677 11
46.14035087719414 58
46.1491228070187 24
46.15789473684326 9
46.175438596492384 7
46.184210526316946 26
46.184210526316946 57
46.21929824561519 12
46.280701754387124 11
46.289473684211686 4
46.289473684211686 56
46.333333333334494 3
46.42982456140467 6
46.438596491229234 47
46.47368421052748 11
46.47368421052748 29
46.552631578948535 18
46.58771929824678 41
46.59649122807134 17
46.657894736843275 36
46.66666666666784 11
46.74561403508889 44
46.77192982456258 42
46.85964912280819 11
46.903508771931 7
46.929824561404686 8
46.94736842105381 50
46.973684210527495 10
47.0175438596503 18
47.0175438596503 24
47.05263157894855 11
47.11403508772048 20
47.131578947369604 54
47.15789473684329 6
47.21929824561522 16
47.245614035088906 11
47.30701754386084 15
47.30701754386084 27
47.3157894736854 25
47.33333333333452 12
47.38596491228189 23
47.394736842106454 17
47.43859649122926 11
47.48245614035207 48
47.552631578948564 36
47.59649122807137 22
47.60526315789593 59
47.63157894736962 7
47.63157894736962 11
47.67543859649243 3
47.67543859649243 44
47.824561403509975 11
47.86842105263278 29
47.885964912281906 6
47.885964912281906 24
47.90350877193103 43
47.92105263158015 1
47.929824561404715 39
47.94736842105384 9
48.00877192982577 42
48.01754385965033 11
48.192982456141564 17
48.21052631579069 11
48.254385964913496 47
48.28070175438718 0
48.350877192983674 18
48.359649122808236 7
48.3684210526328 4
48.403508771931044 11
48.44736842105385 12
48.44736842105385 36
48.4824561403521 2
48.57894736842228 14
48.58771929824684 45
48.5964912280714 11
48.614035087720524 6
48.614035087720524 15
48.64912280701877 25
48.7105263157907 18
48.75438596491351 24
48.78947368421176 11
48.96491228070299 40
48.98245614035211 11
48.991228070176675 17
49.01754385965036 3
49.08771929824685 7
49.11403508772054 1
49.14035087719422 41
49.149122807018784 5
49.17543859649247 11
49.19298245614159 53
49.24561403508896 5
49.33333333333458 34
49.34210526315914 6
49.34210526315914 36
49.359649122808264 29
49.368421052632826 11
49.38596491228195 50
49.44736842105388 20
49.473684210527566 48
49.50877192982581 42
49.56140350877318 11
49.56140350877318 12
49.59649122807143 8
49.622807017545114 24
49.684210526317045 57
49.736842105264415 9
49.75438596491354 11
49.75438596491354 58
49.789473684211785 17
49.81578947368547 7
49.92105263158021 15
49.92105263158021 44
49.947368421053895 11
49.947368421053895 43
49.98245614035214 25
50.07017543859776 6
50.07017543859776 47
50.13157894736969 16
50.13157894736969 32
50.14035087719425 11
50.23684210526443 36
50.33333333333461 11
50.35964912280829 3
50.35964912280829 27
50.44736842105391 4
50.49122807017672 24
50.526315789474964 11
50.54385964912409 7
50.587719298246896 17
50.67543859649251 12
50.71929824561532 11
50.71929824561532 37
50.71929824561532 59
50.798245614036375 6
50.82456140351006 10
50.89473684210655 28
50.91228070175568 11
51.10526315789603 11
51.122807017545156 1
51.13157894736972 36
51.228070175439896 15
51.23684210526446 41
51.23684210526446 42
51.271929824562704 7
51.29824561403639 11
51.29824561403639 23
51.31578947368551 25
51.324561403510074 56
51.35964912280832 24
51.385964912282006 17
51.40350877193113 29
51.44736842105394 38
51.491228070176746 11
51.52631578947499 6
51.52631578947499 9
51.6842105263171 11
51.692982456141664 59
51.701754385966225 3
51.78070175438728 20
51.78947368421184 12
51.807017543860965 18
51.84210526315921 22
51.85087719298377 54
51.859649122808335 44
51.87719298245746 11
51.90350877193114 47
51.92982456140483 26
51.964912280703075 45
52.00877192982588 7
52.017543859650445 2
52.02631578947501 36
52.070175438597815 11
52.14912280701887 57
52.184210526317116 17
52.184210526317116 48
52.19298245614168 18
52.2105263157908 14
52.228070175439925 24
52.25438596491361 6
52.26315789473817 11
52.35964912280835 44
52.385964912282034 5
52.45614035087853 11
52.52631578947502 4
52.52631578947502 18
52.53508771929958 15
52.53508771929958 50
52.649122807018884 11
52.649122807018884 25
52.69298245614169 59
52.74561403508906 7
52.84210526315924 11
52.88596491228205 53
52.90350877193117 12
52.921052631580295 36
52.98245614035223 6
52.98245614035223 17
52.99122807017679 42
53.00000000000135 18
53.0350877192996 11
53.04385964912416 3
53.04385964912416 16
53.09649122807153 24
53.184210526317145 27
53.21052631579083 40
53.22807017543995 11
53.298245614036446 8
53.31578947368557 9
53.36842105263294 41
53.36842105263294 44
53.42105263158031 11
53.47368421052768 7
53.54385964912417 5
53.614035087720666 11
53.64912280701891 5
53.710526315790844 6
53.719298245615406 47
53.73684210526453 5
53.78070175438734 17
53.80701754386102 11
53.815789473685584 36
53.84210526315927 15
53.868421052632954 43
53.95614035087857 5
53.96491228070313 24
53.982456140352255 25
53.99122807017682 29
54.00000000000138 11
54.0175438596505 12
54.035087719299625 58
54.11403508772068 20
54.192982456141735 11
54.2017543859663 7
54.254385964913666 32
54.27192982456279 59
54.28947368421191 1
54.28947368421191 39
54.38596491228209 3
54.38596491228209 11
54.43859649122946 6
54.57894736842245 11
54.57894736842245 17
54.60526315789613 4
54.63157894736982 5
54.6578947368435 0
54.675438596492626 10
54.71052631579087 36
54.771929824562804 11
54.833333333334735 24
54.929824561404914 7
54.96491228070316 11
55.043859649124215 57
55.05263157894878 5
55.05263157894878 44
55.10526315789615 9
55.13157894736983 12
55.149122807018955 15
55.15789473684352 11
55.16666666666808 6
55.201754385966325 23
55.26315789473826 59
55.315789473685626 25
55.34210526315931 18
55.35087719298387 11
55.368421052632996 17
55.517543859650544 1
55.53508771929967 47
55.54385964912423 11
55.55263157894879 2
55.5964912280716 45
55.60526315789616 36
55.65789473684353 7
55.66666666666809 50
55.69298245614178 37
55.70175438596634 24
55.728070175440024 3
55.736842105264586 11
55.842105263159326 14
55.86842105263301 29
55.885964912282134 18
55.894736842106695 6
55.92982456140494 11
55.92982456140494 28
55.95614035087863 16
56.043859649124244 5
56.08771929824705 22
56.1228070175453 11
56.16666666666811 17
56.22807017544004 44
56.24561403508916 12
56.315789473685655 11
56.38596491228215 7
56.421052631580395 41
56.429824561404956 18
56.44736842105408 20
56.45614035087864 15
56.4649122807032 43
56.473684210527765 54
56.50000000000145 36
56.50877192982601 11
56.535087719299696 44
56.57017543859794 24
56.62280701754531 6
56.649122807019 1
56.649122807019 25
56.649122807019 53
56.684210526317244 4
56.70175438596637 11
56.71052631579093 42
56.798245614036546 34
56.894736842106724 11
56.903508771931286 9
56.96491228070322 17
56.97368421052778 48
57.02631578947515 5
57.061403508773395 18
57.07017543859796 3
57.08771929824708 11
57.09649122807164 38
57.1052631578962 8
57.114035087720765 7
57.24561403508919 5
57.28070175438744 11
57.33333333333481 56
57.35087719298393 6
57.35087719298393 47
57.35964912280849 12
57.39473684210674 36
57.438596491229546 24
57.46491228070323 27
57.47368421052779 11
57.50000000000148 26
57.55263157894885 58
57.57017543859797 29
57.66666666666815 11
57.71929824561552 40
57.76315789473833 15
57.76315789473833 17
57.84210526315938 7
57.859649122808506 11
57.903508771931314 5
57.964912280703246 59
57.97368421052781 57
57.98245614035237 25
58.017543859650615 39
58.05263157894886 11
58.07894736842255 6
58.24561403508922 11
58.24561403508922 11
58.2719298245629 43
58.28947368421203 36
58.30701754386115 24
58.37719298245764 42
58.385964912282205 18
58.41228070175589 3
58.438596491229575 11
58.47368421052782 12
58.52631578947519 10
58.56140350877344 17
58.570175438598 7
58.63157894736993 11
58.69298245614186 9
58.710526315790986 29
58.763157894738356 4
58.78070175438748 20
58.807017543861164 6
58.82456140351029 11
58.868421052633096 16
59.017543859650644 11
59.070175438598014 15
59.08771929824714 2
59.0964912280717 32
59.131578947369945 23
59.14035087719451 45
59.16666666666819 47
59.175438596492754 24
59.184210526317315 36
59.210526315791 11
59.22807017544012 48
59.30701754386118 7
59.31578947368574 25
59.3245614035103 50
59.35964912280855 17
59.40350877193136 11
59.47368421052785 14
59.53508771929978 6
59.58771929824715 12
59.59649122807171 5
59.59649122807171 11
59.614035087720836 42
59.67543859649277 43
59.7368421052647 18
59.75438596491382 3
59.78947368421207 11
59.80701754386119 29
59.850877192984 8
59.85964912280856 44
59.9649122807033 41
59.982456140352426 11
