0.008771929824561403 33
0.008771929824561403 57
0.06140350877192982 58
0.09649122807017543 23
0.10526315789473684 42
0.11403508771929824 41
0.21929824561403508 15
0.31578947368421073 36
0.3333333333333336 12
0.3333333333333336 17
0.342105263157895 19
0.3684210526315793 7
0.40350877192982504 25
0.41228070175438647 55
0.4210526315789479 14
0.42982456140350933 6
0.42982456140350933 24
0.43859649122807076 28
0.4473684210526322 16
0.4561403508771936 5
0.4561403508771936 35
0.46491228070175505 22
0.4736842105263165 39
0.4824561403508779 20
0.5000000000000008 2
0.5438596491228079 47
0.5614035087719308 43
0.5789473684210537 44
0.6403508771929837 53
0.666666666666668 4
0.6842105263157908 11
0.728070175438598 38
0.9561403508771952 34
0.973684210526318 46
1.0701754385964937 48
1.096491228070178 3
1.157894736842108 6
1.1929824561403537 7
1.2280701754385994 24
1.2456140350877223 9
1.3596491228070209 36
1.421052631578951 30
1.421052631578951 32
1.4736842105263195 11
1.4912280701754423 12
1.4912280701754423 15
1.587719298245618 52
1.605263157894741 27
1.6140350877193024 1
1.8421052631578996 17
1.8421052631578996 44
1.8859649122807067 6
2.0087719298245665 7
2.026315789473689 24
2.061403508771934 43
2.201754385964913 26
2.2192982456140355 41
2.2280701754385968 25
2.2982456140350864 46
2.3333333333333313 19
2.403508771929821 36
2.4210526315789433 47
2.61403508771929 6
2.6315789473684124 3
2.6491228070175348 17
2.657894736842096 42
2.6842105263157796 12
2.7631578947368305 15
2.824561403508759 7
2.824561403508759 24
2.8859649122806874 39
3.087719298245595 57
3.245614035087697 16
3.3421052631578703 6
3.3859649122806763 58
3.4473684210526048 36
3.535087719298217 25
3.5701754385964617 19
3.587719298245584 20
3.622807017543829 17
3.622807017543829 24
3.6403508771929514 7
3.7631578947368083 44
3.8245614035087367 48
3.8508771929824204 11
3.885964912280665 4
3.9385964912280325 30
3.9736842105262773 14
3.9736842105262773 42
3.9912280701753997 11
4.008771929824523 10
4.0350877192982075 15
4.070175438596454 6
4.114035087719262 43
4.131578947368386 55
4.307017543859619 47
4.342105263157865 2
4.359649122806989 3
4.42105263157892 24
4.42105263157892 24
4.42105263157892 40
4.456140350877167 7
4.4912280701754135 36
4.754385964912263 11
4.798245614035071 6
4.815789473684195 22
4.885964912280688 23
4.973684210526304 9
5.043859649122798 19
5.175438596491222 17
5.175438596491222 27
5.192982456140346 25
5.201754385964907 46
5.219298245614031 24
5.271929824561401 7
5.280701754385962 53
5.2982456140350855 5
5.2982456140350855 15
5.333333333333332 52
5.342105263157894 8
5.368421052631579 28
5.5263157894736885 6
5.578947368421058 43
5.614035087719305 38
5.69298245614036 3
5.710526315789483 44
5.719298245614045 36
5.763157894736853 35
6.008771929824579 1
6.017543859649141 24
6.043859649122826 16
6.052631578947388 39
6.052631578947388 41
6.070175438596511 20
6.078947368421073 7
6.078947368421073 42
6.1578947368421275 33
6.1842105263158125 34
6.192982456140374 47
6.210526315789497 12
6.254385964912306 6
6.500000000000032 25
6.552631578947402 17
6.5614035087719635 15
6.728070175438635 30
6.745614035087758 9
6.763157894736882 36
6.8157894736842515 24
6.8157894736842515 58
6.885964912280745 7
6.982456140350923 6
7.026315789473731 3
7.070175438596539 11
7.087719298245663 4
7.087719298245663 4
7.210526315789526 11
7.394736842105321 45
7.403508771929882 37
7.403508771929882 55
7.464912280701814 26
7.491228070175499 14
7.543859649122869 12
7.6052631578948 11
7.614035087719362 24
7.640350877193047 19
7.6491228070176085 27
7.701754385964978 7
7.701754385964978 11
7.71052631578954 6
7.798245614035157 11
7.807017543859718 25
7.807017543859718 36
7.8245614035088416 15
7.833333333333403 2
8.017543859649198 44
8.043859649122883 11
8.096491228070253 47
8.140350877193061 19
8.149122807017623 1
8.149122807017623 11
8.2456140350878 11
8.333333333333417 46
8.342105263157979 11
8.359649122807102 3
8.412280701754472 24
8.421052631579034 42
8.438596491228157 6
8.447368421052719 11
8.517543859649212 7
8.552631578947459 11
8.552631578947459 20
8.587719298245705 12
8.649122807017637 11
8.675438596491322 32
8.745614035087815 11
8.842105263157993 11
8.842105263157993 16
8.850877192982555 36
8.903508771929925 41
8.938596491228171 11
9.026315789473788 23
9.03508771929835 11
9.08771929824572 15
9.114035087719405 25
9.131578947368528 11
9.157894736842213 22
9.166666666666774 6
9.184210526315898 17
9.210526315789583 24
9.219298245614144 4
9.228070175438706 11
9.228070175438706 39
9.236842105263268 49
9.324561403508884 11
9.333333333333446 7
9.421052631579062 1
9.421052631579062 11
9.51754385964924 11
9.614035087719419 11
9.631578947368542 12
9.640350877193104 57
9.657894736842227 48
9.692982456140474 3
9.710526315789597 11
9.72807017543872 46
9.807017543859775 11
9.894736842105392 6
9.894736842105392 36
9.903508771929953 11
9.929824561403638 44
9.973684210526446 47
10.000000000000131 11
10.008771929824693 24
10.04385964912294 19
10.09649122807031 11
10.09649122807031 27
10.14912280701768 7
10.175438596491365 58
10.192982456140488 11
10.20175438596505 30
10.271929824561543 29
10.289473684210666 11
10.289473684210666 28
10.333333333333474 56
10.350877192982598 15
10.385964912280844 11
10.41228070175453 53
10.42105263157909 25
10.482456140351022 11
10.552631578947516 44
10.561403508772077 34
10.570175438596639 17
10.5789473684212 1
10.5789473684212 11
10.622807017544009 6
10.675438596491379 11
10.675438596491379 12
10.692982456140502 55
10.73684210526331 42
10.73684210526331 50
10.771929824561557 11
10.807017543859804 24
10.868421052631735 11
10.938596491228228 36
10.964912280701913 7
10.964912280701913 11
10.991228070175598 19
10.991228070175598 20
11.00000000000016 14
11.026315789473845 3
11.061403508772091 11
11.15789473684227 11
11.166666666666831 46
11.21052631578964 10
11.254385964912448 11
11.324561403508941 2
11.324561403508941 41
11.350877192982626 4
11.350877192982626 6
11.350877192982626 11
11.394736842105434 33
11.447368421052804 11
11.543859649122982 11
11.605263157894914 24
11.614035087719476 15
11.631578947368599 1
11.64035087719316 11
11.64035087719316 16
11.719298245614215 12
11.728070175438777 25
11.736842105263339 11
11.780701754386147 7
11.833333333333517 11
11.885964912280887 47
11.90350877193001 38
11.929824561403695 11
11.982456140351065 36
12.00877192982475 48
12.026315789473873 11
12.078947368421243 6
12.078947368421243 43
12.122807017544051 11
12.21929824561423 11
12.254385964912476 35
12.307017543859846 57
12.315789473684408 11
12.342105263158093 17
12.359649122807216 3
12.37719298245634 19
12.37719298245634 37
12.37719298245634 49
12.403508771930024 24
12.403508771930024 24
12.412280701754586 11
12.508771929824764 11
12.508771929824764 11
12.53508771929845 52
12.54385964912301 27
12.552631578947572 46
12.59649122807038 7
12.605263157894942 11
12.70175438596512 11
12.763157894737052 12
12.780701754386175 42
12.789473684210737 9
12.798245614035299 11
12.80701754385986 6
12.850877192982669 44
12.877192982456354 15
12.894736842105477 11
12.991228070175655 11
13.026315789473902 36
13.035087719298463 25
13.043859649123025 5
13.087719298245833 11
13.149122807017765 50
13.184210526316011 11
13.201754385965135 24
13.201754385965135 32
13.22807017543882 30
13.245614035087943 17
13.245614035087943 23
13.28070175438619 11
13.377192982456368 11
13.412280701754614 7
13.429824561403738 20
13.4385964912283 39
13.473684210526546 11
13.482456140351108 4
13.482456140351108 22
13.535087719298478 6
13.570175438596724 11
13.666666666666902 11
13.692982456140587 3
13.754385964912519 47
13.76315789473708 11
13.771929824561642 44
13.807017543859889 12
13.850877192982697 5
13.859649122807259 11
13.859649122807259 46
13.956140350877437 11
14.000000000000245 24
14.043859649123053 58
14.052631578947615 11
14.070175438596738 36
14.070175438596738 43
14.0789473684213 17
14.096491228070423 19
14.140350877193232 15
14.149122807017793 11
14.228070175438848 7
14.228070175438848 56
14.245614035087971 11
14.263157894737095 6
14.280701754386218 42
14.34210526315815 11
14.34210526315815 25
14.39473684210552 48
14.438596491228328 1
14.438596491228328 11
14.438596491228328 16
14.508771929824821 14
14.535087719298506 11
14.561403508772191 9
14.631578947368684 11
14.728070175438862 11
14.763157894737109 44
14.798245614035356 24
14.815789473684479 2
14.82456140350904 11
14.850877192982725 12
14.87719298245641 40
14.885964912280972 17
14.921052631579219 11
14.991228070175712 6
15.017543859649397 11
15.026315789473959 3
15.043859649123082 7
15.043859649123082 19
15.043859649123082 27
15.114035087719575 11
15.114035087719575 36
15.201754385965192 55
15.210526315789753 11
15.210526315789753 28
15.307017543859931 11
15.307017543859931 46
15.40350877193011 11
15.40350877193011 15
15.412280701754671 57
15.500000000000288 11
15.543859649123096 53
15.596491228070466 11
15.596491228070466 24
15.61403508771959 4
15.622807017544151 47
15.649122807017836 25
15.684210526316082 17
15.692982456140644 11
15.710526315789767 41
15.719298245614329 6
15.771929824561699 30
15.789473684210822 11
15.859649122807316 7
15.859649122807316 20
15.885964912281 11
15.894736842105562 12
15.982456140351179 11
16.008771929824864 39
16.078947368421357 11
16.114035087719603 33
16.15789473684241 36
16.15789473684241 44
16.175438596491535 11
16.271929824561713 11
16.31578947368452 19
16.350877192982768 26
16.35964912280733 3
16.36842105263189 11
16.394736842105576 24
16.429824561403823 9
16.447368421052946 6
16.456140350877508 10
16.46491228070207 11
16.482456140351193 17
16.561403508772248 11
16.587719298245933 19
16.649122807017864 46
16.657894736842426 11
16.666666666666988 15
16.67543859649155 7
16.754385964912604 11
16.850877192982782 11
16.929824561403837 1
16.929824561403837 43
16.9385964912284 12
16.94736842105296 11
16.956140350877522 25
17.00000000000033 52
17.026315789474015 34
17.04385964912314 11
17.140350877193317 11
17.175438596491563 6
17.184210526316125 42
17.192982456140687 24
17.192982456140687 38
17.192982456140687 50
17.20175438596525 36
17.236842105263495 11
17.236842105263495 16
17.280701754386303 17
17.333333333333673 11
17.342105263158235 48
17.350877192982797 37
17.359649122807358 49
17.42982456140385 11
17.491228070175783 7
17.491228070175783 44
17.491228070175783 47
17.52631578947403 11
17.53508771929859 35
17.5789473684214 27
17.622807017544208 11
17.6929824561407 3
17.719298245614386 11
17.74561403508807 4
17.771929824561756 32
17.815789473684564 11
17.815789473684564 22
17.90350877193018 6
17.912280701754742 11
17.929824561403866 15
17.95614035087755 58
17.982456140351236 12
17.991228070175797 24
18.00877192982492 11
18.017543859649482 14
18.026315789474044 19
18.078947368421414 17
18.087719298245975 44
18.096491228070537 1
18.1052631578951 11
18.15789473684247 9
18.201754385965277 11
18.245614035088085 36
18.26315789473721 25
18.289473684210893 20
18.298245614035455 11
18.307017543860017 2
18.307017543860017 7
18.32456140350914 5
18.394736842105633 11
18.394736842105633 30
18.49122807017581 11
18.578947368421428 39
18.58771929824599 11
18.614035087719675 19
18.631578947368798 6
18.64912280701792 46
18.684210526316168 11
18.780701754386346 11
18.789473684210908 24
18.79824561403547 29
18.824561403509154 57
18.877192982456524 11
18.877192982456524 17
18.973684210526702 11
19.026315789474072 3
19.026315789474072 12
19.043859649123196 43
19.07017543859688 11
19.07017543859688 19
19.12280701754425 7
19.149122807017935 45
19.16666666666706 11
19.192982456140744 15
19.263157894737237 11
19.289473684210922 36
19.359649122807415 6
19.359649122807415 11
19.368421052631977 47
19.456140350877593 11
19.55263157894777 11
19.570175438596895 25
19.587719298246018 24
19.60526315789514 50
19.64912280701795 11
19.675438596491635 17
19.719298245614443 23
19.728070175439004 55
19.745614035088128 11
19.842105263158306 11
19.85964912280743 41
19.85964912280743 48
19.877192982456553 4
19.877192982456553 9
19.938596491228484 7
19.938596491228484 11
20.0263157894741 19
20.0263157894741 27
20.035087719298662 11
20.035087719298662 16
20.07017543859691 12
20.087719298246032 6
20.13157894736884 11
20.13157894736884 28
20.22807017543902 11
20.23684210526358 1
20.23684210526358 44
20.324561403509197 11
20.324561403509197 52
20.33333333333376 36
20.359649122807443 3
20.38596491228113 24
20.421052631579375 11
20.45614035087762 15
20.473684210526745 17
20.517543859649553 11
20.61403508771973 11
20.622807017544293 49
20.71052631578991 11
20.71929824561447 20
20.745614035088156 44
20.754385964912718 7
20.807017543860088 11
20.81578947368465 6
20.842105263158334 30
20.87719298245658 25
20.903508771930266 11
21.000000000000444 11
21.000000000000444 39
21.096491228070622 11
21.114035087719746 12
21.18421052631624 24
21.1929824561408 11
21.24561403508817 47
21.271929824561855 17
21.28947368421098 11
21.333333333333787 46
21.35087719298291 1
21.377192982456595 36
21.377192982456595 58
21.385964912281157 11
21.39473684210572 19
21.482456140351335 11
21.51754385964958 14
21.51754385964958 56
21.543859649123267 6
21.56140350877239 43
21.57017543859695 7
21.578947368421513 11
21.578947368421513 42
21.649122807018006 9
21.67543859649169 11
21.692982456140815 3
21.7192982456145 15
21.77192982456187 11
21.798245614035554 2
21.8333333333338 19
21.868421052632048 11
21.868421052632048 48
21.964912280702226 11
21.964912280702226 57
21.98245614035135 24
22.008771929825034 4
22.008771929825034 4
22.017543859649596 33
22.017543859649596 50
22.061403508772404 11
22.070175438596966 17
22.122807017544336 41
22.14035087719346 22
22.157894736842582 11
22.157894736842582 12
22.184210526316267 25
22.25438596491276 11
22.271929824561884 6
22.324561403509254 37
22.35087719298294 11
22.368421052632062 38
22.385964912281185 7
22.41228070175487 1
22.421052631579432 36
22.447368421053117 11
22.543859649123295 11
22.57017543859698 26
22.640350877193473 11
22.710526315789966 27
22.73684210526365 11
22.78070175438646 24
22.83333333333383 11
22.83333333333383 16
22.83333333333383 19
22.868421052632076 17
22.929824561404008 11
22.929824561404008 32
22.982456140351378 15
23.0000000000005 6
23.026315789474186 3
23.026315789474186 11
23.035087719298748 35
23.078947368421556 52
23.114035087719802 47
23.122807017544364 11
23.14912280701805 20
23.15789473684261 30
23.175438596491734 53
23.20175438596542 7
23.20175438596542 12
23.219298245614542 11
23.31578947368472 11
23.385964912281214 55
23.403508771930337 9
23.4122807017549 11
23.42105263157946 31
23.46491228070227 36
23.491228070175953 25
23.508771929825077 11
23.543859649123323 42
23.57894736842157 24
23.57894736842157 34
23.596491228070693 23
23.605263157895255 11
23.62280701754438 46
23.666666666667187 17
23.68421052631631 49
23.701754385965433 11
23.710526315789995 19
23.728070175439118 6
23.79824561403561 11
23.859649122807543 48
23.89473684210579 11
23.991228070175968 11
24.017543859649653 7
24.06140350877246 5
24.087719298246146 11
24.140350877193516 4
24.184210526316324 11
24.21929824561457 41
24.21929824561457 43
24.245614035088256 12
24.245614035088256 15
24.280701754386502 11
24.307017543860187 57
24.350877192982995 1
24.359649122807557 3
24.37719298245668 11
24.37719298245668 24
24.42982456140405 50
24.456140350877735 6
24.464912280702297 17
24.47368421052686 11
24.491228070175982 5
24.508771929825105 36
24.570175438597037 11
24.657894736842653 42
24.666666666667215 11
24.68421052631634 40
24.763157894737393 11
24.79824561403564 25
24.833333333333886 7
24.842105263158448 58
24.85964912280757 11
24.95614035087775 11
24.95614035087775 19
25.000000000000558 47
25.00877192982512 29
25.01754385964968 14
25.052631578947928 11
25.052631578947928 28
25.149122807018106 9
25.149122807018106 11
25.149122807018106 46
25.157894736842668 27
25.17543859649179 24
25.184210526316352 6
25.201754385965476 19
25.245614035088284 11
25.245614035088284 11
25.263157894737407 17
25.289473684211092 2
25.289473684211092 12
25.342105263158462 11
25.43859649122864 11
25.447368421053202 19
25.456140350877764 30
25.508771929825134 15
25.53508771929882 11
25.552631578947942 36
25.578947368421627 20
25.631578947368997 11
25.631578947368997 16
25.64912280701812 7
25.69298245614093 3
25.69298245614093 19
25.728070175439175 11
25.824561403509353 11
25.842105263158476 48
25.842105263158476 48
25.91228070175497 6
25.92105263157953 11
25.938596491228655 19
25.9736842105269 24
26.01754385964971 11
26.061403508772518 17
26.105263157895326 25
26.114035087719888 11
26.18421052631638 19
26.210526315790066 11
26.263157894737436 43
26.271929824561997 4
26.307017543860244 11
26.307017543860244 39
26.33333333333393 12
26.403508771930422 11
26.403508771930422 41
26.403508771930422 42
26.429824561404107 19
26.456140350877792 22
26.464912280702354 7
26.5000000000006 11
26.535087719298847 46
26.54385964912341 56
26.561403508772532 52
26.59649122807078 11
26.59649122807078 36
26.640350877193587 6
26.675438596491833 19
26.692982456140957 11
26.728070175439203 5
26.745614035088327 49
26.75438596491289 45
26.77192982456201 15
26.77192982456201 24
26.789473684211135 11
26.842105263158505 50
26.86842105263219 47
26.87719298245675 17
26.885964912281313 11
26.894736842105875 1
26.92105263157956 19
26.947368421053245 9
26.98245614035149 11
27.0263157894743 3
27.07894736842167 11
27.105263157895354 55
27.166666666667286 19
27.175438596491848 11
27.271929824562026 11
27.280701754386588 7
27.29824561403571 37
27.368421052632204 6
27.368421052632204 11
27.377192982456766 12
27.40350877193045 53
27.412280701755012 19
27.412280701755012 25
27.464912280702382 8
27.464912280702382 11
27.491228070176067 32
27.517543859649752 42
27.56140350877256 11
27.56140350877256 38
27.570175438597122 24
27.60526315789537 27
27.61403508771993 5
27.640350877193615 26
27.640350877193615 36
27.65789473684274 11
27.65789473684274 19
27.675438596491862 17
27.728070175439232 23
27.754385964912917 11
27.81578947368485 30
27.81578947368485 43
27.81578947368485 48
27.850877192983095 11
27.859649122807657 34
27.903508771930465 19
27.947368421053273 11
28.008771929825205 20
28.017543859649766 1
28.03508771929889 15
28.04385964912345 11
28.061403508772575 46
28.08771929824626 7
28.09649122807082 6
28.14035087719363 11
28.14912280701819 19
28.236842105263808 11
28.289473684211178 10
28.333333333333986 11
28.342105263158548 57
28.35964912280767 3
28.368421052632232 24
28.394736842105917 19
28.40350877193048 4
28.421052631579602 12
28.429824561404164 11
28.429824561404164 16
28.473684210526972 17
28.51754385964978 14
28.526315789474342 11
28.62280701754452 11
28.631578947369082 42
28.640350877193644 19
28.649122807018205 9
28.649122807018205 35
28.684210526316452 36
28.7192982456147 11
28.7192982456147 25
28.736842105263822 47
28.77192982456207 33
28.78070175438663 2
28.815789473684877 11
28.82456140350944 6
28.88596491228137 19
28.89473684210593 5
28.89473684210593 7
28.912280701755055 11
29.008771929825233 11
29.017543859649795 58
29.10526315789541 11
29.131578947369096 19
29.166666666667343 24
29.20175438596559 11
29.25438596491296 50
29.271929824562083 17
29.298245614035768 11
29.298245614035768 15
29.377192982456823 19
29.394736842105946 11
29.46491228070244 12
29.491228070176124 11
29.552631578948056 6
29.587719298246302 11
29.62280701754455 19
29.68421052631648 11
29.68421052631648 43
29.692982456141042 3
29.710526315790165 7
29.72807017543929 36
29.745614035088412 42
29.78070175438666 11
29.798245614035782 48
29.807017543860344 49
29.868421052632275 19
29.877192982456837 11
29.8859649122814 46
29.964912280702453 24
29.973684210527015 11
29.973684210527015 28
30.026315789474385 25
30.05263157894807 27
30.070175438597193 11
30.070175438597193 17
30.11403508772 19
30.140350877193686 30
30.16666666666737 11
30.26315789473755 11
30.280701754386673 6
30.359649122807728 9
30.359649122807728 11
30.359649122807728 19
30.438596491228783 20
30.456140350877906 11
30.508771929825276 12
30.5263157894744 7
30.53508771929896 4
30.552631578948084 11
30.561403508772646 15
30.58771929824633 40
30.605263157895454 19
30.605263157895454 47
30.649122807018262 11
30.710526315790194 56
30.719298245614755 55
30.74561403508844 11
30.763157894737564 24
30.763157894737564 52
30.771929824562125 22
30.771929824562125 36
30.84210526315862 11
30.85087719298318 19
30.859649122807742 42
30.868421052632304 17
30.938596491228797 11
31.00000000000073 44
31.00877192982529 6
31.026315789474413 3
31.035087719298975 11
31.096491228070906 19
31.131578947369153 11
31.22807017543933 11
31.22807017543933 16
31.32456140350951 11
31.33333333333407 25
31.342105263158633 7
31.342105263158633 19
31.421052631579688 11
31.447368421053373 44
31.517543859649866 11
31.552631578948112 12
31.552631578948112 39
31.561403508772674 24
31.58771929824636 19
31.614035087720044 11
31.666666666667414 17
31.666666666667414 50
31.675438596491976 23
31.710526315790222 11
31.736842105263907 6
31.771929824562154 48
31.79824561403584 45
31.8070175438604 11
31.815789473684962 36
31.824561403509524 15
31.833333333334085 19
31.842105263158647 1
31.90350877193058 11
31.90350877193058 57
32.00000000000075 11
32.01754385964988 14
32.035087719299 26
32.070175438597246 9
32.07894736842181 19
32.09649122807093 11
32.14035087719374 10
32.14035087719374 34
32.15789473684286 7
32.19298245614111 11
32.20175438596567 43
32.23684210526392 42
32.271929824562164 2
32.271929824562164 37
32.28947368421129 11
32.324561403509534 19
32.35964912280778 3
32.35964912280778 24
32.35964912280778 32
32.385964912281466 11
32.46491228070252 6
32.46491228070252 17
32.46491228070252 41
32.47368421052708 47
32.482456140351644 11
32.50000000000077 27
32.57017543859726 19
32.57017543859726 30
32.57894736842182 11
32.596491228070946 12
32.640350877193754 25
32.66666666666744 4
32.675438596492 11
32.692982456141124 8
32.77192982456218 11
32.81578947368499 19
32.859649122807795 36
32.86842105263236 11
32.86842105263236 20
32.86842105263236 49
32.9035087719306 1
32.964912280702535 7
32.964912280702535 11
33.06140350877271 11
33.06140350877271 19
33.07894736842184 58
33.0877192982464 15
33.10526315789552 29
33.15789473684289 11
33.15789473684289 24
33.19298245614114 6
33.25438596491307 11
33.26315789473763 17
33.30701754386044 19
33.35087719298325 11
33.35087719298325 42
33.447368421053426 11
33.543859649123604 11
33.552631578948166 19
33.57017543859729 35
33.596491228070974 38
33.64035087719378 11
33.64035087719378 12
33.69298245614115 3
33.73684210526396 11
33.74561403508852 48
33.77192982456221 7
33.77192982456221 9
33.79824561403589 19
33.83333333333414 11
33.90350877193063 36
33.90350877193063 46
33.921052631579755 6
33.92982456140432 11
33.94736842105344 25
33.956140350878 24
33.98245614035169 33
34.026315789474495 11
34.026315789474495 16
34.03508771929906 53
34.04385964912362 19
34.06140350877274 17
34.06140350877274 17
34.0701754385973 1
34.078947368421865 50
34.10526315789555 52
34.12280701754467 11
34.21929824561485 11
34.289473684211345 19
34.31578947368503 11
34.342105263158714 47
34.350877192983276 15
34.41228070175521 11
34.46491228070258 42
34.46491228070258 57
34.508771929825386 11
34.53508771929907 19
34.57894736842188 7
34.605263157895564 11
34.64912280701837 6
34.666666666667496 55
34.68421052631662 12
34.70175438596574 11
34.75438596491311 24
34.7807017543868 19
34.79824561403592 4
34.79824561403592 11
34.85964912280785 17
34.877192982456975 30
34.8947368421061 11
34.8947368421061 28
34.94736842105347 27
34.94736842105347 36
34.99122807017628 11
35.02631578947452 3
35.02631578947452 19
35.07894736842189 39
35.087719298246455 11
35.087719298246455 22
35.10526315789558 1
35.18421052631663 11
35.245614035088565 8
35.254385964913126 25
35.27192982456225 19
35.28070175438681 11
35.28070175438681 43
35.298245614035935 20
35.37719298245699 6
35.37719298245699 11
35.38596491228155 7
35.47368421052717 9
35.47368421052717 11
35.517543859649976 14
35.517543859649976 19
35.55263157894822 24
35.570175438597346 11
35.57894736842191 23
35.57894736842191 41
35.57894736842191 42
35.614035087720154 15
35.65789473684296 17
35.666666666667524 11
35.728070175439456 12
35.728070175439456 48
35.7631578947377 2
35.7631578947377 11
35.7631578947377 19
35.85964912280788 11
35.929824561404374 49
35.95614035087806 11
35.991228070176305 10
35.991228070176305 36
36.00877192982543 19
36.043859649123675 46
36.05263157894824 11
36.10526315789561 6
36.149122807018415 11
36.19298245614122 7
36.21052631579035 47
36.24561403508859 11
36.254385964913155 19
36.34210526315877 11
36.35087719298333 24
36.359649122807895 3
36.412280701755265 34
36.43859649122895 11
36.45614035087807 17
36.49122807017632 44
36.49122807017632 50
36.50000000000088 19
36.53508771929913 11
36.56140350877281 25
36.631578947369306 11
36.675438596492114 32
36.69298245614124 42
36.728070175439484 11
36.74561403508861 19
36.77192982456229 12
36.82456140350966 11
36.82456140350966 16
36.82456140350966 29
36.833333333334224 6
36.87719298245703 15
36.91228070175528 1
36.92105263157984 11
36.9298245614044 4
36.991228070176334 19
37.000000000000895 7
37.01754385965002 11
37.03508771929914 36
37.1140350877202 11
37.12280701754476 44
37.14912280701844 24
37.16666666666757 26
37.16666666666757 30
37.17543859649213 9
37.210526315790375 11
37.23684210526406 19
37.24561403508862 37
37.25438596491318 17
37.263157894737745 52
37.30701754386055 11
37.39473684210617 27
37.40350877193073 11
37.482456140351786 19
37.50000000000091 11
37.56140350877284 6
37.59649122807109 11
37.61403508772021 39
37.64912280701846 40
37.692982456141266 3
37.692982456141266 11
37.70175438596583 48
37.72807017543951 19
37.72807017543951 20
37.72807017543951 29
37.789473684211444 11
37.81578947368513 7
37.81578947368513 12
37.8684210526325 25
37.88596491228162 11
37.947368421053554 24
37.97368421052724 19
37.9824561403518 11
38.04385964912373 1
38.052631578948294 17
38.07017543859742 43
38.07894736842198 11
38.07894736842198 36
38.07894736842198 47
38.12280701754479 42
38.14035087719391 15
38.17543859649216 11
38.219298245614965 19
38.271929824562335 11
38.28947368421146 6
38.36842105263251 11
38.46491228070269 11
38.46491228070269 19
38.56140350877287 11
38.596491228071116 5
38.63157894736936 7
38.65789473684305 11
38.71052631579042 19
38.745614035088664 24
38.754385964913226 11
38.850877192983404 11
38.850877192983404 17
38.859649122807966 12
38.859649122807966 38
38.88596491228165 9
38.903508771930774 50
38.912280701755336 33
38.94736842105358 11
38.956140350878144 19
39.008771929825514 49
39.017543859650075 6
39.017543859650075 14
39.02631578947464 3
39.04385964912376 11
39.061403508772884 4
39.122807017544815 36
39.14035087719394 11
39.175438596492185 25
39.20175438596587 19
39.21929824561499 46
39.23684210526412 11
39.23684210526412 42
39.25438596491324 2
39.333333333334295 11
39.40350877193079 15
39.40350877193079 22
39.42982456140447 11
39.447368421053596 7
39.447368421053596 19
39.447368421053596 19
39.45614035087816 30
39.47368421052728 23
39.52631578947465 5
39.52631578947465 11
39.543859649123775 24
39.58771929824658 43
39.62280701754483 11
39.62280701754483 16
39.649122807018514 17
39.68421052631676 48
39.69298245614132 19
39.71929824561501 11
39.74561403508869 6
39.815789473685186 11
39.815789473685186 28
39.84210526315887 10
39.84210526315887 27
39.9035087719308 12
39.912280701755364 11
39.93859649122905 19
39.94736842105361 47
40.00877192982554 11
40.070175438597474 39
40.09649122807116 35
40.10526315789572 11
40.14035087719397 53
40.15789473684309 20
40.16666666666765 36
40.184210526316775 19
40.2017543859659 11
40.26315789473783 7
40.29824561403608 11
40.342105263158885 24
40.35087719298345 42
40.35087719298345 57
40.35964912280801 3
40.394736842106255 11
40.4298245614045 19
40.447368421053625 17
40.47368421052731 6
40.48245614035187 25
40.49122807017643 11
40.58771929824661 11
40.59649122807117 9
40.666666666667666 15
40.67543859649223 19
40.68421052631679 11
40.68421052631679 34
40.78070175438697 11
40.78070175438697 55
40.877192982457146 11
40.921052631579954 19
40.94736842105364 12
40.94736842105364 46
40.973684210527324 11
41.0701754385975 11
41.0701754385975 44
41.078947368422064 7
41.140350877193995 24
41.16666666666768 11
41.16666666666768 19
41.192982456141365 1
41.192982456141365 4
41.20175438596593 6
41.21052631579049 36
41.245614035088735 17
41.26315789473786 11
41.27192982456242 32
41.31578947368523 50
41.35964912280804 11
41.41228070175541 19
41.41228070175541 29
41.456140350878215 11
41.55263157894839 11
41.570175438597516 41
41.570175438597516 42
41.64912280701857 11
41.65789473684313 19
41.65789473684313 48
41.69298245614138 3
41.7105263157905 52
41.728070175439626 26
41.728070175439626 30
41.74561403508875 11
41.78947368421156 25
41.81578947368524 47
41.84210526315893 11
41.8947368421063 7
41.90350877193086 19
41.929824561404544 6
41.929824561404544 15
41.938596491229106 11
41.938596491229106 24
41.991228070176476 12
42.0087719298256 58
42.035087719299284 11
42.043859649123846 17
42.07017543859753 49
42.1228070175449 44
42.13157894736946 11
42.149122807018585 19
42.18421052631683 56
42.21929824561508 37
42.22807017543964 11
42.254385964913325 36
42.28947368421157 27
42.307017543860695 9
42.32456140350982 11
42.33333333333438 46
42.39473684210631 19
42.42105263158 11
42.42105263158 16
42.517543859650175 11
42.517543859650175 14
42.58771929824667 1
42.58771929824667 20
42.61403508772035 11
42.64035087719404 19
42.65789473684316 6
42.684210526316846 42
42.70175438596597 8
42.71052631579053 7
42.71052631579053 11
42.736842105264216 24
42.74561403508878 2
42.80701754386071 11
42.842105263158956 17
42.885964912281764 19
42.90350877193089 11
43.000000000001066 11
43.02631578947475 3
43.03508771929931 12
43.096491228071244 11
43.096491228071244 25
43.13157894736949 19
43.19298245614142 11
43.19298245614142 15
43.2894736842116 11
43.29824561403616 36
43.32456140350985 4
43.35087719298353 40
43.368421052632655 23
43.37719298245722 19
43.38596491228178 6
43.38596491228178 11
43.48245614035196 11
43.5175438596502 7
43.53508771929933 24
43.578947368422135 11
43.60526315789582 33
43.62280701754494 19
43.631578947369505 48
43.64035087719407 17
43.66666666666775 39
43.67543859649231 11
43.684210526316875 47
43.692982456141436 10
43.71929824561512 22
43.72807017543968 50
43.77192982456249 11
43.78070175438705 41
43.798245614036176 42
43.80701754386074 38
43.86842105263267 11
43.86842105263267 19
43.92105263158004 53
43.96491228070285 11
43.98245614035197 46
44.008771929825656 9
44.01754385965022 30
44.061403508773026 11
44.07894736842215 12
44.114035087720396 6
44.114035087720396 19
44.157894736843204 11
44.20175438596601 44
44.25438596491338 11
44.30701754386075 55
44.324561403509875 7
44.33333333333444 24
44.342105263159 36
44.35087719298356 11
44.35964912280812 3
44.35964912280812 19
44.368421052632684 43
44.40350877193093 25
44.43859649122918 17
44.44736842105374 11
44.4561403508783 15
44.50877192982567 29
44.54385964912392 11
44.60526315789585 19
44.640350877194095 11
44.73684210526427 11
44.73684210526427 27
44.73684210526427 28
44.745614035088835 57
44.77192982456252 1
44.83333333333445 11
44.84210526315901 6
44.850877192983575 19
44.912280701755506 42
44.92982456140463 11
44.956140350878314 34
44.956140350878314 35
44.982456140352 44
45.017543859650246 20
45.02631578947481 11
45.0964912280713 19
45.122807017544986 11
45.122807017544986 12
45.13157894736955 24
45.13157894736955 49
45.14035087719411 7
45.14912280701867 52
45.219298245615164 11
45.219298245615164 16
45.23684210526429 17
45.31578947368534 11
45.34210526315903 19
45.385964912281835 36
45.41228070175552 11
45.45614035087833 4
45.5087719298257 11
45.55263157894851 47
45.57017543859763 6
45.57017543859763 46
45.58771929824675 19
45.60526315789588 11
45.60526315789588 48
45.66666666666781 58
45.69298245614149 3
45.701754385966055 11
45.71052631579062 25
45.71929824561518 9
45.71929824561518 15
45.79824561403623 11
45.83333333333448 19
45.84210526315904 43
45.859649122808165 44
45.89473684210641 11
45.92982456140466 24
45.95614035087834 7
45.99122807017659 11
46.017543859650274 14
46.026315789474836 42
46.0350877192994 17
46.078947368422206 19
46.08771929824677 11
46.14035087719414 50
46.16666666666782 12
46.175438596492384 39
46.184210526316946 11
46.236842105264316 2
46.25438596491344 26
46.280701754387124 11
46.29824561403625 6
46.30701754386081 30
46.32456140350993 19
46.3771929824573 11
46.40350877193099 44
46.42982456140467 36
46.47368421052748 11
46.57017543859766 11
46.57017543859766 19
46.66666666666784 11
46.72807017543977 24
46.763157894738015 11
46.77192982456258 7
46.815789473685385 19
46.83333333333451 17
46.85964912280819 11
46.94736842105381 5
46.95614035087837 11
46.982456140352056 15
47.00000000000118 32
47.0175438596503 25
47.026315789474864 3
47.026315789474864 6
47.05263157894855 11
47.06140350877311 19
47.140350877194166 42
47.14912280701873 11
47.184210526316974 27
47.192982456141536 37
47.21052631579066 12
47.245614035088906 11
47.26315789473803 23
47.30701754386084 19
47.342105263159084 11
47.42105263158014 47
47.4298245614047 9
47.43859649122926 11
47.447368421053824 20
47.47368421052751 36
47.52631578947488 24
47.53508771929944 11
47.543859649124 10
47.552631578948564 19
47.58771929824681 4
47.58771929824681 7
47.63157894736962 11
47.63157894736962 17
47.63157894736962 48
47.64912280701874 41
47.666666666667865 56
47.7280701754398 11
47.75438596491348 6
47.79824561403629 19
47.824561403509975 11
47.92105263158015 11
48.01754385965033 11
48.01754385965033 16
48.035087719299455 22
48.043859649124016 19
48.11403508772051 11
48.192982456141564 49
48.21052631579069 11
48.245614035088934 15
48.254385964913496 12
48.254385964913496 33
48.254385964913496 42
48.28947368421174 19
48.307017543860866 11
48.32456140350999 24
48.32456140350999 25
48.359649122808236 3
48.403508771931044 7
48.403508771931044 11
48.42982456140473 1
48.42982456140473 17
48.4824561403521 6
48.49122807017666 43
48.50000000000122 11
48.517543859650345 36
48.53508771929947 19
48.53508771929947 19
48.55263157894859 50
48.570175438597715 52
48.58771929824684 30
48.5964912280714 11
48.69298245614158 11
48.70175438596614 46
48.780701754387195 19
48.78947368421176 11
48.81578947368544 55
48.885964912281935 11
48.98245614035211 11
49.02631578947492 19
49.06140350877317 40
49.07894736842229 11
49.105263157895976 57
49.1228070175451 24
49.14035087719422 9
49.17543859649247 11
49.210526315790716 6
49.21929824561528 7
49.21929824561528 17
49.22807017543984 34
49.27192982456265 11
49.27192982456265 19
49.28947368421177 47
49.29824561403633 12
49.368421052632826 11
49.368421052632826 42
49.464912280703004 11
49.50877192982581 15
49.517543859650374 19
49.526315789474936 14
49.5350877192995 1
49.56140350877318 11
49.56140350877318 36
49.60526315789599 48
49.61403508772055 44
49.631578947369675 25
49.631578947369675 27
49.65789473684336 11
49.65789473684336 28
49.69298245614161 3
49.71929824561529 4
49.72807017543985 2
49.75438596491354 11
49.7631578947381 19
49.85087719298372 11
49.8771929824574 20
49.88596491228196 29
49.92105263158021 24
49.93859649122933 6
49.947368421053895 11
50.008771929825826 19
50.01754385965039 17
50.03508771929951 7
50.04385964912407 11
50.09649122807144 43
50.14035087719425 11
50.23684210526443 11
50.25438596491355 19
50.33333333333461 11
50.34210526315917 12
50.4035087719311 41
50.429824561404786 11
50.482456140352156 42
50.50000000000128 19
50.526315789474964 11
50.526315789474964 38
50.60526315789602 36
50.62280701754514 11
50.66666666666795 6
50.7017543859662 26
50.71929824561532 11
50.71929824561532 24
50.745614035089005 19
50.745614035089005 35
50.745614035089005 58
50.77192982456269 15
50.8157894736855 11
50.8157894736855 16
50.8157894736855 17
50.82456140351006 5
50.850877192983745 7
50.850877192983745 9
50.86842105263287 30
50.88596491228199 44
50.91228070175568 11
50.93859649122936 25
50.96491228070305 50
50.99122807017673 19
51.008771929825855 11
51.02631578947498 3
51.03508771929954 8
51.10526315789603 11
51.14912280701884 47
51.1578947368434 23
51.20175438596621 11
51.23684210526446 19
51.25438596491358 49
51.29824561403639 11
51.324561403510074 44
51.324561403510074 56
51.385964912282006 12
51.39473684210657 6
51.39473684210657 10
51.39473684210657 11
51.482456140352184 19
51.491228070176746 11
51.51754385965043 24
51.57894736842236 48
51.587719298246924 11
51.596491228071486 42
51.61403508772061 17
51.63157894736973 43
51.649122807018855 1
51.649122807018855 36
51.65789473684342 7
51.6842105263171 11
51.72807017543991 19
51.78070175438728 11
51.78070175438728 11
51.85087719298377 4
51.87719298245746 11
51.87719298245746 32
51.97368421052764 11
51.97368421052764 19
51.97368421052764 39
52.03508771929957 15
52.070175438597815 11
52.07894736842238 27
52.122807017545185 6
52.16666666666799 11
52.16666666666799 37
52.21929824561536 19
52.24561403508905 25
52.26315789473817 11
52.30701754386098 20
52.31578947368554 24
52.342105263159226 55
52.35087719298379 22
52.35964912280835 3
52.35964912280835 11
52.35964912280835 53
52.41228070175572 17
52.42982456140484 12
52.447368421053966 41
52.45614035087853 11
52.46491228070309 7
52.46491228070309 19
52.552631578948706 9
52.552631578948706 11
52.649122807018884 11
52.69298245614169 36
52.710526315790815 19
52.710526315790815 42
52.74561403508906 11
52.79824561403643 33
52.84210526315924 11
52.8508771929838 6
52.93859649122942 11
52.93859649122942 57
52.95614035087854 19
53.00000000000135 5
53.01754385965047 47
53.026315789475035 14
53.0350877192996 11
53.11403508772065 24
53.131578947369775 11
53.1491228070189 30
53.20175438596627 19
53.21052631579083 17
53.21929824561539 2
53.22807017543995 11
53.28070175438732 7
53.298245614036446 15
53.32456140351013 11
53.3771929824575 50
53.41228070175575 31
53.42105263158031 11
53.447368421053994 19
53.47368421052768 12
53.500000000001364 34
53.51754385965049 11
53.52631578947505 46
53.552631578948734 25
53.561403508773296 48
53.57894736842242 6
53.614035087720666 11
53.614035087720666 16
53.69298245614172 3
53.69298245614172 19
53.710526315790844 11
53.73684210526453 36
53.80701754386102 11
53.824561403510145 42
53.9035087719312 11
53.91228070175576 1
53.91228070175576 24
53.93859649122945 19
53.96491228070313 45
53.982456140352255 4
54.00000000000138 11
54.00877192982594 17
54.09649122807156 7
54.09649122807156 11
54.15789473684349 43
54.18421052631717 19
54.18421052631717 52
54.192982456141735 11
54.21052631579086 58
54.26315789473823 9
54.28947368421191 11
54.307017543861036 6
54.3157894736856 49
54.38596491228209 11
54.4298245614049 19
54.48245614035227 11
54.517543859650516 12
54.52631578947508 27
54.561403508773324 15
54.57894736842245 11
54.57894736842245 28
54.675438596492626 11
54.675438596492626 19
54.71052631579087 24
54.73684210526456 20
54.771929824562804 11
54.780701754387366 36
54.80701754386105 17
54.85964912280842 25
54.86842105263298 11
54.90350877193123 47
54.91228070175579 7
54.92105263158035 19
54.938596491229475 42
54.96491228070316 11
55.02631578947509 3
55.02631578947509 23
55.03508771929965 6
55.06140350877334 11
55.07894736842246 1
55.11403508772071 40
55.12280701754527 41
55.13157894736983 26
55.15789473684352 11
55.16666666666808 19
55.24561403508913 10
55.254385964913695 11
55.35087719298387 11
55.412280701755805 19
55.44736842105405 11
55.45614035087861 30
55.50877192982598 24
55.517543859650544 39
55.54385964912423 11
55.54385964912423 48
55.56140350877335 12
55.60526315789616 17
55.631578947369846 35
55.64035087719441 11
55.65789473684353 19
55.728070175440024 7
55.736842105264586 11
55.76315789473827 6
55.789473684211956 50
55.8245614035102 15
55.8245614035102 36
55.833333333334764 11
55.90350877193126 19
55.91228070175582 32
55.92982456140494 11
55.92982456140494 44
55.97368421052775 9
55.991228070176874 46
56.02631578947512 11
56.052631578948805 42
56.06140350877337 57
56.07894736842249 53
56.11403508772074 4
56.1228070175453 11
56.14035087719442 38
56.14912280701898 19
56.16666666666811 25
56.21929824561548 11
56.30701754386109 24
56.315789473685655 11
56.3508771929839 1
56.35964912280846 3
56.39473684210671 19
56.40350877193127 17
56.41228070175583 11
56.41228070175583 16
56.49122807017689 6
56.50877192982601 11
56.526315789475134 14
56.54385964912426 7
56.60526315789619 11
56.60526315789619 12
56.640350877194436 19
56.66666666666812 22
56.66666666666812 55
56.70175438596637 11
56.71052631579093 2
56.75438596491374 43
56.77192982456286 47
56.798245614036546 11
56.86842105263304 36
56.88596491228216 19
56.894736842106724 11
56.97368421052778 27
56.9912280701769 11
57.08771929824708 11
57.08771929824708 15
57.1052631578962 24
57.13157894736989 19
57.14035087719445 37
57.166666666668135 20
57.166666666668135 41
57.166666666668135 42
57.18421052631726 11
57.20175438596638 17
57.219298245615505 6
57.28070175438744 5
57.28070175438744 11
57.28070175438744 52
57.324561403510245 33
57.35964912280849 7
57.377192982457615 11
57.377192982457615 19
57.377192982457615 49
57.47368421052779 11
57.47368421052779 25
57.50000000000148 1
57.5175438596506 48
57.543859649124286 56
57.57017543859797 11
57.62280701754534 19
57.6315789473699 29
57.649122807019026 12
57.66666666666815 11
57.67543859649271 46
57.68421052631727 9
57.692982456141834 3
57.73684210526464 30
57.76315789473833 11
57.77192982456289 34
57.859649122808506 11
57.86842105263307 19
57.903508771931314 24
57.912280701755876 36
57.94736842105412 6
57.956140350878684 11
58.00000000000149 17
58.05263157894886 11
58.114035087720794 19
58.114035087720794 58
58.14912280701904 11
58.175438596492725 7
58.20175438596641 50
58.24561403508922 4
58.24561403508922 11
58.280701754387465 42
58.3421052631594 11
58.35087719298396 15
58.35964912280852 19
58.438596491229575 11
58.53508771929975 11
58.605263157896246 19
58.63157894736993 11
58.64035087719449 47
58.67543859649274 6
58.69298245614186 12
58.701754385966424 24
58.72807017544011 11
58.78070175438748 25
58.7982456140366 17
58.82456140351029 11
58.85087719298397 19
58.921052631580466 11
58.921052631580466 23
58.95614035087871 36
58.99122807017696 7
59.017543859650644 11
59.026315789475206 3
59.0964912280717 10
59.0964912280717 19
59.10526315789626 8
59.11403508772082 11
59.122807017545384 44
59.210526315791 11
59.210526315791 16
59.210526315791 41
59.30701754386118 11
59.342105263159425 19
59.38596491228223 9
59.394736842106795 42
59.40350877193136 6
59.40350877193136 11
59.42105263158048 27
59.42982456140504 39
59.500000000001535 11
59.500000000001535 24
59.500000000001535 28
59.500000000001535 48
59.508771929826096 1
59.561403508773466 26
59.58771929824715 19
59.59649122807171 11
59.59649122807171 17
59.59649122807171 20
59.614035087720836 15
59.69298245614189 11
59.7368421052647 12
59.78947368421207 11
59.79824561403663 7
59.815789473685754 57
59.83333333333488 19
59.877192982457686 55
59.88596491228225 11
59.91228070175593 5
59.929824561405056 46
59.982456140352426 11
