0.0 19
0.017543859649122806 34
0.017543859649122806 55
0.05263157894736842 24
0.06140350877192982 28
0.10526315789473684 20
0.14035087719298245 7
0.14912280701754385 32
0.15789473684210525 30
0.16666666666666666 58
0.18421052631578946 56
0.21929824561403508 44
0.24561403508771928 36
0.2543859649122807 15
0.3596491228070179 48
0.37719298245614075 39
0.37719298245614075 57
0.3947368421052636 1
0.40350877192982504 47
0.4824561403508779 46
0.6315789473684222 11
0.6754385964912294 35
0.7192982456140365 23
0.7719298245614051 12
0.7719298245614051 40
0.789473684210528 22
0.8684210526315809 24
0.8859649122807037 25
0.9385964912280723 27
0.9649122807017566 3
0.973684210526318 2
0.973684210526318 43
0.9824561403508795 9
1.0000000000000022 11
1.0438596491228094 7
1.1491228070175465 8
1.1491228070175465 16
1.2368421052631609 17
1.280701754385968 11
1.2894736842105294 36
1.2982456140350909 26
1.403508771929828 44
1.464912280701758 11
1.5350877192982495 15
1.5350877192982495 33
1.5789473684210567 38
1.666666666666671 24
1.8333333333333381 41
1.8684210526315839 7
1.9385964912280753 12
2.0175438596491277 46
2.026315789473689 10
2.1228070175438623 14
2.1403508771929847 44
2.149122807017546 6
2.157894736842107 29
2.157894736842107 37
2.280701754385964 47
2.3333333333333313 36
2.447368421052627 49
2.4649122807017494 24
2.526315789473678 30
2.526315789473678 48
2.5614035087719227 11
2.6403508771929736 42
2.6403508771929736 50
2.6842105263157796 7
2.8070175438596365 0
2.8070175438596365 15
2.859649122807004 3
2.877192982456126 6
2.9210526315789322 17
2.947368421052616 25
3.043859649122789 9
3.2631578947368194 24
3.377192982456115 36
3.456140350877166 1
3.456140350877166 8
3.491228070175411 7
3.6052631578947065 6
3.6140350877192677 58
3.666666666666635 27
3.70175438596488 46
3.7368421052631247 17
3.798245614035053 54
3.9473684210525937 16
4.0614035087718925 24
4.070175438596454 15
4.070175438596454 52
4.157894736842071 47
4.298245614035057 7
4.298245614035057 25
4.333333333333304 6
4.342105263157865 32
4.350877192982427 3
4.42105263157892 36
4.456140350877167 39
4.4649122807017285 2
4.4649122807017285 44
4.605263157894715 29
4.710526315789455 41
4.824561403508756 23
4.833333333333318 48
4.850877192982441 11
4.859649122807003 24
4.991228070175428 28
5.017543859649113 1
5.017543859649113 57
5.052631578947359 43
5.061403508771921 6
5.061403508771921 9
5.061403508771921 44
5.105263157894729 7
5.140350877192976 20
5.149122807017537 11
5.149122807017537 22
5.184210526315784 46
5.333333333333332 15
5.368421052631579 34
5.421052631578949 40
5.464912280701757 36
5.53508771929825 12
5.5526315789473735 42
5.649122807017552 25
5.657894736842113 24
5.666666666666675 14
5.666666666666675 30
5.684210526315798 3
5.789473684210538 6
5.815789473684223 17
5.921052631578963 7
6.017543859649141 44
6.026315789473703 47
6.1578947368421275 53
6.342105263157922 10
6.394736842105292 0
6.429824561403539 55
6.456140350877224 24
6.508771929824594 36
6.517543859649155 6
6.59649122807021 15
6.728070175438635 7
6.745614035087758 16
6.75438596491232 38
6.877192982456183 52
6.885964912280745 5
6.91228070175443 46
6.91228070175443 48
7.0175438596491695 3
7.0175438596491695 29
7.026315789473731 42
7.0438596491228544 12
7.096491228070224 58
7.105263157894786 37
7.2456140350877725 6
7.254385964912334 24
7.315789473684266 17
7.333333333333389 26
7.342105263157951 25
7.429824561403567 43
7.473684210526375 9
7.517543859649184 5
7.535087719298307 7
7.55263157894743 36
7.578947368421115 1
7.859649122807088 15
7.894736842105335 47
7.956140350877266 2
7.97368421052639 6
8.052631578947445 24
8.114035087719376 11
8.166666666666746 54
8.280701754386047 27
8.324561403508856 41
8.342105263157979 7
8.35087719298254 3
8.35087719298254 17
8.359649122807102 42
8.429824561403596 46
8.447368421052719 57
8.517543859649212 30
8.535087719298335 35
8.596491228070267 36
8.692982456140445 25
8.701754385965007 6
8.736842105263253 23
8.736842105263253 56
8.850877192982555 24
8.885964912280802 1
8.938596491228171 48
9.017543859649226 44
9.096491228070281 49
9.096491228070281 50
9.122807017543966 12
9.122807017543966 15
9.131578947368528 0
9.149122807017651 7
9.184210526315898 14
9.280701754386076 39
9.342105263158007 8
9.342105263158007 32
9.429824561403624 6
9.447368421052747 9
9.456140350877309 11
9.473684210526432 22
9.51754385964924 17
9.543859649122926 16
9.640350877193104 36
9.649122807017665 24
9.684210526315912 3
9.763157894736967 47
9.78070175438609 42
9.842105263158022 33
9.859649122807145 34
9.921052631579077 28
9.956140350877323 7
10.04385964912294 25
10.061403508772063 55
10.09649122807031 4
10.157894736842241 6
10.298245614035228 53
10.350877192982598 17
10.36842105263172 29
10.385964912280844 15
10.394736842105406 20
10.394736842105406 41
10.447368421052776 24
10.508771929824707 46
10.640350877193132 43
10.68421052631594 36
10.754385964912434 52
10.763157894736995 7
10.815789473684365 58
10.859649122807173 11
10.885964912280858 6
10.94736842105279 48
11.017543859649283 3
11.070175438596653 12
11.070175438596653 27
11.219298245614201 57
11.245614035087886 24
11.307017543859818 30
11.333333333333503 42
11.377192982456311 1
11.394736842105434 25
11.447368421052804 2
11.508771929824736 50
11.578947368421229 7
11.58771929824579 0
11.614035087719476 6
11.622807017544037 47
11.649122807017722 15
11.657894736842284 38
11.666666666666845 9
11.69298245614053 17
11.728070175438777 36
11.885964912280887 26
11.964912280701942 8
12.043859649122997 24
12.052631578947558 37
12.16666666666686 49
12.342105263158093 6
12.342105263158093 16
12.385964912280901 7
12.473684210526518 43
12.517543859649326 17
12.640350877193189 42
12.666666666666874 39
12.684210526315997 23
12.692982456140559 14
12.745614035087929 25
12.771929824561614 36
12.80701754385986 3
12.824561403508984 20
12.824561403508984 44
12.842105263158107 12
12.842105263158107 24
12.894736842105477 31
12.9122807017546 15
12.947368421052847 48
13.07017543859671 6
13.114035087719518 56
13.192982456140573 7
13.342105263158121 17
13.394736842105491 9
13.403508771930053 46
13.447368421052861 35
13.473684210526546 54
13.49122807017567 47
13.508771929824793 5
13.526315789473916 4
13.614035087719532 30
13.640350877193217 24
13.701754385965149 44
13.798245614035327 6
13.798245614035327 22
13.81578947368445 36
13.850877192982697 41
14.000000000000245 7
14.008771929824807 43
14.096491228070423 25
14.140350877193232 3
14.166666666666917 17
14.166666666666917 32
14.175438596491478 15
14.192982456140601 1
14.210526315789725 52
14.298245614035341 0
14.307017543859903 53
14.34210526315815 58
14.438596491228328 24
14.438596491228328 44
14.473684210526574 33
14.517543859649383 27
14.526315789473944 6
14.596491228070438 42
14.61403508771956 50
14.631578947368684 34
14.631578947368684 57
14.728070175438862 29
14.807017543859917 7
14.807017543859917 55
14.82456140350904 46
14.842105263158164 28
14.859649122807287 36
14.938596491228342 2
14.938596491228342 48
14.991228070175712 17
15.14035087719326 16
15.166666666666945 9
15.228070175438877 49
15.236842105263438 24
15.236842105263438 39
15.254385964912561 6
15.359649122807301 47
15.438596491228356 15
15.447368421052918 25
15.473684210526603 3
15.473684210526603 12
15.500000000000288 43
15.61403508771959 7
15.66666666666696 1
15.692982456140644 5
15.710526315789767 4
15.815789473684507 17
15.83333333333363 44
15.903508771930124 30
15.903508771930124 36
15.912280701754685 20
15.947368421052932 10
15.982456140351179 6
16.03508771929855 24
16.184210526316097 46
16.20175438596522 14
16.236842105263467 44
16.289473684210837 41
16.394736842105576 42
16.42105263157926 7
16.57894736842137 23
16.640350877193303 17
16.701754385965234 15
16.710526315789796 6
16.745614035088042 56
16.798245614035412 25
16.807017543859974 3
16.807017543859974 3
16.83333333333366 24
16.88596491228103 9
16.929824561403837 48
16.94736842105296 36
17.00000000000033 37
17.026315789474015 50
17.035087719298577 38
17.228070175438933 47
17.236842105263495 7
17.438596491228413 6
17.438596491228413 40
17.464912280702098 0
17.464912280702098 17
17.63157894736877 24
17.701754385965263 42
17.807017543860002 43
17.84210526315825 57
17.938596491228427 16
17.964912280702112 15
17.991228070175797 36
18.043859649123167 7
18.122807017544222 22
18.140350877193345 3
18.149122807017907 12
18.149122807017907 25
18.15789473684247 5
18.16666666666703 4
18.16666666666703 6
18.184210526316154 1
18.201754385965277 32
18.245614035088085 30
18.289473684210893 17
18.298245614035455 49
18.37719298245651 35
18.412280701754757 55
18.42982456140388 2
18.42982456140388 24
18.43859649122844 11
18.578947368421428 39
18.59649122807055 9
18.7456140350881 54
18.80701754386003 5
18.80701754386003 58
18.85087719298284 7
18.894736842105647 6
18.90350877193021 48
18.91228070175477 46
19.035087719298634 36
19.096491228070565 47
19.11403508771969 17
19.11403508771969 17
19.210526315789867 34
19.22807017543899 15
19.22807017543899 24
19.236842105263552 12
19.43859649122847 50
19.456140350877593 44
19.473684210526716 3
19.5000000000004 25
19.622807017544265 6
19.65789473684251 7
19.71052631578988 1
19.71052631578988 14
19.789473684210936 28
19.850877192982868 41
19.850877192982868 42
19.938596491228484 17
20.0263157894741 8
20.0263157894741 24
20.0263157894741 24
20.07017543859691 27
20.07894736842147 36
20.157894736842525 11
20.166666666667087 53
20.17543859649165 5
20.245614035088142 43
20.28070175438639 57
20.307017543860074 9
20.350877192982882 6
20.40350877193025 0
20.464912280702183 7
20.49122807017587 15
20.56140350877236 30
20.736842105263595 16
20.76315789473728 17
20.82456140350921 24
20.850877192982896 25
20.86842105263202 1
20.87719298245658 48
20.947368421053074 20
20.947368421053074 26
20.964912280702197 42
20.964912280702197 47
21.070175438596937 46
21.0789473684215 6
21.122807017544307 36
21.271929824561855 7
21.359649122807472 49
21.587719298246075 17
21.62280701754432 24
21.631578947368883 23
21.754385964912746 15
21.807017543860116 6
21.850877192982924 50
21.921052631579418 2
21.947368421053103 37
21.98245614035135 55
21.99122807017591 1
22.000000000000473 43
22.008771929825034 3
22.017543859649596 9
22.078947368421527 7
22.114035087719774 58
22.166666666667144 36
22.20175438596539 25
22.25438596491276 44
22.29824561403557 12
22.333333333333815 56
22.394736842105747 32
22.41228070175487 17
22.41228070175487 38
22.421052631579432 24
22.438596491228555 22
22.535087719298733 6
22.543859649123295 31
22.56140350877242 41
22.57894736842154 42
22.719298245614528 39
22.807017543860145 52
22.83333333333383 47
22.84210526315839 30
22.859649122807514 48
22.8859649122812 33
22.89473684210576 7
23.017543859649624 15
23.061403508772433 57
23.175438596491734 5
23.192982456140857 4
23.21052631578998 14
23.21052631578998 36
23.219298245614542 24
23.236842105263666 17
23.26315789473735 6
23.289473684211035 46
23.342105263158405 3
23.385964912281214 20
23.491228070175953 34
23.51754385964964 11
23.53508771929876 16
23.552631578947885 25
23.57894736842157 43
23.666666666667187 35
23.69298245614087 42
23.710526315789995 7
23.763157894737365 9
23.780701754386488 27
23.84210526315842 0
23.964912280702283 53
23.991228070175968 6
24.017543859649653 24
24.043859649123338 12
24.06140350877246 17
24.078947368421584 40
24.254385964912817 36
24.26315789473738 50
24.280701754386502 15
24.350877192982995 11
24.42105263157949 49
24.517543859649667 7
24.675438596491777 3
24.70175438596546 47
24.719298245614585 6
24.719298245614585 28
24.8070175438602 42
24.815789473684763 24
24.833333333333886 48
24.885964912281256 17
24.90350877193038 25
24.90350877193038 25
25.11403508771986 30
25.17543859649179 55
25.210526315790037 43
25.298245614035654 36
25.32456140350934 4
25.32456140350934 7
25.412280701754955 2
25.43859649122864 1
25.447368421053202 6
25.464912280702325 46
25.473684210526887 57
25.49122807017601 8
25.500000000000572 9
25.508771929825134 23
25.54385964912338 15
25.614035087719873 24
25.631578947368997 5
25.64035087719356 10
25.71052631579005 17
25.903508771930408 26
25.92105263157953 42
25.956140350877778 41
26.000000000000586 5
26.008771929825148 3
26.008771929825148 58
26.13157894736901 7
26.17543859649182 6
26.254385964912874 25
26.254385964912874 44
26.33333333333393 16
26.34210526315849 36
26.412280701754984 24
26.535087719298847 12
26.535087719298847 17
26.570175438597094 47
26.622807017544464 32
26.675438596491833 50
26.71052631579008 14
26.75438596491289 22
26.80701754386026 15
26.80701754386026 48
26.894736842105875 37
26.903508771930436 6
26.938596491228683 7
27.008771929825176 27
27.03508771929886 42
27.201754385965533 9
27.210526315790094 24
27.271929824562026 11
27.34210526315852 3
27.359649122807642 17
27.359649122807642 29
27.385964912281327 36
27.45614035087782 4
27.473684210526944 38
27.482456140351506 49
27.517543859649752 30
27.552631578948 19
27.56140350877256 11
27.570175438597122 20
27.60526315789537 25
27.61403508771993 39
27.631578947369054 6
27.65789473684274 33
27.684210526316424 11
27.754385964912917 7
27.76315789473748 34
27.7807017543866 52
27.789473684211163 11
28.008771929825205 24
28.026315789474328 57
28.070175438597136 15
28.070175438597136 41
28.09649122807082 46
28.114035087719945 56
28.14035087719363 43
28.14912280701819 42
28.184210526316438 17
28.35964912280767 6
28.35964912280767 12
28.385964912281356 11
28.41228070175504 53
28.429824561404164 36
28.438596491228726 47
28.491228070176096 11
28.57017543859715 7
28.587719298246274 11
28.657894736842767 55
28.67543859649189 3
28.684210526316452 11
28.78070175438663 11
28.789473684211192 48
28.798245614035753 1
28.807017543860315 24
28.833333333334 54
28.87719298245681 11
28.903508771930493 2
28.912280701755055 9
28.956140350877863 25
28.973684210526987 11
29.008771929825233 0
29.008771929825233 17
29.070175438597165 11
29.087719298246288 6
29.087719298246288 50
29.131578947369096 16
29.166666666667343 11
29.26315789473752 11
29.26315789473752 42
29.333333333334014 15
29.3596491228077 11
29.377192982456823 7
29.403508771930507 12
29.438596491228754 46
29.456140350877877 11
29.456140350877877 23
29.473684210527 36
29.491228070176124 10
29.552631578948056 11
29.587719298246302 4
29.605263157895426 24
29.649122807018234 11
29.649122807018234 28
29.745614035088412 11
29.754385964912974 40
29.807017543860344 30
29.815789473684905 6
29.83333333333403 17
29.84210526315859 11
29.868421052632275 35
29.93859649122877 11
29.964912280702453 58
30.00877192982526 3
30.035087719298946 11
30.035087719298946 20
30.070175438597193 41
30.131578947369125 11
30.140350877193686 39
30.184210526316495 7
30.201754385965618 27
30.21052631579018 14
30.228070175439303 11
30.280701754386673 26
30.298245614035796 47
30.307017543860358 25
30.32456140350948 11
30.350877192983166 1
30.37719298245685 42
30.403508771930536 24
30.42105263157966 11
30.447368421053344 12
30.517543859649837 11
30.517543859649837 36
30.543859649123522 6
30.543859649123522 49
30.596491228070892 15
30.614035087720016 11
30.622807017544577 9
30.657894736842824 17
30.657894736842824 32
30.666666666667385 31
30.710526315790194 11
30.763157894737564 48
30.79824561403581 8
30.807017543860372 11
30.90350877193055 11
30.991228070176167 7
31.00000000000073 11
31.07017543859722 22
31.096491228070906 11
31.192982456141085 11
31.201754385965646 24
31.27192982456214 6
31.289473684211263 11
31.342105263158633 3
31.38596491228144 11
31.473684210527058 0
31.48245614035162 11
31.48245614035162 17
31.49122807017618 1
31.49122807017618 12
31.49122807017618 42
31.500000000000743 50
31.561403508772674 36
31.578947368421797 11
31.657894736842852 25
31.675438596491976 11
31.719298245614784 4
31.771929824562154 11
31.79824561403584 7
31.842105263158647 37
31.85964912280777 15
31.868421052632332 11
31.929824561404264 16
31.96491228070251 11
32.00000000000075 6
32.00000000000075 24
32.035087719299 34
32.035087719299 46
32.061403508772685 11
32.07894736842181 30
32.15789473684286 11
32.15789473684286 47
32.25438596491304 11
32.28947368421129 55
32.30701754386041 17
32.324561403509534 9
32.35087719298322 11
32.39473684210603 2
32.4473684210534 11
32.482456140351644 20
32.535087719299014 12
32.543859649123576 11
32.60526315789551 7
32.60526315789551 36
32.640350877193754 11
32.66666666666744 41
32.675438596492 3
32.701754385965685 42
32.72807017543937 6
32.73684210526393 11
32.73684210526393 48
32.798245614035864 24
32.83333333333411 11
32.85087719298323 1
32.859649122807795 57
32.92982456140429 11
32.92982456140429 27
33.00877192982534 25
33.00877192982534 25
33.02631578947447 11
33.122807017544645 11
33.122807017544645 15
33.131578947369206 17
33.131578947369206 33
33.14035087719377 52
33.175438596492015 38
33.21929824561482 11
33.315789473685 11
33.32456140350956 23
33.32456140350956 46
33.342105263158686 10
33.41228070175518 7
33.41228070175518 11
33.45614035087799 6
33.50877192982536 11
33.57894736842185 12
33.596491228070974 24
33.605263157895536 11
33.605263157895536 49
33.64035087719378 58
33.649122807018344 36
33.701754385965714 11
33.710526315790275 14
33.79824561403589 11
33.815789473685015 42
33.85087719298326 4
33.89473684210607 11
33.91228070175519 50
33.956140350878 17
33.99122807017625 11
34.00877192982537 3
34.026315789474495 47
34.03508771929906 9
34.08771929824643 1
34.08771929824643 11
34.15789473684292 44
34.184210526316605 6
34.184210526316605 11
34.22807017543941 7
34.236842105263975 40
34.26315789473766 54
34.28070175438678 11
34.289473684211345 29
34.35964912280784 25
34.35964912280784 30
34.37719298245696 11
34.38596491228152 15
34.394736842106084 24
34.47368421052714 11
34.57017543859732 11
34.57017543859732 28
34.605263157895564 39
34.62280701754469 12
34.666666666667496 11
34.69298245614118 36
34.710526315790304 48
34.72807017543943 16
34.763157894737674 11
34.7807017543868 17
34.83333333333417 35
34.85964912280785 11
34.91228070175522 6
34.921052631579784 20
34.94736842105347 42
34.95614035087803 11
35.02631578947452 0
35.035087719299085 7
35.05263157894821 11
35.1228070175447 26
35.14912280701839 11
35.192982456141195 24
35.20175438596576 32
35.245614035088565 11
35.28070175438681 1
35.307017543860496 53
35.34210526315874 3
35.34210526315874 11
35.38596491228155 22
35.43859649122892 11
35.517543859649976 57
35.5350877192991 11
35.60526315789559 17
35.63157894736928 11
35.64035087719384 6
35.6491228070184 15
35.65789473684296 27
35.666666666667524 12
35.71052631579033 8
35.71052631579033 25
35.728070175439456 11
35.73684210526402 9
35.73684210526402 36
35.824561403509634 11
35.833333333334195 55
35.84210526315876 7
35.885964912281565 2
35.89473684210613 47
35.92105263157981 11
35.982456140351744 4
35.991228070176305 24
36.01754385964999 11
36.11403508772017 11
36.14035087719385 42
36.1754385964921 44
36.21052631579035 11
36.21929824561491 46
36.307017543860525 11
36.307017543860525 34
36.32456140350965 50
36.368421052632456 6
36.4035087719307 11
36.42982456140439 17
36.50000000000088 11
36.526315789474566 43
36.59649122807106 11
36.64035087719387 30
36.64912280701843 7
36.675438596492114 3
36.69298245614124 11
36.69298245614124 48
36.71052631579036 12
36.780701754386854 36
36.789473684211416 11
36.789473684211416 24
36.789473684211416 37
36.8157894736851 49
36.885964912281594 11
36.91228070175528 15
36.98245614035177 11
37.06140350877283 25
37.07894736842195 11
37.09649122807107 6
37.17543859649213 11
37.19298245614125 10
37.210526315790375 14
37.210526315790375 58
37.21929824561494 23
37.25438596491318 17
37.25438596491318 42
37.27192982456231 11
37.35087719298336 20
37.35964912280792 1
37.368421052632485 11
37.43859649122898 9
37.44736842105354 5
37.4561403508781 7
37.46491228070266 11
37.482456140351786 0
37.526315789474594 16
37.535087719299156 46
37.56140350877284 11
37.587719298246526 24
37.65789473684302 11
37.7543859649132 11
37.7543859649132 12
37.76315789473776 47
37.82456140350969 6
37.82456140350969 36
37.850877192983376 11
37.947368421053554 11
38.008771929825485 3
38.04385964912373 11
38.07894736842198 17
38.10526315789566 33
38.114035087720225 4
38.14035087719391 11
38.166666666667595 52
38.17543859649216 15
38.23684210526409 11
38.26315789473777 7
38.33333333333427 11
38.385964912281636 24
38.3947368421062 1
38.41228070175532 25
38.429824561404445 11
38.52631578947462 11
38.535087719299185 43
38.55263157894831 5
38.55263157894831 6
38.56140350877287 42
38.6228070175448 11
38.67543859649217 48
38.71929824561498 11
38.7368421052641 50
38.798245614036034 12
38.798245614036034 56
38.81578947368516 11
38.86842105263253 36
38.903508771930774 17
38.912280701755336 11
39.008771929825514 11
39.070175438597445 7
39.10526315789569 11
39.1491228070185 9
39.16666666666762 29
39.18421052631675 24
39.20175438596587 11
39.2631578947378 46
39.280701754386925 6
39.29824561403605 11
39.333333333334295 57
39.34210526315886 3
39.34210526315886 3
39.3771929824571 2
39.39473684210623 11
39.40350877193079 5
39.438596491229035 15
39.491228070176405 11
39.491228070176405 28
39.51754385965009 38
39.552631578948336 30
39.58771929824658 11
39.63157894736939 47
39.6754385964922 42
39.68421052631676 11
39.701754385965884 22
39.72807017543957 17
39.763157894737816 25
39.78070175438694 11
39.78070175438694 20
39.84210526315887 12
39.87719298245712 11
39.87719298245712 49
39.88596491228168 7
39.88596491228168 44
39.912280701755364 36
39.973684210527296 11
39.98245614035186 24
40.00877192982554 6
40.070175438597474 11
40.078947368422035 0
40.16666666666765 11
40.175438596492214 54
40.236842105264145 53
40.24561403508871 4
40.26315789473783 11
40.30701754386064 32
40.32456140350976 16
40.35964912280801 11
40.394736842106255 1
40.447368421053625 44
40.45614035087819 11
40.47368421052731 55
40.552631578948365 11
40.552631578948365 17
40.59649122807117 34
40.614035087720296 46
40.63157894736942 58
40.64912280701854 11
40.657894736843105 48
40.67543859649223 3
40.69298245614135 7
40.70175438596591 15
40.719298245615036 14
40.73684210526416 6
40.73684210526416 27
40.74561403508872 11
40.78070175438697 24
40.8421052631589 11
40.85964912280802 9
40.88596491228171 12
40.90350877193083 26
40.93859649122908 11
40.9561403508782 36
41.035087719299256 11
41.04385964912382 10
41.11403508772031 23
41.11403508772031 25
41.131578947369434 11
41.14912280701856 50
41.22807017543961 11
41.32456140350979 11
41.350877192983475 35
41.37719298245716 17
41.42105263157997 11
41.46491228070278 6
41.50000000000102 7
41.50000000000102 47
41.51754385965015 11
41.561403508772955 43
41.57894736842208 24
41.58771929824664 42
41.614035087720325 11
41.7105263157905 11
41.73684210526419 37
41.780701754386996 44
41.80701754386068 11
41.833333333334366 30
41.885964912281736 52
41.90350877193086 1
41.90350877193086 11
41.929824561404544 12
41.96491228070279 15
42.00000000000104 11
42.00000000000104 36
42.0087719298256 3
42.01754385965016 57
42.02631578947472 41
42.096491228071216 11
42.192982456141394 6
42.192982456141394 11
42.201754385965955 17
42.21052631579052 20
42.28947368421157 11
42.307017543860695 7
42.36842105263263 46
42.37719298245719 4
42.37719298245719 24
42.38596491228175 11
42.464912280702805 25
42.48245614035193 11
42.570175438597545 9
42.57894736842211 11
42.622807017544915 33
42.64035087719404 48
42.675438596492285 11
42.70175438596597 42
42.77192982456246 11
42.86842105263264 2
42.86842105263264 11
42.92105263158001 6
42.938596491229134 49
42.96491228070282 11
42.97368421052738 0
42.97368421052738 12
43.02631578947475 17
43.043859649123874 36
43.043859649123874 40
43.061403508773 11
43.11403508772037 7
43.12280701754493 16
43.12280701754493 16
43.157894736843176 11
43.1754385964923 24
43.22807017543967 15
43.23684210526423 43
43.254385964913354 11
43.34210526315897 3
43.35087719298353 11
43.35087719298353 39
43.359649122808094 27
43.359649122808094 47
43.44736842105371 11
43.54385964912389 11
43.56140350877301 50
43.64035087719407 11
43.64912280701863 6
43.71052631579056 44
43.736842105264245 11
43.8157894736853 25
43.8157894736853 42
43.83333333333442 11
43.850877192983546 17
43.92105263158004 7
43.9298245614046 11
43.9298245614046 46
43.947368421053724 58
43.97368421052741 24
44.01754385965022 12
44.01754385965022 22
44.02631578947478 11
44.08771929824671 36
44.114035087720396 30
44.12280701754496 11
44.13157894736952 55
44.219298245615136 11
44.219298245615136 14
44.28070175438707 9
44.28070175438707 44
44.315789473685314 11
44.377192982457245 6
44.41228070175549 11
44.41228070175549 28
44.49122807017655 15
44.50877192982567 4
44.50877192982567 11
44.50877192982567 11
44.60526315789585 11
44.61403508772041 48
44.640350877194095 20
44.640350877194095 38
44.67543859649234 3
44.67543859649234 17
44.70175438596603 11
44.71052631579059 43
44.72807017543971 7
44.77192982456252 24
44.798245614036205 11
44.81578947368533 45
44.8684210526327 34
44.89473684210638 10
44.89473684210638 11
44.92982456140463 42
44.99122807017656 11
45.008771929825684 23
45.061403508773054 12
45.07894736842218 56
45.08771929824674 11
45.10526315789586 6
45.114035087720424 29
45.114035087720424 54
45.13157894736955 36
45.166666666667794 25
45.18421052631692 11
45.228070175439726 47
45.280701754387096 11
45.333333333334465 46
45.377192982457274 11
45.46491228070289 53
45.47368421052745 11
45.50000000000114 17
45.543859649123945 7
45.57017543859763 11
45.57017543859763 24
45.58771929824675 41
45.66666666666781 11
45.71929824561518 52
45.72807017543974 0
45.754385964913425 1
45.754385964913425 15
45.76315789473799 11
45.83333333333448 6
45.859649122808165 11
45.921052631580096 16
45.94736842105378 39
45.95614035087834 11
45.973684210527466 50
45.99122807017659 9
46.00000000000115 49
46.00877192982571 3
46.026315789474836 32
46.04385964912396 42
46.05263157894852 11
46.078947368422206 27
46.10526315789589 12
46.1491228070187 11
46.175438596492384 36
46.21052631579063 57
46.24561403508888 11
46.32456140350993 17
46.333333333334494 29
46.342105263159056 11
46.35087719298362 7
46.35964912280818 2
46.36842105263274 24
46.394736842106425 30
46.438596491229234 11
46.51754385965029 25
46.53508771929941 11
46.5614035087731 6
46.58771929824678 48
46.63157894736959 11
46.64035087719415 4
46.68421052631696 37
46.72807017543977 11
46.824561403509946 11
46.921052631580125 11
46.973684210527495 46
47.0175438596503 11
47.0175438596503 15
47.07017543859767 20
47.087719298246796 47
47.11403508772048 11
47.12280701754504 33
47.14912280701873 12
47.14912280701873 17
47.15789473684329 7
47.15789473684329 42
47.16666666666785 24
47.21052631579066 11
47.21929824561522 36
47.28070175438715 44
47.289473684211714 6
47.30701754386084 11
47.33333333333452 55
47.342105263159084 3
47.36842105263277 58
47.403508771931016 11
47.500000000001194 11
47.59649122807137 11
47.69298245614155 11
47.70175438596611 9
47.719298245615235 14
47.78947368421173 11
47.86842105263278 25
47.885964912281906 11
47.89473684210647 31
47.96491228070296 7
47.96491228070296 24
47.97368421052752 17
47.982456140352085 11
48.01754385965033 6
48.07894736842226 11
48.10526315789595 43
48.13157894736963 26
48.17543859649244 11
48.192982456141564 12
48.254385964913496 46
48.26315789473806 36
48.27192982456262 11
48.27192982456262 35
48.27192982456262 42
48.27192982456262 44
48.28070175438718 15
48.33333333333455 22
48.3684210526328 11
48.38596491228192 50
48.464912280702976 11
48.561403508773154 11
48.570175438597715 48
48.65789473684333 11
48.66666666666789 30
48.675438596492455 3
48.70175438596614 52
48.71929824561526 16
48.74561403508895 6
48.74561403508895 10
48.75438596491351 11
48.76315789473807 24
48.77192982456263 4
48.780701754387195 7
48.79824561403632 17
48.85087719298369 11
48.86842105263281 23
48.947368421053866 11
48.95614035087843 47
49.02631578947492 27
49.043859649124045 11
49.07894736842229 49
49.13157894736966 56
49.14035087719422 11
49.14035087719422 34
49.18421052631703 0
49.21929824561528 25
49.2368421052644 11
49.2368421052644 12
49.307017543860894 36
49.33333333333458 11
49.33333333333458 28
49.38596491228195 42
49.412280701755634 9
49.42982456140476 11
49.473684210527566 6
49.50000000000125 20
49.526315789474936 11
49.54385964912406 15
49.56140350877318 24
49.578947368422305 39
49.58771929824687 7
49.59649122807143 54
49.622807017545114 11
49.622807017545114 17
49.71929824561529 11
49.81578947368547 11
49.85087719298372 2
49.8771929824574 1
49.91228070175565 11
50.008771929825826 3
50.008771929825826 11
50.061403508773196 46
50.105263157896005 11
50.20175438596618 6
50.20175438596618 11
50.23684210526443 38
50.271929824562676 41
50.28070175438724 12
50.28070175438724 12
50.29824561403636 11
50.35087719298373 36
50.35964912280829 24
50.39473684210654 7
50.39473684210654 11
50.43859649122935 29
50.44736842105391 17
50.49122807017672 11
50.50000000000128 42
50.57017543859777 25
50.587719298246896 11
50.59649122807146 48
50.684210526317074 11
50.78070175438725 11
50.798245614036375 50
50.80701754386094 15
50.8157894736855 47
50.83333333333462 57
50.87719298245743 11
50.903508771931115 4
50.9298245614048 6
50.93859649122936 30
50.97368421052761 11
51.070175438597786 11
51.122807017545156 9
51.1578947368434 24
51.166666666667965 11
51.19298245614165 43
51.20175438596621 7
51.219298245615335 14
51.26315789473814 11
51.271929824562704 17
51.324561403510074 12
51.3421052631592 1
51.3421052631592 3
51.35964912280832 11
51.39473684210657 36
51.4561403508785 11
51.51754385965043 16
51.55263157894868 11
51.61403508772061 42
51.63157894736973 37
51.649122807018855 11
51.649122807018855 46
51.65789473684342 6
51.745614035089034 11
51.84210526315921 11
51.8684210526329 32
51.92105263158027 25
51.92982456140483 20
51.92982456140483 29
51.93859649122939 11
51.93859649122939 33
51.95614035087851 24
52.017543859650445 7
52.03508771929957 11
52.04385964912413 58
52.070175438597815 15
52.070175438597815 55
52.0964912280715 17
52.0964912280715 44
52.131578947369746 11
52.14035087719431 49
52.228070175439925 11
52.24561403508905 27
52.3245614035101 11
52.36842105263291 12
52.37719298245747 19
52.385964912282034 6
52.42105263158028 11
52.438596491229404 36
52.51754385965046 11
52.57894736842239 48
52.596491228071514 10
52.61403508772064 11
52.649122807018884 22
52.67543859649257 3
52.68421052631713 47
52.710526315790815 11
52.754385964913624 24
52.763157894738185 23
52.807017543860994 11
52.83333333333468 7
52.83333333333468 9
52.87719298245749 43
52.88596491228205 42
52.90350877193117 11
52.921052631580295 17
53.00000000000135 11
53.0350877192996 4
53.09649122807153 11
53.11403508772065 6
53.15789473684346 1
53.192982456141706 11
53.21052631579083 50
53.21929824561539 30
53.27192982456276 25
53.289473684211885 11
53.32456140351013 41
53.33333333333469 15
53.342105263159254 2
53.342105263159254 39
53.38596491228206 11
53.41228070175575 12
53.42105263158031 34
53.48245614035224 11
53.48245614035224 36
53.4912280701768 46
53.552631578948734 24
53.552631578948734 44
53.57894736842242 11
53.64912280701891 7
53.6754385964926 11
53.710526315790844 35
53.72807017543997 0
53.74561403508909 17
53.771929824562775 11
53.84210526315927 6
53.868421052632954 11
53.877192982457515 52
53.96491228070313 11
54.00000000000138 42
54.00000000000138 44
54.00877192982594 3
54.06140350877331 11
54.15789473684349 11
54.21052631579086 26
54.254385964913666 11
54.254385964913666 28
54.254385964913666 28
54.3157894736856 16
54.350877192983845 11
54.350877192983845 24
54.359649122808406 20
54.403508771931214 54
54.44736842105402 11
54.456140350878584 7
54.456140350878584 12
54.49122807017683 8
54.52631578947508 36
54.53508771929964 9
54.5438596491242 11
54.5438596491242 47
54.561403508773324 48
54.570175438597886 6
54.570175438597886 17
54.59649122807157 15
54.622807017545256 25
54.63157894736982 44
54.64035087719438 11
54.71052631579087 27
54.719298245615434 14
54.73684210526456 11
54.780701754387366 1
54.833333333334735 11
54.929824561404914 11
55.02631578947509 11
55.07894736842246 43
55.08771929824702 46
55.11403508772071 42
55.12280701754527 11
55.149122807018955 24
55.16666666666808 4
55.19298245614176 44
55.201754385966325 49
55.21929824561545 11
55.26315789473826 7
55.26315789473826 56
55.28070175438738 41
55.2982456140365 6
55.315789473685626 11
55.34210526315931 3
55.39473684210668 17
55.412280701755805 11
55.421052631580366 58
55.50000000000142 12
55.50877192982598 11
55.570175438597914 36
55.60526315789616 11
55.622807017545284 50
55.70175438596634 11
55.70175438596634 11
55.79824561403652 1
55.79824561403652 11
55.85964912280845 15
55.85964912280845 38
55.885964912282134 31
55.894736842106695 11
55.894736842106695 30
55.90350877193126 32
55.947368421054065 24
55.97368421052775 25
55.991228070176874 11
56.02631578947512 6
56.07017543859793 7
56.08771929824705 11
56.1228070175453 44
56.18421052631723 11
56.21929824561548 17
56.22807017544004 42
56.2368421052646 9
56.28070175438741 11
56.368421052633025 55
56.377192982457586 11
56.38596491228215 33
56.41228070175583 47
56.44736842105408 10
56.473684210527765 11
56.482456140352326 53
56.54385964912426 12
56.54385964912426 48
56.57017543859794 11
56.578947368422504 37
56.61403508772075 36
56.62280701754531 23
56.66666666666812 11
56.67543859649268 3
56.67543859649268 44
56.692982456141806 46
56.745614035089176 24
56.75438596491374 6
56.7631578947383 11
56.789473684211984 20
56.83333333333479 2
56.850877192983916 43
56.85964912280848 11
56.88596491228216 7
56.91228070175585 1
56.956140350878655 11
56.956140350878655 11
56.96491228070322 22
57.04385964912427 17
57.052631578948834 11
57.061403508773395 0
57.114035087720765 16
57.12280701754533 15
57.14912280701901 11
57.15789473684357 27
57.24561403508919 11
57.29824561403656 4
57.324561403510245 25
57.34210526315937 11
57.34210526315937 42
57.377192982457615 40
57.429824561404985 41
57.438596491229546 11
57.45614035087867 39
57.482456140352355 6
57.535087719299725 11
57.543859649124286 24
57.587719298247094 12
57.6315789473699 11
57.65789473684359 36
57.692982456141834 7
57.692982456141834 34
57.72807017544008 11
57.82456140351026 11
57.86842105263307 17
57.92105263158044 11
57.94736842105412 9
58.008771929826054 3
58.017543859650615 11
58.03508771929974 50
58.114035087720794 1
58.114035087720794 11
58.16666666666816 30
58.21052631579097 6
58.21052631579097 11
58.21929824561553 14
58.25438596491378 46
58.26315789473834 49
58.2719298245629 47
58.30701754386115 11
58.3421052631594 24
58.385964912282205 15
58.40350877193133 11
58.447368421054136 57
58.4561403508787 5
58.4561403508787 42
58.500000000001506 7
58.500000000001506 11
58.51754385965063 48
58.596491228071685 11
58.63157894736993 12
58.67543859649274 25
58.6842105263173 35
58.69298245614186 11
58.69298245614186 17
58.701754385966424 36
58.78947368421204 11
58.7982456140366 44
58.88596491228222 11
58.93859649122959 6
58.9824561403524 11
59.078947368422575 11
59.14035087719451 24
59.175438596492754 11
59.175438596492754 28
59.21929824561556 20
59.27192982456293 11
59.30701754386118 7
59.30701754386118 52
59.33333333333486 58
59.342105263159425 3
59.342105263159425 5
59.36842105263311 11
59.38596491228223 41
59.41228070175592 44
59.42982456140504 4
59.46491228070329 11
59.51754385965066 17
59.561403508773466 11
59.57017543859803 42
59.614035087720836 27
59.64912280701908 15
59.657894736843645 0
59.657894736843645 9
59.657894736843645 11
59.666666666668206 6
59.67543859649277 12
59.74561403508926 36
59.75438596491382 11
59.80701754386119 44
59.815789473685754 26
59.850877192984 11
59.91228070175593 16
59.93859649122962 24
59.93859649122962 32
59.94736842105418 11
59.973684210527864 54
