0.07017543859649122 9
0.07017543859649122 19
0.07017543859649122 24
0.13157894736842105 2
0.18421052631578946 12
0.21929824561403508 15
0.21929824561403508 43
0.22807017543859648 41
0.29824561403508787 4
0.342105263157895 19
0.342105263157895 26
0.3947368421052636 25
0.43859649122807076 16
0.46491228070175505 30
0.5087719298245622 32
0.5350877192982465 33
0.5701754385964922 23
0.5877192982456151 14
0.605263157894738 22
0.6140350877192994 44
0.6228070175438608 7
0.6228070175438608 10
0.6315789473684222 6
0.6403508771929837 3
0.8684210526315809 24
0.9561403508771952 55
0.9824561403508795 39
0.9912280701754409 27
1.0701754385964937 47
1.0701754385964937 47
1.096491228070178 19
1.1403508771929851 11
1.1403508771929851 28
1.2280701754385994 58
1.2456140350877223 11
1.2456140350877223 20
1.2894736842105294 48
1.3596491228070209 6
1.464912280701758 7
1.543859649122811 42
1.5526315789473724 15
1.605263157894741 1
1.666666666666671 24
1.666666666666671 57
1.8421052631578996 36
1.973684210526321 3
2.0877192982456174 6
2.245614035087719 29
2.245614035087719 37
2.3070175438596476 7
2.3070175438596476 41
2.4649122807017494 24
2.4649122807017494 46
2.4999999999999942 34
2.4999999999999942 52
2.7280701754385857 4
2.736842105263147 30
2.745614035087708 44
2.7719298245613917 19
2.780701754385953 25
2.8157894736841977 6
2.8859649122806874 11
2.8859649122806874 15
2.8859649122806874 36
2.999999999999983 11
3.0087719298245443 47
3.078947368421034 31
3.1052631578947176 1
3.1403508771929625 7
3.1754385964912073 42
3.1842105263157685 19
3.210526315789452 11
3.2631578947368194 24
3.3070175438596254 3
3.3070175438596254 11
3.4035087719297987 11
3.4035087719297987 49
3.4035087719297987 50
3.535087719298217 27
3.543859649122778 6
3.543859649122778 11
3.587719298245584 12
3.6052631578947065 48
3.622807017543829 2
3.6403508771929514 11
3.7368421052631247 11
3.833333333333298 11
3.8596491228069816 46
3.877192982456104 38
3.9298245614034713 11
3.9298245614034713 36
3.9736842105262773 7
4.026315789473646 11
4.0614035087718925 24
4.122807017543824 11
4.175438596491194 14
4.219298245614002 11
4.219298245614002 15
4.271929824561372 6
4.31578947368418 11
4.342105263157865 40
4.342105263157865 43
4.359649122806989 45
4.412280701754359 11
4.438596491228044 23
4.517543859649098 11
4.543859649122783 25
4.552631578947345 19
4.587719298245592 17
4.587719298245592 20
4.596491228070153 42
4.605263157894715 16
4.614035087719277 11
4.640350877192962 3
4.640350877192962 41
4.7192982456140165 11
4.807017543859633 4
4.807017543859633 7
4.859649122807003 24
4.859649122807003 24
4.938596491228058 22
4.964912280701743 47
4.973684210526304 36
4.999999999999989 6
5.070175438596483 30
5.078947368421044 39
5.131578947368414 5
5.245614035087716 32
5.280701754385962 12
5.307017543859647 11
5.307017543859647 19
5.37719298245614 26
5.403508771929825 11
5.447368421052634 55
5.464912280701757 52
5.5000000000000036 11
5.543859649122812 15
5.596491228070182 11
5.631578947368428 46
5.64035087719299 7
5.657894736842113 24
5.657894736842113 48
5.69298245614036 11
5.719298245614045 17
5.7280701754386065 6
5.736842105263168 1
5.789473684210538 11
5.85087719298247 25
5.885964912280716 11
5.90350877192984 42
5.973684210526333 3
5.9824561403508945 11
6.008771929824579 43
6.017543859649141 36
6.078947368421073 11
6.087719298245634 28
6.1578947368421275 27
6.175438596491251 11
6.271929824561429 11
6.368421052631607 11
6.4122807017544154 29
6.429824561403539 56
6.456140350877224 6
6.456140350877224 24
6.473684210526347 7
6.719298245614073 17
6.780701754386005 41
6.85964912280706 12
6.868421052631621 15
6.885964912280745 47
6.982456140350923 11
6.9912280701754845 4
7.061403508771978 36
7.078947368421101 11
7.114035087719348 2
7.157894736842156 25
7.166666666666718 8
7.175438596491279 11
7.184210526315841 6
7.2192982456140875 37
7.228070175438649 44
7.254385964912334 24
7.271929824561457 11
7.298245614035142 7
7.307017543859704 3
7.359649122807074 46
7.368421052631636 11
7.403508771929882 16
7.464912280701814 11
7.473684210526375 57
7.561403508771992 11
7.570175438596554 39
7.65789473684217 11
7.71052631578954 19
7.719298245614102 20
7.736842105263225 48
7.745614035087787 14
7.754385964912348 11
7.8508771929825265 11
7.912280701754458 6
7.947368421052705 11
7.956140350877266 12
7.964912280701828 58
8.008771929824636 5
8.043859649122883 11
8.052631578947445 24
8.105263157894814 36
8.122807017543938 7
8.140350877193061 11
8.192982456140431 15
8.219298245614116 10
8.219298245614116 19
8.23684210526324 11
8.333333333333417 11
8.359649122807102 9
8.429824561403596 11
8.526315789473774 11
8.605263157894829 55
8.622807017543952 11
8.640350877193075 3
8.640350877193075 6
8.701754385965007 44
8.71929824561413 11
8.815789473684308 11
8.833333333333432 47
8.850877192982555 24
8.912280701754487 11
8.947368421052733 7
8.98245614035098 19
9.008771929824665 11
9.052631578947473 12
9.052631578947473 43
9.061403508772035 23
9.070175438596596 4
9.105263157894843 11
9.149122807017651 36
9.201754385965021 11
9.228070175438706 25
9.236842105263268 38
9.263157894736953 22
9.2982456140352 11
9.368421052631692 6
9.394736842105377 11
9.491228070175556 11
9.51754385964924 15
9.57017543859661 1
9.587719298245734 11
9.649122807017665 24
9.684210526315912 11
9.78070175438609 7
9.78070175438609 11
9.877192982456268 11
9.912280701754515 46
9.9385964912282 26
9.973684210526446 3
9.973684210526446 11
10.008771929824693 17
10.052631578947501 27
10.061403508772063 48
10.070175438596625 11
10.09649122807031 6
10.14912280701768 12
10.166666666666803 11
10.175438596491365 20
10.192982456140488 36
10.20175438596505 16
10.228070175438734 19
10.228070175438734 42
10.263157894736981 11
10.35964912280716 11
10.447368421052776 24
10.456140350877337 11
10.47368421052646 57
10.508771929824707 40
10.535087719298392 25
10.552631578947516 11
10.605263157894885 2
10.614035087719447 7
10.649122807017694 11
10.719298245614187 30
10.73684210526331 44
10.745614035087872 11
10.780701754386119 47
10.824561403508927 6
10.824561403508927 39
10.84210526315805 11
10.84210526315805 15
10.877192982456297 43
10.938596491228228 11
10.973684210526475 34
11.017543859649283 28
11.017543859649283 41
11.035087719298406 11
11.05263157894753 1
11.131578947368585 11
11.149122807017708 4
11.228070175438763 11
11.228070175438763 19
11.236842105263324 36
11.245614035087886 12
11.245614035087886 24
11.280701754386133 8
11.307017543859818 3
11.307017543859818 14
11.307017543859818 52
11.324561403508941 5
11.324561403508941 11
11.42105263157912 11
11.438596491228243 7
11.464912280701927 44
11.517543859649297 11
11.552631578947544 6
11.614035087719476 11
11.64035087719316 33
11.684210526315969 46
11.710526315789654 11
11.807017543859832 11
11.833333333333517 19
11.842105263158079 17
11.842105263158079 25
11.90350877193001 11
12.000000000000188 11
12.043859649122997 24
12.096491228070366 11
12.149122807017736 9
12.157894736842298 32
12.16666666666686 15
12.192982456140545 11
12.192982456140545 37
12.263157894737038 7
12.280701754386161 6
12.280701754386161 19
12.280701754386161 36
12.280701754386161 36
12.289473684210723 11
12.289473684210723 55
12.342105263158093 12
12.385964912280901 11
12.48245614035108 11
12.552631578947572 48
12.570175438596696 1
12.578947368421257 11
12.578947368421257 19
12.605263157894942 20
12.640350877193189 3
12.675438596491436 11
12.719298245614244 47
12.719298245614244 47
12.771929824561614 11
12.798245614035299 44
12.842105263158107 24
12.868421052631792 11
12.894736842105477 17
12.938596491228285 58
12.96491228070197 11
12.991228070175655 42
13.000000000000217 16
13.008771929824778 6
13.01754385964934 30
13.061403508772148 11
13.087719298245833 7
13.149122807017765 25
13.157894736842326 11
13.157894736842326 27
13.22807017543882 4
13.254385964912505 11
13.298245614035313 56
13.324561403508998 36
13.350877192982683 11
13.4385964912283 12
13.447368421052861 11
13.49122807017567 15
13.508771929824793 39
13.54385964912304 11
13.5526315789476 41
13.60526315789497 22
13.622807017544094 57
13.640350877193217 11
13.640350877193217 24
13.65789473684234 1
13.65789473684234 5
13.65789473684234 49
13.666666666666902 50
13.692982456140587 19
13.736842105263396 6
13.736842105263396 11
13.833333333333574 11
13.86842105263182 29
13.92105263157919 7
13.929824561403752 11
13.956140350877437 46
13.97368421052656 3
14.02631578947393 11
14.096491228070423 2
14.122807017544108 11
14.219298245614286 11
14.315789473684465 11
14.368421052631835 36
14.39473684210552 26
14.412280701754643 11
14.438596491228328 24
14.456140350877451 25
14.464912280702013 6
14.508771929824821 11
14.508771929824821 23
14.535087719298506 12
14.587719298245876 48
14.605263157895 11
14.640350877193246 8
14.649122807017807 47
14.701754385965177 11
14.710526315789739 40
14.745614035087986 7
14.77192982456167 17
14.77192982456167 44
14.789473684210794 38
14.798245614035356 11
14.807017543859917 1
14.815789473684479 15
14.859649122807287 14
14.859649122807287 42
14.894736842105534 11
14.903508771930095 52
14.991228070175712 11
15.043859649123082 9
15.043859649123082 20
15.08771929824589 11
15.184210526316068 11
15.19298245614063 6
15.236842105263438 24
15.280701754386246 11
15.307017543859931 3
15.307017543859931 4
15.377192982456425 11
15.412280701754671 36
15.473684210526603 11
15.526315789473973 46
15.543859649123096 19
15.570175438596781 7
15.570175438596781 11
15.622807017544151 30
15.631578947368713 12
15.66666666666696 11
15.763157894737137 11
15.763157894737137 25
15.763157894737137 44
15.798245614035384 16
15.859649122807316 11
15.921052631579247 6
15.93859649122837 41
15.947368421052932 28
15.956140350877494 11
15.982456140351179 19
16.026315789473987 55
16.03508771929855 24
16.052631578947672 11
16.14035087719329 15
16.14912280701785 11
16.24561403508803 11
16.25438596491259 32
16.289473684210837 39
16.289473684210837 44
16.31578947368452 19
16.342105263158206 11
16.394736842105576 7
16.438596491228385 11
16.456140350877508 36
16.535087719298563 11
16.587719298245933 47
16.587719298245933 58
16.596491228070494 48
16.605263157895056 10
16.62280701754418 43
16.63157894736874 1
16.63157894736874 11
16.640350877193303 3
16.649122807017864 6
16.72807017543892 11
16.72807017543892 12
16.73684210526348 9
16.798245614035412 42
16.807017543859974 57
16.824561403509097 11
16.83333333333366 24
16.921052631579276 11
16.929824561403837 34
17.008771929824892 46
17.017543859649454 11
17.070175438596824 25
17.114035087719632 11
17.114035087719632 19
17.166666666667002 37
17.21052631578981 11
17.228070175438933 7
17.289473684210865 27
17.30701754385999 11
17.37719298245648 6
17.385964912281043 4
17.385964912281043 4
17.385964912281043 17
17.403508771930166 11
17.464912280702098 15
17.48245614035122 20
17.500000000000345 11
17.500000000000345 36
17.58771929824596 2
17.596491228070523 11
17.63157894736877 24
17.6929824561407 11
17.73684210526351 52
17.78947368421088 11
17.815789473684564 1
17.824561403509126 12
17.885964912281057 11
17.94736842105299 22
17.973684210526674 3
17.982456140351236 11
18.00877192982492 42
18.017543859649482 30
18.06140350877229 7
18.070175438596852 19
18.078947368421414 11
18.1052631578951 6
18.1052631578951 29
18.175438596491592 11
18.27192982456177 11
18.289473684210893 46
18.36842105263195 11
18.37719298245651 25
18.412280701754757 14
18.412280701754757 14
18.42982456140388 24
18.464912280702126 11
18.49122807017581 19
18.517543859649496 47
18.54385964912318 36
18.561403508772305 11
18.59649122807055 16
18.64035087719336 48
18.657894736842483 11
18.684210526316168 44
18.69298245614073 41
18.75438596491266 11
18.789473684210908 15
18.833333333333716 6
18.85087719298284 11
18.894736842105647 7
18.921052631579332 12
18.947368421053017 11
19.00877192982495 56
19.043859649123196 11
19.105263157895127 9
19.140350877193374 11
19.22807017543899 24
19.236842105263552 11
19.245614035088114 17
19.307017543860045 3
19.33333333333373 11
19.39473684210566 19
19.39473684210566 26
19.421052631579347 55
19.42982456140391 11
19.464912280702155 4
19.526315789474086 11
19.561403508772333 6
19.561403508772333 57
19.587719298246018 36
19.622807017544265 11
19.640350877193388 19
19.684210526316196 25
19.684210526316196 33
19.719298245614443 11
19.728070175439004 7
19.75438596491269 42
19.81578947368462 11
19.9122807017548 11
19.9122807017548 20
20.008771929824977 11
20.01754385964954 12
20.0263157894741 24
20.061403508772347 27
20.087719298246032 46
20.105263157895156 11
20.114035087719717 15
20.201754385965334 11
20.28947368421095 6
20.298245614035512 11
20.39473684210569 11
20.45614035087762 47
20.49122807017587 11
20.535087719298676 44
20.56140350877236 7
20.587719298246046 11
20.596491228070608 30
20.631578947368855 36
20.640350877193416 3
20.640350877193416 48
20.684210526316225 11
20.780701754386403 11
20.82456140350921 24
20.842105263158334 43
20.86842105263202 28
20.87719298245658 11
20.97368421052676 11
20.991228070175882 25
21.008771929825006 58
21.017543859649567 6
21.070175438596937 11
21.0789473684215 2
21.114035087719746 12
21.114035087719746 23
21.166666666667115 11
21.1929824561408 52
21.201754385965362 34
21.263157894737294 11
21.307017543860102 44
21.34210526315835 39
21.359649122807472 11
21.39473684210572 7
21.39473684210572 16
21.438596491228527 15
21.45614035087765 11
21.473684210526773 9
21.482456140351335 17
21.543859649123267 4
21.552631578947828 11
21.62280701754432 24
21.649122807018006 11
21.67543859649169 36
21.684210526316253 32
21.745614035088185 6
21.745614035088185 11
21.754385964912746 38
21.77192982456187 1
21.77192982456187 44
21.78070175438643 41
21.842105263158363 11
21.894736842105733 46
21.93859649122854 11
21.964912280702226 14
21.964912280702226 57
21.973684210526788 3
22.03508771929872 11
22.04385964912328 19
22.131578947368897 11
22.14035087719346 37
22.210526315789952 12
22.228070175439075 7
22.228070175439075 11
22.271929824561884 22
22.29824561403557 25
22.315789473684692 42
22.324561403509254 11
22.342105263158377 20
22.385964912281185 47
22.421052631579432 11
22.421052631579432 24
22.45614035087768 5
22.4736842105268 6
22.51754385964961 11
22.535087719298733 17
22.614035087719788 11
22.710526315789966 11
22.719298245614528 36
22.754385964912775 44
22.763157894737336 15
22.807017543860145 11
22.903508771930323 11
22.929824561404008 10
22.973684210526816 40
22.982456140351378 19
23.0000000000005 11
23.04385964912331 43
23.061403508772433 7
23.09649122807068 11
23.14912280701805 30
23.192982456140857 11
23.20175438596542 6
23.219298245614542 24
23.289473684211035 11
23.298245614035597 48
23.30701754386016 3
23.30701754386016 12
23.385964912281214 11
23.482456140351392 11
23.53508771929876 8
23.561403508772447 17
23.57894736842157 11
23.605263157895255 25
23.62280701754438 4
23.675438596491748 11
23.763157894737365 36
23.763157894737365 56
23.771929824561926 11
23.815789473684735 9
23.868421052632105 11
23.868421052632105 19
23.885964912281228 7
23.921052631579474 44
23.929824561404036 6
23.964912280702283 11
23.982456140351406 39
24.017543859649653 24
24.017543859649653 41
24.06140350877246 11
24.087719298246146 15
24.140350877193516 55
24.15789473684264 11
24.192982456140886 16
24.254385964912817 11
24.289473684211064 44
24.32456140350931 47
24.342105263158434 57
24.350877192982995 11
24.403508771930365 12
24.447368421053174 1
24.447368421053174 11
24.447368421053174 17
24.456140350877735 19
24.53508771929879 43
24.543859649123352 11
24.570175438597037 2
24.622807017544407 27
24.64035087719353 3
24.64035087719353 11
24.64035087719353 46
24.657894736842653 6
24.710526315790023 7
24.736842105263708 11
24.771929824561955 20
24.8070175438602 36
24.815789473684763 24
24.833333333333886 11
24.877192982456695 58
24.91228070175494 25
24.91228070175494 25
24.929824561404065 11
25.026315789474243 11
25.078947368421613 42
25.105263157895298 44
25.12280701754442 11
25.2192982456146 11
25.28070175438653 17
25.28070175438653 48
25.315789473684777 11
25.342105263158462 26
25.38596491228127 6
25.412280701754955 11
25.412280701754955 15
25.500000000000572 12
25.508771929825134 11
25.517543859649695 14
25.53508771929882 7
25.561403508772504 9
25.570175438597065 30
25.605263157895312 11
25.614035087719873 24
25.684210526316367 34
25.70175438596549 4
25.70175438596549 11
25.789473684211107 28
25.798245614035668 11
25.850877192983038 36
25.894736842105846 11
25.9736842105269 3
25.991228070176025 11
26.087719298246203 11
26.105263157895326 17
26.114035087719888 6
26.18421052631638 11
26.219298245614628 25
26.263157894737436 42
26.263157894737436 47
26.28070175438656 11
26.298245614035682 23
26.368421052632176 7
26.377192982456737 11
26.412280701754984 24
26.473684210526915 11
26.473684210526915 39
26.535087719298847 19
26.561403508772532 44
26.570175438597094 11
26.59649122807078 8
26.59649122807078 12
26.59649122807078 22
26.65789473684271 52
26.666666666667272 11
26.71929824561464 46
26.736842105263765 15
26.76315789473745 11
26.842105263158505 1
26.842105263158505 6
26.859649122807628 11
26.894736842105875 36
26.92105263157956 17
26.956140350877806 11
26.98245614035149 10
26.991228070176053 16
27.052631578947985 11
27.070175438597108 41
27.114035087719916 37
27.13157894736904 38
27.149122807018163 11
27.19298245614097 7
27.201754385965533 20
27.210526315790094 24
27.24561403508834 11
27.28947368421115 9
27.307017543860272 3
27.34210526315852 11
27.438596491228697 11
27.526315789474314 25
27.526315789474314 56
27.535087719298875 11
27.570175438597122 6
27.631578947369054 11
27.692982456140985 12
27.71052631579011 57
27.728070175439232 11
27.736842105263793 17
27.7807017543866 4
27.82456140350941 11
27.842105263158533 32
27.921052631579588 11
27.92982456140415 19
27.93859649122871 36
27.964912280702396 48
27.99122807017608 27
28.000000000000643 30
28.008771929825205 24
28.008771929825205 44
28.017543859649766 7
28.017543859649766 11
28.061403508772575 2
28.061403508772575 15
28.078947368421698 43
28.114035087719945 11
28.192982456141 47
28.210526315790123 11
28.29824561403574 6
28.3070175438603 11
28.40350877193048 11
28.45614035087785 55
28.500000000000657 11
28.50877192982522 58
28.552631578948027 17
28.578947368421712 5
28.578947368421712 19
28.596491228070835 11
28.640350877193644 3
28.692982456141014 11
28.789473684211192 11
28.789473684211192 12
28.807017543860315 24
28.833333333334 19
28.833333333334 25
28.850877192983123 7
28.88596491228137 11
28.982456140351548 11
28.982456140351548 36
29.026315789474356 6
29.026315789474356 9
29.026315789474356 45
29.04385964912348 46
29.061403508772603 14
29.078947368421726 11
29.175438596491905 11
29.271929824562083 11
29.31578947368489 1
29.36842105263226 11
29.36842105263226 17
29.385964912281384 15
29.46491228070244 11
29.561403508772617 11
29.605263157895426 24
29.63157894736911 20
29.657894736842795 11
29.68421052631648 7
29.754385964912974 6
29.754385964912974 11
29.78947368421122 16
29.807017543860344 42
29.850877192983152 11
29.859649122807713 4
29.8859649122814 12
29.94736842105333 11
29.973684210527015 3
30.026315789474385 36
30.043859649123508 11
30.140350877193686 11
30.140350877193686 25
30.149122807018248 47
30.175438596491933 17
30.236842105263865 11
30.254385964912988 39
30.298245614035796 44
30.307017543860358 19
30.333333333334043 11
30.403508771930536 24
30.403508771930536 26
30.42982456140422 11
30.464912280702467 30
30.48245614035159 6
30.508771929825276 27
30.517543859649837 7
30.517543859649837 23
30.5263157894744 11
30.622807017544577 11
30.68421052631651 19
30.710526315790194 15
30.710526315790194 28
30.719298245614755 11
30.754385964913002 9
30.815789473684934 11
30.868421052632304 29
30.89473684210599 8
30.912280701755112 11
30.912280701755112 22
30.938596491228797 44
30.973684210527043 57
30.982456140351605 12
30.991228070176167 17
31.00877192982529 11
31.00877192982529 41
31.043859649123537 49
31.043859649123537 52
31.07017543859722 36
31.078947368421783 43
31.105263157895468 11
31.11403508772003 48
31.201754385965646 11
31.201754385965646 24
31.210526315790208 6
31.210526315790208 42
31.210526315790208 50
31.254385964913016 56
31.298245614035825 11
31.307017543860386 3
31.315789473684948 46
31.342105263158633 7
31.394736842106003 11
31.447368421053373 25
31.49122807017618 11
31.552631578948112 2
31.58771929824636 11
31.684210526316537 11
31.780701754386715 11
31.79824561403584 19
31.8070175438604 17
31.877192982456894 11
31.921052631579702 34
31.938596491228825 4
31.938596491228825 6
31.97368421052707 11
32.00000000000075 24
32.01754385964988 44
32.035087719299 15
32.035087719299 38
32.061403508772685 20
32.070175438597246 11
32.07894736842181 12
32.07894736842181 47
32.08771929824637 37
32.114035087720055 36
32.166666666667425 7
32.166666666667425 11
32.2631578947376 11
32.35964912280778 11
32.45614035087796 11
32.47368421052708 9
32.55263157894814 11
32.55263157894814 32
32.5614035087727 44
32.587719298246384 16
32.60526315789551 14
32.62280701754463 17
32.640350877193754 3
32.649122807018315 11
32.66666666666744 6
32.745614035088494 11
32.754385964913055 25
32.76315789473762 43
32.798245614035864 24
32.807017543860425 30
32.84210526315867 11
32.93859649122885 11
32.99122807017622 7
33.03508771929903 11
33.05263157894815 1
33.07894736842184 42
33.131578947369206 11
33.131578947369206 11
33.15789473684289 36
33.175438596492015 12
33.228070175439385 11
33.32456140350956 11
33.35964912280781 15
33.36842105263237 40
33.394736842106056 6
33.41228070175518 39
33.42105263157974 11
33.438596491228864 17
33.438596491228864 48
33.48245614035167 41
33.51754385964992 11
33.57894736842185 19
33.596491228070974 24
33.6140350877201 11
33.62280701754466 50
33.63157894736922 33
33.710526315790275 11
33.807017543860454 11
33.82456140350958 7
33.90350877193063 11
33.91228070175519 57
33.973684210527125 3
34.00000000000081 11
34.00877192982537 47
34.01754385964993 4
34.06140350877274 25
34.09649122807099 11
34.12280701754467 6
34.131578947369235 49
34.192982456141166 11
34.20175438596573 36
34.236842105263975 9
34.2543859649131 17
34.27192982456222 1
34.27192982456222 12
34.28070175438678 52
34.289473684211345 11
34.38596491228152 11
34.394736842106084 24
34.403508771930646 43
34.4824561403517 11
34.49122807017626 20
34.54385964912363 19
34.57894736842188 11
34.657894736842934 7
34.67543859649206 11
34.67543859649206 46
34.68421052631662 15
34.771929824562235 11
34.771929824562235 27
34.85087719298329 6
34.868421052632414 11
34.95614035087803 26
34.96491228070259 11
35.00000000000084 44
35.0087719298254 55
35.035087719299085 19
35.04385964912365 2
35.06140350877277 11
35.06140350877277 11
35.07017543859733 17
35.1228070175447 30
35.15789473684295 11
35.192982456141195 24
35.236842105264 22
35.245614035088565 36
35.254385964913126 11
35.28947368421137 23
35.307017543860496 3
35.350877192983305 11
35.36842105263243 12
35.36842105263243 25
35.38596491228155 16
35.38596491228155 48
35.44736842105348 11
35.49122807017629 7
35.54385964912366 11
35.57894736842191 6
35.63157894736928 28
35.64035087719384 11
35.73684210526402 11
35.833333333334195 11
35.86842105263244 5
35.885964912281565 17
35.89473684210613 56
35.929824561404374 11
35.938596491228935 47
35.982456140351744 9
35.991228070176305 24
36.00877192982543 15
36.02631578947455 11
36.03508771929911 50
36.096491228071045 4
36.12280701754473 11
36.149122807018415 14
36.21929824561491 11
36.2894736842114 36
36.307017543860525 6
36.315789473685086 11
36.32456140350965 7
36.359649122807895 42
36.412280701755265 11
36.43859649122895 58
36.45614035087807 1
36.464912280702634 12
36.464912280702634 12
36.50877192982544 11
36.56140350877281 46
36.60526315789562 11
36.61403508772018 19
36.64035087719387 3
36.675438596492114 25
36.7017543859658 11
36.7017543859658 17
36.74561403508861 57
36.789473684211416 24
36.79824561403598 11
36.894736842106155 11
36.91228070175528 34
36.91228070175528 39
36.92105263157984 20
36.991228070176334 11
37.03508771929914 6
37.06140350877283 37
37.08771929824651 11
37.14912280701844 19
37.157894736843005 7
37.18421052631669 11
37.28070175438687 11
37.33333333333424 15
37.33333333333424 36
37.3421052631588 38
37.3421052631588 48
37.377192982457046 11
37.421052631579855 30
37.473684210527225 11
37.51754385965003 17
37.51754385965003 42
37.56140350877284 12
37.5701754385974 11
37.587719298246526 24
37.62280701754477 19
37.64912280701846 41
37.66666666666758 11
37.67543859649214 49
37.72807017543951 9
37.76315789473776 6
37.76315789473776 11
37.85964912280794 5
37.85964912280794 11
37.8684210526325 47
37.894736842106184 32
37.92982456140443 1
37.956140350878115 11
37.97368421052724 3
37.9824561403518 25
37.99122807017636 7
38.008771929825485 10
38.052631578948294 11
38.14912280701847 11
38.17543859649216 4
38.18421052631672 16
38.22807017543953 40
38.24561403508865 11
38.33333333333427 17
38.34210526315883 11
38.377192982457075 36
38.385964912281636 24
38.429824561404445 46
38.438596491229006 11
38.44736842105357 50
38.491228070176376 6
38.535087719299185 2
38.535087719299185 11
38.587719298246554 27
38.63157894736936 11
38.65789473684305 12
38.65789473684305 15
38.72807017543954 11
38.807017543860596 5
38.82456140350972 7
38.82456140350972 11
38.9210526315799 11
38.956140350878144 1
39.017543859650075 11
39.04385964912376 29
39.114035087720254 11
39.13157894736938 57
39.1491228070185 17
39.18421052631675 24
39.21052631579043 11
39.21929824561499 6
39.2631578947378 55
39.27192982456236 23
39.280701754386925 48
39.28947368421149 19
39.28947368421149 25
39.28947368421149 52
39.30701754386061 3
39.30701754386061 11
39.35087719298342 20
39.40350877193079 11
39.42105263157991 36
39.438596491229035 9
39.500000000000966 11
39.552631578948336 22
39.596491228071145 11
39.62280701754483 42
39.657894736843076 7
39.66666666666764 39
39.69298245614132 11
39.69298245614132 14
39.710526315790446 30
39.754385964913254 12
39.763157894737816 41
39.7894736842115 11
39.79824561403606 47
39.84210526315887 26
39.88596491228168 11
39.94736842105361 6
39.94736842105361 46
39.95614035087817 56
39.964912280702734 17
39.98245614035186 11
39.98245614035186 15
39.98245614035186 24
40.00000000000098 1
40.078947368422035 11
40.131578947369405 19
40.175438596492214 11
40.25438596491327 4
40.27192982456239 11
40.36842105263257 11
40.4298245614045 45
40.46491228070275 11
40.46491228070275 36
40.49122807017643 7
40.500000000000995 43
40.552631578948365 28
40.561403508772926 11
40.59649122807117 25
40.64035087719398 3
40.657894736843105 11
40.67543859649223 6
40.73684210526416 49
40.75438596491328 11
40.78070175438697 17
40.78070175438697 24
40.83333333333434 44
40.85087719298346 11
40.85087719298346 12
40.85964912280802 50
40.94736842105364 11
40.96491228070276 19
40.982456140351886 16
41.04385964912382 11
41.04385964912382 33
41.140350877193995 11
41.14912280701856 9
41.21929824561505 48
41.22807017543961 46
41.236842105264174 11
41.2543859649133 1
41.30701754386067 15
41.31578947368523 27
41.32456140350979 7
41.32456140350979 58
41.33333333333435 11
41.403508771930845 6
41.42982456140453 11
41.508771929825585 36
41.52631578947471 11
41.57894736842208 24
41.5964912280712 17
41.622807017544886 11
41.719298245615065 11
41.728070175439626 47
41.780701754386996 20
41.81578947368524 11
41.824561403509804 57
41.85964912280805 10
41.90350877193086 25
41.91228070175542 11
41.94736842105367 12
41.97368421052735 3
42.00000000000104 30
42.0087719298256 11
42.02631578947472 2
42.035087719299284 37
42.096491228071216 52
42.10526315789578 11
42.1228070175449 34
42.13157894736946 6
42.15789473684315 7
42.17543859649227 39
42.201754385965955 11
42.201754385965955 42
42.22807017543964 44
42.298245614036134 11
42.298245614036134 41
42.33333333333438 4
42.37719298245719 24
42.39473684210631 11
42.412280701755435 17
42.44736842105368 1
42.49122807017649 11
42.55263157894842 36
42.55263157894842 38
42.58771929824667 11
42.631578947369476 15
42.66666666666772 40
42.684210526316846 11
42.780701754387024 11
42.85964912280808 6
42.85964912280808 9
42.8771929824572 11
42.97368421052738 11
42.991228070176504 7
43.03508771929931 29
43.043859649123874 12
43.07017543859756 11
43.16666666666774 11
43.16666666666774 48
43.1754385964923 24
43.210526315790545 25
43.210526315790545 25
43.22807017543967 17
43.23684210526423 14
43.263157894737915 11
43.27192982456248 50
43.307017543860724 3
43.33333333333441 44
43.34210526315897 43
43.359649122808094 11
43.45614035087827 11
43.50877192982564 23
43.55263157894845 11
43.5877192982467 6
43.59649122807126 36
43.64912280701863 11
43.65789473684319 47
43.66666666666775 1
43.71929824561512 32
43.745614035088806 11
43.78070175438705 16
43.798245614036176 49
43.82456140350986 7
43.842105263158984 11
43.86842105263267 22
43.93859649122916 11
43.956140350878286 15
43.97368421052741 24
44.008771929825656 55
44.03508771929934 11
44.0438596491239 17
44.07894736842215 42
44.13157894736952 11
44.14035087719408 12
44.210526315790574 20
44.2280701754397 11
44.23684210526426 27
44.23684210526426 46
44.25438596491338 8
44.28947368421163 30
44.29824561403619 31
44.315789473685314 6
44.324561403509875 11
44.41228070175549 4
44.421052631580054 11
44.421052631580054 11
44.47368421052742 19
44.51754385965023 11
44.51754385965023 25
44.56140350877304 9
44.61403508772041 11
44.640350877194095 3
44.640350877194095 36
44.64912280701866 7
44.71052631579059 11
44.77192982456252 24
44.807017543860766 11
44.859649122808136 17
44.903508771930944 11
45.00000000000112 11
45.03508771929937 57
45.04385964912393 6
45.08771929824674 1
45.0964912280713 11
45.10526315789586 48
45.18421052631692 26
45.19298245614148 11
45.23684210526429 12
45.280701754387096 15
45.28947368421166 11
45.385964912281835 11
45.41228070175552 41
45.45614035087833 5
45.47368421052745 7
45.47368421052745 28
45.482456140352014 11
45.51754385965026 2
45.57017543859763 24
45.57894736842219 11
45.57894736842219 42
45.60526315789588 47
45.67543859649237 11
45.67543859649237 17
45.68421052631693 36
45.68421052631693 46
45.68421052631693 50
45.71052631579062 10
45.77192982456255 6
45.77192982456255 11
45.77192982456255 29
45.82456140350992 25
45.868421052632726 11
45.94736842105378 19
45.964912280702904 11
45.973684210527466 3
46.06140350877308 11
46.15789473684326 11
46.25438596491344 11
46.263157894738 9
46.29824561403625 7
46.333333333334494 12
46.35087719298362 11
46.36842105263274 24
46.447368421053795 11
46.491228070176604 4
46.491228070176604 17
46.500000000001165 6
46.543859649123974 11
46.5614035087731 30
46.57894736842222 16
46.605263157895905 15
46.64035087719415 11
46.64035087719415 20
46.66666666666784 1
46.6754385964924 44
46.72807017543977 36
46.73684210526433 11
46.78070175438714 14
46.824561403509946 19
46.83333333333451 11
46.85964912280819 49
46.929824561404686 11
47.00877192982574 37
47.026315789474864 11
47.05263157894855 48
47.07017543859767 34
47.087719298246796 5
47.12280701754504 11
47.131578947369604 7
47.131578947369604 25
47.16666666666785 24
47.21929824561522 11
47.21929824561522 55
47.22807017543978 6
47.30701754386084 3
47.30701754386084 17
47.3157894736854 11
47.37719298245733 43
47.38596491228189 23
47.41228070175558 11
47.4298245614047 12
47.508771929825755 11
47.52631578947488 47
47.60526315789593 11
47.62280701754506 38
47.68421052631699 41
47.69298245614155 46
47.70175438596611 11
47.73684210526436 52
47.771929824562605 36
47.771929824562605 40
47.79824561403629 11
47.89473684210647 11
47.92105263158015 5
47.92105263158015 19
47.929824561404715 15
47.9561403508784 6
47.96491228070296 7
47.96491228070296 24
47.97368421052752 9
47.97368421052752 39
47.991228070176646 11
48.05263157894858 58
48.087719298246824 11
48.12280701754507 17
48.15789473684332 57
48.16666666666788 1
48.184210526317 11
48.184210526317 22
48.21929824561525 42
48.21929824561525 50
48.26315789473806 29
48.28070175438718 11
48.32456140350999 32
48.37719298245736 11
48.43859649122929 25
48.47368421052754 11
48.52631578947491 12
48.570175438597715 4
48.570175438597715 11
48.64035087719421 3
48.66666666666789 11
48.68421052631702 6
48.70175438596614 56
48.76315789473807 11
48.76315789473807 24
48.79824561403632 7
48.81578947368544 36
48.84210526315913 30
48.85964912280825 11
48.938596491229305 17
48.95614035087843 11
48.991228070176675 48
49.0087719298258 2
49.052631578948606 11
49.07017543859773 20
49.149122807018784 11
49.24561403508896 11
49.254385964913524 15
49.34210526315914 11
49.37719298245739 16
49.412280701755634 6
49.43859649122932 11
49.45614035087844 47
49.5350877192995 11
49.56140350877318 10
49.56140350877318 24
49.622807017545114 12
49.622807017545114 29
49.631578947369675 7
49.631578947369675 11
49.631578947369675 42
49.675438596492484 27
49.684210526317045 9
49.72807017543985 11
49.75438596491354 17
49.7631578947381 25
49.77192982456266 26
49.82456140351003 11
49.85964912280828 36
49.92105263158021 11
49.92105263158021 49
49.97368421052758 3
50.01754385965039 11
50.114035087720566 11
50.14035087719425 6
50.210526315790744 11
50.30701754386092 11
50.324561403510046 14
50.35964912280829 24
50.39473684210654 28
50.4035087719311 11
50.43859649122935 39
50.46491228070303 7
50.50000000000128 11
50.57017543859777 17
50.578947368422334 15
50.59649122807146 11
50.631578947369704 50
50.64912280701883 4
50.64912280701883 19
50.692982456141635 11
50.71929824561532 12
50.71929824561532 44
50.77192982456269 52
50.78947368421181 11
50.850877192983745 43
50.86842105263287 6
50.88596491228199 11
50.903508771931115 36
50.93859649122936 48
50.956140350878485 1
50.98245614035217 11
50.99122807017673 19
51.070175438597786 25
51.07894736842235 11
51.122807017545156 30
51.1578947368434 24
51.175438596492526 11
51.271929824562704 11
51.29824561403639 7
51.30701754386095 3
51.324561403510074 23
51.36842105263288 11
51.385964912282006 47
51.41228070175569 9
51.41228070175569 17
51.4561403508785 57
51.46491228070306 11
51.50000000000131 20
51.56140350877324 11
51.5701754385978 8
51.596491228071486 6
51.65789473684342 11
51.692982456141664 34
51.745614035089034 41
51.754385964913595 11
51.798245614036404 19
51.81578947368553 12
51.85087719298377 11
51.90350877193114 15
51.94736842105395 11
51.94736842105395 36
51.95614035087851 24
51.97368421052764 1
51.9824561403522 37
52.04385964912413 11
52.122807017545185 7
52.14035087719431 11
52.175438596492555 16
52.228070175439925 17
52.236842105264486 11
52.3245614035101 6
52.333333333334664 11
52.333333333334664 27
52.37719298245747 25
52.42982456140484 11
52.500000000001336 2
52.500000000001336 22
52.52631578947502 11
52.543859649124144 44
52.543859649124144 55
52.6228070175452 11
52.64035087719432 3
52.71929824561538 11
52.72807017543994 4
52.74561403508906 19
52.754385964913624 24
52.78070175438731 42
52.78070175438731 58
52.815789473685555 11
52.859649122808364 56
52.868421052632925 32
52.88596491228205 48
52.91228070175573 11
52.91228070175573 12
52.94736842105398 7
52.9649122807031 33
52.98245614035223 49
52.99122807017679 36
53.00877192982591 11
53.04385964912416 17
53.04385964912416 50
53.05263157894872 6
53.10526315789609 11
53.11403508772065 9
53.20175438596627 11
53.22807017543995 15
53.28070175438732 39
53.298245614036446 11
53.31578947368557 47
53.394736842106624 11
53.41228070175575 10
53.47368421052768 30
53.4912280701768 11
53.552631578948734 24
53.58771929824698 11
53.68421052631716 11
53.68421052631716 25
53.710526315790844 44
53.78070175438734 6
53.78070175438734 7
53.78070175438734 11
53.85964912280839 17
53.868421052632954 14
53.877192982457515 11
53.9035087719312 38
53.929824561404885 20
53.97368421052769 3
53.97368421052769 11
54.00877192982594 12
54.035087719299625 36
54.07017543859787 11
54.12280701754524 1
54.12280701754524 40
54.16666666666805 11
54.26315789473823 11
54.350877192983845 8
54.350877192983845 24
54.359649122808406 11
54.36842105263297 44
54.37719298245753 43
54.43859649122946 46
54.456140350878584 11
54.464912280703146 52
54.508771929825954 6
54.55263157894876 11
54.55263157894876 15
54.561403508773324 57
54.60526315789613 7
54.64912280701894 11
54.64912280701894 41
54.675438596492626 17
54.70175438596631 19
54.74561403508912 11
54.80701754386105 4
54.81578947368561 9
54.824561403510174 48
54.8421052631593 11
54.86842105263298 44
54.938596491229475 11
54.96491228070316 26
54.97368421052772 16
54.991228070176845 25
55.03508771929965 11
55.07894736842246 36
55.10526315789615 12
55.13157894736983 11
55.149122807018955 24
55.22807017544001 11
55.22807017544001 23
55.23684210526457 6
55.24561403508913 47
55.254385964913695 1
55.28070175438738 19
55.307017543861065 3
55.32456140351019 11
55.32456140351019 28
55.35087719298387 42
55.421052631580366 11
55.42982456140493 7
55.45614035087861 50
55.49122807017686 17
55.50877192982598 27
55.517543859650544 11
55.61403508772072 11
55.61403508772072 19
55.7105263157909 11
55.75438596491371 30
55.80701754386108 11
55.87719298245757 15
55.90350877193126 11
55.947368421054065 24
55.96491228070319 6
55.98245614035231 5
55.991228070176874 2
56.000000000001435 11
56.043859649124244 49
56.08771929824705 5
56.09649122807161 11
56.1228070175453 36
56.14035087719442 55
56.19298245614179 11
56.20175438596635 12
56.25438596491372 7
56.28947368421197 11
56.29824561403653 25
56.30701754386109 17
56.35964912280846 20
56.377192982457586 34
56.38596491228215 11
56.421052631580395 46
56.482456140352326 11
56.51754385965057 9
56.54385964912426 58
56.578947368422504 11
56.59649122807163 19
56.59649122807163 31
56.631578947369874 42
56.640350877194436 3
56.67543859649268 11
56.692982456141806 6
56.745614035089176 24
56.745614035089176 29
56.745614035089176 39
56.7631578947383 48
56.77192982456286 11
56.81578947368567 22
56.86842105263304 11
56.88596491228216 4
56.903508771931286 32
56.956140350878655 37
56.96491228070322 11
57.061403508773395 11
57.08771929824708 7
57.09649122807164 41
57.12280701754533 17
57.15789473684357 11
57.166666666668135 36
57.1754385964927 47
57.20175438596638 15
57.25438596491375 11
57.26315789473831 10
57.29824561403656 1
57.29824561403656 12
57.29824561403656 44
57.35087719298393 11
57.41228070175586 14
57.42105263158042 6
57.44736842105411 11
57.46491228070323 52
57.543859649124286 11
57.543859649124286 24
57.60526315789622 25
57.640350877194464 11
57.73684210526464 11
57.77192982456289 16
57.83333333333482 11
57.859649122808506 46
57.903508771931314 57
57.92105263158044 7
57.929824561405 11
57.93859649122956 17
57.93859649122956 50
57.97368421052781 3
58.02631578947518 11
58.02631578947518 30
58.122807017545355 11
58.14912280701904 6
58.21052631579097 36
58.21929824561553 11
58.228070175440095 9
58.31578947368571 11
58.3421052631594 24
58.385964912282205 43
58.39473684210677 12
58.41228070175589 11
58.438596491229575 27
58.47368421052782 19
58.50877192982607 11
58.52631578947519 15
58.605263157896246 11
58.701754385966424 11
58.710526315790986 48
58.754385964913794 7
58.754385964913794 17
58.78947368421204 20
58.7982456140366 11
58.87719298245766 6
58.89473684210678 11
58.912280701755904 25
58.964912280703274 4
58.9824561403524 19
58.99122807017696 11
59.08771929824714 11
59.0964912280717 23
59.10526315789626 47
59.10526315789626 49
59.14035087719451 24
59.184210526317315 11
59.25438596491381 36
59.27192982456293 42
59.28070175438749 11
59.30701754386118 3
59.3245614035103 41
59.342105263159425 33
59.37719298245767 11
59.38596491228223 26
59.394736842106795 40
59.47368421052785 11
59.48245614035241 2
59.49122807017697 12
59.500000000001535 38
59.57017543859803 11
59.57017543859803 17
59.58771929824715 7
59.605263157896275 6
59.64035087719452 1
59.64912280701908 44
59.666666666668206 11
59.763157894738384 11
59.850877192984 15
59.85964912280856 11
59.88596491228225 46
59.93859649122962 9
59.93859649122962 24
59.95614035087874 11
