0.06140350877192982 15
0.06140350877192982 43
0.08771929824561403 18
0.09649122807017543 50
0.14912280701754385 57
0.2719298245614036 7
0.2719298245614036 12
0.280701754385965 20
0.31578947368421073 48
0.342105263157895 29
0.3947368421052636 28
0.3947368421052636 47
0.4473684210526322 16
0.5000000000000008 25
0.5087719298245622 32
0.5175438596491236 24
0.5701754385964922 45
0.5877192982456151 30
0.5877192982456151 37
0.6315789473684222 34
0.6315789473684222 36
0.7719298245614051 26
0.789473684210528 40
0.8333333333333351 54
0.8859649122807037 8
0.912280701754388 53
0.9473684210526337 42
1.0087719298245637 39
1.078947368421055 7
1.1228070175438623 11
1.1666666666666694 13
1.1842105263157923 59
1.2017543859649151 10
1.342105263157898 31
1.3859649122807052 24
1.3947368421052666 15
1.4122807017543895 44
1.482456140350881 1
1.526315789473688 36
1.5614035087719338 41
1.605263157894741 12
1.7807017543859696 44
1.8157894736842153 43
1.8684210526315839 22
1.8859649122807067 7
2.0175438596491277 0
2.10526315789474 2
2.1754385964912295 18
2.2192982456140355 47
2.2631578947368416 14
2.2631578947368416 24
2.280701754385964 6
2.280701754385964 27
2.3771929824561373 25
2.403508771929821 44
2.4210526315789433 36
2.4999999999999942 58
2.5877192982456063 38
2.5964912280701675 18
2.5964912280701675 29
2.61403508771929 20
2.6491228070175348 4
2.666666666666657 3
2.6754385964912184 7
2.7105263157894632 15
2.736842105263147 42
2.789473684210514 50
2.83333333333332 23
2.859649122807004 11
2.8859649122806874 18
2.90350877192981 30
3.0087719298245443 6
3.1315789473684013 24
3.210526315789452 59
3.280701754385942 1
3.3157894736841866 36
3.4736842105262884 7
3.499999999999972 44
3.6052631578947065 16
3.63157894736839 12
3.63157894736839 41
3.7192982456140022 48
3.7368421052631247 6
3.7719298245613695 8
3.798245614035053 25
3.9298245614034713 5
3.999999999999961 24
4.008771929824523 3
4.017543859649084 15
4.052631578947331 47
4.210526315789441 36
4.2631578947368105 7
4.4649122807017285 6
4.508771929824537 18
4.535087719298222 56
4.587719298245592 53
4.6929824561403315 32
4.763157894736825 29
4.798245614035071 1
4.8684210526315645 24
4.877192982456126 11
4.903508771929811 4
4.947368421052619 5
4.973684210526304 45
4.991228070175428 43
5.052631578947359 7
5.105263157894729 36
5.192982456140346 6
5.219298245614031 59
5.228070175438592 0
5.254385964912277 50
5.3245614035087705 15
5.3245614035087705 54
5.3508771929824555 3
5.456140350877195 28
5.473684210526319 18
5.517543859649127 30
5.53508771929825 25
5.5526315789473735 31
5.561403508771935 27
5.561403508771935 34
5.561403508771935 37
5.596491228070182 26
5.64035087719299 2
5.64035087719299 20
5.64035087719299 39
5.736842105263168 24
5.780701754385976 13
5.842105263157908 7
5.868421052631593 14
5.868421052631593 40
5.885964912280716 10
5.885964912280716 47
5.894736842105278 12
5.921052631578963 6
5.9298245614035245 41
6.000000000000018 36
6.105263157894758 29
6.114035087719319 22
6.1842105263158125 44
6.315789473684237 59
6.324561403508799 8
6.324561403508799 48
6.421052631578977 1
6.4385964912281 58
6.500000000000032 11
6.517543859649155 16
6.552631578947402 42
6.605263157894772 24
6.622807017543895 5
6.631578947368457 7
6.631578947368457 15
6.64912280701758 6
6.692982456140388 3
6.894736842105306 36
7.122807017543909 4
7.140350877193033 12
7.175438596491279 29
7.315789473684266 43
7.324561403508827 44
7.377192982456197 6
7.4210526315790055 7
7.473684210526375 24
7.561403508771992 38
7.570175438596554 57
7.6052631578948 18
7.6491228070176085 59
7.71052631578954 47
7.754385964912348 0
7.789473684210595 36
7.81578947368428 30
7.938596491228143 15
7.991228070175513 5
7.991228070175513 18
8.035087719298321 3
8.07894736842113 20
8.105263157894814 6
8.201754385964993 1
8.210526315789554 7
8.23684210526324 29
8.271929824561486 49
8.307017543859732 45
8.342105263157979 24
8.342105263157979 42
8.377192982456226 50
8.385964912280787 12
8.385964912280787 25
8.40350877192991 11
8.438596491228157 27
8.543859649122897 53
8.61403508771939 18
8.684210526315884 36
8.736842105263253 18
8.745614035087815 23
8.807017543859747 59
8.833333333333432 6
8.850877192982555 5
8.850877192982555 48
8.964912280701856 39
9.000000000000103 7
9.017543859649226 41
9.070175438596596 56
9.175438596491336 2
9.210526315789583 24
9.24561403508783 15
9.324561403508884 31
9.35964912280713 4
9.377192982456254 3
9.4122807017545 14
9.429824561403624 16
9.500000000000117 44
9.535087719298364 47
9.561403508772049 6
9.578947368421172 36
9.62280701754398 43
9.631578947368542 5
9.631578947368542 18
9.763157894736967 59
9.78070175438609 10
9.789473684210652 7
9.83333333333346 5
10.070175438596625 34
10.078947368421186 24
10.105263157894871 30
10.114035087719433 11
10.114035087719433 12
10.175438596491365 8
10.175438596491365 40
10.192982456140488 18
10.219298245614173 44
10.263157894736981 29
10.263157894736981 54
10.289473684210666 6
10.35964912280716 1
10.35964912280716 22
10.447368421052776 13
10.456140350877337 11
10.47368421052646 36
10.47368421052646 58
10.500000000000146 28
10.535087719298392 25
10.535087719298392 37
10.552631578947516 15
10.5789473684212 7
10.719298245614187 3
10.833333333333488 18
10.850877192982612 0
10.89473684210542 57
10.94736842105279 24
11.017543859649283 6
11.122807017544023 5
11.192982456140516 20
11.254385964912448 43
11.350877192982626 11
11.36842105263175 7
11.36842105263175 36
11.385964912280873 47
11.438596491228243 4
11.456140350877366 50
11.500000000000174 27
11.500000000000174 59
11.649122807017722 32
11.657894736842284 29
11.719298245614215 39
11.7456140350879 6
11.815789473684394 24
11.842105263158079 12
11.859649122807202 15
11.90350877193001 41
11.938596491228257 26
12.06140350877212 3
12.078947368421243 25
12.087719298245805 18
12.11403508771949 5
12.131578947368613 48
12.149122807017736 11
12.157894736842298 7
12.263157894737038 36
12.263157894737038 45
12.342105263158093 16
12.359649122807216 11
12.385964912280901 30
12.473684210526518 6
12.561403508772134 11
12.657894736842312 5
12.657894736842312 53
12.684210526315997 18
12.684210526315997 24
12.710526315789682 2
12.710526315789682 31
12.710526315789682 42
12.75438596491249 11
12.75438596491249 38
12.763157894737052 23
12.9122807017546 5
12.947368421052847 7
12.947368421052847 11
12.956140350877408 12
12.973684210526532 14
13.096491228070395 1
13.140350877193203 11
13.157894736842326 36
13.166666666666888 15
13.201754385965135 6
13.201754385965135 47
13.324561403508998 8
13.33333333333356 11
13.403508771930053 3
13.421052631579176 57
13.49122807017567 43
13.517543859649354 4
13.517543859649354 25
13.526315789473916 11
13.5526315789476 24
13.65789473684234 20
13.728070175438834 11
13.736842105263396 7
13.771929824561642 59
13.92105263157919 11
13.929824561403752 6
13.938596491228314 58
14.000000000000245 18
14.052631578947615 36
14.070175438596738 12
14.114035087719547 11
14.192982456140601 29
14.192982456140601 50
14.201754385965163 18
14.307017543859903 11
14.307017543859903 27
14.385964912280958 5
14.39473684210552 40
14.421052631579204 24
14.464912280702013 34
14.473684210526574 15
14.50000000000026 11
14.526315789473944 7
14.570175438596753 42
14.605263157895 22
14.657894736842369 6
14.66666666666693 30
14.692982456140616 11
14.745614035087986 3
14.885964912280972 11
14.947368421052904 36
14.964912280702027 1
15.000000000000274 43
15.043859649123082 47
15.043859649123082 48
15.078947368421328 11
15.131578947368698 56
15.175438596491507 54
15.184210526316068 12
15.184210526316068 25
15.254385964912561 16
15.271929824561685 11
15.289473684210808 24
15.315789473684493 7
15.368421052631863 39
15.385964912280986 6
15.394736842105548 59
15.447368421052918 5
15.464912280702041 11
15.50877192982485 37
15.543859649123096 28
15.570175438596781 44
15.596491228070466 4
15.622807017544151 0
15.657894736842398 11
15.78070175438626 15
15.815789473684507 13
15.815789473684507 32
15.842105263158192 36
15.850877192982754 11
16.008771929824864 20
16.026315789473987 57
16.04385964912311 11
16.08771929824592 3
16.08771929824592 8
16.105263157895042 7
16.114035087719603 5
16.114035087719603 6
16.15789473684241 24
16.236842105263467 11
16.24561403508803 2
16.298245614035398 12
16.342105263158206 18
16.429824561403823 11
16.535087719298563 14
16.535087719298563 42
16.605263157895056 26
16.62280701754418 11
16.657894736842426 45
16.73684210526348 36
16.815789473684536 11
16.815789473684536 29
16.84210526315822 6
16.859649122807344 47
16.89473684210559 7
16.94736842105296 53
16.964912280702084 30
17.008771929824892 11
17.017543859649454 41
17.026315789474015 24
17.087719298245947 15
17.131578947368755 43
17.166666666667002 18
17.175438596491563 48
17.20175438596525 11
17.245614035088057 31
17.25438596491262 23
17.26315789473718 27
17.394736842105605 11
17.412280701754728 12
17.42982456140385 3
17.570175438596838 6
17.58771929824596 11
17.605263157895084 59
17.63157894736877 36
17.64035087719333 38
17.675438596491578 4
17.68421052631614 7
17.780701754386318 11
17.859649122807372 0
17.89473684210562 24
17.89473684210562 58
17.973684210526674 11
18.026315789474044 44
18.16666666666703 11
18.16666666666703 16
18.298245614035455 6
18.307017543860017 29
18.350877192982825 20
18.359649122807387 11
18.394736842105633 15
18.473684210526688 7
18.526315789474058 12
18.526315789474058 36
18.53508771929862 8
18.552631578947743 11
18.59649122807055 1
18.64912280701792 40
18.684210526316168 47
18.710526315789853 44
18.7456140350881 11
18.763157894737223 24
18.771929824561784 3
18.780701754386346 34
18.85087719298284 22
18.938596491228456 11
19.026315789474072 6
19.043859649123196 5
19.131578947368812 11
19.140350877193374 25
19.21929824561443 48
19.236842105263552 30
19.263157894737237 7
19.307017543860045 18
19.32456140350917 11
19.368421052631977 54
19.403508771930223 43
19.421052631579347 36
19.43859649122847 42
19.508771929824963 29
19.517543859649525 11
19.535087719298648 59
19.570175438596895 57
19.631578947368826 1
19.631578947368826 24
19.640350877193388 12
19.70175438596532 15
19.71052631578988 11
19.719298245614443 41
19.75438596491269 4
19.75438596491269 6
19.780701754386374 2
19.903508771930237 11
20.052631578947786 7
20.096491228070594 11
20.096491228070594 14
20.114035087719717 0
20.114035087719717 3
20.157894736842525 5
20.18421052631621 27
20.219298245614457 10
20.28947368421095 11
20.315789473684635 36
20.377192982456567 32
20.45614035087762 45
20.482456140351307 6
20.482456140351307 11
20.482456140351307 37
20.50000000000043 24
20.50877192982499 47
20.578947368421485 28
20.675438596491663 11
20.684210526316225 25
20.692982456140786 20
20.701754385965348 42
20.754385964912718 12
20.842105263158334 7
20.86842105263202 11
20.991228070175882 13
21.000000000000444 50
21.008771929825006 15
21.008771929825006 31
21.061403508772376 11
21.0789473684215 16
21.114035087719746 43
21.14035087719343 23
21.210526315789924 6
21.210526315789924 36
21.24561403508817 29
21.254385964912732 11
21.280701754386417 59
21.368421052632034 24
21.429824561403965 58
21.44736842105309 11
21.45614035087765 3
21.50877192982502 30
21.631578947368883 7
21.640350877193445 11
21.8333333333338 4
21.8333333333338 11
21.8333333333338 39
21.868421052632048 12
21.903508771930294 18
21.93859649122854 6
22.026315789474157 11
22.08771929824609 42
22.105263157895212 36
22.14912280701802 18
22.219298245614514 11
22.236842105263637 24
22.263157894737322 18
22.315789473684692 15
22.333333333333815 47
22.3596491228075 57
22.40350877193031 56
22.41228070175487 11
22.41228070175487 18
22.429824561403993 7
22.56140350877242 44
22.57894736842154 18
22.605263157895227 11
22.63157894736891 5
22.666666666667158 6
22.771929824561898 5
22.798245614035583 3
22.798245614035583 11
22.964912280702254 27
22.982456140351378 12
22.99122807017594 11
23.0000000000005 36
23.026315789474186 20
23.05263157894787 0
23.087719298246117 22
23.087719298246117 22
23.10526315789524 24
23.184210526316296 11
23.219298245614542 7
23.236842105263666 34
23.289473684211035 25
23.31578947368472 2
23.377192982456652 11
23.377192982456652 29
23.394736842105775 6
23.57017543859701 11
23.62280701754438 15
23.649122807018063 14
23.649122807018063 53
23.69298245614087 49
23.763157894737365 11
23.78947368421105 30
23.807017543860173 45
23.89473684210579 36
23.912280701754913 4
23.929824561404036 18
23.938596491228598 26
23.95614035087772 11
23.973684210526844 24
23.991228070175968 16
24.00877192982509 7
24.096491228070708 12
24.122807017544392 6
24.140350877193516 3
24.149122807018077 11
24.175438596491762 47
24.21052631579001 10
24.21929824561457 5
24.280701754386502 59
24.342105263158434 11
24.350877192982995 8
24.359649122807557 44
24.464912280702297 1
24.47368421052686 54
24.48245614035142 31
24.52631578947423 39
24.53508771929879 11
24.622807017544407 43
24.728070175439147 11
24.789473684211078 36
24.79824561403564 7
24.842105263158448 24
24.85087719298301 6
24.85964912280757 25
24.894736842105818 38
24.921052631579503 11
24.929824561404065 15
24.938596491228626 48
24.973684210526873 41
25.00877192982512 44
25.01754385964968 23
25.105263157895298 42
25.11403508771986 11
25.210526315790037 12
25.245614035088284 58
25.307017543860216 11
25.307017543860216 11
25.359649122807586 20
25.456140350877764 37
25.48245614035145 3
25.500000000000572 11
25.508771929825134 29
25.578947368421627 6
25.58771929824619 7
25.58771929824619 57
25.614035087719873 28
25.631578947368997 1
25.65789473684268 50
25.684210526316367 36
25.69298245614093 11
25.71052631579005 24
25.842105263158476 27
25.850877192983038 32
25.885964912281285 11
25.991228070176025 4
25.991228070176025 47
26.000000000000586 59
26.061403508772518 30
26.061403508772518 56
26.07894736842164 11
26.210526315790066 0
26.23684210526375 15
26.271929824561997 11
26.307017543860244 6
26.324561403509367 12
26.377192982456737 7
26.44736842105323 44
26.464912280702354 11
26.578947368421655 24
26.578947368421655 36
26.64912280701815 43
26.65789473684271 11
26.675438596491833 1
26.82456140350938 3
26.850877192983067 2
26.850877192983067 11
26.859649122807628 8
26.903508771930436 16
26.938596491228683 45
26.991228070176053 13
27.03508771929886 6
27.043859649123423 11
27.166666666667286 7
27.201754385965533 14
27.219298245614656 42
27.23684210526378 11
27.24561403508834 5
27.24561403508834 59
27.254385964912903 48
27.29824561403571 29
27.29824561403571 41
27.324561403509396 22
27.421052631579574 18
27.429824561404136 11
27.438596491228697 12
27.44736842105326 24
27.473684210526944 36
27.543859649123437 15
27.622807017544492 11
27.631578947369054 25
27.640350877193615 5
27.649122807018177 40
27.692982456140985 20
27.76315789473748 6
27.7807017543866 34
27.807017543860287 1
27.807017543860287 47
27.81578947368485 11
27.859649122807657 18
27.92982456140415 31
27.93859649122871 44
27.956140350877835 7
28.008771929825205 11
28.070175438597136 4
28.166666666667314 3
28.20175438596556 11
28.315789473684863 24
28.333333333333986 30
28.368421052632232 36
28.377192982456794 5
28.385964912281356 57
28.394736842105917 11
28.45614035087785 18
28.473684210526972 58
28.491228070176096 6
28.552631578948027 12
28.552631578948027 12
28.56140350877259 42
28.587719298246274 11
28.745614035088384 7
28.763157894737507 54
28.78070175438663 11
28.850877192983123 15
28.89473684210593 23
28.973684210526987 11
29.026315789474356 50
29.166666666667343 11
29.175438596491905 8
29.184210526316466 24
29.21052631579015 18
29.219298245614713 6
29.228070175439274 10
29.26315789473752 36
29.280701754386644 43
29.333333333334014 27
29.3596491228077 11
29.377192982456823 59
29.508771929825247 3
29.52631578947437 25
29.535087719298932 7
29.552631578948056 11
29.62280701754455 18
29.640350877193672 47
29.666666666667357 12
29.745614035088412 11
29.771929824562097 38
29.815789473684905 16
29.929824561404207 5
29.93859649122877 11
29.94736842105333 6
29.99122807017614 18
29.99122807017614 41
30.017543859649823 29
30.026315789474385 20
30.05263157894807 24
30.131578947369125 11
30.149122807018248 4
30.15789473684281 15
30.15789473684281 36
30.21052631579018 26
30.21929824561474 5
30.298245614035796 0
30.32456140350948 7
30.32456140350948 11
30.385964912281413 2
30.42982456140422 37
30.42982456140422 53
30.517543859649837 11
30.605263157895454 30
30.649122807018262 28
30.675438596491947 6
30.68421052631651 32
30.710526315790194 11
30.73684210526388 45
30.754385964913002 14
30.780701754386687 12
30.85087719298318 3
30.90350877193055 11
30.921052631579673 1
30.921052631579673 24
31.026315789474413 42
31.052631578948098 36
31.096491228070906 11
31.11403508772003 7
31.263157894737578 57
31.289473684211263 11
31.342105263158633 18
31.359649122807756 8
31.368421052632318 44
31.38596491228144 50
31.403508771930564 6
31.464912280702496 15
31.473684210527058 47
31.48245614035162 11
31.500000000000743 25
31.561403508772674 22
31.675438596491976 11
31.710526315790222 31
31.75438596491303 43
31.789473684211277 24
31.868421052632332 11
31.894736842106017 12
31.90350877193058 7
31.947368421053387 36
31.947368421053387 59
32.035087719299 13
32.061403508772685 11
32.13157894736918 6
32.14035087719374 27
32.14035087719374 39
32.19298245614111 3
32.228070175439356 4
32.228070175439356 4
32.25438596491304 11
32.28947368421129 42
32.324561403509534 48
32.35964912280778 20
32.4473684210534 11
32.640350877193754 11
32.65789473684288 24
32.66666666666744 18
32.692982456141124 7
32.72807017543937 16
32.77192982456218 15
32.78070175438674 23
32.7894736842113 5
32.83333333333411 11
32.84210526315867 34
32.84210526315867 36
32.859649122807795 6
32.87719298245692 30
33.00877192982534 12
33.02631578947447 11
33.0877192982464 59
33.11403508772008 1
33.19298245614114 54
33.21929824561482 11
33.25438596491307 0
33.289473684211316 47
33.41228070175518 11
33.48245614035167 7
33.52631578947448 24
33.53508771929904 3
33.53508771929904 40
33.58771929824641 6
33.605263157895536 11
33.649122807018344 41
33.68421052631659 25
33.73684210526396 36
33.763157894737645 10
33.763157894737645 50
33.79824561403589 11
33.921052631579755 2
33.92982456140432 44
33.93859649122888 57
33.973684210527125 8
33.99122807017625 11
34.078947368421865 15
34.12280701754467 12
34.1403508771938 59
34.14912280701836 1
34.184210526316605 11
34.22807017543941 42
34.27192982456222 7
34.30701754386047 4
34.30701754386047 14
34.31578947368503 6
34.35964912280784 29
34.37719298245696 11
34.37719298245696 53
34.394736842106084 24
34.42982456140433 44
34.57017543859732 11
34.62280701754469 18
34.63157894736925 36
34.64912280701837 48
34.69298245614118 20
34.69298245614118 26
34.710526315790304 5
34.73684210526399 27
34.75438596491311 38
34.763157894737674 11
34.877192982456975 3
34.90350877193066 58
34.95614035087803 11
35.04385964912365 6
35.06140350877277 7
35.09649122807102 45
35.10526315789558 47
35.11403508772014 32
35.14912280701839 11
35.15789473684295 30
35.236842105264 12
35.26315789473769 24
35.34210526315874 11
35.38596491228155 15
35.403508771930674 37
35.49122807017629 29
35.52631578947454 18
35.52631578947454 36
35.5350877192991 11
35.5350877192991 25
35.58771929824647 56
35.64035087719384 16
35.68421052631665 28
35.728070175439456 11
35.728070175439456 42
35.771929824562264 6
35.79824561403595 22
35.85087719298332 7
35.92105263157981 11
36.05263157894824 0
36.05263157894824 31
36.07017543859736 41
36.11403508772017 11
36.12280701754473 43
36.13157894736929 24
36.21929824561491 3
36.307017543860525 11
36.35087719298333 12
36.38596491228158 4
36.421052631579826 36
36.50000000000088 1
36.50000000000088 6
36.50000000000088 11
36.64035087719387 7
36.64912280701843 23
36.69298245614124 11
36.69298245614124 15
36.780701754386854 57
36.885964912281594 11
36.90350877193072 42
36.938596491228964 47
37.000000000000895 24
37.01754385965002 49
37.02631578947458 20
37.02631578947458 25
37.07017543859739 44
37.07894736842195 11
37.14912280701844 48
37.2280701754395 6
37.27192982456231 11
37.315789473685115 36
37.35087719298336 8
37.429824561404416 7
37.429824561404416 30
37.4561403508781 2
37.46491228070266 11
37.46491228070266 12
37.56140350877284 3
37.62280701754477 13
37.62280701754477 43
37.64912280701846 59
37.65789473684302 11
37.67543859649214 50
37.684210526316704 54
37.692982456141266 39
37.7543859649132 18
37.850877192983376 11
37.850877192983376 40
37.85964912280794 14
37.8684210526325 24
37.956140350878115 6
37.99122807017636 53
38.000000000000924 15
38.04385964912373 11
38.14912280701847 27
38.20175438596584 42
38.2105263157904 36
38.219298245614965 7
38.23684210526409 11
38.26315789473777 58
38.31578947368514 41
38.429824561404445 11
38.46491228070269 0
38.46491228070269 4
38.55263157894831 16
38.57017543859743 25
38.57894736842199 12
38.6228070175448 11
38.640350877193924 1
38.68421052631673 6
38.71929824561498 5
38.7368421052641 24
38.754385964913226 47
38.81578947368516 11
38.87719298245709 10
38.903508771930774 3
38.92982456140446 34
39.008771929825514 7
39.008771929825514 11
39.05263157894832 45
39.08771929824657 18
39.08771929824657 29
39.10526315789569 36
39.15789473684306 48
39.20175438596587 11
39.30701754386061 15
39.35964912280798 20
39.39473684210623 11
39.41228070175535 6
39.46491228070272 43
39.58771929824658 11
39.605263157895706 24
39.61403508772027 59
39.69298245614132 12
39.710526315790446 42
39.78070175438694 11
39.79824561403606 7
39.859649122807994 8
39.912280701755364 25
39.921052631579926 5
39.973684210527296 11
39.99122807017642 50
40.00000000000098 36
40.04385964912379 22
40.10526315789572 44
40.11403508772028 38
40.14035087719397 6
40.14035087719397 30
40.14912280701853 5
40.16666666666765 11
40.19298245614134 31
40.24561403508871 3
40.3157894736852 26
40.35964912280801 11
40.37719298245713 37
40.447368421053625 41
40.47368421052731 24
40.51754385965012 23
40.53508771929924 44
40.5438596491238 4
40.552631578948365 11
40.57017543859749 47
40.58771929824661 7
40.614035087720296 15
40.614035087720296 27
40.719298245615036 28
40.74561403508872 11
40.80701754386065 12
40.8421052631589 0
40.868421052632584 6
40.89473684210627 36
40.93859649122908 11
40.982456140351886 1
40.982456140351886 57
40.99122807017645 2
41.00877192982557 43
41.01754385965013 39
41.131578947369434 11
41.32456140350979 11
41.32456140350979 44
41.33333333333435 59
41.34210526315891 24
41.37719298245716 7
41.41228070175541 14
41.46491228070278 16
41.51754385965015 11
41.58771929824664 3
41.5964912280712 6
41.69298245614138 20
41.7105263157905 11
41.78947368421156 36
41.90350877193086 11
41.92105263157998 12
41.92105263157998 15
42.00000000000104 1
42.035087719299284 5
42.035087719299284 53
42.05263157894841 54
42.096491228071216 11
42.16666666666771 7
42.21052631579052 24
42.28947368421157 11
42.28947368421157 25
42.28947368421157 44
42.32456140350982 6
42.32456140350982 18
42.33333333333438 29
42.359649122808065 40
42.38596491228175 47
42.40350877193087 13
42.412280701755435 30
42.48245614035193 11
42.49122807017649 41
42.5350877192993 32
42.622807017544915 4
42.675438596492285 11
42.684210526316846 36
42.75438596491334 44
42.86842105263264 11
42.894736842106326 43
42.92982456140457 3
42.92982456140457 48
42.95614035087826 7
43.03508771929931 12
43.052631578948436 6
43.052631578948436 42
43.061403508773 11
43.07017543859756 1
43.07017543859756 50
43.07894736842212 24
43.096491228071244 5
43.22807017543967 15
43.254385964913354 11
43.33333333333441 27
43.33333333333441 58
43.39473684210634 29
43.421052631580025 44
43.44736842105371 10
43.44736842105371 11
43.578947368422135 5
43.578947368422135 36
43.64035087719407 11
43.66666666666775 34
43.75438596491337 7
43.77192982456249 25
43.78070175438705 0
43.78070175438705 6
43.83333333333442 11
43.91228070175548 5
43.93859649122916 57
43.947368421053724 24
44.02631578947478 11
44.02631578947478 20
44.14912280701864 12
44.20175438596601 47
44.219298245615136 11
44.2280701754397 42
44.271929824562505 3
44.28070175438707 22
44.315789473685314 8
44.377192982457245 1
44.377192982457245 16
44.41228070175549 11
44.421052631580054 23
44.429824561404615 31
44.47368421052742 36
44.50877192982567 6
44.52631578947479 2
44.535087719299355 15
44.535087719299355 56
44.54385964912392 7
44.5701754385976 43
44.59649122807129 29
44.60526315789585 11
44.61403508772041 39
44.6842105263169 30
44.70175438596603 4
44.798245614036205 11
44.81578947368533 24
44.964912280702876 14
44.99122807017656 11
45.0964912280713 38
45.18421052631692 11
45.23684210526429 6
45.26315789473797 12
45.333333333334465 7
45.35087719298359 37
45.36842105263271 36
45.377192982457274 11
45.385964912281835 26
45.385964912281835 50
45.5087719298257 1
45.57017543859763 11
45.61403508772044 3
45.64035087719412 5
45.64035087719412 18
45.68421052631693 24
45.69298245614149 44
45.76315789473799 11
45.76315789473799 28
45.815789473685356 45
45.84210526315904 15
45.90350877193097 42
45.95614035087834 11
45.964912280702904 6
46.017543859650274 18
46.017543859650274 41
46.017543859650274 47
46.078947368422206 25
46.122807017545014 7
46.1491228070187 11
46.21929824561519 29
46.263157894738 36
46.27192982456256 0
46.333333333334494 48
46.342105263159056 11
46.35964912280818 20
46.36842105263274 49
46.3771929824573 12
46.53508771929941 11
46.543859649123974 57
46.552631578948535 24
46.69298245614152 6
46.72807017543977 11
46.73684210526433 32
46.78070175438714 4
46.7894736842117 59
46.868421052632755 44
46.868421052632755 54
46.91228070175556 7
46.921052631580125 11
46.95614035087837 3
46.95614035087837 30
46.982456140352056 43
47.00877192982574 27
47.078947368422234 42
47.11403508772048 11
47.14912280701873 15
47.15789473684329 36
47.28070175438715 44
47.289473684211714 16
47.30701754386084 11
47.36842105263277 39
47.403508771931016 13
47.42105263158014 6
47.42105263158014 24
47.49122807017663 12
47.500000000001194 11
47.666666666667865 58
47.68421052631699 1
47.69298245614155 11
47.70175438596611 7
47.70175438596611 50
47.83333333333454 40
47.83333333333454 47
47.885964912281906 11
47.929824561404715 53
48.00877192982577 34
48.05263157894858 36
48.06140350877314 2
48.07894736842226 11
48.07894736842226 25
48.149122807018756 6
48.21052631579069 5
48.27192982456262 11
48.28947368421174 24
48.298245614036304 3
48.32456140350999 23
48.32456140350999 48
48.33333333333455 44
48.359649122808236 59
48.456140350878414 15
48.464912280702976 11
48.49122807017666 7
48.517543859650345 14
48.517543859650345 22
48.58771929824684 43
48.60526315789596 12
48.65789473684333 11
48.69298245614158 20
48.75438596491351 5
48.82456140351 44
48.85087719298369 11
48.85964912280825 4
48.87719298245737 6
48.947368421053866 36
49.01754385965036 41
49.02631578947492 1
49.043859649124045 11
49.06140350877317 42
49.08771929824685 31
49.157894736843346 24
49.22807017543984 30
49.22807017543984 57
49.2368421052644 11
49.28947368421177 7
49.32456140351002 0
49.42982456140476 11
49.464912280703004 5
49.60526315789599 6
49.622807017545114 11
49.64035087719424 3
49.6491228070188 47
49.71929824561529 8
49.71929824561529 12
49.71929824561529 59
49.7631578947381 15
49.81578947368547 11
49.842105263159155 36
49.8771929824574 29
49.91228070175565 25
49.93859649122933 45
49.96491228070302 26
50.008771929825826 11
50.01754385965039 50
50.02631578947495 24
50.07894736842232 7
50.157894736843375 18
50.20175438596618 11
50.20175438596618 16
50.23684210526443 42
50.324561403510046 37
50.33333333333461 6
50.368421052632854 1
50.39473684210654 11
50.4035087719311 48
50.587719298246896 11
50.66666666666795 43
50.736842105264444 36
50.78070175438725 11
50.798245614036375 28
50.80701754386094 39
50.83333333333462 12
50.86842105263287 7
50.89473684210655 24
50.91228070175568 18
50.9298245614048 32
50.93859649122936 4
50.97368421052761 11
50.98245614035217 3
51.02631578947498 20
51.061403508773225 6
51.070175438597786 15
51.166666666667965 11
51.219298245615335 27
51.26315789473814 44
51.29824561403639 5
51.35964912280832 11
51.40350877193113 41
51.41228070175569 42
51.46491228070306 47
51.46491228070306 59
51.50877192982587 30
51.535087719299554 10
51.55263157894868 11
51.596491228071486 2
51.60526315789605 58
51.61403508772061 18
51.63157894736973 36
51.65789473684342 7
51.67543859649254 53
51.745614035089034 11
51.76315789473816 24
51.78947368421184 6
51.82456140351009 38
51.87719298245746 18
51.93859649122939 11
51.94736842105395 12
51.9824561403522 29
51.99122807017676 1
52.05263157894869 57
52.070175438597815 14
52.131578947369746 11
52.175438596492555 54
52.19298245614168 23
52.21929824561536 40
52.3245614035101 3
52.3245614035101 11
52.333333333334664 50
52.342105263159226 13
52.37719298245747 15
52.394736842106596 44
52.45614035087853 7
52.45614035087853 43
52.51754385965046 6
52.51754385965046 11
52.52631578947502 36
52.57894736842239 18
52.57894736842239 31
52.58771929824695 42
52.63157894736976 24
52.649122807018884 59
52.710526315790815 11
52.71929824561538 56
52.754385964913624 22
52.763157894738185 48
52.78947368421187 49
52.83333333333468 8
52.90350877193117 11
52.973684210527665 18
53.01754385965047 4
53.06140350877328 12
53.09649122807153 11
53.11403508772065 16
53.15789473684346 18
53.184210526317145 5
53.245614035089076 6
53.245614035089076 7
53.28070175438732 45
53.28070175438732 47
53.289473684211885 11
53.33333333333469 18
53.35964912280838 20
53.38596491228206 1
53.42105263158031 36
53.48245614035224 11
53.500000000001364 24
53.52631578947505 18
53.62280701754523 39
53.63157894736979 34
53.666666666668036 3
53.6754385964926 11
53.68421052631716 15
53.763157894738214 42
53.78070175438734 30
53.85964912280839 0
53.85964912280839 43
53.868421052632954 11
53.9035087719312 41
53.97368421052769 6
53.97368421052769 25
54.035087719299625 7
54.05263157894875 18
54.06140350877331 11
54.17543859649261 12
54.254385964913666 11
54.254385964913666 59
54.3157894736856 36
54.32456140351016 18
54.36842105263297 24
54.44736842105402 11
54.64035087719438 11
54.64912280701894 50
54.70175438596631 1
54.70175438596631 6
54.73684210526456 48
54.824561403510174 7
54.833333333334735 11
54.833333333334735 44
54.86842105263298 57
54.938596491229475 42
54.991228070176845 15
55.00877192982597 3
55.02631578947509 11
55.096491228071585 4
55.096491228071585 47
55.13157894736983 2
55.15789473684352 26
55.21052631579089 36
55.21929824561545 5
55.21929824561545 11
55.23684210526457 24
55.28947368421194 12
55.2982456140365 37
55.307017543861065 29
55.412280701755805 11
55.42982456140493 6
55.60526315789616 11
55.61403508772072 7
55.622807017545284 14
55.69298245614178 20
55.76315789473827 1
55.76315789473827 43
55.79824561403652 11
55.833333333334764 28
55.92982456140494 8
55.938596491229504 18
55.991228070176874 11
56.000000000001435 49
56.02631578947512 16
56.06140350877337 30
56.09649122807161 23
56.105263157896175 24
56.105263157896175 36
56.11403508772074 42
56.157894736843545 6
56.18421052631723 11
56.29824561403653 15
56.3508771929839 3
56.377192982457586 11
56.38596491228215 54
56.40350877193127 7
56.40350877193127 12
56.421052631580395 44
56.473684210527765 25
56.57017543859794 11
56.61403508772075 58
56.631578947369874 32
56.70175438596637 5
56.72807017544005 38
56.7631578947383 11
56.85964912280848 18
56.88596491228216 6
56.92105263158041 53
56.92982456140497 47
56.956140350878655 11
56.96491228070322 50
56.97368421052778 24
56.98245614035234 59
56.9912280701769 22
57.000000000001464 36
57.01754385965059 29
57.14912280701901 11
57.166666666668135 48
57.1754385964927 4
57.19298245614182 7
57.22807017544007 1
57.29824561403656 43
57.30701754386112 27
57.30701754386112 44
57.324561403510245 42
57.34210526315937 11
57.35964912280849 31
57.5175438596506 12
57.5175438596506 18
57.535087719299725 11
57.60526315789622 15
57.61403508772078 6
57.692982456141834 3
57.72807017544008 11
57.72807017544008 57
57.77192982456289 40
57.84210526315938 24
57.87719298245763 0
57.89473684210675 36
57.92105263158044 11
57.98245614035237 7
58.00000000000149 45
58.02631578947518 20
58.07894736842255 44
58.10526315789623 25
58.114035087720794 11
58.13157894736992 29
58.18421052631729 18
58.21052631579097 8
58.30701754386115 11
58.333333333334835 30
58.3421052631594 6
58.385964912282205 13
58.500000000001506 11
58.596491228071685 34
58.62280701754537 42
58.63157894736993 12
58.657894736843616 41
58.66666666666818 2
58.69298245614186 11
58.710526315790986 24
58.74561403508923 47
58.77192982456292 7
58.78947368421204 36
58.7982456140366 18
58.88596491228222 11
58.89473684210678 39
58.912280701755904 15
58.93859649122959 16
58.94736842105415 1
59.03508771929977 3
59.070175438598014 6
59.078947368422575 11
59.131578947369945 48
59.175438596492754 14
59.19298245614188 18
59.20175438596644 49
59.25438596491381 4
59.27192982456293 11
59.28070175438749 50
59.46491228070329 11
59.500000000001535 59
59.561403508773466 7
59.57894736842259 24
59.657894736843645 11
59.68421052631733 36
59.74561403508926 12
59.79824561403663 6
59.79824561403663 42
59.850877192984 11
59.88596491228225 25
59.88596491228225 58
59.91228070175593 5
59.93859649122962 56
59.9649122807033 23
59.9649122807033 43
