0.03508771929824561 14
0.05263157894736842 1
0.07017543859649122 5
0.09649122807017543 43
0.14912280701754385 15
0.23684210526315788 32
0.28947368421052644 58
0.29824561403508787 7
0.29824561403508787 24
0.3070175438596493 6
0.3070175438596493 52
0.37719298245614075 55
0.40350877192982504 30
0.41228070175438647 40
0.43859649122807076 10
0.46491228070175505 22
0.4824561403508779 25
0.5877192982456151 19
0.605263157894738 39
0.605263157894738 42
0.666666666666668 47
0.7192982456140365 56
0.8333333333333351 20
0.8421052631578966 2
0.8596491228070194 19
0.9473684210526337 23
0.9473684210526337 28
0.973684210526318 38
1.035087719298248 6
1.096491228070178 24
1.1140350877193008 12
1.1228070175438623 41
1.1403508771929851 7
1.157894736842108 19
1.3508771929824595 26
1.4298245614035123 19
1.4473684210526352 49
1.464912280701758 46
1.4912280701754423 15
1.5087719298245652 57
1.5175438596491266 8
1.5175438596491266 16
1.526315789473688 50
1.5964912280701795 48
1.6403508771929867 1
1.7543859649122853 43
1.7631578947368467 6
1.7631578947368467 19
1.7807017543859696 17
1.8859649122807067 9
1.8947368421052682 24
1.973684210526321 7
2.10526315789474 27
2.192982456140352 25
2.491228070175433 6
2.5438596491228003 34
2.6052631578947287 47
2.692982456140341 24
2.8070175438596365 7
2.824561403508759 15
2.877192982456126 17
3.043859649122789 19
3.2192982456140133 6
3.254385964912258 44
3.2631578947368194 36
3.280701754385942 12
3.3947368421052375 42
3.4298245614034824 30
3.491228070175411 24
3.5087719298245332 4
3.5175438596490944 3
3.5526315789473393 25
3.622807017543829 9
3.63157894736839 7
3.6491228070175126 14
3.745614035087686 43
3.8245614035087367 17
3.9473684210525937 6
3.956140350877155 57
3.964912280701716 19
3.964912280701716 50
3.9824561403508385 11
4.008771929824523 20
4.078947368421016 11
4.105263157894701 58
4.149122807017509 15
4.175438596491194 11
4.280701754385934 11
4.2894736842104955 24
4.324561403508742 44
4.333333333333304 2
4.333333333333304 19
4.342105263157865 36
4.377192982456112 11
4.385964912280674 16
4.4649122807017285 7
4.4649122807017285 32
4.622807017543838 10
4.675438596491208 6
4.73684210526314 56
4.754385964912263 17
4.815789473684195 22
4.850877192982441 3
4.912280701754373 25
4.956140350877181 46
5.017543859649113 47
5.087719298245606 24
5.219298245614031 43
5.263157894736839 42
5.289473684210524 12
5.2982456140350855 7
5.2982456140350855 27
5.307017543859647 11
5.342105263157894 1
5.394736842105264 5
5.403508771929825 6
5.403508771929825 11
5.42982456140351 9
5.473684210526319 15
5.5000000000000036 11
5.578947368421058 29
5.58771929824562 4
5.596491228070182 11
5.596491228070182 17
5.622807017543867 23
5.69298245614036 11
5.789473684210538 11
5.824561403508785 26
5.885964912280716 11
5.885964912280716 24
5.885964912280716 28
5.9824561403508945 11
6.035087719298264 19
6.052631578947388 31
6.078947368421073 11
6.078947368421073 52
6.1315789473684426 6
6.1315789473684426 7
6.1315789473684426 55
6.175438596491251 11
6.1842105263158125 3
6.245614035087744 39
6.271929824561429 11
6.271929824561429 25
6.324561403508799 44
6.342105263157922 36
6.350877192982484 37
6.368421052631607 11
6.3859649122807305 19
6.456140350877224 30
6.464912280701785 11
6.5614035087719635 11
6.640350877193018 1
6.64912280701758 17
6.657894736842142 11
6.684210526315827 24
6.75438596491232 11
6.771929824561443 40
6.798245614035128 15
6.824561403508813 12
6.833333333333375 29
6.833333333333375 45
6.850877192982498 11
6.85964912280706 6
6.85964912280706 57
6.868421052631621 41
6.877192982456183 42
6.885964912280745 50
6.947368421052676 11
6.9649122807018 7
6.9912280701754845 47
7.0438596491228544 11
7.140350877193033 11
7.184210526315841 9
7.2192982456140875 14
7.236842105263211 11
7.254385964912334 16
7.333333333333389 11
7.333333333333389 36
7.394736842105321 34
7.429824561403567 11
7.482456140350937 24
7.491228070175499 17
7.517543859649184 3
7.526315789473745 11
7.526315789473745 20
7.587719298245677 6
7.587719298245677 46
7.6228070175439235 11
7.631578947368485 25
7.666666666666732 4
7.719298245614102 11
7.719298245614102 43
7.798245614035157 7
7.798245614035157 8
7.798245614035157 58
7.81578947368428 11
7.8245614035088416 2
7.912280701754458 11
8.008771929824636 11
8.105263157894814 11
8.122807017543938 15
8.166666666666746 19
8.201754385964993 11
8.280701754386047 24
8.29824561403517 11
8.315789473684294 6
8.315789473684294 17
8.324561403508856 36
8.377192982456226 12
8.377192982456226 48
8.377192982456226 56
8.394736842105349 11
8.40350877192991 38
8.482456140350966 49
8.491228070175527 11
8.526315789473774 27
8.56140350877202 5
8.570175438596582 1
8.587719298245705 11
8.622807017543952 7
8.684210526315884 11
8.763157894736938 30
8.780701754386062 11
8.850877192982555 3
8.87719298245624 11
8.921052631579048 9
8.964912280701856 47
8.973684210526418 11
8.991228070175541 25
9.043859649122911 6
9.070175438596596 11
9.078947368421158 24
9.131578947368528 17
9.157894736842213 22
9.166666666666774 11
9.201754385965021 39
9.263157894736953 11
9.289473684210638 41
9.315789473684323 36
9.35964912280713 11
9.368421052631692 19
9.447368421052747 15
9.456140350877309 7
9.456140350877309 11
9.552631578947487 11
9.552631578947487 57
9.561403508772049 43
9.561403508772049 50
9.596491228070295 52
9.701754385965035 19
9.736842105263282 11
9.745614035087844 4
9.771929824561528 6
9.83333333333346 11
9.842105263158022 12
9.877192982456268 1
9.877192982456268 24
9.929824561403638 11
9.947368421052762 17
10.026315789473816 11
10.122807017543995 11
10.122807017543995 16
10.184210526315926 3
10.219298245614173 11
10.25438596491242 44
10.289473684210666 7
10.30701754385979 36
10.315789473684351 11
10.333333333333474 26
10.342105263158036 23
10.350877192982598 25
10.41228070175453 11
10.500000000000146 6
10.508771929824707 11
10.605263157894885 11
10.649122807017694 48
10.675438596491379 24
10.701754385965064 11
10.710526315789625 44
10.719298245614187 9
10.763157894736995 17
10.771929824561557 15
10.771929824561557 55
10.78947368421068 14
10.798245614035242 11
10.824561403508927 28
10.89473684210542 11
10.89473684210542 42
10.903508771929982 47
11.035087719298406 46
11.043859649122968 27
11.122807017544023 7
11.140350877193146 1
11.166666666666831 10
11.166666666666831 11
11.166666666666831 12
11.175438596491393 30
11.219298245614201 58
11.228070175438763 6
11.26315789473701 11
11.298245614035256 36
11.31578947368438 2
11.324561403508941 37
11.342105263158064 43
11.359649122807188 11
11.403508771929996 41
11.456140350877366 11
11.47368421052649 24
11.517543859649297 3
11.543859649122982 49
11.552631578947544 11
11.578947368421229 17
11.649122807017722 11
11.649122807017722 40
11.675438596491407 20
11.710526315789654 25
11.7456140350879 11
11.780701754386147 34
11.824561403508955 4
11.842105263158079 11
11.921052631579133 31
11.938596491228257 11
11.95614035087738 6
11.95614035087738 7
11.973684210526503 50
12.00877192982475 32
12.00877192982475 42
12.035087719298435 11
12.096491228070366 15
12.131578947368613 11
12.228070175438791 11
12.2719298245616 24
12.289473684210723 36
12.32456140350897 11
12.394736842105463 17
12.421052631579148 11
12.438596491228271 9
12.500000000000203 52
12.517543859649326 11
12.605263157894942 48
12.614035087719504 11
12.614035087719504 46
12.684210526315997 6
12.710526315789682 11
12.728070175438805 1
12.789473684210737 7
12.80701754385986 11
12.833333333333545 44
12.842105263158107 47
12.850877192982669 3
12.885964912280915 39
12.903508771930039 11
12.991228070175655 16
13.000000000000217 11
13.07017543859671 24
13.07017543859671 25
13.096491228070395 11
13.157894736842326 43
13.192982456140573 11
13.210526315789696 17
13.28070175438619 36
13.289473684210751 11
13.38596491228093 11
13.412280701754614 6
13.421052631579176 15
13.482456140351108 11
13.508771929824793 22
13.578947368421286 11
13.614035087719532 30
13.622807017544094 7
13.622807017544094 27
13.675438596491464 11
13.745614035087957 12
13.754385964912519 42
13.771929824561642 11
13.798245614035327 44
13.86842105263182 11
13.86842105263182 24
13.903508771930067 4
13.956140350877437 38
13.964912280701999 11
14.008771929824807 57
14.017543859649368 56
14.02631578947393 17
14.061403508772177 11
14.140350877193232 6
14.149122807017793 9
14.157894736842355 11
14.18421052631604 3
14.254385964912533 11
14.254385964912533 23
14.263157894737095 44
14.271929824561656 36
14.280701754386218 20
14.350877192982711 11
14.350877192982711 14
14.385964912280958 50
14.429824561403766 25
14.44736842105289 11
14.456140350877451 7
14.473684210526574 19
14.543859649123068 11
14.578947368421314 48
14.61403508771956 49
14.640350877193246 11
14.66666666666693 24
14.736842105263424 11
14.745614035087986 15
14.77192982456167 1
14.780701754386232 47
14.807017543859917 2
14.833333333333602 11
14.842105263158164 17
14.868421052631849 6
14.92982456140378 11
14.956140350877465 55
14.964912280702027 42
15.254385964912561 52
15.263157894737123 36
15.289473684210808 7
15.368421052631863 43
15.394736842105548 58
15.447368421052918 19
15.464912280702041 11
15.464912280702041 24
15.517543859649411 3
15.56140350877222 11
15.596491228070466 6
15.657894736842398 11
15.657894736842398 17
15.684210526316082 44
15.754385964912576 28
15.789473684210822 25
15.798245614035384 26
15.807017543859946 19
15.807017543859946 39
15.842105263158192 11
15.859649122807316 16
15.894736842105562 9
15.93859649122837 11
15.947368421052932 30
15.947368421052932 30
15.982456140351179 4
16.03508771929855 11
16.070175438596795 15
16.09649122807048 42
16.122807017544165 7
16.19298245614066 45
16.236842105263467 41
16.25438596491259 36
16.26315789473715 24
16.298245614035398 37
16.30701754385996 46
16.324561403509083 6
16.342105263158206 11
16.47368421052663 17
16.47368421052663 17
16.491228070175755 32
16.543859649123124 48
16.62280701754418 1
16.710526315789796 47
16.73684210526348 27
16.745614035088042 10
16.763157894737166 34
16.771929824561727 11
16.798245614035412 50
16.850877192982782 3
16.868421052631906 11
16.89473684210559 8
16.94736842105296 7
16.964912280702084 11
17.0526315789477 6
17.061403508772262 11
17.061403508772262 24
17.14912280701788 25
17.15789473684244 11
17.245614035088057 36
17.25438596491262 11
17.289473684210865 17
17.350877192982797 11
17.385964912281043 19
17.394736842105605 15
17.403508771930166 44
17.447368421052975 11
17.517543859649468 43
17.543859649123153 11
17.552631578947715 42
17.58771929824596 46
17.596491228070523 9
17.64035087719333 11
17.675438596491578 49
17.73684210526351 11
17.771929824561756 7
17.780701754386318 6
17.79824561403544 44
17.815789473684564 12
17.824561403509126 57
17.833333333333687 11
17.85087719298281 22
17.859649122807372 24
17.912280701754742 14
17.929824561403866 11
17.95614035087755 20
18.017543859649482 1
18.026315789474044 11
18.06140350877229 4
18.1052631578951 17
18.122807017544222 11
18.184210526316154 3
18.2192982456144 11
18.236842105263523 36
18.254385964912647 30
18.298245614035455 2
18.31578947368458 11
18.412280701754757 11
18.42982456140388 41
18.49122807017581 29
18.49122807017581 40
18.49122807017581 44
18.508771929824935 6
18.508771929824935 11
18.508771929824935 25
18.508771929824935 48
18.59649122807055 7
18.605263157895113 11
18.64912280701792 47
18.657894736842483 24
18.70175438596529 11
18.719298245614414 15
18.728070175438976 16
18.79824561403547 11
18.894736842105647 11
18.91228070175477 12
18.921052631579332 17
18.991228070175826 11
18.991228070175826 43
19.087719298246004 11
19.157894736842497 23
19.184210526316182 11
19.210526315789867 50
19.22807017543899 27
19.22807017543899 36
19.236842105263552 6
19.28070175438636 11
19.307017543860045 9
19.37719298245654 11
19.39473684210566 42
19.42982456140391 7
19.43859649122847 55
19.456140350877593 24
19.464912280702155 58
19.473684210526716 11
19.517543859649525 3
19.570175438596895 11
19.587719298246018 39
19.622807017544265 46
19.666666666667073 11
19.736842105263566 17
19.76315789473725 11
19.81578947368462 19
19.85964912280743 11
19.86842105263199 25
19.956140350877607 11
19.96491228070217 6
20.008771929824977 12
20.043859649123224 15
20.052631578947786 11
20.140350877193402 4
20.149122807017964 11
20.219298245614457 36
20.22807017543902 1
20.245614035088142 11
20.254385964912704 24
20.263157894737265 7
20.34210526315832 11
20.4385964912285 11
20.4385964912285 20
20.44736842105306 48
20.535087719298676 11
20.5526315789478 17
20.5526315789478 42
20.578947368421485 47
20.596491228070608 10
20.60526315789517 57
20.631578947368855 11
20.675438596491663 28
20.692982456140786 6
20.728070175439033 11
20.754385964912718 49
20.82456140350921 11
20.850877192982896 3
20.850877192982896 32
20.859649122807458 41
20.92105263157939 11
20.938596491228513 56
21.017543859649567 9
21.017543859649567 11
21.052631578947814 24
21.096491228070622 7
21.105263157895184 12
21.114035087719746 11
21.210526315789924 11
21.210526315789924 36
21.228070175439047 25
21.271929824561855 37
21.271929824561855 44
21.29824561403554 30
21.307017543860102 11
21.368421052632034 15
21.368421052632034 17
21.40350877193028 11
21.421052631579403 6
21.46491228070221 14
21.50000000000046 11
21.596491228070636 11
21.596491228070636 16
21.62280701754432 50
21.649122807018006 1
21.692982456140815 11
21.789473684210993 2
21.789473684210993 11
21.807017543860116 27
21.850877192982924 24
21.859649122807486 44
21.868421052632048 26
21.88596491228117 11
21.92982456140398 7
21.973684210526788 52
21.98245614035135 11
22.000000000000473 42
22.078947368421527 11
22.09649122807065 46
22.14035087719346 34
22.14912280701802 6
22.175438596491706 11
22.184210526316267 3
22.184210526316267 17
22.184210526316267 22
22.20175438596539 12
22.20175438596539 36
22.219298245614514 4
22.271929824561884 11
22.368421052632062 11
22.385964912281185 48
22.46491228070224 11
22.51754385964961 47
22.56140350877242 11
22.587719298246103 25
22.649122807018035 24
22.657894736842596 11
22.692982456140843 15
22.72807017543909 9
22.754385964912775 11
22.763157894737336 7
22.798245614035583 1
22.850877192982953 11
22.877192982456638 6
22.903508771930323 20
22.94736842105313 11
23.0000000000005 17
23.04385964912331 11
23.04385964912331 58
23.10526315789524 39
23.140350877193487 11
23.14912280701805 42
23.175438596491734 23
23.192982456140857 36
23.236842105263666 11
23.25438596491279 40
23.298245614035597 12
23.333333333333844 11
23.429824561404022 11
23.429824561404022 19
23.447368421053145 24
23.51754385964964 3
23.5263157894742 11
23.57894736842157 43
23.596491228070693 7
23.596491228070693 41
23.605263157895255 6
23.62280701754438 11
23.719298245614556 11
23.815789473684735 11
23.815789473684735 17
23.815789473684735 49
23.912280701754913 11
23.94736842105316 25
24.00877192982509 11
24.017543859649653 15
24.035087719298776 50
24.06140350877246 19
24.10526315789527 11
24.131578947368954 55
24.184210526316324 36
24.184210526316324 45
24.201754385965447 11
24.21052631579001 1
24.245614035088256 24
24.26315789473738 42
24.298245614035626 4
24.298245614035626 11
24.32456140350931 48
24.333333333333872 6
24.342105263158434 44
24.350877192982995 38
24.394736842105804 11
24.394736842105804 12
24.403508771930365 30
24.42982456140405 7
24.438596491228612 9
24.447368421053174 10
24.447368421053174 47
24.464912280702297 16
24.491228070175982 11
24.552631578947913 46
24.58771929824616 11
24.63157894736897 17
24.68421052631634 11
24.780701754386516 11
24.85087719298301 3
24.877192982456695 11
24.973684210526873 11
25.01754385964968 14
25.043859649123366 24
25.06140350877249 6
25.07017543859705 11
25.140350877193544 44
25.16666666666723 11
25.17543859649179 36
25.254385964912846 1
25.263157894737407 7
25.263157894737407 11
25.263157894737407 31
25.28070175438653 2
25.298245614035654 32
25.307017543860216 25
25.342105263158462 15
25.359649122807586 11
25.368421052632147 20
25.447368421053202 17
25.456140350877764 11
25.49122807017601 12
25.552631578947942 11
25.605263157895312 28
25.64912280701812 11
25.7456140350883 11
25.789473684211107 6
25.833333333333915 46
25.842105263158476 11
25.842105263158476 24
25.929824561404093 27
25.938596491228655 11
26.008771929825148 57
26.035087719298833 11
26.061403508772518 39
26.096491228070764 7
26.13157894736901 11
26.149122807018134 9
26.166666666667258 36
26.18421052631638 3
26.22807017543919 11
26.22807017543919 44
26.245614035088312 37
26.263157894737436 17
26.263157894737436 48
26.28947368421112 42
26.324561403509367 11
26.377192982456737 4
26.377192982456737 47
26.412280701754984 43
26.421052631579546 11
26.44736842105323 50
26.49122807017604 19
26.517543859649724 6
26.517543859649724 11
26.517543859649724 22
26.587719298246217 12
26.59649122807078 5
26.614035087719902 11
26.631578947369025 56
26.640350877193587 24
26.65789473684271 52
26.666666666667272 1
26.666666666667272 15
26.666666666667272 25
26.675438596491833 30
26.71052631579008 11
26.75438596491289 41
26.76315789473745 26
26.80701754386026 11
26.87719298245675 49
26.903508771930436 11
26.92982456140412 7
27.000000000000615 11
27.008771929825176 44
27.043859649123423 23
27.07894736842167 17
27.096491228070793 11
27.114035087719916 34
27.157894736842724 36
27.19298245614097 11
27.24561403508834 6
27.28947368421115 11
27.333333333333957 16
27.35087719298308 19
27.385964912281327 11
27.40350877193045 42
27.438596491228697 24
27.45614035087782 40
27.482456140351506 11
27.517543859649752 3
27.56140350877256 5
27.578947368421684 11
27.675438596491862 11
27.684210526316424 12
27.76315789473748 7
27.77192982456204 11
27.807017543860287 58
27.82456140350941 20
27.859649122807657 9
27.86842105263222 11
27.894736842105903 17
27.912280701755027 43
27.92982456140415 55
27.964912280702396 11
27.973684210526958 6
27.99122807017608 15
28.026315789474328 25
28.052631578948013 46
28.061403508772575 11
28.14035087719363 44
28.14912280701819 36
28.157894736842753 11
28.157894736842753 19
28.20175438596556 48
28.236842105263808 24
28.25438596491293 11
28.29824561403574 10
28.3070175438603 47
28.35087719298311 11
28.447368421053287 11
28.45614035087785 4
28.473684210526972 57
28.482456140351534 29
28.51754385964978 42
28.543859649123466 11
28.57017543859715 14
28.596491228070835 7
28.596491228070835 44
28.640350877193644 11
28.701754385965575 6
28.710526315790137 17
28.736842105263822 11
28.754385964912945 1
28.77192982456207 2
28.78070175438663 12
28.833333333334 11
28.850877192983123 3
28.859649122807685 50
28.903508771930493 19
28.921052631579617 41
28.92982456140418 11
28.93859649122874 31
28.956140350877863 30
29.026315789474356 11
29.035087719298918 24
29.122807017544535 11
29.140350877193658 36
29.219298245614713 11
29.31578947368489 11
29.31578947368489 15
29.385964912281384 25
29.41228070175507 11
29.429824561404192 6
29.429824561404192 7
29.438596491228754 52
29.46491228070244 43
29.508771929825247 11
29.52631578947437 17
29.535087719298932 46
29.57017543859718 9
29.605263157895426 11
29.63157894736911 42
29.701754385965604 11
29.719298245614727 27
29.72807017543929 38
29.798245614035782 11
29.83333333333403 24
29.877192982456837 12
29.89473684210596 11
29.89473684210596 29
29.93859649122877 49
29.95614035087789 19
29.99122807017614 11
30.087719298246316 11
30.131578947369125 36
30.140350877193686 48
30.15789473684281 6
30.184210526316495 3
30.184210526316495 11
30.201754385965618 16
30.236842105263865 47
30.26315789473755 7
30.280701754386673 11
30.280701754386673 20
30.342105263158604 17
30.37719298245685 11
30.47368421052703 11
30.5263157894744 28
30.53508771929896 4
30.570175438597207 11
30.63157894736914 24
30.6403508771937 15
30.666666666667385 11
30.74561403508844 25
30.74561403508844 42
30.763157894737564 11
30.85087719298318 22
30.859649122807742 11
30.877192982456865 39
30.885964912281427 6
30.912280701755112 23
30.95614035087792 11
30.973684210527043 12
31.052631578948098 11
31.087719298246345 56
31.096491228070906 7
31.12280701754459 36
31.149122807018276 11
31.157894736842838 17
31.21929824561477 37
31.22807017543933 30
31.245614035088455 11
31.27192982456214 50
31.2807017543867 9
31.289473684211263 58
31.342105263158633 11
31.403508771930564 26
31.42982456140425 24
31.43859649122881 11
31.43859649122881 34
31.48245614035162 41
31.517543859649866 3
31.53508771929899 11
31.614035087720044 6
31.631578947369167 11
31.70175438596566 32
31.719298245614784 1
31.728070175439345 11
31.824561403509524 11
31.85964912280777 42
31.877192982456894 55
31.921052631579702 11
31.929824561404264 7
31.96491228070251 15
31.97368421052707 17
32.008771929825315 46
32.01754385964988 11
32.070175438597246 12
32.07894736842181 48
32.10526315789549 25
32.114035087720055 11
32.114035087720055 36
32.122807017544616 14
32.1491228070183 10
32.166666666667425 47
32.19298245614111 43
32.19298245614111 52
32.21052631579023 11
32.21052631579023 44
32.228070175439356 24
32.2631578947376 2
32.2631578947376 57
32.30701754386041 11
32.34210526315866 6
32.40350877193059 11
32.50000000000077 11
32.596491228070946 11
32.61403508772007 4
32.692982456141124 11
32.73684210526393 20
32.76315789473762 7
32.77192982456218 44
32.7894736842113 11
32.7894736842113 17
32.85087719298323 3
32.88596491228148 11
32.89473684210604 27
32.9736842105271 42
32.98245614035166 11
32.99122807017622 9
33.00000000000078 49
33.02631578947447 24
33.05263157894815 5
33.06140350877271 19
33.070175438597275 1
33.070175438597275 6
33.070175438597275 16
33.07894736842184 11
33.10526315789552 36
33.16666666666745 12
33.175438596492015 11
33.19298245614114 40
33.27192982456219 11
33.289473684211316 15
33.36842105263237 11
33.46491228070255 11
33.46491228070255 25
33.500000000000796 19
33.50877192982536 30
33.56140350877273 11
33.596491228070974 7
33.605263157895536 17
33.657894736842906 11
33.68421052631659 50
33.754385964913084 11
33.79824561403589 6
33.82456140350958 24
33.85087719298326 11
33.94736842105344 11
34.01754385964993 48
34.04385964912362 11
34.09649122807099 36
34.11403508772011 47
34.1403508771938 11
34.184210526316605 3
34.236842105263975 11
34.236842105263975 11
34.26315789473766 12
34.33333333333415 11
34.38596491228152 44
34.42105263157977 17
34.42982456140433 7
34.42982456140433 11
34.52631578947451 6
34.52631578947451 11
34.596491228071 8
34.605263157895564 46
34.614035087720126 15
34.62280701754469 11
34.62280701754469 24
34.69298245614118 4
34.69298245614118 9
34.70175438596574 38
34.719298245614866 11
34.815789473685044 11
34.824561403509605 25
34.83333333333417 23
34.91228070175522 11
34.982456140351715 58
35.0087719298254 11
35.087719298246455 36
35.10526315789558 11
35.13157894736926 39
35.18421052631663 22
35.192982456141195 20
35.20175438596576 11
35.21052631579032 31
35.236842105264 17
35.254385964913126 6
35.254385964913126 7
35.298245614035935 11
35.34210526315874 41
35.350877192983305 42
35.359649122807866 12
35.39473684210611 11
35.4210526315798 24
35.456140350878044 28
35.48245614035173 5
35.48245614035173 57
35.49122807017629 11
35.517543859649976 3
35.58771929824647 11
35.675438596492086 14
35.68421052631665 11
35.719298245614894 27
35.75438596491314 2
35.7631578947377 55
35.780701754386826 11
35.780701754386826 30
35.78947368421139 32
35.877192982457004 11
35.938596491228935 15
35.938596491228935 16
35.95614035087806 48
35.97368421052718 11
35.982456140351744 6
35.991228070176305 34
36.00000000000087 10
36.043859649123675 47
36.05263157894824 17
36.05263157894824 46
36.0614035087728 49
36.07017543859736 11
36.07894736842192 7
36.07894736842192 36
36.096491228071045 50
36.10526315789561 44
36.16666666666754 11
36.18421052631666 25
36.19298245614122 37
36.21929824561491 24
36.263157894737716 11
36.359649122807895 11
36.39473684210614 9
36.45614035087807 11
36.45614035087807 12
36.464912280702634 42
36.55263157894825 11
36.5877192982465 44
36.61403508772018 1
36.64912280701843 11
36.71052631579036 6
36.74561403508861 11
36.77192982456229 4
36.842105263158786 11
36.85087719298335 3
36.86842105263247 17
36.91228070175528 7
36.938596491228964 11
36.938596491228964 43
37.01754385965002 24
37.03508771929914 11
37.07017543859739 36
37.13157894736932 11
37.2280701754395 11
37.25438596491318 52
37.263157894737745 15
37.324561403509676 11
37.421052631579855 11
37.43859649122898 6
37.473684210527225 46
37.51754385965003 11
37.54385964912372 25
37.55263157894828 12
37.578947368421964 42
37.61403508772021 11
37.631578947369334 56
37.64912280701846 20
37.684210526316704 17
37.71052631579039 11
37.745614035088636 7
37.80701754386057 11
37.81578947368513 24
37.903508771930746 11
37.903508771930746 48
37.97368421052724 47
38.000000000000924 11
38.052631578948294 30
38.061403508772855 36
38.07017543859742 41
38.07894736842198 57
38.0964912280711 11
38.10526315789566 9
38.166666666667595 6
38.18421052631672 3
38.19298245614128 11
38.28947368421146 11
38.324561403509705 58
38.385964912281636 11
38.482456140351815 11
38.491228070176376 43
38.50000000000094 17
38.5087719298255 50
38.55263157894831 27
38.57894736842199 7
38.57894736842199 11
38.587719298246554 15
38.587719298246554 29
38.61403508772024 24
38.640350877193924 1
38.649122807018486 12
38.67543859649217 11
38.692982456141294 42
38.72807017543954 23
38.77192982456235 11
38.807017543860596 16
38.81578947368516 40
38.850877192983404 4
38.86842105263253 11
38.89473684210621 6
38.903508771930774 25
38.964912280702706 11
39.0350877192992 55
39.05263157894832 36
39.061403508772884 11
39.10526315789569 39
39.122807017544815 49
39.15789473684306 11
39.228070175439555 14
39.24561403508868 2
39.25438596491324 11
39.31578947368517 17
39.34210526315886 8
39.35087719298342 11
39.40350877193079 7
39.41228070175535 24
39.447368421053596 11
39.51754385965009 3
39.51754385965009 22
39.543859649123775 11
39.62280701754483 6
39.64035087719395 11
39.6754385964922 29
39.73684210526413 11
39.74561403508869 12
39.78070175438694 38
39.807017543860624 9
39.807017543860624 42
39.83333333333431 11
39.84210526315887 48
39.85087719298343 10
39.87719298245712 26
39.9035087719308 47
39.912280701755364 15
39.92982456140449 11
39.98245614035186 1
40.026315789474666 11
40.04385964912379 36
40.10526315789572 20
40.122807017544844 11
40.131578947369405 17
40.21052631579046 24
40.21929824561502 11
40.22807017543958 7
40.26315789473783 25
40.289473684211515 32
40.3157894736852 11
40.33333333333432 30
40.35087719298345 6
40.37719298245713 28
40.41228070175538 11
40.508771929825556 11
40.605263157895735 11
40.64035087719398 19
40.70175438596591 11
40.710526315790474 46
40.79824561403609 11
40.79824561403609 41
40.80701754386065 44
40.8421052631589 12
40.8421052631589 57
40.85087719298346 3
40.89473684210627 11
40.921052631579954 50
40.929824561404516 4
40.93859649122908 43
40.94736842105364 17
40.94736842105364 42
40.99122807017645 11
41.00877192982557 24
41.035087719299256 36
41.05263157894838 5
41.05263157894838 7
41.078947368422064 6
41.087719298246625 11
41.16666666666768 37
41.184210526316804 11
41.236842105264174 15
41.26315789473786 1
41.28070175438698 11
41.37719298245716 11
41.403508771930845 27
41.47368421052734 11
41.50000000000102 56
41.508771929825585 9
41.51754385965015 34
41.570175438597516 11
41.622807017544886 25
41.666666666667695 11
41.675438596492256 16
41.76315789473787 11
41.76315789473787 17
41.76315789473787 19
41.780701754386996 48
41.80701754386068 6
41.80701754386068 24
41.833333333334366 47
41.85964912280805 11
41.85964912280805 44
41.885964912281736 7
41.90350877193086 39
41.938596491229106 12
41.95614035087823 11
42.01754385965016 58
42.02631578947472 36
42.05263157894841 11
42.06140350877297 42
42.087719298246654 19
42.149122807018585 11
42.18421052631683 3
42.18421052631683 49
42.245614035088764 11
42.298245614036134 31
42.34210526315894 11
42.43859649122912 11
42.517543859650175 43
42.5350877192993 6
42.5350877192993 11
42.55263157894842 15
42.56140350877298 20
42.57894736842211 17
42.58771929824667 23
42.60526315789579 24
42.60526315789579 30
42.631578947369476 11
42.675438596492285 46
42.71929824561509 7
42.728070175439655 11
42.736842105264216 2
42.74561403508878 19
42.780701754387024 14
42.82456140350983 11
42.833333333334394 55
42.92105263158001 11
42.98245614035194 25
43.00877192982563 4
43.01754385965019 11
43.01754385965019 36
43.03508771929931 12
43.11403508772037 11
43.14035087719405 41
43.1754385964923 42
43.210526315790545 11
43.21929824561511 9
43.263157894737915 6
43.28070175438704 44
43.307017543860724 11
43.33333333333441 50
43.39473684210634 17
43.4035087719309 11
43.4035087719309 24
43.49122807017652 1
43.50000000000108 11
43.5175438596502 3
43.55263157894845 7
43.578947368422135 19
43.59649122807126 11
43.61403508772038 40
43.692982456141436 11
43.701754385966 10
43.71929824561512 48
43.76315789473793 47
43.789473684211615 11
43.850877192983546 22
43.87719298245723 15
43.88596491228179 11
43.98245614035197 11
43.99122807017653 6
44.008771929825656 36
44.03508771929934 27
44.07894736842215 11
44.13157894736952 12
44.17543859649233 11
44.20175438596601 24
44.210526315790574 17
44.24561403508882 57
44.271929824562505 11
44.28947368421163 42
44.342105263159 25
44.368421052632684 11
44.38596491228181 7
44.46491228070286 11
44.54385964912392 16
44.56140350877304 11
44.59649122807129 44
44.65789473684322 11
44.71929824561515 6
44.754385964913396 11
44.77192982456252 29
44.850877192983575 3
44.850877192983575 11
44.88596491228182 30
44.92982456140463 9
44.94736842105375 11
45.00000000000112 24
45.00000000000112 36
45.017543859650246 20
45.02631578947481 17
45.04385964912393 11
45.070175438597616 39
45.08771929824674 4
45.14035087719411 11
45.19298245614148 41
45.20175438596604 15
45.2105263157906 5
45.219298245615164 7
45.228070175439726 12
45.23684210526429 11
45.24561403508885 49
45.280701754387096 32
45.28947368421166 52
45.29824561403622 28
45.333333333334465 11
45.34210526315903 1
45.40350877193096 42
45.429824561404644 11
45.44736842105377 6
45.52631578947482 11
45.622807017545 11
45.65789473684325 48
45.69298245614149 47
45.701754385966055 19
45.701754385966055 25
45.71929824561518 11
45.74561403508886 50
45.78947368421167 46
45.79824561403623 24
45.815789473685356 11
45.84210526315904 17
45.912280701755535 11
45.99122807017659 36
46.00877192982571 11
46.05263157894852 7
46.09649122807133 43
46.10526315789589 11
46.14035087719414 37
46.175438596492384 6
46.184210526316946 3
46.20175438596607 11
46.228070175439754 2
46.228070175439754 26
46.29824561403625 11
46.32456140350993 12
46.333333333334494 14
46.394736842106425 11
46.48245614035204 23
46.491228070176604 11
46.51754385965029 42
46.52631578947485 15
46.58771929824678 11
46.59649122807134 24
46.61403508772047 19
46.64035087719415 9
46.657894736843275 17
46.657894736843275 38
46.68421052631696 11
46.75438596491345 5
46.78070175438714 11
46.824561403509946 1
46.877192982457316 11
46.88596491228188 7
46.903508771931 6
46.96491228070293 34
46.973684210527495 11
46.973684210527495 19
46.982456140352056 36
47.00000000000118 8
47.06140350877311 25
47.06140350877311 55
47.07017543859767 11
47.16666666666785 4
47.16666666666785 11
47.16666666666785 30
47.26315789473803 11
47.26315789473803 19
47.35964912280821 11
47.394736842106454 24
47.403508771931016 58
47.41228070175558 16
47.42105263158014 12
47.456140350878385 11
47.46491228070295 46
47.47368421052751 17
47.47368421052751 20
47.51754385965032 3
47.552631578948564 10
47.552631578948564 11
47.552631578948564 57
47.59649122807137 48
47.62280701754506 47
47.63157894736962 6
47.64912280701874 11
47.71052631579067 7
47.7280701754398 56
47.74561403508892 11
47.79824561403629 39
47.8421052631591 11
47.85087719298366 15
47.938596491229276 11
47.97368421052752 36
48.035087719299455 11
48.11403508772051 42
48.13157894736963 11
48.15789473684332 50
48.184210526317 22
48.192982456141564 24
48.21052631579069 44
48.22807017543981 11
48.28070175438718 19
48.28947368421174 17
48.307017543860866 49
48.32456140350999 11
48.34210526315911 9
48.359649122808236 6
48.42105263158017 11
48.42105263158017 25
48.44736842105385 1
48.517543859650345 11
48.517543859650345 12
48.53508771929947 7
48.561403508773154 27
48.614035087720524 11
48.7105263157907 11
48.80701754386088 11
48.85087719298369 3
48.90350877193106 11
48.91228070175562 41
48.96491228070299 36
48.991228070176675 24
49.000000000001236 11
49.08771929824685 6
49.096491228071415 11
49.105263157895976 17
49.17543859649247 15
49.19298245614159 11
49.22807017543984 42
49.24561403508896 4
49.28947368421177 11
49.359649122808264 44
49.368421052632826 7
49.38596491228195 11
49.39473684210651 40
49.44736842105388 30
49.48245614035213 11
49.5350877192995 48
49.55263157894862 47
49.578947368422305 11
49.61403508772055 12
49.622807017545114 19
49.675438596492484 11
49.71929824561529 2
49.77192982456266 11
49.78070175438722 25
49.789473684211785 24
49.81578947368547 6
49.86842105263284 11
49.8771929824574 32
49.88596491228196 14
49.91228070175565 46
49.92105263158021 17
49.92982456140477 20
49.95614035087846 36
49.96491228070302 11
49.9912280701767 44
50.052631578948635 9
50.061403508773196 11
50.14912280701881 43
50.157894736843375 11
50.18421052631706 3
50.20175438596618 7
50.219298245615306 28
50.25438596491355 11
50.28070175438724 16
50.34210526315917 42
50.35087719298373 11
50.377192982457416 23
50.38596491228198 1
50.44736842105391 11
50.50000000000128 15
50.54385964912409 6
50.54385964912409 11
50.57017543859777 50
50.587719298246896 24
50.62280701754514 5
50.640350877194265 11
50.64912280701883 44
50.71052631579076 12
50.736842105264444 11
50.736842105264444 17
50.83333333333462 11
50.9298245614048 11
50.9298245614048 58
50.94736842105392 36
50.956140350878485 39
51.02631578947498 11
51.03508771929954 7
51.114035087720595 37
51.122807017545156 11
51.14035087719428 25
51.14035087719428 27
51.219298245615335 11
51.271929824562704 6
51.31578947368551 11
51.324561403510074 4
51.3421052631592 41
51.35087719298376 26
51.36842105263288 49
51.385964912282006 24
51.40350877193113 10
51.40350877193113 19
51.41228070175569 11
51.429824561404814 56
51.4561403508785 42
51.50000000000131 47
51.50000000000131 48
51.50877192982587 11
51.51754385965043 3
51.55263157894868 17
51.55263157894868 17
51.60526315789605 11
51.62280701754517 44
51.6842105263171 55
51.701754385966225 11
51.745614035089034 38
51.76315789473816 9
51.77192982456272 30
51.78947368421184 43
51.798245614036404 11
51.807017543860965 12
51.82456140351009 15
51.8684210526329 7
51.89473684210658 11
51.93859649122939 36
51.95614035087851 19
51.97368421052764 57
51.99122807017676 11
52.00000000000132 6
52.02631578947501 46
52.08771929824694 11
52.184210526317116 11
52.184210526317116 24
52.26315789473817 34
52.280701754387294 11
52.36842105263291 17
52.37719298245747 11
52.385964912282034 20
52.47368421052765 11
52.500000000001336 25
52.51754385965046 22
52.57017543859783 11
52.57017543859783 42
52.66666666666801 11
52.701754385966254 7
52.72807017543994 6
52.763157894738185 11
52.8508771929838 3
52.859649122808364 11
52.90350877193117 1
52.90350877193117 12
52.92982456140486 36
52.95614035087854 11
52.98245614035223 24
52.98245614035223 50
53.05263157894872 11
53.1491228070189 11
53.1491228070189 15
53.1491228070189 16
53.184210526317145 17
53.21052631579083 2
53.245614035089076 11
53.342105263159254 11
53.38596491228206 41
53.403508771931186 4
53.43859649122943 11
53.43859649122943 14
53.447368421053994 48
53.456140350878556 6
53.456140350878556 19
53.46491228070312 47
53.47368421052768 9
53.53508771929961 7
53.53508771929961 11
53.59649122807154 27
53.63157894736979 11
53.666666666668036 40
53.68421052631716 42
53.70175438596628 29
53.72807017543997 11
53.78070175438734 24
53.824561403510145 11
53.85964912280839 25
53.921052631580324 11
53.921052631580324 36
54.00000000000138 12
54.00000000000138 17
54.0175438596505 11
54.05263157894875 19
54.05263157894875 30
54.11403508772068 11
54.11403508772068 32
54.17543859649261 43
54.18421052631717 3
54.18421052631717 6
54.21052631579086 11
54.254385964913666 39
54.26315789473823 58
54.27192982456279 23
54.307017543861036 11
54.36842105263297 7
54.39473684210665 1
54.403508771931214 11
54.4298245614049 49
54.47368421052771 15
54.50000000000139 11
54.57894736842245 24
54.59649122807157 11
54.69298245614175 11
54.719298245615434 52
54.78947368421193 11
54.79824561403649 42
54.81578947368561 17
54.8421052631593 20
54.885964912282105 11
54.91228070175579 6
54.91228070175579 36
54.982456140352284 11
55.05263157894878 57
55.07894736842246 11
55.096491228071585 12
55.14035087719439 28
55.17543859649264 11
55.1842105263172 9
55.201754385966325 7
55.21929824561545 25
55.254385964913695 10
55.27192982456282 11
55.28947368421194 44
55.368421052632996 11
55.37719298245756 24
55.39473684210668 50
55.412280701755805 47
55.412280701755805 48
55.464912280703174 11
55.4824561403523 4
55.517543859650544 3
55.56140350877335 11
55.631578947369846 17
55.64035087719441 6
55.65789473684353 11
55.75438596491371 11
55.79824561403652 15
55.79824561403652 26
55.81578947368564 1
55.85087719298389 11
55.894736842106695 43
55.90350877193126 36
55.91228070175582 42
55.947368421054065 11
55.96491228070319 5
56.01754385965056 16
56.02631578947512 55
56.03508771929968 7
56.043859649124244 11
56.08771929824705 37
56.14035087719442 11
56.17543859649267 24
56.19298245614179 12
56.21929824561548 46
56.2368421052646 11
56.24561403508916 29
56.25438596491372 27
56.33333333333478 11
56.33333333333478 30
56.368421052633025 6
56.429824561404956 11
56.44736842105408 17
56.526315789475134 11
56.578947368422504 25
56.59649122807163 34
56.62280701754531 11
56.70175438596637 2
56.70175438596637 41
56.71929824561549 11
56.81578947368567 11
56.850877192983916 3
56.850877192983916 22
56.86842105263304 7
56.894736842106724 9
56.894736842106724 36
56.91228070175585 11
56.97368421052778 24
56.9912280701769 14
57.008771929826025 11
57.02631578947515 42
57.09649122807164 6
57.1052631578962 11
57.12280701754533 15
57.20175438596638 11
57.20175438596638 44
57.26315789473831 17
57.289473684212 12
57.29824561403656 11
57.29824561403656 20
57.324561403510245 38
57.34210526315937 47
57.35087719298393 48
57.36842105263305 1
57.39473684210674 11
57.491228070176916 11
57.491228070176916 49
57.56140350877341 4
57.587719298247094 11
57.596491228071656 44
57.62280701754534 5
57.640350877194464 19
57.68421052631727 11
57.701754385966396 7
57.77192982456289 24
57.78070175438745 11
57.807017543861136 50
57.82456140351026 6
57.850877192983944 39
57.87719298245763 11
57.88596491228219 36
57.903508771931314 57
57.93859649122956 25
57.97368421052781 11
58.070175438597985 11
58.07894736842255 17
58.114035087720794 52
58.14035087719448 42
58.16666666666816 11
58.16666666666816 23
58.18421052631729 3
58.26315789473834 11
58.35964912280852 11
58.385964912282205 12
58.41228070175589 19
58.447368421054136 15
58.4561403508787 11
58.53508771929975 1
58.53508771929975 7
58.552631578948876 6
58.552631578948876 11
58.570175438598 24
58.605263157896246 9
58.61403508772081 30
58.64035087719449 40
58.649122807019054 11
58.74561403508923 11
58.77192982456292 29
58.84210526315941 11
58.85087719298397 19
58.87719298245766 27
58.87719298245766 36
58.88596491228222 16
58.89473684210678 17
58.90350877193134 46
58.93859649122959 11
59.03508771929977 11
59.04385964912433 41
59.10526315789626 10
59.131578947369945 11
59.22807017544012 11
59.25438596491381 42
59.27192982456293 47
59.28070175438749 6
59.29824561403662 25
59.29824561403662 48
59.3245614035103 11
59.36842105263311 7
59.36842105263311 24
59.42105263158048 11
59.47368421052785 32
59.48245614035241 12
59.51754385965066 3
59.51754385965066 11
59.614035087720836 11
59.64035087719452 4
59.710526315791014 11
59.710526315791014 17
59.75438596491382 20
59.771929824562946 15
59.80701754386119 11
59.85964912280856 44
59.868421052633124 36
59.90350877193137 11
59.90350877193137 43
