0.017543859649122806 4
0.02631578947368421 32
0.07894736842105263 31
0.08771929824561403 23
0.10526315789473684 24
0.12280701754385964 17
0.13157894736842105 47
0.14912280701754385 39
0.16666666666666666 43
0.20175438596491227 1
0.21052631578947367 15
0.21929824561403508 16
0.2543859649122807 3
0.280701754385965 2
0.28947368421052644 42
0.3070175438596493 27
0.342105263157895 38
0.3947368421052636 59
0.41228070175438647 14
0.41228070175438647 55
0.4210526315789479 7
0.43859649122807076 6
0.4561403508771936 19
0.4561403508771936 22
0.4561403508771936 25
0.4736842105263165 28
0.4736842105263165 29
0.4824561403508779 44
0.4824561403508779 57
0.5175438596491236 30
0.5263157894736851 36
0.5263157894736851 37
0.605263157894738 18
0.6315789473684222 9
0.6491228070175451 12
0.6929824561403523 20
0.9035087719298266 24
1.0614035087719322 52
1.157894736842108 18
1.1666666666666694 6
1.2631578947368451 7
1.2719298245614066 17
1.2894736842105294 44
1.342105263157898 19
1.3771929824561437 41
1.3859649122807052 40
1.403508771929828 56
1.4473684210526352 10
1.4561403508771966 11
1.4912280701754423 1
1.5175438596491266 36
1.543859649122811 15
1.587719298245618 3
1.605263157894741 59
1.666666666666671 26
1.6842105263157938 11
1.7017543859649167 24
1.7543859649122853 48
1.8157894736842153 25
1.8596491228070224 29
1.8859649122807067 34
1.8947368421052682 6
1.9649122807017596 43
2.0087719298245665 47
2.070175438596495 44
2.0964912280701786 7
2.157894736842107 5
2.192982456140352 42
2.201754385964913 4
2.271929824561403 58
2.4385964912280658 12
2.491228070175433 11
2.4999999999999942 24
2.5087719298245554 1
2.5087719298245554 36
2.6052631578947287 17
2.622807017543851 6
2.666666666666657 19
2.6842105263157796 11
2.8070175438596365 27
2.8157894736841977 30
2.877192982456126 11
2.877192982456126 15
2.90350877192981 18
2.9210526315789322 3
2.9298245614034935 7
2.9649122807017383 29
3.070175438596473 11
3.087719298245595 16
3.1754385964912073 25
3.2631578947368194 11
3.298245614035064 24
3.3508771929824315 6
3.3508771929824315 18
3.456140350877166 11
3.499999999999972 36
3.587719298245584 19
3.587719298245584 42
3.6052631578947065 59
3.6140350877192677 44
3.6491228070175126 11
3.7631578947368083 7
3.789473684210492 49
3.842105263157859 11
3.956140350877155 18
3.9824561403508385 46
4.026315789473646 14
4.0350877192982075 43
4.043859649122769 11
4.043859649122769 47
4.078947368421016 6
4.096491228070139 24
4.210526315789441 15
4.2368421052631255 11
4.254385964912249 3
4.280701754385934 4
4.280701754385934 19
4.31578947368418 8
4.333333333333304 5
4.342105263157865 1
4.342105263157865 12
4.36842105263155 20
4.394736842105235 2
4.429824561403482 11
4.438596491228044 23
4.4912280701754135 36
4.4912280701754135 57
4.508771929824537 50
4.52631578947366 41
4.587719298245592 7
4.605263157894715 19
4.605263157894715 44
4.622807017543838 11
4.701754385964893 22
4.771929824561386 59
4.807017543859633 6
4.815789473684195 11
4.8947368421052495 24
5.008771929824551 11
5.061403508771921 56
5.201754385964907 11
5.3245614035087705 30
5.359649122807017 29
5.359649122807017 46
5.394736842105264 11
5.403508771929825 28
5.412280701754387 7
5.456140350877195 12
5.456140350877195 17
5.456140350877195 25
5.48245614035088 36
5.491228070175442 48
5.5000000000000036 37
5.5000000000000036 38
5.5263157894736885 19
5.53508771929825 6
5.53508771929825 15
5.58771929824562 3
5.58771929824562 11
5.649122807017552 55
5.69298245614036 24
5.780701754385976 11
5.789473684210538 31
5.868421052631593 42
5.921052631578963 47
5.9561403508772095 16
5.9561403508772095 19
5.973684210526333 11
6.096491228070196 1
6.105263157894758 32
6.166666666666689 11
6.175438596491251 18
6.175438596491251 34
6.192982456140374 9
6.192982456140374 59
6.219298245614059 26
6.236842105263182 7
6.263157894736867 6
6.263157894736867 58
6.280701754385991 17
6.315789473684237 52
6.3596491228070455 4
6.3596491228070455 11
6.473684210526347 36
6.473684210526347 40
6.49122807017547 24
6.500000000000032 18
6.552631578947402 11
6.570175438596525 12
6.692982456140388 18
6.745614035087758 11
6.8157894736842515 25
6.8157894736842515 46
6.824561403508813 50
6.833333333333375 19
6.833333333333375 20
6.85964912280706 15
6.903508771929868 41
6.921052631578991 3
6.938596491228115 11
6.9912280701754845 6
7.070175438596539 7
7.114035087719348 17
7.131578947368471 11
7.175438596491279 18
7.2456140350877725 1
7.289473684210581 24
7.324561403508827 11
7.464912280701814 36
7.517543859649184 11
7.517543859649184 43
7.543859649122869 18
7.596491228070239 14
7.596491228070239 39
7.614035087719362 30
7.684210526315855 12
7.71052631578954 11
7.719298245614102 6
7.76315789473691 18
7.76315789473691 59
7.798245614035157 47
7.859649122807088 42
7.885964912280773 2
7.885964912280773 19
7.903508771929896 7
7.903508771929896 11
7.97368421052639 8
8.035087719298321 18
8.087719298245691 17
8.087719298245691 24
8.096491228070253 11
8.122807017543938 10
8.157894736842184 48
8.175438596491308 25
8.18421052631587 9
8.18421052631587 15
8.254385964912363 3
8.28947368421061 11
8.324561403508856 29
8.333333333333417 19
8.40350877192991 27
8.438596491228157 4
8.447368421052719 6
8.45614035087728 36
8.482456140350966 11
8.605263157894829 57
8.657894736842199 46
8.675438596491322 11
8.728070175438692 7
8.798245614035185 12
8.807017543859747 5
8.815789473684308 23
8.815789473684308 56
8.82456140350887 16
8.833333333333432 19
8.868421052631678 11
8.885964912280802 24
8.903508771929925 17
8.947368421052733 22
9.061403508772035 11
9.08771929824572 43
9.175438596491336 6
9.19298245614046 44
9.201754385965021 19
9.210526315789583 59
9.236842105263268 31
9.254385964912391 11
9.289473684210638 20
9.394736842105377 1
9.447368421052747 11
9.447368421052747 36
9.508771929824679 15
9.535087719298364 25
9.552631578947487 7
9.587719298245734 3
9.62280701754398 58
9.640350877193104 11
9.649122807017665 29
9.666666666666789 47
9.684210526315912 24
9.719298245614159 17
9.83333333333346 11
9.859649122807145 42
9.859649122807145 50
9.868421052631707 41
9.894736842105392 30
9.903508771929953 6
9.903508771929953 9
9.912280701754515 12
10.026315789473816 11
10.04385964912294 39
10.070175438596625 55
10.078947368421186 18
10.078947368421186 19
10.131578947368556 49
10.219298245614173 11
10.228070175438734 48
10.280701754386104 32
10.324561403508913 28
10.36842105263172 38
10.385964912280844 7
10.385964912280844 18
10.385964912280844 19
10.41228070175453 11
10.438596491228214 36
10.447368421052776 44
10.47368421052646 37
10.482456140351022 24
10.517543859649269 4
10.52631578947383 17
10.552631578947516 18
10.605263157894885 11
10.622807017544009 46
10.63157894736857 6
10.649122807017694 19
10.68421052631594 43
10.798245614035242 11
10.815789473684365 1
10.833333333333488 15
10.89473684210542 18
10.89473684210542 25
10.912280701754543 19
10.921052631579105 3
10.921052631579105 59
10.991228070175598 11
11.026315789473845 12
11.078947368421215 26
11.15789473684227 14
11.184210526315955 11
11.21052631578964 18
11.219298245614201 7
11.228070175438763 5
11.271929824561571 19
11.280701754386133 24
11.333333333333503 17
11.359649122807188 6
11.377192982456311 2
11.377192982456311 11
11.42982456140368 36
11.500000000000174 40
11.526315789473859 47
11.570175438596667 11
11.605263157894914 57
11.622807017544037 34
11.64035087719316 9
11.69298245614053 16
11.754385964912462 20
11.763157894737024 11
11.789473684210709 27
11.807017543859832 19
11.912280701754572 18
11.95614035087738 11
11.973684210526503 10
11.991228070175627 42
12.052631578947558 7
12.070175438596682 19
12.078947368421243 24
12.087719298245805 6
12.140350877193175 12
12.149122807017736 11
12.149122807017736 17
12.157894736842298 15
12.175438596491421 30
12.175438596491421 50
12.210526315789668 41
12.245614035087915 48
12.254385964912476 3
12.254385964912476 25
12.307017543859846 1
12.333333333333531 19
12.342105263158093 11
12.421052631579148 36
12.447368421052833 46
12.53508771929845 11
12.54385964912301 39
12.570175438596696 44
12.59649122807038 4
12.59649122807038 19
12.728070175438805 11
12.815789473684422 6
12.85964912280723 19
12.877192982456354 24
12.885964912280915 7
12.921052631579162 11
12.921052631579162 23
12.96491228070197 17
12.96491228070197 43
13.061403508772148 58
13.087719298245833 31
13.114035087719518 11
13.12280701754408 19
13.192982456140573 22
13.254385964912505 12
13.263157894737066 18
13.307017543859875 11
13.315789473684436 55
13.359649122807244 9
13.38596491228093 19
13.38596491228093 47
13.403508771930053 52
13.412280701754614 36
13.421052631579176 5
13.482456140351108 15
13.500000000000231 11
13.54385964912304 6
13.561403508772162 44
13.587719298245847 3
13.614035087719532 25
13.649122807017779 19
13.675438596491464 24
13.692982456140587 11
13.719298245614272 7
13.780701754386204 17
13.807017543859889 8
13.885964912280944 11
13.912280701754629 19
13.964912280701999 57
14.008771929824807 29
14.0789473684213 11
14.175438596491478 19
14.210526315789725 20
14.23684210526341 27
14.271929824561656 6
14.271929824561656 11
14.359649122807273 18
14.368421052631835 12
14.403508771930081 36
14.412280701754643 48
14.429824561403766 1
14.438596491228328 19
14.44736842105289 30
14.456140350877451 32
14.464912280702013 11
14.473684210526574 24
14.535087719298506 18
14.543859649123068 7
14.561403508772191 16
14.587719298245876 17
14.657894736842369 11
14.675438596491492 4
14.701754385965177 19
14.7192982456143 14
14.763157894737109 41
14.807017543859917 15
14.850877192982725 11
14.868421052631849 2
14.921052631579219 3
14.964912280702027 19
14.973684210526589 25
15.000000000000274 6
15.008771929824835 59
15.043859649123082 11
15.070175438596767 9
15.228070175438877 19
15.236842105263438 11
15.245614035088 28
15.271929824561685 5
15.271929824561685 24
15.271929824561685 47
15.333333333333616 42
15.333333333333616 50
15.368421052631863 7
15.394736842105548 36
15.40350877193011 17
15.429824561403795 11
15.438596491228356 5
15.447368421052918 37
15.482456140351164 1
15.482456140351164 12
15.491228070175726 19
15.491228070175726 19
15.491228070175726 49
15.526315789473973 18
15.622807017544151 11
15.67543859649152 26
15.72807017543889 6
15.754385964912576 19
15.815789473684507 11
15.815789473684507 11
15.824561403509069 10
16.008771929824864 11
16.017543859649425 19
16.061403508772234 40
16.070175438596795 24
16.08771929824592 46
16.105263157895042 34
16.131578947368727 15
16.20175438596522 7
16.20175438596522 11
16.219298245614343 17
16.24561403508803 43
16.25438596491259 3
16.280701754386275 19
16.333333333333645 25
16.333333333333645 57
16.385964912281015 36
16.394736842105576 11
16.456140350877508 6
16.456140350877508 48
16.543859649123124 1
16.543859649123124 19
16.587719298245933 11
16.596491228070494 12
16.649122807017864 29
16.666666666666988 20
16.68421052631611 27
16.754385964912604 4
16.78070175438629 9
16.78070175438629 11
16.807017543859974 19
16.815789473684536 18
16.868421052631906 24
16.973684210526645 11
17.035087719298577 7
17.035087719298577 17
17.061403508772262 31
17.070175438596824 19
17.09649122807051 23
17.09649122807051 30
17.114035087719632 55
17.140350877193317 47
17.166666666667002 11
17.184210526316125 6
17.333333333333673 19
17.359649122807358 11
17.37719298245648 36
17.42982456140385 16
17.42982456140385 22
17.456140350877536 15
17.456140350877536 52
17.508771929824906 56
17.552631578947715 11
17.58771929824596 3
17.596491228070523 19
17.622807017544208 39
17.649122807017893 50
17.666666666667016 24
17.68421052631614 41
17.6929824561407 25
17.710526315789824 12
17.74561403508807 11
17.85087719298281 17
17.859649122807372 19
17.868421052631934 7
17.912280701754742 6
17.921052631579304 29
17.938596491228427 11
18.06140350877229 8
18.122807017544222 19
18.131578947368784 11
18.16666666666703 42
18.28070175438633 14
18.289473684210893 1
18.32456140350914 11
18.350877192982825 44
18.359649122807387 2
18.36842105263195 36
18.38596491228107 19
18.456140350877565 18
18.464912280702126 24
18.48245614035125 9
18.49122807017581 46
18.49122807017581 48
18.517543859649496 11
18.526315789474058 38
18.552631578947743 32
18.552631578947743 49
18.64035087719336 6
18.64912280701792 19
18.666666666667044 17
18.69298245614073 7
18.710526315789853 11
18.780701754386346 15
18.79824561403547 57
18.824561403509154 12
18.833333333333716 4
18.885964912281086 43
18.90350877193021 11
18.91228070175477 19
18.921052631579332 3
18.982456140351264 58
19.000000000000387 47
19.052631578947757 25
19.096491228070565 11
19.12280701754425 20
19.131578947368812 27
19.17543859649162 19
19.263157894737237 24
19.289473684210922 11
19.359649122807415 36
19.368421052631977 6
19.368421052631977 18
19.368421052631977 30
19.43859649122847 19
19.473684210526716 17
19.482456140351278 11
19.517543859649525 7
19.578947368421456 42
19.666666666667073 29
19.675438596491635 10
19.675438596491635 11
19.70175438596532 19
19.81578947368462 41
19.86842105263199 11
19.938596491228484 12
19.96491228070217 19
19.96491228070217 50
20.061403508772347 11
20.061403508772347 24
20.096491228070594 6
20.105263157895156 15
20.105263157895156 46
20.166666666667087 28
20.17543859649165 18
20.18421052631621 9
20.22807017543902 19
20.254385964912704 3
20.254385964912704 11
20.28070175438639 17
20.298245614035512 16
20.350877192982882 7
20.350877192982882 36
20.412280701754813 25
20.421052631579375 37
20.4385964912285 44
20.44736842105306 11
20.45614035087762 31
20.49122807017587 19
20.543859649123238 18
20.596491228070608 55
20.60526315789517 43
20.622807017544293 48
20.640350877193416 11
20.754385964912718 19
20.82456140350921 6
20.833333333333773 11
20.859649122807458 24
20.859649122807458 47
20.87719298245658 44
20.912280701754828 4
20.964912280702197 23
20.964912280702197 29
21.017543859649567 19
21.017543859649567 34
21.02631578947413 11
21.052631578947814 12
21.096491228070622 17
21.096491228070622 59
21.114035087719746 42
21.157894736842554 1
21.18421052631624 7
21.219298245614485 11
21.254385964912732 57
21.271929824561855 52
21.280701754386417 19
21.34210526315835 36
21.41228070175484 11
21.429824561403965 15
21.543859649123267 19
21.552631578947828 6
21.57017543859695 46
21.578947368421513 20
21.578947368421513 27
21.587719298246075 3
21.605263157895198 11
21.605263157895198 40
21.62280701754432 49
21.640350877193445 30
21.657894736842568 24
21.66666666666713 22
21.77192982456187 25
21.798245614035554 11
21.807017543860116 19
21.8333333333338 14
21.850877192982924 2
21.894736842105733 9
21.912280701754856 17
21.921052631579418 39
21.99122807017591 11
22.017543859649596 7
22.04385964912328 26
22.070175438596966 19
22.078947368421527 44
22.166666666667144 12
22.184210526316267 11
22.228070175439075 29
22.280701754386445 6
22.280701754386445 50
22.333333333333815 19
22.333333333333815 36
22.35087719298294 43
22.377192982456624 11
22.45614035087768 24
22.491228070175925 1
22.57017543859698 11
22.596491228070665 19
22.649122807018035 48
22.692982456140843 44
22.719298245614528 47
22.72807017543909 17
22.754385964912775 15
22.763157894737336 11
22.850877192982953 7
22.859649122807514 19
22.912280701754884 18
22.921052631579446 3
22.956140350877693 11
22.99122807017594 4
23.008771929825063 6
23.017543859649624 46
23.122807017544364 19
23.131578947368926 25
23.14912280701805 11
23.166666666667172 16
23.25438596491279 24
23.25438596491279 42
23.280701754386474 12
23.324561403509282 36
23.342105263158405 11
23.385964912281214 19
23.429824561404022 56
23.5263157894742 10
23.53508771929876 11
23.543859649123323 17
23.57017543859701 58
23.605263157895255 9
23.62280701754438 5
23.649122807018063 19
23.657894736842625 32
23.68421052631631 7
23.719298245614556 1
23.728070175439118 11
23.73684210526368 6
23.885964912281228 41
23.89473684210579 43
23.912280701754913 19
23.921052631579474 11
23.921052631579474 59
24.026315789474214 27
24.035087719298776 20
24.0526315789479 24
24.078947368421584 15
24.11403508771983 11
24.11403508771983 57
24.175438596491762 19
24.21052631579001 52
24.254385964912817 3
24.254385964912817 55
24.26315789473738 30
24.307017543860187 11
24.31578947368475 36
24.359649122807557 17
24.394736842105804 12
24.438596491228612 19
24.464912280702297 6
24.491228070175982 25
24.500000000000544 11
24.517543859649667 7
24.53508771929879 46
24.5789473684216 47
24.59649122807072 50
24.675438596491777 48
24.68421052631634 49
24.6929824561409 11
24.70175438596546 19
24.85087719298301 24
24.885964912281256 11
24.885964912281256 23
24.90350877193038 38
24.96491228070231 19
24.96491228070231 31
25.035087719298804 18
25.07017543859705 4
25.078947368421613 11
25.087719298246174 28
25.16666666666723 17
25.192982456140914 6
25.22807017543916 19
25.27192982456197 11
25.307017543860216 36
25.315789473684777 9
25.342105263158462 2
25.350877192983024 7
25.38596491228127 14
25.394736842105832 37
25.403508771930394 15
25.464912280702325 11
25.49122807017601 18
25.49122807017601 19
25.508771929825134 12
25.58771929824619 3
25.64912280701812 24
25.65789473684268 11
25.75438596491286 19
25.850877192983038 11
25.850877192983038 25
25.8596491228076 1
25.903508771930408 22
25.92105263157953 6
25.956140350877778 42
25.982456140351463 17
26.01754385964971 19
26.035087719298833 16
26.043859649123394 11
26.105263157895326 8
26.166666666667258 44
26.17543859649182 7
26.23684210526375 11
26.28070175438656 19
26.298245614035682 36
26.429824561404107 11
26.44736842105323 24
26.456140350877792 47
26.473684210526915 27
26.49122807017604 20
26.535087719298847 30
26.54385964912341 19
26.622807017544464 11
26.622807017544464 12
26.64912280701815 6
26.71052631579008 26
26.71052631579008 48
26.728070175439203 15
26.728070175439203 57
26.76315789473745 29
26.789473684211135 34
26.798245614035697 17
26.80701754386026 19
26.81578947368482 11
26.859649122807628 39
26.912280701754998 50
26.92105263157956 3
26.964912280702368 58
27.000000000000615 7
27.008771929825176 11
27.008771929825176 43
27.017543859649738 9
27.070175438597108 19
27.149122807018163 4
27.201754385965533 11
27.210526315790094 25
27.24561403508834 24
27.28947368421115 36
27.29824561403571 5
27.333333333333957 19
27.377192982456766 6
27.377192982456766 10
27.39473684210589 11
27.39473684210589 56
27.587719298246245 11
27.596491228070807 19
27.61403508771993 17
27.6666666666673 18
27.6666666666673 55
27.71052631579011 44
27.736842105263793 12
27.745614035088355 49
27.7807017543866 11
27.82456140350941 7
27.859649122807657 19
27.973684210526958 11
28.04385964912345 24
28.052631578948013 15
28.105263157895383 6
28.122807017544506 19
28.166666666667314 11
28.25438596491293 3
28.25438596491293 46
28.280701754386616 36
28.315789473684863 47
28.35964912280767 11
28.385964912281356 19
28.40350877193048 59
28.429824561404164 17
28.552631578948027 11
28.57017543859715 25
28.57017543859715 32
28.631578947369082 42
28.649122807018205 19
28.657894736842767 7
28.72807017543926 9
28.745614035088384 11
28.745614035088384 48
28.78070175438663 23
28.807017543860315 43
28.815789473684877 30
28.833333333334 2
28.833333333334 6
28.84210526315856 24
28.850877192983123 12
28.850877192983123 41
28.88596491228137 52
28.903508771930493 16
28.912280701755055 19
28.921052631579617 27
28.93859649122874 11
28.93859649122874 14
28.9473684210533 20
28.956140350877863 18
29.131578947369096 11
29.131578947369096 40
29.175438596491905 19
29.228070175439274 4
29.228070175439274 50
29.245614035088398 17
29.271929824562083 36
29.324561403509453 11
29.377192982456823 15
29.377192982456823 18
29.438596491228754 19
29.447368421053316 44
29.491228070176124 7
29.51754385964981 11
29.543859649123494 5
29.561403508772617 6
29.561403508772617 59
29.587719298246302 3
29.640350877193672 24
29.701754385965604 19
29.710526315790165 11
29.745614035088412 42
29.90350877193052 11
29.921052631579645 46
29.929824561404207 25
29.964912280702453 12
29.964912280702453 19
30.00877192982526 28
30.06140350877263 17
30.096491228070878 11
30.140350877193686 22
30.15789473684281 57
30.175438596491933 47
30.228070175439303 19
30.254385964912988 44
30.26315789473755 36
30.27192982456211 58
30.289473684211234 6
30.289473684211234 11
30.32456140350948 7
30.36842105263229 37
30.438596491228783 9
30.438596491228783 24
30.48245614035159 11
30.491228070176152 19
30.517543859649837 29
30.570175438597207 59
30.614035087720016 1
30.675438596491947 11
30.701754385965632 15
30.701754385965632 15
30.74561403508844 43
30.754385964913002 19
30.771929824562125 48
30.807017543860372 49
30.85087719298318 18
30.859649122807742 42
30.868421052632304 11
30.868421052632304 17
30.921052631579673 3
31.01754385964985 6
31.01754385964985 19
31.01754385964985 19
31.06140350877266 11
31.078947368421783 12
31.078947368421783 18
31.157894736842838 7
31.22807017543933 10
31.236842105263893 24
31.236842105263893 46
31.254385964913016 11
31.254385964913016 36
31.2807017543867 19
31.289473684211263 25
31.307017543860386 4
31.350877192983194 18
31.368421052632318 27
31.368421052632318 41
31.403508771930564 20
31.447368421053373 11
31.54385964912355 19
31.54385964912355 50
31.561403508772674 56
31.570175438597236 44
31.64035087719373 11
31.666666666667414 29
31.684210526316537 17
31.684210526316537 59
31.74561403508847 6
31.771929824562154 16
31.8070175438604 19
31.833333333334085 11
31.833333333334085 52
31.938596491228825 1
31.938596491228825 30
31.982456140351633 42
31.991228070176195 7
32.02631578947444 11
32.02631578947444 15
32.035087719299 24
32.035087719299 47
32.070175438597246 19
32.10526315789549 34
32.1491228070183 9
32.19298245614111 12
32.219298245614794 11
32.24561403508848 36
32.25438596491304 3
32.324561403509534 2
32.333333333334096 19
32.41228070175515 11
32.47368421052708 6
32.491228070176206 14
32.50000000000077 17
32.596491228070946 19
32.596491228070946 55
32.60526315789551 11
32.649122807018315 25
32.675438596492 23
32.71929824561481 39
32.72807017543937 38
32.78070175438674 59
32.798245614035864 11
32.798245614035864 48
32.82456140350955 7
32.83333333333411 24
32.859649122807795 19
32.99122807017622 11
33.122807017544645 19
33.184210526316576 11
33.2017543859657 6
33.236842105263946 36
33.29824561403588 42
33.30701754386044 12
33.315789473685 17
33.35087719298325 15
33.35087719298325 32
33.35964912280781 29
33.36842105263237 31
33.37719298245693 11
33.385964912281494 4
33.385964912281494 19
33.41228070175518 46
33.57017543859729 11
33.58771929824641 3
33.63157894736922 24
33.649122807018344 19
33.649122807018344 19
33.657894736842906 7
33.763157894737645 11
33.815789473685015 27
33.83333333333414 58
33.859649122807824 9
33.859649122807824 20
33.859649122807824 50
33.868421052632385 49
33.89473684210607 47
33.91228070175519 19
33.92982456140432 6
33.956140350878 11
34.00877192982537 25
34.03508771929906 26
34.06140350877274 41
34.131578947369235 17
34.14912280701836 11
34.17543859649204 19
34.21052631579029 30
34.22807017543941 36
34.298245614035906 44
34.30701754386047 1
34.342105263158714 11
34.342105263158714 43
34.37719298245696 22
34.41228070175521 42
34.42105263157977 12
34.42982456140433 24
34.43859649122889 19
34.447368421053454 18
34.49122807017626 7
34.53508771929907 11
34.57894736842188 59
34.64035087719381 16
34.657894736842934 6
34.67543859649206 15
34.70175438596574 19
34.72807017543943 11
34.763157894737674 18
34.824561403509605 5
34.83333333333417 48
34.921052631579784 3
34.921052631579784 11
34.929824561404345 28
34.93859649122891 52
34.94736842105347 17
34.96491228070259 19
35.01754385964996 18
35.07894736842189 10
35.11403508772014 11
35.21052631579032 18
35.21929824561488 36
35.22807017543944 19
35.22807017543944 24
35.27192982456225 29
35.307017543860496 11
35.32456140350962 7
35.34210526315874 37
35.359649122807866 57
35.36842105263243 25
35.37719298245699 46
35.38596491228155 6
35.39473684210611 18
35.464912280702606 4
35.49122807017629 19
35.50000000000085 11
35.52631578947454 42
35.5350877192991 12
35.54385964912366 59
35.570175438597346 9
35.570175438597346 18
35.69298245614121 11
35.71052631579033 39
35.74561403508858 1
35.74561403508858 18
35.75438596491314 17
35.75438596491314 19
35.75438596491314 47
35.81578947368507 2
35.84210526315876 55
35.885964912281565 11
35.92105263157981 18
36.00000000000087 15
36.01754385964999 19
36.02631578947455 24
36.043859649123675 14
36.07894736842192 11
36.08771929824648 18
36.11403508772017 6
36.14035087719385 44
36.15789473684298 7
36.15789473684298 43
36.1754385964921 50
36.21052631579035 36
36.254385964913155 3
36.254385964913155 18
36.263157894737716 27
36.27192982456228 11
36.28070175438684 19
36.315789473685086 20
36.421052631579826 18
36.464912280702634 11
36.48245614035176 30
36.53508771929913 23
36.54385964912369 19
36.56140350877281 17
36.5877192982465 18
36.64912280701843 12
36.65789473684299 11
36.728070175439484 25
36.75438596491317 18
36.80701754386054 5
36.80701754386054 19
36.82456140350966 24
36.842105263158786 6
36.842105263158786 31
36.85087719298335 11
36.86842105263247 48
36.92105263157984 18
36.97368421052721 49
36.991228070176334 7
37.000000000000895 1
37.0438596491237 11
37.07017543859739 19
37.08771929824651 18
37.157894736843005 59
37.20175438596581 36
37.23684210526406 11
37.25438596491318 18
37.28070175438687 9
37.324561403509676 15
37.33333333333424 19
37.368421052632485 17
37.421052631579855 18
37.429824561404416 11
37.50877192982547 16
37.54385964912372 4
37.54385964912372 40
37.5701754385974 6
37.587719298246526 3
37.587719298246526 18
37.59649122807109 19
37.60526315789565 44
37.61403508772021 41
37.61403508772021 42
37.61403508772021 47
37.62280701754477 11
37.62280701754477 24
37.7543859649132 18
37.76315789473776 12
37.77192982456232 32
37.81578947368513 11
37.82456140350969 7
37.85964912280794 19
37.88596491228162 43
37.894736842106184 46
37.92105263157987 18
38.008771929825485 11
38.008771929825485 11
38.08771929824654 18
38.08771929824654 25
38.12280701754479 19
38.17543859649216 17
38.19298245614128 36
38.20175438596584 11
38.20175438596584 58
38.24561403508865 44
38.25438596491321 18
38.29824561403602 6
38.33333333333427 38
38.385964912281636 19
38.3947368421062 11
38.42105263157988 18
38.42105263157988 24
38.42105263157988 57
38.491228070176376 50
38.587719298246554 11
38.61403508772024 22
38.61403508772024 39
38.640350877193924 1
38.640350877193924 29
38.649122807018486 15
38.649122807018486 19
38.65789473684305 7
38.701754385965856 18
38.71052631579042 27
38.72807017543954 42
38.754385964913226 30
38.77192982456235 20
38.78070175438691 11
38.87719298245709 12
38.89473684210621 48
38.912280701755336 19
38.9210526315799 3
38.92982456140446 10
38.97368421052727 11
38.99122807017639 9
38.99122807017639 17
39.02631578947464 6
39.061403508772884 18
39.1491228070185 26
39.16666666666762 11
39.175438596492185 19
39.18421052631675 36
39.18421052631675 55
39.21929824561499 24
39.228070175439555 18
39.30701754386061 2
39.35964912280798 11
39.39473684210623 18
39.438596491229035 19
39.447368421053596 25
39.47368421052728 47
39.491228070176405 7
39.552631578948336 11
39.5614035087729 18
39.596491228071145 14
39.62280701754483 4
39.657894736843076 52
39.701754385965884 19
39.72807017543957 18
39.74561403508869 11
39.754385964913254 6
39.79824561403606 17
39.83333333333431 43
39.85087719298343 28
39.89473684210624 18
39.93859649122905 11
39.964912280702734 19
39.973684210527296 15
39.99122807017642 12
39.99122807017642 41
40.00000000000098 42
40.017543859650104 24
40.03508771929923 49
40.06140350877291 18
40.11403508772028 1
40.131578947369405 11
40.175438596492214 36
40.175438596492214 59
40.22807017543958 18
40.22807017543958 19
40.25438596491327 3
40.289473684211515 46
40.3157894736852 37
40.32456140350976 7
40.32456140350976 11
40.37719298245713 16
40.394736842106255 18
40.4298245614045 23
40.48245614035187 6
40.49122807017643 19
40.51754385965012 11
40.561403508772926 18
40.57894736842205 34
40.605263157895735 17
40.605263157895735 31
40.70175438596591 9
40.710526315790474 11
40.710526315790474 29
40.7280701754396 18
40.75438596491328 19
40.80701754386065 25
40.80701754386065 50
40.815789473685214 24
40.89473684210627 18
40.90350877193083 11
40.921052631579954 48
40.96491228070276 56
41.01754385965013 19
41.026315789474694 30
41.06140350877294 18
41.09649122807119 11
41.10526315789575 12
41.11403508772031 42
41.15789473684312 7
41.15789473684312 27
41.16666666666768 36
41.21052631579049 6
41.22807017543961 18
41.22807017543961 20
41.28070175438698 19
41.28947368421154 11
41.298245614036105 15
41.33333333333435 47
41.39473684210628 18
41.41228070175541 17
41.4824561403519 11
41.54385964912383 19
41.561403508772955 18
41.58771929824664 3
41.614035087720325 24
41.675438596492256 11
41.70175438596594 4
41.728070175439626 18
41.80701754386068 19
41.85964912280805 57
41.86842105263261 11
41.8947368421063 18
41.92105263157998 44
41.938596491229106 6
41.991228070176476 7
42.06140350877297 11
42.06140350877297 18
42.07017543859753 19
42.15789473684315 36
42.16666666666771 1
42.16666666666771 25
42.21929824561508 12
42.21929824561508 17
42.21929824561508 32
42.22807017543964 18
42.254385964913325 11
42.28947368421157 44
42.33333333333438 19
42.39473684210631 18
42.412280701755435 9
42.412280701755435 24
42.44736842105368 11
42.56140350877298 18
42.59649122807123 19
42.622807017544915 15
42.622807017544915 55
42.64035087719404 11
42.66666666666772 6
42.71929824561509 18
42.71929824561509 59
42.780701754387024 10
42.79824561403615 2
42.82456140350983 7
42.833333333334394 11
42.85087719298352 22
42.85964912280808 19
42.885964912281764 18
42.90350877193089 46
42.91228070175545 29
42.92105263158001 3
42.95614035087826 48
43.02631578947475 11
43.02631578947475 17
43.02631578947475 39
43.052631578948436 18
43.096491228071244 49
43.12280701754493 19
43.12280701754493 50
43.149122807018614 14
43.149122807018614 36
43.19298245614142 47
43.210526315790545 24
43.21929824561511 11
43.21929824561511 18
43.23684210526423 58
43.24561403508879 16
43.28070175438704 43
43.307017543860724 30
43.307017543860724 41
43.33333333333441 12
43.359649122808094 42
43.368421052632655 44
43.38596491228178 18
43.38596491228178 19
43.39473684210634 6
43.41228070175546 11
43.526315789474765 25
43.526315789474765 40
43.60526315789582 11
43.60526315789582 27
43.64912280701863 19
43.65789473684319 7
43.66666666666775 18
43.684210526316875 20
43.684210526316875 52
43.72807017543968 26
43.78070175438705 4
43.798245614036176 11
43.842105263158984 17
43.842105263158984 18
43.91228070175548 19
43.947368421053724 15
43.96491228070285 1
43.96491228070285 5
43.99122807017653 11
44.008771929825656 18
44.008771929825656 24
44.01754385965022 44
44.105263157895834 31
44.12280701754496 6
44.12280701754496 9
44.14035087719408 36
44.14912280701864 59
44.17543859649233 18
44.17543859649233 19
44.18421052631689 11
44.25438596491338 3
44.28947368421163 23
44.342105263159 18
44.377192982457245 11
44.43859649122918 19
44.43859649122918 19
44.44736842105374 12
44.47368421052742 42
44.49122807017655 7
44.50877192982567 18
44.52631578947479 38
44.5701754385976 11
44.64912280701866 17
44.67543859649234 18
44.70175438596603 19
44.76315789473796 11
44.77192982456252 28
44.807017543860766 24
44.84210526315901 18
44.850877192983575 6
44.88596491228182 25
44.956140350878314 11
44.964912280702876 19
44.982456140352 48
44.982456140352 56
44.99122807017656 1
45.008771929825684 18
45.05263157894849 47
45.13157894736955 36
45.14912280701867 11
45.175438596492356 18
45.228070175439726 19
45.271929824562534 15
45.28947368421166 37
45.324561403509904 7
45.34210526315903 11
45.34210526315903 18
45.438596491229205 50
45.45614035087833 17
45.491228070176575 19
45.5087719298257 18
45.53508771929938 11
45.56140350877307 12
45.57894736842219 6
45.57894736842219 30
45.58771929824675 3
45.60526315789588 24
45.67543859649237 18
45.72807017543974 11
45.754385964913425 19
45.83333333333448 9
45.84210526315904 18
45.859649122808165 4
45.88596491228185 59
45.89473684210641 29
45.90350877193097 41
45.921052631580096 11
45.964912280702904 55
46.00877192982571 18
46.017543859650274 19
46.05263157894852 27
46.11403508772045 11
46.11403508772045 16
46.122807017545014 36
46.14035087719414 20
46.15789473684326 7
46.15789473684326 49
46.175438596492384 18
46.24561403508888 25
46.263157894738 17
46.27192982456256 42
46.280701754387124 19
46.289473684211686 2
46.30701754386081 6
46.30701754386081 11
46.31578947368537 8
46.342105263159056 18
46.35964912280818 52
46.36842105263274 46
46.40350877193099 24
46.42105263158011 57
46.491228070176604 1
46.500000000001165 11
46.50877192982573 18
46.543859649123974 19
46.59649122807134 15
46.59649122807134 58
46.605263157895905 32
46.62280701754503 39
46.63157894736959 10
46.6754385964924 12
46.6754385964924 18
46.69298245614152 11
46.70175438596608 14
46.710526315790645 44
46.72807017543977 34
46.80701754386082 19
46.84210526315907 18
46.877192982457316 43
46.88596491228188 11
46.903508771931 47
46.921052631580125 3
46.929824561404686 29
46.982456140352056 7
47.00000000000118 48
47.00877192982574 18
47.035087719299426 6
47.07017543859767 17
47.07017543859767 19
47.078947368422234 11
47.087719298246796 22
47.11403508772048 36
47.17543859649241 18
47.2017543859661 24
47.27192982456259 11
47.33333333333452 19
47.342105263159084 18
47.38596491228189 42
47.46491228070295 11
47.508771929825755 18
47.53508771929944 9
47.59649122807137 19
47.60526315789593 25
47.6578947368433 11
47.67543859649243 18
47.75438596491348 50
47.76315789473804 6
47.78947368421173 12
47.80701754386085 7
47.83333333333454 31
47.8421052631591 1
47.8421052631591 18
47.85087719298366 11
47.85087719298366 30
47.85964912280822 19
47.877192982457345 17
47.92105263158015 15
47.938596491229276 4
47.96491228070296 59
48.00000000000121 24
48.00877192982577 18
48.043859649124016 11
48.10526315789595 36
48.12280701754507 19
48.13157894736963 26
48.13157894736963 44
48.149122807018756 23
48.17543859649244 18
48.23684210526437 11
48.254385964913496 3
48.307017543860866 41
48.34210526315911 18
48.38596491228192 19
48.42982456140473 11
48.49122807017666 6
48.50000000000122 27
48.50000000000122 42
48.508771929825784 18
48.508771929825784 29
48.5964912280714 20
48.622807017545085 11
48.64035087719421 7
48.64912280701877 19
48.675438596492455 18
48.68421052631702 17
48.76315789473807 47
48.79824561403632 24
48.81578947368544 11
48.84210526315913 18
48.90350877193106 12
48.91228070175562 19
48.96491228070299 25
48.98245614035211 16
49.0087719298258 11
49.0087719298258 18
49.03508771929948 48
49.096491228071415 36
49.105263157895976 5
49.16666666666791 44
49.17543859649247 18
49.17543859649247 19
49.201754385966154 11
49.210526315790716 1
49.21929824561528 6
49.21929824561528 49
49.24561403508896 9
49.24561403508896 15
49.315789473685456 39
49.33333333333458 46
49.34210526315914 18
49.39473684210651 11
49.43859649122932 19
49.473684210527566 7
49.49122807017669 17
49.50877192982581 18
49.58771929824687 3
49.58771929824687 11
49.59649122807143 24
49.59649122807143 38
49.60526315789599 29
49.61403508772055 42
49.675438596492484 18
49.69298245614161 28
49.70175438596617 19
49.78070175438722 2
49.78070175438722 11
49.842105263159155 18
49.947368421053895 6
49.96491228070302 19
49.97368421052758 11
49.98245614035214 44
50.008771929825826 18
50.01754385965039 4
50.01754385965039 12
50.07017543859776 43
50.07017543859776 50
50.08771929824688 36
50.12280701754513 30
50.166666666667936 11
50.1754385964925 18
50.22807017543987 19
50.23684210526443 55
50.25438596491355 14
50.263157894738114 37
50.29824561403636 17
50.30701754386092 7
50.324561403510046 25
50.34210526315917 18
50.35964912280829 11
50.39473684210654 24
50.46491228070303 59
50.482456140352156 10
50.482456140352156 41
50.49122807017672 19
50.50877192982584 18
50.55263157894865 11
50.57017543859777 15
50.62280701754514 47
50.67543859649251 6
50.67543859649251 18
50.72807017543988 42
50.745614035089005 11
50.75438596491357 19
50.84210526315918 18
50.87719298245743 1
50.91228070175568 46
50.92105263158024 3
50.93859649122936 11
50.94736842105392 27
50.956140350878485 9
51.008771929825855 18
51.01754385965042 19
51.03508771929954 34
51.05263157894866 20
51.070175438597786 48
51.07894736842235 36
51.10526315789603 17
51.13157894736972 11
51.13157894736972 12
51.14035087719428 7
51.175438596492526 18
51.19298245614165 24
51.280701754387266 19
51.324561403510074 11
51.324561403510074 22
51.3421052631592 18
51.40350877193113 6
51.491228070176746 31
51.50877192982587 18
51.50877192982587 32
51.51754385965043 11
51.543859649124116 19
51.66666666666798 40
51.66666666666798 59
51.67543859649254 18
51.6842105263171 25
51.71052631579079 11
51.807017543860965 19
51.82456140351009 58
51.84210526315921 18
51.84210526315921 42
51.85087719298377 16
51.89473684210658 15
51.90350877193114 11
51.912280701755705 17
51.97368421052764 7
51.99122807017676 24
52.00877192982588 18
52.00877192982588 23
52.06140350877325 44
52.070175438597815 19
52.070175438597815 36
52.0964912280715 4
52.0964912280715 11
52.131578947369746 6
52.175438596492555 18
52.24561403508905 12
52.25438596491361 3
52.280701754387294 49
52.280701754387294 57
52.289473684211856 11
52.289473684211856 39
52.333333333334664 19
52.342105263159226 18
52.385964912282034 50
52.394736842106596 30
52.48245614035221 11
52.48245614035221 47
52.5087719298259 18
52.51754385965046 1
52.52631578947502 26
52.596491228071514 19
52.6228070175452 41
52.66666666666801 9
52.67543859649257 11
52.67543859649257 18
52.71929824561538 17
52.7368421052645 44
52.78947368421187 24
52.79824561403643 52
52.807017543860994 7
52.84210526315924 18
52.859649122808364 6
52.859649122808364 19
52.868421052632925 11
52.95614035087854 42
53.00877192982591 18
53.04385964912416 25
53.06140350877328 11
53.06140350877328 36
53.09649122807153 48
53.12280701754521 19
53.12280701754521 59
53.131578947369775 44
53.16666666666802 43
53.17543859649258 18
53.192982456141706 46
53.21929824561539 15
53.25438596491364 11
53.27192982456276 2
53.342105263159254 18
53.35964912280838 12
53.38596491228206 19
53.394736842106624 27
53.447368421053994 11
53.508771929825926 18
53.508771929825926 20
53.508771929825926 29
53.52631578947505 17
53.58771929824698 3
53.58771929824698 6
53.58771929824698 24
53.614035087720666 55
53.64035087719435 7
53.64035087719435 11
53.64912280701891 19
53.6754385964926 18
53.80701754386102 14
53.83333333333471 11
53.84210526315927 18
53.91228070175576 19
54.00877192982594 18
54.02631578947506 11
54.05263157894875 36
54.07017543859787 42
54.17543859649261 4
54.17543859649261 18
54.17543859649261 19
54.21929824561542 11
54.245614035089105 59
54.3157894736856 6
54.33333333333472 10
54.33333333333472 17
54.33333333333472 47
54.34210526315928 18
54.37719298245753 9
54.38596491228209 24
54.403508771931214 25
54.412280701755776 11
54.43859649122946 19
54.47368421052771 7
54.47368421052771 12
54.508771929825954 18
54.5438596491242 15
54.60526315789613 11
54.614035087720694 28
54.64035087719438 38
54.64912280701894 1
54.64912280701894 5
54.666666666668064 30
54.675438596492626 18
54.68421052631719 29
54.70175438596631 19
54.70175438596631 19
54.70175438596631 50
54.719298245615434 16
54.79824561403649 11
54.8421052631593 18
54.877192982457544 57
54.92105263158035 3
54.96491228070316 19
54.991228070176845 11
55.00000000000141 56
55.00877192982597 18
55.02631578947509 8
55.043859649124215 6
55.043859649124215 36
55.043859649124215 46
55.0701754385979 44
55.07894736842246 43
55.12280701754527 48
55.14035087719439 17
55.17543859649264 18
55.17543859649264 41
55.1842105263172 11
55.1842105263172 24
55.1842105263172 42
55.22807017544001 19
55.23684210526457 37
55.2982456140365 7
55.34210526315931 18
55.34210526315931 49
55.35087719298387 39
55.35087719298387 58
55.359649122808435 34
55.37719298245756 11
55.44736842105405 44
55.49122807017686 19
55.50877192982598 18
55.56140350877335 22
55.570175438597914 11
55.58771929824704 12
55.675438596492654 18
55.75438596491371 19
55.76315789473827 11
55.76315789473827 25
55.77192982456283 6
55.842105263159326 18
55.842105263159326 27
55.86842105263301 15
55.92982456140494 23
55.947368421054065 17
55.95614035087863 11
55.96491228070319 20
55.98245614035231 24
55.991228070176874 59
56.008771929826 18
56.01754385965056 19
56.03508771929968 36
56.07894736842249 9
56.1228070175453 7
56.14912280701898 11
56.17543859649267 18
56.19298245614179 47
56.21929824561548 52
56.25438596491372 3
56.25438596491372 4
56.28070175438741 19
56.29824561403653 42
56.34210526315934 11
56.34210526315934 18
56.50000000000145 6
56.50000000000145 31
56.50877192982601 18
56.535087719299696 11
56.54385964912426 19
56.55263157894882 43
56.67543859649268 18
56.70175438596637 12
56.71929824561549 1
56.72807017544005 11
56.75438596491374 17
56.7631578947383 2
56.78070175438742 24
56.80701754386111 19
56.842105263159354 18
56.92105263158041 11
56.92105263158041 26
56.93859649122953 30
56.947368421054094 7
56.947368421054094 32
57.008771929826025 18
57.01754385965059 50
57.02631578947515 36
57.07017543859796 19
57.114035087720765 11
57.12280701754533 25
57.1754385964927 18
57.1754385964927 55
57.18421052631726 48
57.19298245614182 15
57.22807017544007 6
57.22807017544007 44
57.30701754386112 11
57.33333333333481 19
57.33333333333481 19
57.34210526315937 18
57.35964912280849 14
57.41228070175586 42
57.491228070176916 29
57.50000000000148 11
57.50877192982604 18
57.56140350877341 17
57.57894736842253 24
57.587719298247094 3
57.587719298247094 16
57.596491228071656 19
57.67543859649271 18
57.692982456141834 11
57.71052631579096 41
57.76315789473833 57
57.78070175438745 7
57.78947368421201 9
57.8157894736857 12
57.84210526315938 18
57.859649122808506 19
57.88596491228219 11
57.956140350878684 6
58.008771929826054 18
58.017543859650615 36
58.05263157894886 1
58.070175438597985 47
58.07894736842255 11
58.122807017545355 19
58.175438596492725 18
58.18421052631729 10
58.20175438596641 59
58.2719298245629 11
58.28947368421203 27
58.333333333334835 4
58.3421052631594 18
58.36842105263308 17
58.36842105263308 45
58.37719298245764 24
58.385964912282205 19
58.40350877193133 49
58.42105263158045 20
58.46491228070326 11
58.48245614035238 25
58.500000000001506 43
58.50877192982607 18
58.51754385965063 15
58.52631578947519 42
58.61403508772081 7
58.649122807019054 19
58.657894736843616 11
58.67543859649274 18
58.6842105263173 6
58.83333333333485 18
58.85087719298397 11
58.859649122808534 58
58.90350877193134 39
58.912280701755904 19
58.921052631580466 3
58.92982456140503 12
58.964912280703274 52
59.00000000000152 18
59.00877192982608 36
59.04385964912433 11
59.16666666666819 18
59.175438596492754 17
59.175438596492754 19
59.175438596492754 24
59.210526315791 30
59.21929824561556 48
59.236842105264685 11
59.29824561403662 8
59.33333333333486 18
59.33333333333486 50
59.41228070175592 6
59.42982456140504 11
59.4385964912296 7
59.4385964912296 19
59.49122807017697 9
59.500000000001535 18
59.53508771929978 28
59.6228070175454 11
59.63157894736996 34
59.64035087719452 42
59.666666666668206 18
59.68421052631733 38
59.70175438596645 19
59.78947368421207 23
59.79824561403663 22
59.815789473685754 11
59.824561403510316 59
59.83333333333488 18
59.84210526315944 15
59.84210526315944 25
59.88596491228225 29
59.929824561405056 47
59.9649122807033 19
59.973684210527864 24
59.982456140352426 17
