0.05263157894736842 26
0.06140350877192982 34
0.10526315789473684 54
0.11403508771929824 18
0.14035087719298245 55
0.17543859649122806 57
0.19298245614035087 47
0.24561403508771928 38
0.2719298245614036 39
0.31578947368421073 16
0.32456140350877216 8
0.4210526315789479 25
0.42982456140350933 45
0.43859649122807076 2
0.4473684210526322 24
0.46491228070175505 14
0.46491228070175505 15
0.4736842105263165 7
0.49122807017543935 6
0.5000000000000008 41
0.5263157894736851 48
0.666666666666668 1
0.8157894736842123 20
0.9035087719298266 43
0.912280701754388 17
0.912280701754388 23
0.973684210526318 22
1.0000000000000022 28
1.0877192982456165 0
1.0877192982456165 10
1.1315789473684237 40
1.1842105263157923 9
1.2105263157894766 7
1.2105263157894766 29
1.2105263157894766 37
1.2368421052631609 31
1.2368421052631609 36
1.2456140350877223 6
1.2456140350877223 11
1.3070175438596523 30
1.3157894736842137 24
1.3245614035087752 50
1.3947368421052666 18
1.6140350877193024 58
1.6140350877193024 59
1.6929824561403553 11
1.7807017543859696 15
1.8684210526315839 53
1.9385964912280753 7
1.9824561403508825 47
1.991228070175444 25
2.0000000000000053 6
2.0000000000000053 42
2.1315789473684235 36
2.1842105263157907 24
2.271929824561403 11
2.368421052631576 27
2.5526315789473615 17
2.666666666666657 48
2.6754385964912184 7
2.6842105263157796 8
2.7192982456140244 18
2.745614035087708 41
2.7543859649122693 6
2.9824561403508607 1
2.991228070175422 44
3.0263157894736668 36
3.0526315789473504 24
3.0964912280701564 15
3.1052631578947176 9
3.2719298245613806 43
3.298245614035064 20
3.3070175438596254 16
3.324561403508748 25
3.368421052631554 5
3.4035087719297987 7
3.421052631578921 44
3.4824561403508496 55
3.5087719298245332 6
3.543859649122778 29
3.6052631578947065 30
3.666666666666635 0
3.666666666666635 17
3.7807017543859307 18
3.7807017543859307 47
3.8157894736841755 39
3.868421052631543 11
3.877192982456104 35
3.9035087719297876 57
3.92105263157891 24
3.92105263157891 36
3.9736842105262773 2
3.9824561403508385 50
4.0614035087718925 1
4.096491228070139 5
4.131578947368386 7
4.131578947368386 14
4.192982456140317 59
4.2631578947368105 6
4.403508771929797 15
4.412280701754359 5
4.412280701754359 34
4.517543859649098 5
4.640350877192962 5
4.640350877192962 26
4.763157894736825 18
4.798245614035071 41
4.815789473684195 36
4.824561403508756 24
4.824561403508756 45
4.833333333333318 43
4.84210526315788 23
4.859649122807003 7
4.8684210526315645 25
4.912280701754373 29
4.912280701754373 54
4.991228070175428 58
5.017543859649113 6
5.175438596491222 22
5.210526315789469 10
5.228070175438592 11
5.254385964912277 1
5.280701754385962 31
5.385964912280702 18
5.421052631578949 44
5.5263157894736885 53
5.578947368421058 47
5.58771929824562 7
5.58771929824562 11
5.684210526315798 20
5.69298245614036 24
5.710526315789483 15
5.710526315789483 36
5.763157894736853 42
5.771929824561415 5
5.771929824561415 6
5.780701754385976 4
5.789473684210538 3
5.964912280701771 48
6.017543859649141 30
6.061403508771949 28
6.114035087719319 17
6.140350877193004 0
6.166666666666689 27
6.175438596491251 11
6.1842105263158125 37
6.201754385964936 25
6.210526315789497 5
6.219298245614059 29
6.254385964912306 9
6.298245614035114 16
6.315789473684237 7
6.342105263157922 50
6.3596491228070455 40
6.500000000000032 8
6.526315789473717 6
6.5614035087719635 24
6.605263157894772 36
6.622807017543895 57
6.798245614035128 5
6.929824561403553 17
6.9912280701754845 44
7.0175438596491695 15
7.0438596491228544 7
7.070175438596539 43
7.1929824561404025 3
7.263157894736896 39
7.280701754386019 6
7.307017543859704 59
7.333333333333389 55
7.368421052631636 47
7.429824561403567 24
7.50000000000006 36
7.508771929824622 2
7.535087719298307 25
7.614035087719362 18
7.76315789473691 14
7.771929824561472 7
7.789473684210595 1
7.8245614035088416 17
8.035087719298321 6
8.149122807017623 20
8.157894736842184 9
8.175438596491308 48
8.228070175438678 5
8.254385964912363 4
8.29824561403517 24
8.324561403508856 15
8.333333333333417 41
8.35087719298254 58
8.35087719298254 59
8.359649122807102 30
8.394736842105349 36
8.500000000000089 7
8.596491228070267 3
8.622807017543952 42
8.640350877193075 27
8.640350877193075 38
8.649122807017637 17
8.7719298245615 8
8.789473684210623 6
8.798245614035185 23
8.859649122807117 34
8.868421052631678 25
9.114035087719405 31
9.131578947368528 11
9.166666666666774 24
9.166666666666774 47
9.19298245614046 54
9.201754385965021 57
9.228070175438706 7
9.271929824561514 26
9.289473684210638 16
9.289473684210638 36
9.35087719298257 29
9.377192982456254 22
9.456140350877309 17
9.482456140350994 11
9.543859649122926 6
9.57017543859661 1
9.587719298245734 5
9.605263157894857 35
9.631578947368542 15
9.692982456140474 18
9.692982456140474 43
9.701754385965035 44
9.850877192982583 53
9.912280701754515 0
9.956140350877323 7
10.000000000000131 3
10.035087719298378 24
10.070175438596625 9
10.078947368421186 45
10.122807017543995 44
10.184210526315926 36
10.184210526315926 59
10.20175438596505 25
10.25438596491242 17
10.298245614035228 6
10.403508771929967 39
10.63157894736857 42
10.640350877193132 30
10.657894736842255 18
10.68421052631594 7
10.701754385965064 55
10.859649122807173 41
10.89473684210542 44
10.903508771929982 24
10.938596491228228 15
10.938596491228228 29
10.956140350877352 47
11.043859649122968 2
11.05263157894753 6
11.05263157894753 17
11.078947368421215 20
11.078947368421215 36
11.1052631578949 27
11.1052631578949 28
11.15789473684227 37
11.15789473684227 40
11.394736842105434 14
11.412280701754558 7
11.438596491228243 18
11.48245614035105 59
11.53508771929842 25
11.58771929824579 1
11.710526315789654 8
11.771929824561585 24
11.807017543859832 6
11.842105263158079 18
11.85087719298264 17
11.95614035087738 50
11.973684210526503 9
11.973684210526503 36
12.06140350877212 29
12.140350877193175 7
12.140350877193175 48
12.245614035087915 15
12.280701754386161 16
12.32456140350897 5
12.342105263158093 10
12.350877192982654 3
12.350877192982654 11
12.359649122807216 4
12.48245614035108 59
12.561403508772134 5
12.561403508772134 6
12.587719298245819 44
12.640350877193189 24
12.64912280701775 17
12.692982456140559 0
12.736842105263367 47
12.745614035087929 43
12.815789473684422 1
12.868421052631792 7
12.868421052631792 25
12.868421052631792 36
12.947368421052847 30
12.956140350877408 18
13.01754385964934 42
13.105263157894957 18
13.298245614035313 18
13.315789473684436 6
13.447368421052861 17
13.500000000000231 53
13.508771929824793 24
13.535087719298478 34
13.5526315789476 15
13.5526315789476 31
13.578947368421286 22
13.596491228070409 7
13.631578947368656 23
13.675438596491464 18
13.675438596491464 41
13.684210526316026 20
13.684210526316026 54
13.728070175438834 5
13.754385964912519 3
13.76315789473708 36
13.859649122807259 57
13.877192982456382 9
13.885964912280944 5
13.885964912280944 8
13.912280701754629 11
13.938596491228314 44
14.070175438596738 6
14.114035087719547 58
14.122807017544108 26
14.201754385965163 25
14.245614035087971 17
14.254385964912533 1
14.28947368421078 50
14.307017543859903 11
14.324561403509026 7
14.377192982456396 24
14.421052631579204 44
14.438596491228328 4
14.491228070175698 59
14.508771929824821 11
14.55263157894763 47
14.578947368421314 2
14.578947368421314 45
14.631578947368684 29
14.657894736842369 36
14.675438596491492 43
14.692982456140616 18
14.745614035087986 5
14.82456140350904 6
14.82456140350904 38
14.859649122807287 15
15.026315789473959 14
15.043859649123082 17
15.052631578947643 7
15.114035087719575 18
15.157894736842383 3
15.184210526316068 27
15.219298245614315 30
15.245614035088 24
15.271929824561685 16
15.40350877193011 18
15.447368421052918 35
15.491228070175726 44
15.517543859649411 48
15.526315789473973 42
15.535087719298534 25
15.552631578947658 36
15.578947368421343 6
15.640350877193274 0
15.72807017543889 55
15.72807017543889 59
15.763157894737137 9
15.78070175438626 7
15.842105263158192 17
15.850877192982754 39
15.885964912281 29
16.026315789473987 11
16.078947368421357 44
16.114035087719603 24
16.131578947368727 37
16.14912280701785 18
16.14912280701785 28
16.166666666666973 15
16.271929824561713 20
16.31578947368452 5
16.333333333333645 6
16.333333333333645 47
16.350877192982768 41
16.377192982456453 1
16.4122807017547 40
16.447368421052946 36
16.508771929824878 7
16.526315789474 4
16.561403508772248 3
16.640350877193303 17
16.850877192982782 44
16.868421052631906 25
16.9385964912284 31
16.982456140351207 24
17.0526315789477 53
17.087719298245947 6
17.21052631578981 59
17.236842105263495 7
17.342105263158235 36
17.42982456140385 58
17.438596491228413 17
17.47368421052666 15
17.48245614035122 43
17.491228070175783 30
17.517543859649468 23
17.605263157895084 1
17.68421052631614 11
17.6929824561407 9
17.771929824561756 22
17.807017543860002 8
17.84210526315825 6
17.84210526315825 42
17.85087719298281 24
17.877192982456496 10
17.964912280702112 3
17.964912280702112 7
17.991228070175797 27
17.991228070175797 29
18.00000000000036 18
18.078947368421414 50
18.1052631578951 18
18.11403508771966 2
18.149122807017907 47
18.16666666666703 59
18.201754385965277 25
18.236842105263523 17
18.236842105263523 36
18.26315789473721 16
18.289473684210893 18
18.307017543860017 11
18.394736842105633 5
18.403508771930195 34
18.552631578947743 5
18.561403508772305 44
18.59649122807055 6
18.605263157895113 4
18.64912280701792 14
18.64912280701792 49
18.666666666667044 5
18.666666666667044 41
18.675438596491606 39
18.69298245614073 7
18.719298245614414 24
18.7456140350881 26
18.7456140350881 48
18.780701754386346 15
18.824561403509154 5
18.921052631579332 1
18.947368421053017 5
18.96491228070214 43
19.035087719298634 5
19.035087719298634 17
19.131578947368812 36
19.149122807017935 55
19.184210526316182 18
19.263157894737237 45
19.350877192982853 6
19.368421052631977 3
19.421052631579347 7
19.44736842105303 11
19.535087719298648 25
19.570175438596895 5
19.578947368421456 9
19.587719298246018 24
19.59649122807058 29
19.692982456140758 54
19.70175438596532 5
19.70175438596532 42
19.771929824561813 30
19.833333333333744 17
19.842105263158306 57
19.903508771930237 20
19.929824561403922 47
19.97368421052673 1
20.0263157894741 36
20.035087719298662 18
20.087719298246032 15
20.105263157895156 6
20.140350877193402 0
20.149122807017964 7
20.39473684210569 35
20.39473684210569 50
20.45614035087762 24
20.526315789474115 11
20.56140350877236 43
20.60526315789517 18
20.622807017544293 17
20.65789473684254 31
20.684210526316225 4
20.71052631578991 38
20.77192982456184 3
20.780701754386403 41
20.798245614035526 18
20.859649122807458 6
20.859649122807458 48
20.86842105263202 25
20.86842105263202 58
20.87719298245658 7
20.903508771930266 44
20.92105263157939 36
21.000000000000444 18
21.03508771929869 29
21.03508771929869 39
21.096491228070622 8
21.105263157895184 37
21.114035087719746 11
21.114035087719746 53
21.1929824561408 28
21.254385964912732 16
21.28947368421098 1
21.28947368421098 27
21.324561403509225 24
21.39473684210572 15
21.41228070175484 23
21.421052631579403 17
21.46491228070221 9
21.605263157895198 7
21.61403508771976 6
21.640350877193445 59
21.649122807018006 2
21.657894736842568 11
21.710526315789938 47
21.815789473684678 36
21.964912280702226 22
22.04385964912328 30
22.175438596491706 3
22.19298245614083 24
22.20175438596539 25
22.219298245614514 17
22.271929824561884 14
22.289473684211007 40
22.315789473684692 5
22.333333333333815 7
22.368421052632062 6
22.491228070175925 5
22.52631578947417 55
22.701754385965405 15
22.710526315789966 34
22.710526315789966 36
22.710526315789966 45
22.763157894737336 4
22.877192982456638 5
22.877192982456638 48
22.89473684210576 44
22.929824561404008 20
23.017543859649624 17
23.061403508772433 7
23.061403508772433 24
23.061403508772433 59
23.122807017544364 1
23.122807017544364 6
23.166666666667172 42
23.228070175439104 8
23.26315789473735 50
23.35964912280753 9
23.403508771930337 44
23.491228070175953 41
23.491228070175953 47
23.500000000000515 29
23.53508771929876 25
23.57894736842157 3
23.605263157895255 36
23.701754385965433 0
23.710526315789995 26
23.763157894737365 43
23.771929824561926 27
23.78947368421105 7
23.815789473684735 17
23.859649122807543 5
23.877192982456666 6
23.929824561404036 24
23.973684210526844 18
24.00877192982509 15
24.026315789474214 59
24.11403508771983 18
24.149122807018077 54
24.236842105263694 18
24.245614035088256 16
24.26315789473738 44
24.32456140350931 30
24.350877192982995 11
24.36842105263212 42
24.500000000000544 31
24.500000000000544 36
24.517543859649667 7
24.552631578947913 39
24.605263157895283 44
24.614035087719845 17
24.63157894736897 6
24.728070175439147 53
24.79824561403564 24
24.842105263158448 4
24.85087719298301 11
24.868421052632133 25
24.868421052632133 48
24.982456140351434 3
25.096491228070736 59
25.11403508771986 29
25.184210526316352 2
25.184210526316352 2
25.245614035088284 7
25.254385964912846 9
25.27192982456197 47
25.289473684211092 23
25.315789473684777 15
25.38596491228127 6
25.38596491228127 11
25.394736842105832 36
25.412280701754955 17
25.58771929824619 11
25.666666666667243 24
25.728070175439175 5
25.736842105263737 57
25.75438596491286 58
25.894736842105846 14
25.91228070175497 45
25.929824561404093 8
25.9736842105269 7
26.008771929825148 18
26.052631578947956 55
26.07894736842164 37
26.07894736842164 50
26.096491228070764 41
26.140350877193573 6
26.157894736842696 22
26.166666666667258 18
26.201754385965504 17
26.201754385965504 25
26.210526315790066 5
26.263157894737436 0
26.263157894737436 28
26.271929824561997 43
26.28947368421112 36
26.3859649122813 3
26.412280701754984 1
26.535087719298847 24
26.54385964912341 59
26.561403508772532 35
26.60526315789534 30
26.622807017544464 15
26.684210526316395 18
26.70175438596552 7
26.728070175439203 40
26.745614035088327 20
26.850877192983067 48
26.894736842105875 6
26.92105263157956 4
26.938596491228683 11
27.000000000000615 17
27.052631578947985 47
27.122807017544478 27
27.13157894736904 42
27.149122807018163 9
27.149122807018163 39
27.18421052631641 36
27.19298245614097 18
27.23684210526378 16
27.271929824562026 34
27.39473684210589 44
27.40350877193045 24
27.429824561404136 7
27.491228070176067 11
27.535087719298875 25
27.56140350877256 10
27.61403508771993 38
27.649122807018177 6
27.6666666666673 1
27.789473684211163 3
27.798245614035725 17
27.92982456140415 15
27.98245614035152 59
27.99122807017608 44
28.000000000000643 43
28.078947368421698 36
28.157894736842753 7
28.184210526316438 8
28.20175438596556 41
28.271929824562054 24
28.40350877193048 6
28.438596491228726 57
28.543859649123466 44
28.596491228070835 17
28.61403508771996 54
28.7192982456147 2
28.736842105263822 0
28.833333333334 47
28.84210526315856 48
28.868421052632247 25
28.88596491228137 7
28.88596491228137 30
28.93859649122874 11
28.973684210526987 36
29.00000000000067 4
29.035087719298918 9
29.061403508772603 53
29.087719298246288 58
29.140350877193658 24
29.15789473684278 6
29.192982456141028 3
29.192982456141028 23
29.236842105263836 15
29.26315789473752 29
29.333333333334014 42
29.3596491228077 20
29.385964912281384 45
29.394736842105946 17
29.51754385964981 14
29.51754385964981 43
29.605263157895426 55
29.614035087719987 7
29.62280701754455 31
29.859649122807713 26
29.868421052632275 36
29.912280701755083 6
29.93859649122877 27
29.99122807017614 59
30.00877192982526 24
30.192982456141056 17
30.201754385965618 25
30.21929824561474 39
30.228070175439303 16
30.342105263158604 7
30.350877192983166 22
30.403508771930536 5
30.403508771930536 41
30.53508771929896 42
30.543859649123522 15
30.596491228070892 3
30.614035087720016 47
30.614035087720016 50
30.63157894736914 11
30.649122807018262 1
30.666666666667385 6
30.763157894737564 36
30.807017543860372 48
30.877192982456865 24
30.912280701755112 5
30.929824561404235 9
30.973684210527043 18
30.982456140351605 17
31.00877192982529 59
31.052631578948098 29
31.052631578948098 37
31.078947368421783 4
31.078947368421783 7
31.140350877193715 44
31.157894736842838 30
31.298245614035825 11
31.298245614035825 28
31.298245614035825 43
31.298245614035825 57
31.394736842106003 18
31.412280701755126 10
31.421052631579688 6
31.53508771929899 25
31.570175438597236 11
31.657894736842852 36
31.719298245614784 8
31.74561403508847 24
31.763157894737592 34
31.780701754386715 17
31.8070175438604 7
31.85087719298321 15
32.00000000000075 3
32.08771929824637 18
32.114035087720055 20
32.175438596491986 6
32.25438596491304 2
32.29824561403585 1
32.31578947368497 18
32.324561403509534 44
32.36842105263234 29
32.385964912281466 11
32.39473684210603 47
32.40350877193059 5
32.40350877193059 27
32.42105263157971 0
32.535087719299014 7
32.55263157894814 36
32.57894736842182 17
32.57894736842182 17
32.61403508772007 24
32.62280701754463 44
32.68421052631656 41
32.77192982456218 42
32.77192982456218 43
32.77192982456218 58
32.807017543860425 59
32.81578947368499 9
32.86842105263236 25
32.92982456140429 6
33.00000000000078 50
33.05263157894815 23
33.06140350877271 45
33.14035087719377 14
33.15789473684289 4
33.15789473684289 15
33.21929824561482 16
33.26315789473763 7
33.37719298245693 17
33.40350877193062 3
33.41228070175518 40
33.438596491228864 31
33.447368421053426 36
33.46491228070255 30
33.48245614035167 18
33.48245614035167 24
33.68421052631659 6
33.71929824561484 18
33.74561403508852 48
33.754385964913084 53
33.82456140350958 1
33.921052631579755 11
33.921052631579755 57
33.96491228070256 42
33.99122807017625 7
34.00877192982537 38
34.04385964912362 39
34.08771929824643 29
34.17543859649204 17
34.17543859649204 47
34.20175438596573 25
34.20175438596573 55
34.21052631579029 5
34.2543859649131 18
34.298245614035906 11
34.32456140350959 5
34.342105263158714 36
34.350877192983276 24
34.43859649122889 6
34.46491228070258 15
34.47368421052714 59
34.51754385964995 11
34.54385964912363 22
34.64035087719381 54
34.710526315790304 9
34.719298245614866 7
34.80701754386048 3
34.90350877193066 5
34.91228070175522 35
34.97368421052715 17
35.02631578947452 18
35.035087719299085 26
35.192982456141195 6
35.21929824561488 24
35.236842105264 4
35.236842105264 36
35.44736842105348 10
35.456140350878044 7
35.5350877192991 25
35.54385964912366 29
35.561403508772784 43
35.561403508772784 50
35.6491228070184 20
35.71052631579033 48
35.73684210526402 30
35.771929824562264 15
35.771929824562264 17
35.78947368421139 2
35.91228070175525 8
35.9473684210535 6
35.95614035087806 47
36.00877192982543 41
36.02631578947455 37
36.08771929824648 24
36.13157894736929 36
36.18421052631666 7
36.18421052631666 18
36.21052631579035 3
36.21052631579035 16
36.29824561403596 34
36.315789473685086 11
36.33333333333421 28
36.50877192982544 5
36.526315789474566 45
36.570175438597374 17
36.570175438597374 18
36.59649122807106 9
36.60526315789562 44
36.631578947369306 0
36.7017543859658 6
36.7017543859658 57
36.75438596491317 11
36.76315789473773 14
36.833333333334224 42
36.86842105263247 25
36.87719298245703 18
36.91228070175528 7
36.95614035087809 23
36.95614035087809 24
36.96491228070265 39
36.98245614035177 1
37.000000000000895 18
37.01754385965002 58
37.02631578947458 36
37.06140350877283 11
37.07894736842195 15
37.14035087719388 5
37.30701754386055 27
37.315789473685115 4
37.368421052632485 17
37.368421052632485 17
37.377192982457046 11
37.4561403508781 6
37.4561403508781 31
37.473684210527225 59
37.51754385965003 53
37.61403508772021 3
37.640350877193896 7
37.65789473684302 18
37.736842105264074 47
37.7543859649132 44
37.82456140350969 24
37.92105263157987 36
38.008771929825485 30
38.03508771929917 48
38.10526315789566 1
38.10526315789566 11
38.14035087719391 50
38.166666666667595 17
38.20175438596584 25
38.2105263157904 6
38.36842105263251 7
38.385964912281636 15
38.44736842105357 18
38.491228070176376 9
38.50000000000094 20
38.63157894736936 55
38.66666666666761 44
38.692982456141294 24
38.7368421052641 22
38.78947368421147 59
38.81578947368516 36
38.83333333333428 43
38.859649122807966 11
38.956140350878144 41
38.964912280702706 6
38.964912280702706 17
39.017543859650075 3
39.09649122807113 42
39.10526315789569 7
39.13157894736938 57
39.20175438596587 11
39.20175438596587 16
39.32456140350973 2
39.39473684210623 4
39.53508771929921 25
39.53508771929921 47
39.5614035087729 24
39.64035087719395 5
39.69298245614132 15
39.710526315790446 36
39.71929824561501 6
39.73684210526413 11
39.763157894737816 17
39.84210526315887 7
39.84210526315887 54
39.912280701755364 18
40.017543859650104 38
40.017543859650104 48
40.04385964912379 11
40.04385964912379 59
40.16666666666765 26
40.184210526316775 0
40.28070175438695 18
40.28070175438695 30
40.3157894736852 42
40.38596491228169 14
40.42105263157994 3
40.42105263157994 9
40.4298245614045 24
40.43859649122906 1
40.43859649122906 39
40.447368421053625 29
40.47368421052731 6
40.49122807017643 43
40.561403508772926 17
40.57017543859749 7
40.605263157895735 36
40.719298245615036 10
40.83333333333434 11
40.85964912280802 23
40.85964912280802 44
40.868421052632584 20
40.868421052632584 25
40.90350877193083 27
40.973684210527324 18
41.00000000000101 5
41.00000000000101 15
41.00000000000101 37
41.04385964912382 31
41.078947368422064 58
41.15789473684312 44
41.192982456141365 53
41.22807017543961 6
41.22807017543961 40
41.27192982456242 5
41.298245614036105 7
41.298245614036105 24
41.31578947368523 18
41.31578947368523 47
41.31578947368523 59
41.350877192983475 17
41.350877192983475 41
41.3684210526326 28
41.41228070175541 50
41.47368421052734 4
41.50000000000102 36
41.508771929825585 35
41.51754385965015 18
41.52631578947471 8
41.666666666667695 18
41.824561403509804 3
41.929824561404544 11
41.95614035087823 48
41.96491228070279 57
41.982456140351914 6
42.01754385965016 5
42.02631578947472 7
42.035087719299284 1
42.07017543859753 29
42.149122807018585 17
42.16666666666771 24
42.16666666666771 43
42.192982456141394 16
42.201754385965955 25
42.307017543860695 9
42.307017543860695 15
42.39473684210631 36
42.44736842105368 5
42.49122807017649 44
42.50877192982561 42
42.5350877192993 59
42.54385964912386 45
42.55263157894842 30
42.736842105264216 6
42.75438596491334 7
42.80701754386071 34
42.81578947368527 55
42.833333333334394 39
42.85964912280808 2
42.885964912281764 0
42.92982456140457 22
42.947368421053696 17
42.95614035087826 18
43.03508771929931 24
43.096491228071244 47
43.13157894736949 18
43.22807017543967 3
43.2894736842116 36
43.48245614035196 7
43.49122807017652 6
43.50877192982564 11
43.53508771929933 25
43.55263157894845 4
43.61403508772038 15
43.692982456141436 27
43.692982456141436 59
43.745614035088806 17
43.903508771930916 24
43.92105263158004 48
43.97368421052741 43
44.008771929825656 14
44.18421052631689 36
44.19298245614145 42
44.20175438596601 9
44.210526315790574 7
44.210526315790574 11
44.24561403508882 6
44.24561403508882 44
44.271929824562505 18
44.315789473685314 41
44.33333333333444 54
44.368421052632684 49
44.38596491228181 1
44.40350877193093 8
44.54385964912392 17
44.57894736842216 31
44.63157894736953 3
44.65789473684322 26
44.66666666666778 50
44.72807017543971 23
44.76315789473796 53
44.77192982456252 24
44.82456140350989 30
44.8684210526327 25
44.87719298245726 47
44.92105263158007 15
44.92105263158007 38
44.93859649122919 7
45.00000000000112 6
45.07894736842218 36
45.14035087719411 59
45.18421052631692 16
45.23684210526429 20
45.34210526315903 17
45.35964912280815 11
45.429824561404644 29
45.44736842105377 1
45.56140350877307 39
45.63157894736956 4
45.64035087719412 24
45.66666666666781 7
45.71052631579062 0
45.754385964913425 6
45.77192982456255 42
45.78070175438711 57
45.815789473685356 43
45.88596491228185 48
45.93859649122922 45
45.973684210527466 36
45.973684210527466 37
46.0350877192994 3
46.070175438597644 11
46.09649122807133 9
46.122807017545014 18
46.131578947369576 17
46.15789473684326 59
46.20175438596607 25
46.21052631579063 10
46.228070175439754 15
46.385964912281864 41
46.394736842106425 2
46.394736842106425 7
46.40350877193099 28
46.50877192982573 6
46.50877192982573 24
46.57894736842222 18
46.59649122807134 35
46.605263157895905 5
46.657894736843275 47
46.6754385964924 8
46.710526315790645 44
46.74561403508889 58
46.868421052632755 36
46.929824561404686 17
46.929824561404686 17
46.982456140352056 40
47.078947368422234 27
47.09649122807136 30
47.12280701754504 7
47.12280701754504 11
47.12280701754504 22
47.26315789473803 6
47.342105263159084 43
47.35964912280821 59
47.37719298245733 24
47.4298245614047 50
47.43859649122926 3
47.46491228070295 1
47.47368421052751 29
47.48245614035207 11
47.53508771929944 15
47.53508771929944 25
47.63157894736962 14
47.71052631579067 4
47.7280701754398 11
47.7280701754398 17
47.76315789473804 36
47.85087719298366 7
47.85087719298366 34
47.85087719298366 48
47.982456140352085 9
48.01754385965033 6
48.02631578947489 18
48.096491228071386 11
48.17543859649244 16
48.21052631579069 0
48.245614035088934 24
48.26315789473806 42
48.34210526315911 31
48.359649122808236 5
48.43859649122929 47
48.52631578947491 17
48.54385964912403 11
48.57894736842228 7
48.5964912280714 23
48.5964912280714 54
48.622807017545085 39
48.63157894736965 44
48.65789473684333 36
48.66666666666789 20
48.69298245614158 57
48.77192982456263 6
48.84210526315913 3
48.84210526315913 15
48.86842105263281 25
48.885964912281935 43
48.96491228070299 29
49.11403508772054 24
49.149122807018784 55
49.16666666666791 45
49.19298245614159 41
49.29824561403633 5
49.307017543860894 7
49.32456140351002 17
49.359649122808264 26
49.368421052632826 30
49.526315789474936 6
49.55263157894862 36
49.55263157894862 44
49.78070175438722 1
49.789473684211785 4
49.80701754386091 48
49.86842105263284 53
49.8771929824574 9
49.92982456140477 2
49.98245614035214 24
50.008771929825826 11
50.03508771929951 7
50.04385964912407 18
50.061403508773196 10
50.114035087720566 17
50.14912280701881 15
50.20175438596618 25
50.219298245615306 47
50.24561403508899 3
50.25438596491355 27
50.271929824562676 18
50.28070175438724 6
50.44736842105391 36
50.67543859649251 50
50.684210526317074 44
50.76315789473813 43
50.77192982456269 7
50.850877192983745 24
50.903508771931115 1
50.91228070175568 17
50.94736842105392 37
51.03508771929954 6
51.114035087720595 38
51.122807017545156 8
51.166666666667965 16
51.219298245615335 18
51.25438596491358 14
51.31578947368551 22
51.3421052631592 36
51.39473684210657 57
51.40350877193113 29
51.40350877193113 41
51.42105263158025 11
51.429824561404814 18
51.438596491229376 28
51.4561403508785 15
51.50000000000131 7
51.535087719299554 25
51.640350877194294 30
51.649122807018855 3
51.71052631579079 17
51.71929824561535 24
51.754385964913595 59
51.76315789473816 9
51.78947368421184 6
51.83333333333465 42
51.83333333333465 48
51.859649122808335 35
51.8684210526329 4
51.88596491228202 39
51.94736842105395 44
51.95614035087851 49
52.00000000000132 47
52.228070175439925 7
52.236842105264486 36
52.333333333334664 34
52.36842105263291 1
52.500000000001336 23
52.5087719298259 17
52.543859649124144 6
52.552631578948706 29
52.57017543859783 43
52.58771929824695 24
52.68421052631713 44
52.701754385966254 45
52.763157894738185 15
52.82456140351012 55
52.868421052632925 25
52.95614035087854 7
52.98245614035223 42
52.99122807017679 50
53.05263157894872 3
53.07017543859784 58
53.131578947369775 36
53.298245614036446 6
53.30701754386101 17
53.42105263158031 59
53.42982456140487 8
53.456140350878556 24
53.46491228070312 2
53.48245614035224 41
53.64912280701891 9
53.68421052631716 7
53.719298245615406 31
53.72807017543997 27
53.763157894738214 11
53.7894736842119 47
53.815789473685584 48
53.89473684210664 26
53.91228070175576 30
53.94736842105401 4
53.982456140352255 5
53.982456140352255 10
54.00877192982594 29
54.02631578947506 36
54.05263157894875 6
54.07017543859787 15
54.09649122807156 11
54.10526315789612 17
54.15789473684349 16
54.15789473684349 53
54.2017543859663 25
54.26315789473823 39
54.27192982456279 43
54.3157894736856 18
54.32456140351016 24
54.32456140351016 42
54.37719298245753 11
54.412280701755776 7
54.412280701755776 40
54.456140350878584 3
54.517543859650516 1
54.55263157894876 18
54.70175438596631 59
54.80701754386105 6
54.85964912280842 54
54.877192982457544 14
54.90350877193123 17
54.92105263158035 36
55.02631578947509 11
55.11403508772071 0
55.14035087719439 7
55.19298245614176 24
55.28070175438738 11
55.37719298245756 15
55.412280701755805 57
55.49122807017686 11
55.50877192982598 8
55.50877192982598 22
55.53508771929967 9
55.53508771929967 25
55.56140350877335 6
55.570175438597914 47
55.58771929824704 29
55.66666666666809 42
55.675438596492654 18
55.69298245614178 17
55.70175438596634 41
55.728070175440024 44
55.77192982456283 48
55.81578947368564 36
55.85964912280845 3
55.86842105263301 7
55.92105263158038 37
56.02631578947512 4
56.06140350877337 24
56.19298245614179 30
56.25438596491372 11
56.27192982456285 50
56.315789473685655 6
56.32456140351022 43
56.368421052633025 23
56.473684210527765 44
56.482456140352326 11
56.482456140352326 28
56.49122807017689 17
56.578947368422504 1
56.59649122807163 7
56.684210526317244 15
56.692982456141806 11
56.71052631579093 36
56.75438596491374 45
56.86842105263304 25
56.894736842106724 11
56.92982456140497 24
56.92982456140497 29
56.93859649122953 44
56.956140350878655 55
56.9912280701769 59
57.000000000001464 2
57.03508771929971 35
57.061403508773395 20
57.061403508773395 39
57.07017543859796 6
57.09649122807164 11
57.14912280701901 16
57.20175438596638 5
57.22807017544007 42
57.26315789473831 3
57.289473684212 17
57.29824561403656 11
57.324561403510245 7
57.35087719298393 47
57.385964912282176 27
57.42105263158042 9
57.50000000000148 11
57.50000000000148 18
57.56140350877341 34
57.60526315789622 36
57.65789473684359 8
57.692982456141834 11
57.72807017544008 0
57.72807017544008 48
57.798245614036574 24
57.82456140351026 6
57.83333333333482 10
57.88596491228219 11
57.89473684210675 44
57.99122807017693 15
58.05263157894886 7
58.07894736842255 11
58.07894736842255 43
58.08771929824711 17
58.10526315789623 4
58.20175438596641 25
58.228070175440095 1
58.2719298245629 11
58.31578947368571 38
58.3421052631594 58
58.46491228070326 11
58.47368421052782 30
58.500000000001506 14
58.500000000001506 36
58.552631578948876 44
58.57894736842256 6
58.657894736843616 11
58.66666666666818 3
58.66666666666818 24
58.78070175438748 7
58.78070175438748 40
58.83333333333485 29
58.85087719298397 11
58.85087719298397 57
58.88596491228222 17
58.964912280703274 42
59.017543859650644 26
59.017543859650644 31
59.04385964912433 11
59.078947368422575 50
59.131578947369945 47
59.236842105264685 11
59.25438596491381 1
59.29824561403662 15
59.29824561403662 59
59.30701754386118 9
59.33333333333486 6
59.37719298245767 18
59.394736842106795 36
59.42982456140504 11
59.500000000001535 53
59.508771929826096 7
59.53508771929978 24
59.53508771929978 25
59.54385964912434 43
59.6228070175454 11
59.68421052631733 17
59.68421052631733 48
59.70175438596645 22
59.815789473685754 11
59.91228070175593 8
59.95614035087874 18
