0.008771929824561403 41
0.03508771929824561 32
0.11403508771929824 18
0.15789473684210525 2
0.16666666666666666 45
0.20175438596491227 46
0.21929824561403508 16
0.21929824561403508 31
0.21929824561403508 58
0.22807017543859648 55
0.2543859649122807 24
0.26315789473684215 47
0.3070175438596493 34
0.32456140350877216 18
0.3333333333333336 48
0.342105263157895 15
0.35087719298245645 38
0.35087719298245645 53
0.49122807017543935 29
0.49122807017543935 37
0.5000000000000008 27
0.5175438596491236 22
0.5526315789473694 7
0.5526315789473694 28
0.5526315789473694 36
0.5614035087719308 8
0.5877192982456151 30
0.5964912280701765 12
0.6403508771929837 20
0.666666666666668 43
0.7017543859649137 40
0.8245614035087737 5
1.0614035087719322 24
1.1842105263157923 0
1.1842105263157923 23
1.1929824561403537 13
1.2543859649122837 18
1.3070175438596523 5
1.3070175438596523 11
1.3245614035087752 4
1.3245614035087752 57
1.3771929824561437 25
1.3859649122807052 7
1.3947368421052666 5
1.526315789473688 36
1.5350877192982495 14
1.5526315789473724 6
1.5701754385964952 29
1.6578947368421095 15
1.7807017543859696 12
1.8333333333333381 18
1.8421052631578996 5
1.8596491228070224 24
1.9210526315789525 11
1.9210526315789525 39
2.0877192982456174 43
2.0964912280701786 47
2.10526315789474 59
2.1842105263157907 18
2.2105263157894743 7
2.236842105263158 1
2.2631578947368416 5
2.280701754385964 6
2.280701754385964 42
2.2982456140350864 44
2.4210526315789433 48
2.4999999999999942 36
2.578947368421045 41
2.622807017543851 29
2.657894736842096 24
2.666666666666657 56
2.868421052631565 54
2.8859649122806874 30
2.9210526315789322 18
2.9736842105262995 15
3.0087719298245443 6
3.043859649122789 7
3.0526315789473504 18
3.087719298245595 11
3.0964912280701564 10
3.1052631578947176 3
3.114035087719279 25
3.2631578947368194 12
3.298245614035064 45
3.3070175438596254 16
3.4385964912280436 20
3.456140350877166 24
3.4736842105262884 36
3.499999999999972 55
3.5175438596490944 27
3.543859649122778 43
3.6403508771929514 58
3.657894736842074 8
3.7192982456140022 2
3.7368421052631247 6
3.745614035087686 57
3.7719298245613695 5
3.798245614035053 4
3.8157894736841755 11
3.868421052631543 7
3.92105263157891 47
3.956140350877155 46
4.070175438596454 0
4.2368421052631255 18
4.254385964912249 24
4.280701754385934 15
4.307017543859619 42
4.429824561403482 1
4.438596491228044 3
4.447368421052605 36
4.4649122807017285 6
4.4912280701754135 48
4.499999999999975 12
4.52631578947366 31
4.675438596491208 25
4.6929824561403315 7
4.763157894736825 22
4.859649122807003 29
4.9210526315789345 11
5.052631578947359 24
5.078947368421044 44
5.087719298245606 43
5.0964912280701675 53
5.105263157894729 39
5.140350877192976 14
5.149122807017537 32
5.175438596491222 30
5.192982456140346 6
5.201754385964907 18
5.307017543859647 38
5.3508771929824555 59
5.421052631578949 36
5.421052631578949 42
5.464912280701757 37
5.517543859649127 7
5.596491228070182 15
5.596491228070182 28
5.631578947368428 11
5.64035087719299 26
5.649122807017552 46
5.736842105263168 1
5.736842105263168 47
5.771929824561415 3
5.7982456140351 40
5.85087719298247 24
5.868421052631593 13
5.921052631578963 6
5.921052631578963 44
5.973684210526333 27
6.096491228070196 8
6.122807017543881 23
6.175438596491251 16
6.175438596491251 18
6.271929824561429 18
6.342105263157922 7
6.394736842105292 36
6.508771929824594 59
6.578947368421087 44
6.59649122807021 56
6.64912280701758 6
6.64912280701758 24
6.692982456140388 41
6.70175438596495 42
6.763157894736882 12
6.780701754386005 55
6.7894736842105665 57
6.850877192982498 0
6.903508771929868 15
6.982456140350923 18
7.026315789473731 25
7.140350877193033 58
7.166666666666718 7
7.175438596491279 18
7.280701754386019 34
7.280701754386019 54
7.289473684210581 45
7.298245614035142 11
7.368421052631636 36
7.377192982456197 6
7.385964912280759 29
7.394736842105321 44
7.4210526315790055 43
7.4473684210526905 24
7.456140350877252 30
7.596491228070239 47
7.701754385964978 39
7.780701754386033 59
7.8245614035088416 44
7.833333333333403 5
7.8508771929825265 20
7.885964912280773 48
7.991228070175513 7
8.105263157894814 6
8.175438596491308 11
8.210526315789554 15
8.2456140350878 24
8.280701754386047 18
8.315789473684294 1
8.342105263157979 36
8.359649122807102 5
8.368421052631664 4
8.447368421052719 8
8.447368421052719 46
8.482456140350966 5
8.710526315789568 14
8.754385964912377 41
8.815789473684308 7
8.833333333333432 6
8.833333333333432 43
8.912280701754487 31
8.947368421052733 27
9.008771929824665 22
9.017543859649226 5
9.043859649122911 16
9.043859649122911 24
9.263157894736953 53
9.289473684210638 2
9.289473684210638 3
9.2982456140352 25
9.2982456140352 32
9.315789473684323 36
9.35087719298257 44
9.403508771929939 11
9.403508771929939 59
9.4122807017545 47
9.429824561403624 10
9.51754385964924 15
9.561403508772049 6
9.640350877193104 5
9.640350877193104 7
9.649122807017665 29
9.736842105263282 30
9.842105263158022 24
9.877192982456268 5
10.000000000000131 44
10.140350877193118 23
10.210526315789611 1
10.228070175438734 5
10.271929824561543 46
10.289473684210666 6
10.289473684210666 36
10.315789473684351 11
10.333333333333474 12
10.438596491228214 37
10.447368421052776 4
10.447368421052776 13
10.456140350877337 5
10.464912280701899 7
10.47368421052646 26
10.491228070175584 58
10.543859649122954 11
10.622807017544009 3
10.640350877193132 24
10.640350877193132 28
10.692982456140502 55
10.701754385965064 20
10.745614035087872 11
10.824561403508927 15
10.89473684210542 49
10.94736842105279 11
10.964912280701913 59
11.00000000000016 48
11.017543859649283 6
11.070175438596653 42
11.1052631578949 29
11.122807017544023 44
11.140350877193146 11
11.228070175438763 47
11.26315789473701 36
11.298245614035256 7
11.333333333333503 11
11.438596491228243 24
11.447368421052804 12
11.491228070175612 27
11.526315789473859 11
11.614035087719476 41
11.64035087719316 39
11.649122807017722 18
11.719298245614215 11
11.7456140350879 1
11.7456140350879 6
11.754385964912462 34
11.912280701754572 11
11.912280701754572 16
11.921052631579133 59
11.929824561403695 0
11.938596491228257 54
11.95614035087738 3
12.00877192982475 44
12.026315789473873 18
12.035087719298435 30
12.070175438596682 46
12.087719298245805 45
12.105263157894928 11
12.122807017544051 7
12.131578947368613 15
12.157894736842298 25
12.236842105263353 24
12.236842105263353 36
12.245614035087915 42
12.2719298245616 14
12.298245614035284 11
12.32456140350897 38
12.447368421052833 8
12.464912280701956 31
12.464912280701956 44
12.473684210526518 6
12.49122807017564 11
12.508771929824764 57
12.517543859649326 5
12.526315789473887 4
12.552631578947572 50
12.561403508772134 12
12.614035087719504 5
12.684210526315997 11
12.70175438596512 29
12.824561403508984 2
12.877192982456354 11
12.947368421052847 7
12.96491228070197 18
13.035087719298463 24
13.043859649123025 47
13.07017543859671 11
13.192982456140573 20
13.201754385965135 6
13.210526315789696 36
13.236842105263381 43
13.245614035087943 53
13.254385964912505 22
13.263157894737066 11
13.28070175438619 40
13.289473684210751 3
13.377192982456368 48
13.4385964912283 15
13.4385964912283 18
13.456140350877423 11
13.508771929824793 10
13.596491228070409 56
13.649122807017779 11
13.675438596491464 12
13.692982456140587 41
13.771929824561642 7
13.81578947368445 44
13.833333333333574 24
13.842105263158135 11
13.929824561403752 6
14.000000000000245 46
14.017543859649368 5
14.02631578947393 27
14.035087719298492 11
14.052631578947615 23
14.175438596491478 29
14.18421052631604 36
14.228070175438848 11
14.271929824561656 32
14.307017543859903 30
14.324561403509026 18
14.359649122807273 49
14.368421052631835 55
14.421052631579204 11
14.526315789473944 59
14.543859649123068 58
14.596491228070438 5
14.596491228070438 7
14.605263157895 4
14.61403508771956 11
14.622807017544122 3
14.631578947368684 24
14.657894736842369 6
14.675438596491492 43
14.745614035087986 15
14.780701754386232 16
14.789473684210794 12
14.789473684210794 42
14.807017543859917 11
14.859649122807287 47
14.868421052631849 50
14.973684210526589 44
15.000000000000274 11
15.052631578947643 8
15.078947368421328 39
15.157894736842383 36
15.19298245614063 11
15.201754385965192 0
15.254385964912561 29
15.35087719298274 18
15.35087719298274 48
15.35087719298274 48
15.385964912280986 6
15.385964912280986 11
15.412280701754671 37
15.421052631579233 7
15.429824561403795 24
15.552631578947658 20
15.578947368421343 11
15.657894736842398 26
15.66666666666696 1
15.67543859649152 18
15.67543859649152 28
15.763157894737137 57
15.771929824561699 11
15.789473684210822 5
15.83333333333363 14
15.859649122807316 25
15.885964912281 44
15.903508771930124 12
15.903508771930124 13
15.912280701754685 18
15.956140350877494 3
15.964912280702055 11
16.052631578947672 15
16.114035087719603 6
16.131578947368727 36
16.15789473684241 11
16.21052631578978 46
16.219298245614343 18
16.228070175438905 24
16.228070175438905 54
16.24561403508803 7
16.350877192982768 11
16.350877192982768 34
16.35964912280733 2
16.394736842105576 29
16.543859649123124 11
16.561403508772248 5
16.587719298245933 44
16.596491228070494 30
16.649122807017864 27
16.67543859649155 47
16.68421052631611 4
16.692982456140673 59
16.701754385965234 45
16.73684210526348 1
16.73684210526348 11
16.83333333333366 43
16.84210526315822 6
16.89473684210559 5
16.912280701754714 31
16.921052631579276 42
16.929824561403837 11
17.017543859649454 12
17.026315789474015 24
17.070175438596824 7
17.10526315789507 36
17.122807017544194 11
17.184210526316125 50
17.289473684210865 3
17.298245614035427 38
17.31578947368455 11
17.31578947368455 48
17.359649122807358 15
17.37719298245648 18
17.491228070175783 22
17.508771929824906 11
17.508771929824906 11
17.517543859649468 18
17.570175438596838 6
17.58771929824596 40
17.649122807017893 16
17.701754385965263 11
17.824561403509126 24
17.824561403509126 44
17.84210526315825 55
17.85087719298281 41
17.89473684210562 11
17.89473684210562 20
17.90350877193018 7
17.938596491228427 23
18.078947368421414 36
18.087719298245975 11
18.087719298245975 11
18.131578947368784 12
18.192982456140715 18
18.201754385965277 58
18.21052631578984 25
18.28070175438633 11
18.298245614035455 6
18.32456140350914 5
18.412280701754757 32
18.412280701754757 44
18.464912280702126 43
18.473684210526688 11
18.49122807017581 47
18.58771929824599 46
18.605263157895113 18
18.622807017544236 3
18.622807017544236 24
18.666666666667044 11
18.666666666667044 15
18.736842105263538 7
18.763157894737223 4
18.824561403509154 0
18.8596491228074 11
18.868421052631962 30
18.885964912281086 29
19.026315789474072 6
19.052631578947757 11
19.052631578947757 36
19.184210526316182 57
19.201754385965305 39
19.210526315789867 27
19.245614035088114 11
19.245614035088114 12
19.263157894737237 18
19.298245614035483 48
19.39473684210566 14
19.421052631579347 24
19.43859649122847 11
19.464912280702155 44
19.526315789474086 10
19.55263157894777 56
19.561403508772333 7
19.59649122807058 42
19.614035087719703 50
19.631578947368826 11
19.640350877193388 49
19.684210526316196 59
19.75438596491269 6
19.824561403509183 11
19.824561403509183 25
19.877192982456553 1
19.894736842105676 2
19.894736842105676 2
19.92105263157936 46
19.956140350877607 3
19.97368421052673 15
20.008771929824977 29
20.01754385964954 11
20.0263157894741 36
20.17543859649165 43
20.210526315789895 11
20.210526315789895 11
20.219298245614457 24
20.23684210526358 20
20.245614035088142 5
20.263157894737265 41
20.271929824561827 53
20.307017543860074 47
20.359649122807443 12
20.38596491228113 7
20.38596491228113 37
20.40350877193025 11
20.464912280702183 26
20.482456140351307 6
20.517543859649553 16
20.535087719298676 31
20.596491228070608 11
20.684210526316225 18
20.71052631578991 28
20.71929824561447 8
20.789473684210964 11
20.842105263158334 4
20.859649122807458 18
20.98245614035132 11
21.000000000000444 36
21.017543859649567 24
21.03508771929869 55
21.14035087719343 30
21.175438596491677 11
21.210526315789924 6
21.210526315789924 7
21.23684210526361 54
21.254385964912732 48
21.280701754386417 15
21.28947368421098 3
21.368421052632034 11
21.473684210526773 12
21.491228070175897 34
21.56140350877239 11
21.587719298246075 59
21.649122807018006 1
21.72807017543906 22
21.754385964912746 11
21.815789473684678 23
21.815789473684678 24
21.8333333333338 45
21.88596491228117 5
21.93859649122854 6
21.947368421053103 11
21.964912280702226 46
21.973684210526788 36
22.000000000000473 58
22.017543859649596 27
22.03508771929872 7
22.122807017544336 47
22.14035087719346 11
22.175438596491706 5
22.210526315789952 25
22.228070175439075 29
22.289473684211007 40
22.333333333333815 11
22.342105263158377 18
22.421052631579432 5
22.46491228070224 41
22.50877192982505 43
22.52631578947417 11
22.57017543859698 20
22.587719298246103 12
22.587719298246103 15
22.605263157895227 5
22.614035087719788 24
22.62280701754435 3
22.666666666667158 6
22.719298245614528 11
22.78070175438646 44
22.859649122807514 7
22.912280701754884 11
22.921052631579446 4
22.94736842105313 14
22.94736842105313 36
23.035087719298748 57
23.10526315789524 11
23.14912280701805 5
23.20175438596542 59
23.228070175439104 48
23.26315789473735 46
23.298245614035597 11
23.342105263158405 32
23.36842105263209 1
23.385964912281214 16
23.394736842105775 6
23.4122807017549 24
23.42105263157946 30
23.429824561404022 2
23.429824561404022 2
23.438596491228584 39
23.491228070175953 11
23.68421052631631 11
23.69298245614087 0
23.69298245614087 7
23.701754385965433 12
23.701754385965433 12
23.877192982456666 11
23.89473684210579 15
23.921052631579474 36
23.929824561404036 47
23.95614035087772 3
24.00000000000053 29
24.026315789474214 5
24.070175438597023 11
24.10526315789527 31
24.122807017544392 6
24.15789473684264 5
24.21052631579001 24
24.26315789473738 11
24.37719298245668 42
24.37719298245668 50
24.438596491228612 27
24.456140350877735 11
24.517543859649667 7
24.543859649123352 55
24.622807017544407 46
24.64912280701809 11
24.75438596491283 44
24.763157894737393 5
24.815789473684763 12
24.842105263158448 11
24.85087719298301 6
24.868421052632133 25
24.868421052632133 59
24.894736842105818 36
24.90350877193038 20
24.90350877193038 38
25.000000000000558 4
25.00877192982512 24
25.035087719298804 11
25.105263157895298 8
25.192982456140914 48
25.201754385965476 15
25.22807017543916 11
25.27192982456197 56
25.289473684211092 3
25.307017543860216 49
25.342105263158462 7
25.359649122807586 37
25.421052631579517 11
25.53508771929882 41
25.578947368421627 6
25.578947368421627 45
25.614035087719873 11
25.631578947368997 53
25.69298245614093 23
25.69298245614093 30
25.71052631579005 54
25.736842105263737 47
25.7456140350883 28
25.76315789473742 29
25.76315789473742 34
25.80701754386023 11
25.80701754386023 24
25.86842105263216 36
25.885964912281285 18
25.929824561404093 12
25.929824561404093 26
25.96491228070234 22
26.000000000000586 11
26.13157894736901 1
26.166666666667258 7
26.192982456140943 11
26.192982456140943 46
26.192982456140943 59
26.201754385965504 58
26.254385964912874 16
26.254385964912874 43
26.28070175438656 42
26.307017543860244 0
26.307017543860244 6
26.34210526315849 13
26.3859649122813 11
26.403508771930422 25
26.5000000000006 14
26.508771929825162 15
26.578947368421655 11
26.60526315789534 24
26.622807017544464 3
26.622807017544464 44
26.692982456140957 50
26.77192982456201 11
26.789473684211135 57
26.842105263158505 36
26.964912280702368 2
26.964912280702368 11
26.991228070176053 7
27.017543859649738 27
27.03508771929886 6
27.043859649123423 12
27.07894736842167 4
27.157894736842724 11
27.157894736842724 48
27.23684210526378 20
27.333333333333957 8
27.333333333333957 32
27.35087719298308 11
27.377192982456766 44
27.39473684210589 42
27.40350877193045 24
27.45614035087782 31
27.543859649123437 11
27.552631578948 47
27.640350877193615 5
27.675438596491862 39
27.684210526316424 41
27.736842105263793 11
27.76315789473748 6
27.77192982456204 5
27.798245614035725 29
27.81578947368485 7
27.81578947368485 15
27.81578947368485 36
27.83333333333397 44
27.86842105263222 55
27.92982456140415 11
27.956140350877835 3
27.964912280702396 30
28.08771929824626 46
28.122807017544506 11
28.157894736842753 1
28.157894736842753 12
28.20175438596556 24
28.228070175439246 18
28.315789473684863 11
28.491228070176096 6
28.50877192982522 11
28.50877192982522 49
28.578947368421712 42
28.640350877193644 7
28.701754385965575 11
28.754385964912945 40
28.789473684211192 36
28.87719298245681 43
28.89473684210593 11
29.00000000000067 24
29.00000000000067 45
29.008771929825233 50
29.087719298246288 11
29.10526315789541 48
29.122807017544535 15
29.122807017544535 16
29.15789473684278 4
29.175438596491905 1
29.219298245614713 6
29.25438596491296 25
29.271929824562083 12
29.280701754386644 11
29.289473684211206 3
29.36842105263226 47
29.41228070175507 29
29.42105263157963 18
29.46491228070244 7
29.473684210527 11
29.500000000000686 46
29.561403508772617 23
29.57017543859718 20
29.666666666667357 11
29.68421052631648 59
29.692982456141042 42
29.763157894737535 27
29.763157894737535 36
29.798245614035782 8
29.798245614035782 24
29.850877192983152 57
29.859649122807713 11
29.94736842105333 6
30.05263157894807 11
30.05263157894807 14
30.192982456141056 5
30.201754385965618 22
30.236842105263865 39
30.245614035088426 11
30.245614035088426 30
30.289473684211234 7
30.31578947368492 41
30.333333333334043 37
30.385964912281413 12
30.42982456140422 15
30.438596491228783 11
30.464912280702467 38
30.48245614035159 54
30.500000000000714 2
30.552631578948084 53
30.570175438597207 26
30.596491228070892 24
30.614035087720016 0
30.622807017544577 3
30.63157894736914 11
30.675438596491947 6
30.73684210526388 36
30.780701754386687 28
30.78947368421125 34
30.807017543860372 42
30.824561403509495 11
30.982456140351605 25
31.01754385964985 11
31.06140350877266 48
31.07017543859722 31
31.078947368421783 5
31.087719298246345 56
31.11403508772003 7
31.140350877193715 44
31.184210526316523 47
31.210526315790208 11
31.210526315790208 43
31.236842105263893 4
31.236842105263893 13
31.307017543860386 1
31.307017543860386 55
31.32456140350951 50
31.394736842106003 24
31.403508771930564 6
31.403508771930564 11
31.500000000000743 12
31.500000000000743 46
31.59649122807092 11
31.622807017544606 32
31.710526315790222 36
31.710526315790222 49
31.736842105263907 15
31.763157894737592 29
31.763157894737592 44
31.789473684211277 11
31.815789473684962 9
31.90350877193058 20
31.921052631579702 42
31.938596491228825 7
31.95614035087795 3
31.982456140351633 11
31.991228070176195 16
32.122807017544616 5
32.13157894736918 6
32.14035087719374 58
32.1491228070183 45
32.175438596491986 11
32.19298245614111 24
32.36842105263234 11
32.51754385964989 30
32.5614035087727 11
32.61403508772007 12
32.61403508772007 43
32.62280701754463 57
32.640350877193754 1
32.649122807018315 25
32.68421052631656 36
32.754385964913055 11
32.76315789473762 7
32.859649122807795 6
32.859649122807795 46
32.94736842105341 11
32.9736842105271 27
32.99122807017622 24
33.00000000000078 47
33.017543859649905 48
33.03508771929903 42
33.04385964912359 15
33.14035087719377 11
33.21929824561482 40
33.25438596491307 59
33.289473684211316 3
33.315789473685 4
33.333333333334124 11
33.4298245614043 23
33.52631578947448 11
33.58771929824641 6
33.596491228070974 7
33.605263157895536 14
33.62280701754466 1
33.64035087719378 50
33.657894736842906 36
33.71929824561484 11
33.7280701754394 12
33.78947368421133 24
33.83333333333414 41
33.91228070175519 11
34.03508771929906 2
34.0701754385973 25
34.10526315789555 11
34.14912280701836 42
34.236842105263975 20
34.298245614035906 11
34.31578947368503 6
34.350877192983276 15
34.42982456140433 7
34.43859649122889 22
34.4824561403517 31
34.49122807017626 11
34.500000000000824 0
34.508771929825386 29
34.58771929824644 24
34.605263157895564 53
34.62280701754469 3
34.63157894736925 36
34.68421052631662 11
34.75438596491311 54
34.78947368421136 30
34.815789473685044 47
34.83333333333417 5
34.84210526315873 12
34.85964912280785 16
34.877192982456975 11
34.91228070175522 49
34.94736842105347 46
34.97368421052715 48
35.04385964912365 6
35.07017543859733 11
35.09649122807102 55
35.13157894736926 1
35.16666666666751 59
35.236842105264 57
35.254385964913126 7
35.26315789473769 11
35.307017543860496 37
35.38596491228155 24
35.39473684210611 4
35.4210526315798 45
35.456140350878044 10
35.456140350878044 11
35.52631578947454 42
35.5350877192991 38
35.60526315789559 36
35.6491228070184 11
35.65789473684296 15
35.771929824562264 6
35.78947368421139 27
35.81578947368507 28
35.84210526315876 11
35.84210526315876 34
35.85087719298332 5
35.95614035087806 3
35.95614035087806 12
35.95614035087806 50
36.03508771929911 11
36.07017543859736 56
36.07894736842192 7
36.1754385964921 13
36.18421052631666 24
36.19298245614122 43
36.22807017543947 11
36.23684210526403 59
36.28070175438684 58
36.4035087719307 44
36.421052631579826 11
36.50000000000088 6
36.50877192982544 8
36.53508771929913 5
36.570175438597374 20
36.570175438597374 26
36.578947368421936 36
36.61403508772018 11
36.631578947369306 47
36.64035087719387 42
36.65789473684299 29
36.684210526316676 41
36.77192982456229 5
36.80701754386054 11
36.90350877193072 7
36.92105263157984 48
36.96491228070265 15
36.98245614035177 24
37.000000000000895 11
37.06140350877283 30
37.07017543859739 12
37.157894736843005 14
37.19298245614125 11
37.2280701754395 6
37.28947368421143 3
37.28947368421143 25
37.29824561403599 23
37.38596491228161 11
37.43859649122898 18
37.473684210527225 4
37.526315789474594 40
37.535087719299156 5
37.55263157894828 36
37.5701754385974 2
37.578947368421964 11
37.67543859649214 43
37.72807017543951 7
37.72807017543951 16
37.7543859649132 42
37.77192982456232 11
37.78070175438688 24
37.82456140350969 31
37.92982456140443 59
37.956140350878115 6
37.96491228070268 11
38.114035087720225 49
38.15789473684303 11
38.18421052631672 12
38.271929824562335 15
38.271929824562335 50
38.2807017543869 46
38.35087719298339 11
38.35964912280795 44
38.40350877193076 5
38.44736842105357 47
38.52631578947462 36
38.52631578947462 53
38.543859649123746 11
38.543859649123746 27
38.55263157894831 7
38.57894736842199 24
38.6228070175448 3
38.67543859649217 22
38.68421052631673 6
38.68421052631673 25
38.7368421052641 11
38.82456140350972 5
38.86842105263253 42
38.87719298245709 48
38.89473684210621 1
38.903508771930774 20
38.912280701755336 5
38.92982456140446 11
39.008771929825514 57
39.05263157894832 44
39.122807017544815 11
39.20175438596587 54
39.21052631579043 55
39.27192982456236 18
39.29824561403605 12
39.31578947368517 11
39.32456140350973 32
39.333333333334295 30
39.3771929824571 24
39.385964912281665 7
39.41228070175535 6
39.500000000000966 36
39.50877192982553 11
39.552631578948336 4
39.57894736842202 15
39.66666666666764 58
39.701754385965884 11
39.77192982456238 46
39.82456140350975 45
39.87719298245712 1
39.87719298245712 44
39.89473684210624 11
39.95614035087817 3
39.99122807017642 8
40.0877192982466 11
40.14035087719397 6
40.14035087719397 42
40.175438596492214 24
40.21052631579046 7
40.236842105264145 18
40.26315789473783 47
40.27192982456239 5
40.28070175438695 11
40.28070175438695 37
40.289473684211515 10
40.41228070175538 12
40.4298245614045 25
40.47368421052731 11
40.47368421052731 36
40.47368421052731 59
40.508771929825556 5
40.552631578948365 44
40.58771929824661 50
40.59649122807117 16
40.63157894736942 43
40.666666666667666 11
40.70175438596591 29
40.710526315790474 14
40.824561403509776 48
40.85087719298346 28
40.85964912280802 11
40.868421052632584 6
40.88596491228171 15
40.89473684210627 18
40.973684210527324 24
41.026315789474694 18
41.035087719299256 7
41.05263157894838 11
41.05263157894838 11
41.087719298246625 13
41.10526315789575 2
41.14912280701856 1
41.16666666666768 23
41.21052631579049 31
41.21929824561505 46
41.236842105264174 20
41.245614035088735 11
41.245614035088735 44
41.27192982456242 38
41.28947368421154 3
41.35964912280804 49
41.43859649122909 11
41.44736842105365 36
41.508771929825585 56
41.52631578947471 12
41.53508771929927 27
41.5964912280712 6
41.60526315789576 30
41.622807017544886 18
41.63157894736945 4
41.63157894736945 11
41.771929824562434 24
41.824561403509804 11
41.85964912280805 7
41.95614035087823 5
42.01754385965016 11
42.043859649123846 44
42.05263157894841 26
42.07894736842209 47
42.1228070175449 34
42.192982456141394 15
42.21052631579052 11
42.27192982456245 1
42.32456140350982 0
42.32456140350982 6
42.39473684210631 5
42.40350877193087 11
42.42105263158 36
42.42105263158 40
42.45614035087824 18
42.48245614035193 57
42.50877192982561 42
42.570175438597545 24
42.59649122807123 11
42.622807017544915 3
42.64035087719404 12
42.64035087719404 41
42.684210526316846 7
42.70175438596597 44
42.728070175439655 55
42.77192982456246 48
42.789473684211586 11
42.80701754386071 29
42.90350877193089 50
42.91228070175545 22
42.91228070175545 22
42.98245614035194 11
43.052631578948436 6
43.1754385964923 11
43.22807017543967 46
43.22807017543967 58
43.263157894737915 44
43.33333333333441 1
43.368421052632655 11
43.368421052632655 24
43.39473684210634 36
43.46491228070283 16
43.49122807017652 8
43.50000000000108 15
43.50877192982564 7
43.56140350877301 11
43.57017543859757 20
43.61403508772038 54
43.62280701754494 42
43.64035087719407 44
43.71052631579056 4
43.75438596491337 11
43.75438596491337 12
43.78070175438705 6
43.87719298245723 30
43.894736842106354 47
43.91228070175548 45
43.947368421053724 11
43.956140350878286 3
43.99122807017653 27
44.14035087719408 11
44.166666666667766 24
44.263157894737944 14
44.28070175438707 59
44.28947368421163 29
44.33333333333444 7
44.33333333333444 11
44.368421052632684 36
44.50000000000111 10
44.50877192982567 6
44.52631578947479 11
44.56140350877304 49
44.63157894736953 32
44.640350877194095 2
44.70175438596603 18
44.71052631579059 1
44.71052631579059 39
44.71929824561515 11
44.71929824561515 48
44.807017543860766 15
44.81578947368533 46
44.84210526315901 41
44.84210526315901 42
44.850877192983575 0
44.8684210526327 12
44.88596491228182 18
44.912280701755506 11
44.964912280702876 24
45.05263157894849 43
45.070175438597616 23
45.10526315789586 11
45.15789473684323 7
45.219298245615164 50
45.23684210526429 6
45.25438596491341 37
45.280701754387096 59
45.28947368421166 3
45.29824561403622 11
45.34210526315903 36
45.44736842105377 53
45.491228070176575 11
45.51754385965026 57
45.68421052631693 11
45.701754385966055 47
45.76315789473799 24
45.77192982456255 5
45.78947368421167 4
45.87719298245729 11
45.88596491228185 28
45.90350877193097 20
45.93859649122922 29
45.95614035087834 42
45.964912280702904 6
45.98245614035203 7
45.98245614035203 12
46.070175438597644 11
46.11403508772045 15
46.1491228070187 55
46.16666666666782 30
46.19298245614151 1
46.263157894738 11
46.263157894738 38
46.31578947368537 36
46.333333333334494 16
46.45614035087836 11
46.45614035087836 11
46.47368421052748 34
46.52631578947485 13
46.5614035087731 24
46.62280701754503 3
46.64912280701871 11
46.6754385964924 48
46.69298245614152 6
46.73684210526433 26
46.79824561403626 43
46.80701754386082 5
46.80701754386082 7
46.84210526315907 11
46.91228070175556 41
47.035087719299426 11
47.07017543859767 42
47.09649122807136 12
47.09649122807136 25
47.10526315789592 31
47.140350877194166 40
47.14912280701873 22
47.2017543859661 0
47.22807017543978 11
47.245614035088906 1
47.289473684211714 36
47.33333333333452 5
47.35964912280821 24
47.37719298245733 45
47.42105263158014 6
47.42105263158014 11
47.42105263158014 15
47.51754385965032 47
47.53508771929944 50
47.543859649124 39
47.59649122807137 46
47.614035087720495 11
47.63157894736962 7
47.71052631579067 5
47.76315789473804 49
47.80701754386085 11
47.81578947368541 14
47.86842105263278 4
47.938596491229276 58
47.9561403508784 3
47.97368421052752 59
48.00000000000121 11
48.149122807018756 6
48.15789473684332 24
48.17543859649244 2
48.184210526317 42
48.192982456141564 11
48.192982456141564 27
48.21052631579069 12
48.23684210526437 20
48.26315789473806 36
48.38596491228192 11
48.42982456140473 29
48.43859649122929 30
48.456140350878414 7
48.508771929825784 44
48.561403508773154 57
48.57894736842228 11
48.622807017545085 48
48.7105263157907 18
48.728070175439825 15
48.77192982456263 11
48.80701754386088 1
48.84210526315913 8
48.87719298245737 6
48.938596491229305 23
48.95614035087843 24
48.96491228070299 11
49.043859649124045 18
49.052631578948606 41
49.105263157895976 59
49.157894736843346 11
49.201754385966154 16
49.2368421052644 36
49.28070175438721 7
49.28947368421177 3
49.29824561403633 42
49.32456140351002 12
49.33333333333458 47
49.34210526315914 25
49.3508771929837 11
49.43859649122932 44
49.45614035087844 32
49.5350877192995 18
49.54385964912406 11
49.56140350877318 5
49.60526315789599 6
49.60526315789599 54
49.736842105264415 11
49.75438596491354 24
49.85087719298372 50
49.8771929824574 46
49.92982456140477 11
49.947368421053895 4
50.03508771929951 15
50.105263157896005 7
50.12280701754513 11
50.210526315790744 36
50.22807017543987 37
50.315789473685484 11
50.33333333333461 6
50.35087719298373 43
50.35964912280829 53
50.41228070175566 42
50.43859649122935 12
50.50877192982584 11
50.55263157894865 24
50.56140350877321 48
50.57017543859777 20
50.59649122807146 1
50.62280701754514 3
50.7017543859662 11
50.71052631579076 29
50.71929824561532 30
50.89473684210655 11
50.92105263158024 28
50.9298245614048 7
50.96491228070305 49
50.99122807017673 57
51.061403508773225 6
51.08771929824691 11
51.14912280701884 47
51.18421052631709 36
51.18421052631709 39
51.18421052631709 45
51.19298245614165 56
51.24561403508902 18
51.280701754387266 11
51.280701754387266 27
51.3421052631592 15
51.35087719298376 24
51.36842105263288 14
51.385964912282006 22
51.47368421052762 11
51.52631578947499 0
51.55263157894868 12
51.5701754385978 40
51.61403508772061 8
51.63157894736973 55
51.66666666666798 11
51.67543859649254 46
51.6842105263171 38
51.692982456141664 34
51.71052631579079 2
51.754385964913595 7
51.78947368421184 6
51.859649122808335 11
51.88596491228202 44
51.90350877193114 31
51.95614035087851 3
52.02631578947501 4
52.03508771929957 26
52.05263157894869 11
52.070175438597815 16
52.131578947369746 13
52.14912280701887 24
52.15789473684343 36
52.16666666666799 50
52.19298245614168 58
52.24561403508905 11
52.289473684211856 5
52.42105263158028 44
52.42982456140484 29
52.438596491229404 11
52.5087719298259 48
52.51754385965046 5
52.51754385965046 6
52.52631578947502 1
52.57894736842239 7
52.596491228071514 18
52.63157894736976 11
52.63157894736976 11
52.649122807018884 15
52.657894736843446 5
52.66666666666801 12
52.78070175438731 43
52.807017543860994 23
52.82456140351012 11
52.90350877193117 20
52.921052631580295 41
52.92982456140486 42
52.94736842105398 24
52.9649122807031 47
52.99122807017679 30
53.01754385965047 11
53.131578947369775 36
53.21052631579083 11
53.21052631579083 25
53.245614035089076 6
53.289473684211885 3
53.32456140351013 18
53.38596491228206 59
53.403508771931186 7
53.403508771931186 11
53.52631578947505 1
53.58771929824698 44
53.59649122807154 11
53.74561403508909 24
53.78070175438734 12
53.7894736842119 11
53.83333333333471 29
53.85964912280839 27
53.88596491228208 32
53.94736842105401 10
53.94736842105401 44
53.95614035087857 15
53.97368421052769 6
53.982456140352255 11
54.04385964912419 42
54.10526315789612 4
54.10526315789612 36
54.12280701754524 53
54.16666666666805 49
54.17543859649261 11
54.23684210526454 7
54.23684210526454 18
54.254385964913666 39
54.36842105263297 11
54.42105263158034 18
54.456140350878584 48
54.48245614035227 50
54.508771929825954 59
54.53508771929964 46
54.5438596491242 24
54.561403508773324 11
54.59649122807157 45
54.614035087720694 18
54.622807017545256 3
54.64035087719438 1
54.70175438596631 6
54.75438596491368 11
54.780701754387366 47
54.877192982457544 8
54.885964912282105 57
54.89473684210667 12
54.91228070175579 5
54.91228070175579 43
54.92105263158035 14
54.938596491229475 16
54.94736842105404 11
55.06140350877334 7
55.07894736842246 36
55.096491228071585 18
55.14035087719439 11
55.15789473684352 42
55.201754385966325 37
55.23684210526457 20
55.23684210526457 54
55.24561403508913 2
55.26315789473826 15
55.27192982456282 30
55.33333333333475 11
55.34210526315931 24
55.42982456140493 6
55.526315789475106 11
55.622807017545284 22
55.622807017545284 31
55.64912280701897 44
55.684210526317216 55
55.71929824561546 11
55.77192982456283 25
55.885964912282134 7
55.91228070175582 11
55.95614035087863 3
55.95614035087863 28
55.98245614035231 41
56.008771929826 12
56.052631578948805 36
56.105263157896175 0
56.105263157896175 11
56.13157894736986 40
56.14035087719442 24
56.157894736843545 6
56.18421052631723 4
56.25438596491372 58
56.27192982456285 42
56.29824561403653 11
56.40350877193127 48
56.49122807017689 11
56.50000000000145 29
56.57017543859794 15
56.578947368422504 59
56.59649122807163 47
56.67543859649268 23
56.67543859649268 38
56.684210526317244 11
56.70175438596637 26
56.71052631579093 7
56.798245614036546 50
56.82456140351023 46
56.8771929824576 11
56.88596491228216 6
56.93859649122953 24
57.000000000001464 1
57.01754385965059 44
57.02631578947515 36
57.04385964912427 34
57.07017543859796 11
57.08771929824708 13
57.12280701754533 12
57.1754385964927 25
57.26315789473831 11
57.289473684212 3
57.36842105263305 49
57.385964912282176 42
57.45614035087867 11
57.491228070176916 5
57.535087719299725 7
57.543859649124286 30
57.55263157894885 27
57.57017543859797 20
57.61403508772078 6
57.649122807019026 11
57.73684210526464 24
57.807017543861136 16
57.8157894736857 8
57.84210526315938 11
57.87719298245763 15
57.92105263158044 32
58.00000000000149 36
58.03508771929974 11
58.061403508773424 45
58.13157894736992 41
58.228070175440095 11
58.23684210526466 12
58.26315789473834 4
58.30701754386115 59
58.3421052631594 6
58.35087719298396 48
58.35964912280852 1
58.35964912280852 7
58.41228070175589 47
58.42105263158045 11
58.47368421052782 14
58.48245614035238 53
58.500000000001506 42
58.53508771929975 24
58.61403508772081 11
58.62280701754537 3
58.63157894736993 57
58.78070175438748 2
58.807017543861164 11
58.868421052633096 44
58.912280701755904 46
58.93859649122959 0
58.973684210527836 36
59.00000000000152 11
59.070175438598014 6
59.11403508772082 50
59.184210526317315 7
59.184210526317315 15
59.19298245614188 11
59.33333333333486 24
59.35087719298399 12
59.38596491228223 11
59.552631578948905 39
59.57894736842259 11
59.614035087720836 5
59.614035087720836 42
59.657894736843645 58
59.666666666668206 44
59.67543859649277 54
59.72807017544014 59
59.763157894738384 43
59.771929824562946 11
59.79824561403663 6
59.824561403510316 30
59.824561403510316 55
59.85964912280856 22
59.90350877193137 20
59.94736842105418 36
59.95614035087874 3
59.9649122807033 11
