0.02631578947368421 8
0.03508771929824561 50
0.06140350877192982 48
0.14035087719298245 26
0.14912280701754385 47
0.17543859649122806 25
0.18421052631578946 51
0.20175438596491227 55
0.21929824561403508 45
0.29824561403508787 53
0.3333333333333336 36
0.3333333333333336 37
0.43859649122807076 33
0.5000000000000008 0
0.5000000000000008 28
0.5350877192982465 7
0.5614035087719308 35
0.5789473684210537 23
0.5964912280701765 24
0.6140350877192994 15
0.6228070175438608 16
0.6403508771929837 2
0.6491228070175451 10
0.6578947368421065 3
0.7017543859649137 17
0.728070175438598 20
0.789473684210528 9
0.8684210526315809 54
1.1140350877193008 36
1.2894736842105294 1
1.3596491228070209 7
1.3859649122807052 14
1.3947368421052666 34
1.403508771929828 6
1.403508771929828 57
1.4298245614035123 22
1.464912280701758 24
1.8947368421052682 36
1.9298245614035139 15
1.9473684210526367 47
1.9649122807017596 11
1.973684210526321 4
2.0000000000000053 44
2.0087719298245665 17
2.0526315789473726 25
2.114035087719301 8
2.1403508771929847 6
2.157894736842107 3
2.1666666666666683 58
2.1754385964912295 7
2.1754385964912295 7
2.201754385964913 41
2.3333333333333313 24
2.403508771929821 29
2.5087719298245554 39
2.622807017543851 9
2.6754385964912184 36
2.736842105263147 48
2.7631578947368305 44
2.877192982456126 6
2.9736842105262995 0
2.991228070175422 7
3.0614035087719116 17
3.201754385964891 24
3.210526315789452 1
3.245614035087697 15
3.3859649122806763 25
3.456140350877166 36
3.464912280701727 51
3.4736842105262884 29
3.5614035087719005 20
3.6140350877192677 6
3.6140350877192677 16
3.657894736842074 3
3.7192982456140022 11
3.7368421052631247 47
3.7807017543859307 44
3.8070175438596143 7
4.052631578947331 53
4.070175438596454 24
4.114035087719262 50
4.122807017543824 2
4.2368421052631255 36
4.350877192982427 6
4.385964912280674 1
4.438596491228044 17
4.543859649122783 29
4.552631578947345 23
4.561403508771907 15
4.622807017543838 7
4.7192982456140165 25
4.771929824561386 26
4.824561403508756 8
4.903508771929811 57
4.938596491228058 24
4.982456140350866 9
4.991228070175428 33
5.017543859649113 36
5.043859649122798 14
5.043859649122798 39
5.087719298245606 6
5.254385964912277 48
5.289473684210524 41
5.289473684210524 55
5.359649122807017 37
5.438596491228072 7
5.48245614035088 28
5.53508771929825 47
5.614035087719305 11
5.622807017543867 29
5.649122807017552 22
5.657894736842113 45
5.7982456140351 36
5.807017543859661 24
5.824561403508785 6
5.868421052631593 15
5.9824561403508945 0
6.017543859649141 35
6.052631578947388 25
6.070175438596511 20
6.114035087719319 1
6.114035087719319 11
6.254385964912306 7
6.447368421052662 44
6.508771929824594 11
6.5614035087719635 6
6.578947368421087 36
6.605263157894772 16
6.675438596491265 24
6.877192982456183 10
6.894736842105306 3
6.91228070175443 50
7.070175438596539 7
7.087719298245663 44
7.175438596491279 15
7.201754385964964 58
7.228070175438649 29
7.298245614035142 6
7.359649122807074 36
7.368421052631636 47
7.385964912280759 25
7.403508771929882 1
7.4473684210526905 11
7.473684210526375 4
7.50000000000006 39
7.543859649122869 24
7.6052631578948 2
7.76315789473691 34
7.885964912280773 7
7.938596491228143 48
8.008771929824636 57
8.035087719298321 6
8.140350877193061 36
8.149122807017623 53
8.271929824561486 41
8.342105263157979 29
8.394736842105349 3
8.412280701754472 23
8.412280701754472 24
8.464912280701842 54
8.482456140350966 15
8.570175438596582 11
8.61403508771939 20
8.675438596491322 14
8.701754385965007 7
8.71929824561413 25
8.7719298245615 6
8.885964912280802 8
8.921052631579048 36
9.000000000000103 9
9.03508771929835 0
9.149122807017651 47
9.254385964912391 1
9.280701754386076 24
9.342105263158007 29
9.508771929824679 6
9.51754385964924 7
9.596491228070295 16
9.701754385965035 17
9.701754385965035 36
9.72807017543872 11
9.745614035087844 4
9.789473684210652 15
9.815789473684337 33
9.859649122807145 22
9.877192982456268 39
9.894736842105392 3
9.894736842105392 44
10.000000000000131 45
10.052631578947501 25
10.14912280701768 24
10.245614035087858 6
10.25438596491242 11
10.30701754385979 48
10.333333333333474 7
10.385964912280844 37
10.394736842105406 29
10.464912280701899 28
10.482456140351022 36
10.728070175438749 17
10.728070175438749 44
10.807017543859804 9
10.815789473684365 11
10.868421052631735 58
10.929824561403667 47
10.982456140351037 6
11.017543859649283 8
11.017543859649283 24
11.05263157894753 50
11.061403508772091 26
11.087719298245776 2
11.096491228070338 15
11.149122807017708 7
11.26315789473701 35
11.26315789473701 36
11.271929824561571 11
11.31578947368438 51
11.36842105263175 20
11.385964912280873 25
11.394736842105434 3
11.596491228070352 17
11.719298245614215 6
11.824561403508955 29
11.833333333333517 4
11.85087719298264 41
11.885964912280887 24
11.90350877193001 11
11.964912280701942 7
12.043859649122997 36
12.043859649122997 44
12.140350877193175 34
12.184210526315983 57
12.21929824561423 53
12.307017543859846 14
12.403508771930024 15
12.421052631579148 17
12.456140350877394 6
12.526315789473887 0
12.587719298245819 16
12.631578947368627 9
12.675438596491436 1
12.719298245614244 25
12.75438596491249 24
12.780701754386175 7
12.824561403508984 36
12.894736842105477 3
12.921052631579162 11
13.01754385964934 39
13.061403508772148 47
13.07017543859671 23
13.192982456140573 6
13.210526315789696 11
13.22807017543882 17
13.254385964912505 45
13.33333333333356 8
13.4385964912283 11
13.535087719298478 48
13.570175438596724 50
13.596491228070409 7
13.60526315789497 36
13.622807017544094 24
13.71052631578971 15
13.912280701754629 4
13.929824561403752 6
14.02631578947393 17
14.052631578947615 25
14.052631578947615 55
14.070175438596738 22
14.105263157894985 11
14.34210526315815 41
14.385964912280958 36
14.39473684210552 3
14.412280701754643 7
14.421052631579204 10
14.438596491228328 9
14.456140350877451 29
14.491228070175698 24
14.561403508772191 11
14.570175438596753 2
14.570175438596753 51
14.61403508771956 57
14.66666666666693 6
14.710526315789739 58
14.807017543859917 20
14.82456140350904 17
14.850877192982725 47
14.921052631579219 44
14.964912280702027 1
15.017543859649397 15
15.166666666666945 36
15.228070175438877 7
15.359649122807301 24
15.385964912280986 25
15.40350877193011 6
15.412280701754671 37
15.447368421052918 28
15.535087719298534 39
15.578947368421343 16
15.622807017544151 17
15.894736842105562 3
15.929824561403809 14
15.947368421052932 36
15.947368421052932 44
15.99122807017574 4
16.000000000000302 11
16.026315789473987 26
16.04385964912311 7
16.14035087719329 6
16.228070175438905 24
16.24561403508803 9
16.280701754386275 54
16.324561403509083 15
16.377192982456453 50
16.394736842105576 44
16.42105263157926 17
16.42105263157926 35
16.561403508772248 8
16.63157894736874 53
16.640350877193303 47
16.666666666666988 41
16.719298245614358 25
16.72807017543892 0
16.72807017543892 36
16.859649122807344 7
16.877192982456467 6
17.008771929824892 34
17.09649122807051 24
17.21929824561437 17
17.228070175438933 23
17.289473684210865 30
17.350877192982797 48
17.394736842105605 3
17.42105263157929 55
17.508771929824906 36
17.614035087719646 6
17.63157894736877 15
17.64035087719333 11
17.675438596491578 7
17.719298245614386 57
17.921052631579304 1
17.964912280702112 24
18.017543859649482 17
18.043859649123167 9
18.05263157894773 2
18.05263157894773 25
18.070175438596852 4
18.087719298245975 51
18.11403508771966 44
18.16666666666703 39
18.27192982456177 22
18.289473684210893 36
18.350877192982825 6
18.421052631579318 47
18.473684210526688 45
18.49122807017581 7
18.526315789474058 33
18.53508771929862 44
18.570175438596866 16
18.771929824561784 50
18.815789473684593 17
18.815789473684593 17
18.833333333333716 20
18.833333333333716 24
18.894736842105647 3
18.938596491228456 15
19.07017543859688 36
19.087719298246004 6
19.11403508771969 11
19.28070175438636 41
19.307017543860045 7
19.359649122807415 58
19.3859649122811 25
19.42982456140391 11
19.55263157894777 14
19.614035087719703 17
19.631578947368826 1
19.631578947368826 48
19.70175438596532 24
19.824561403509183 6
19.850877192982868 36
19.885964912281114 9
19.982456140351292 11
20.12280701754428 7
20.149122807017964 4
20.201754385965334 44
20.201754385965334 47
20.245614035088142 15
20.39473684210569 3
20.412280701754813 17
20.429824561403937 28
20.4385964912285 37
20.56140350877236 6
20.570175438596923 24
20.587719298246046 54
20.631578947368855 36
20.65789473684254 39
20.71929824561447 25
20.780701754386403 29
20.912280701754828 1
20.938596491228513 7
21.114035087719746 23
21.210526315789924 17
21.254385964912732 20
21.28947368421098 34
21.29824561403554 6
21.385964912281157 51
21.41228070175484 36
21.438596491228527 24
21.44736842105309 53
21.51754385964958 35
21.535087719298705 2
21.552631578947828 15
21.56140350877239 16
21.587719298246075 44
21.72807017543906 9
21.754385964912746 7
21.815789473684678 41
21.8333333333338 8
21.894736842105733 3
21.894736842105733 29
21.99122807017591 47
22.000000000000473 45
22.008771929825034 17
22.03508771929872 6
22.052631578947842 25
22.070175438596966 50
22.09649122807065 1
22.131578947368897 44
22.175438596491706 11
22.19298245614083 36
22.228070175439075 4
22.30701754386013 24
22.4736842105268 22
22.535087719298733 11
22.57017543859698 7
22.771929824561898 6
22.807017543860145 17
22.859649122807514 15
22.973684210526816 36
23.10526315789524 44
23.122807017544364 11
23.166666666667172 39
23.175438596491734 14
23.175438596491734 24
23.324561403509282 11
23.385964912281214 7
23.385964912281214 25
23.394736842105775 3
23.403508771930337 58
23.456140350877707 29
23.508771929825077 6
23.53508771929876 9
23.605263157895255 17
23.710526315789995 1
23.754385964912803 0
23.754385964912803 36
23.771929824561926 47
23.859649122807543 48
23.95614035087772 33
24.00000000000053 57
24.043859649123338 24
24.1666666666672 15
24.201754385965447 7
24.245614035088256 6
24.307017543860187 4
24.385964912281242 26
24.403508771930365 17
24.412280701754927 20
24.47368421052686 41
24.53508771929879 36
24.543859649123352 44
24.552631578947913 16
24.614035087719845 11
24.719298245614585 25
24.79824561403564 1
24.894736842105818 3
24.91228070175494 24
24.947368421053188 44
24.982456140351434 6
24.982456140351434 11
25.01754385964968 2
25.01754385964968 7
25.078947368421613 29
25.140350877193544 23
25.149122807018106 55
25.201754385965476 17
25.315789473684777 36
25.37719298245671 9
25.38596491228127 11
25.403508771930394 28
25.464912280702325 37
25.473684210526887 15
25.578947368421627 47
25.58771929824619 51
25.719298245614613 6
25.780701754386545 24
25.780701754386545 53
25.833333333333915 7
25.96491228070234 50
26.000000000000586 17
26.052631578947956 25
26.096491228070764 36
26.114035087719888 44
26.17543859649182 0
26.17543859649182 54
26.219298245614628 45
26.3859649122813 4
26.39473684210586 3
26.421052631579546 1
26.44736842105323 48
26.456140350877792 6
26.64912280701815 7
26.64912280701815 24
26.675438596491833 22
26.71052631579008 58
26.780701754386573 15
26.789473684211135 11
26.798245614035697 14
26.798245614035697 17
26.87719298245675 36
26.912280701754998 34
27.052631578947985 11
27.19298245614097 6
27.219298245614656 9
27.324561403509396 57
27.359649122807642 47
27.385964912281327 25
27.464912280702382 7
27.517543859649752 24
27.543859649123437 16
27.56140350877256 20
27.587719298246245 17
27.631578947369054 39
27.65789473684274 11
27.65789473684274 36
27.7807017543866 8
27.894736842105903 3
27.92982456140415 6
27.93859649122871 11
28.026315789474328 29
28.08771929824626 15
28.166666666667314 10
28.280701754386616 7
28.289473684211178 35
28.3070175438603 41
28.385964912281356 17
28.385964912281356 24
28.438596491228726 36
28.46491228070241 4
28.500000000000657 2
28.596491228070835 33
28.66666666666733 1
28.66666666666733 6
28.7192982456147 25
28.7192982456147 55
28.859649122807685 51
29.017543859649795 9
29.078947368421726 23
29.09649122807085 7
29.140350877193658 47
29.184210526316466 17
29.219298245614713 36
29.25438596491296 24
29.280701754386644 44
29.394736842105946 3
29.394736842105946 15
29.403508771930507 6
29.456140350877877 50
29.78947368421122 26
29.815789473684905 0
29.84210526315859 1
29.8859649122814 48
29.90350877193052 53
29.912280701755083 7
29.964912280702453 44
29.982456140351577 17
30.0000000000007 36
30.0000000000007 39
30.05263157894807 25
30.122807017544563 24
30.140350877193686 6
30.412280701755098 28
30.42105263157966 14
30.42982456140422 20
30.491228070176152 37
30.53508771929896 16
30.543859649123522 4
30.666666666667385 54
30.68421052631651 57
30.701754385965632 15
30.728070175439317 7
30.728070175439317 58
30.74561403508844 45
30.780701754386687 17
30.780701754386687 36
30.824561403509495 9
30.84210526315862 44
30.877192982456865 6
30.877192982456865 22
30.89473684210599 3
30.921052631579673 47
30.96491228070248 29
30.991228070176167 24
31.087719298246345 11
31.38596491228144 1
31.38596491228144 25
31.54385964912355 7
31.561403508772674 36
31.578947368421797 17
31.614035087720044 6
31.75438596491303 8
31.780701754386715 34
31.85964912280777 24
31.982456140351633 2
32.008771929825315 15
32.061403508772685 44
32.24561403508848 55
32.333333333334096 0
32.34210526315866 36
32.35087719298322 6
32.35964912280778 7
32.36842105263234 39
32.377192982456904 17
32.39473684210603 3
32.39473684210603 51
32.438596491228836 41
32.482456140351644 29
32.62280701754463 4
32.63157894736919 9
32.701754385965685 47
32.71929824561481 25
32.72807017543937 24
32.92105263157973 11
32.92105263157973 20
32.98245614035166 23
32.98245614035166 50
33.00000000000078 33
33.0877192982464 6
33.122807017544645 36
33.175438596492015 7
33.175438596492015 17
33.21929824561482 1
33.315789473685 15
33.52631578947448 16
33.596491228070974 24
33.62280701754466 57
33.68421052631659 48
33.754385964913084 53
33.82456140350958 6
33.868421052632385 29
33.89473684210607 3
33.90350877193063 36
33.973684210527125 17
33.99122807017625 7
34.04385964912362 14
34.05263157894818 25
34.10526315789555 11
34.245614035088536 35
34.46491228070258 24
34.46491228070258 41
34.47368421052714 9
34.4824561403517 47
34.51754385964995 26
34.54385964912363 10
34.561403508772756 6
34.614035087720126 1
34.62280701754469 15
34.63157894736925 11
34.64035087719381 45
34.64912280701837 8
34.68421052631662 36
34.70175438596574 4
34.771929824562235 17
34.80701754386048 7
34.929824561404345 0
35.07894736842189 22
35.20175438596576 29
35.298245614035935 6
35.33333333333418 24
35.38596491228155 25
35.39473684210611 3
35.39473684210611 28
35.464912280702606 2
35.464912280702606 36
35.517543859649976 37
35.570175438597346 17
35.622807017544716 7
35.70175438596577 50
35.780701754386826 51
35.81578947368507 58
35.929824561404374 15
35.9473684210535 54
36.03508771929911 6
36.13157894736929 48
36.16666666666754 39
36.201754385965785 24
36.24561403508859 36
36.263157894737716 47
36.27192982456228 9
36.315789473685086 57
36.368421052632456 17
36.4035087719307 11
36.421052631579826 1
36.43859649122895 7
36.517543859650004 16
36.71929824561492 25
36.77192982456229 6
36.780701754386854 4
36.86842105263247 29
36.87719298245703 23
36.894736842106155 3
36.92105263157984 11
36.991228070176334 41
37.02631578947458 36
37.07017543859739 24
37.16666666666757 17
37.23684210526406 15
37.25438596491318 7
37.38596491228161 20
37.50877192982547 6
37.578947368421964 53
37.66666666666758 14
37.736842105264074 34
37.7543859649132 55
37.789473684211444 1
37.80701754386057 36
37.92982456140443 11
37.93859649122899 24
37.96491228070268 17
38.000000000000924 0
38.04385964912373 47
38.052631578948294 25
38.07017543859742 7
38.07017543859742 48
38.07894736842198 9
38.07894736842198 29
38.0964912280711 44
38.15789473684303 45
38.24561403508865 6
38.3947368421062 3
38.543859649123746 15
38.587719298246554 36
38.76315789473779 17
38.807017543860596 24
38.859649122807966 4
38.88596491228165 7
38.89473684210621 33
38.94736842105358 2
38.98245614035183 6
39.008771929825514 41
39.23684210526412 8
39.2631578947378 50
39.27192982456236 58
39.280701754386925 22
39.36842105263254 36
39.385964912281665 25
39.40350877193079 39
39.50877192982553 16
39.5614035087729 17
39.6754385964922 24
39.701754385965884 7
39.71929824561501 6
39.82456140350975 47
39.85087719298343 15
39.87719298245712 11
39.88596491228168 9
39.89473684210624 3
40.017543859650104 35
40.14912280701853 36
40.21052631579046 11
40.21929824561502 20
40.25438596491327 26
40.35964912280801 17
40.37719298245713 28
40.447368421053625 11
40.45614035087819 6
40.46491228070275 51
40.51754385965012 7
40.5438596491238 24
40.5438596491238 37
40.719298245615036 25
40.78070175438697 23
40.929824561404516 36
40.929824561404516 48
40.93859649122908 4
41.15789473684312 15
41.15789473684312 17
41.192982456141365 6
41.20175438596593 57
41.245614035088735 29
41.28947368421154 14
41.33333333333435 7
41.39473684210628 3
41.39473684210628 55
41.41228070175541 24
41.42982456140453 53
41.50000000000102 0
41.60526315789576 47
41.68421052631682 54
41.7105263157905 36
41.728070175439626 9
41.85087719298349 8
41.929824561404544 6
41.929824561404544 39
41.95614035087823 17
42.05263157894841 25
42.06140350877297 50
42.07894736842209 45
42.149122807018585 7
42.28070175438701 24
42.42982456140456 2
42.464912280702805 15
42.49122807017649 34
42.49122807017649 36
42.50000000000105 16
42.66666666666772 6
42.70175438596597 41
42.71929824561509 1
42.75438596491334 17
42.894736842106326 3
42.92982456140457 48
42.96491228070282 7
43.01754385965019 4
43.149122807018614 24
43.27192982456248 11
43.27192982456248 36
43.38596491228178 25
43.38596491228178 47
43.4035087719309 6
43.48245614035196 22
43.48245614035196 58
43.53508771929933 9
43.55263157894845 17
43.745614035088806 33
43.77192982456249 15
43.78070175438705 7
43.789473684211615 1
43.85964912280811 57
44.01754385965022 24
44.052631578948464 36
44.14035087719408 6
44.14912280701864 44
44.35087719298356 17
44.39473684210637 3
44.47368421052742 29
44.59649122807129 7
44.640350877194095 0
44.6842105263169 23
44.71929824561515 25
44.78070175438708 26
44.807017543860766 51
44.83333333333445 36
44.87719298245726 6
44.88596491228182 11
44.88596491228182 24
44.912280701755506 14
44.97368421052744 39
45.00000000000112 35
45.07894736842218 15
45.0964912280713 4
45.14912280701867 17
45.166666666667794 47
45.2105263157906 48
45.25438596491341 41
45.35964912280815 28
45.377192982457274 9
45.385964912281835 53
45.41228070175552 7
45.491228070176575 16
45.50000000000114 55
45.53508771929938 8
45.57017543859763 37
45.61403508772044 6
45.61403508772044 36
45.754385964913425 24
45.89473684210641 3
45.90350877193097 11
45.912280701755535 2
45.921052631580096 54
45.94736842105378 17
45.964912280702904 50
46.05263157894852 25
46.15789473684326 45
46.184210526316946 20
46.228070175439754 7
46.35087719298362 6
46.385964912281864 15
46.394736842106425 36
46.62280701754503 24
46.73684210526433 11
46.74561403508889 17
46.91228070175556 58
46.94736842105381 47
47.04385964912399 7
47.087719298246796 6
47.140350877194166 1
47.17543859649241 4
47.17543859649241 36
47.184210526316974 9
47.3157894736854 41
47.32456140350996 11
47.36842105263277 57
47.38596491228189 25
47.394736842106454 3
47.49122807017663 24
47.543859649124 17
47.68421052631699 22
47.69298245614155 15
47.824561403509975 6
47.85087719298366 0
47.85087719298366 29
47.85964912280822 7
47.85964912280822 48
47.89473684210647 39
47.9561403508784 36
47.96491228070296 44
48.035087719299455 11
48.12280701754507 34
48.32456140350999 50
48.34210526315911 17
48.359649122808236 24
48.4824561403521 16
48.53508771929947 14
48.561403508773154 6
48.58771929824684 23
48.60526315789596 1
48.675438596492455 7
48.71929824561526 25
48.728070175439825 47
48.73684210526439 36
48.87719298245737 20
48.8947368421065 3
49.000000000001236 15
49.01754385965036 33
49.02631578947492 9
49.02631578947492 11
49.14035087719422 17
49.22807017543984 24
49.254385964913524 4
49.29824561403633 6
49.3508771929837 29
49.39473684210651 2
49.49122807017669 7
49.517543859650374 36
49.5350877192995 45
49.58771929824687 51
49.59649122807143 41
49.64035087719424 44
49.684210526317045 11
49.92105263158021 8
49.93859649122933 17
50.03508771929951 6
50.04385964912407 48
50.052631578948635 25
50.09649122807144 24
50.14912280701881 53
50.29824561403636 36
50.30701754386092 7
50.30701754386092 15
50.33333333333461 11
50.33333333333461 28
50.35964912280829 29
50.35964912280829 55
50.39473684210654 3
50.46491228070303 35
50.526315789474964 47
50.587719298246896 44
50.59649122807146 37
50.64912280701883 26
50.736842105264444 17
50.745614035089005 54
50.77192982456269 6
50.83333333333462 9
50.94736842105392 11
50.96491228070305 24
51.05263157894866 39
51.07894736842235 36
51.122807017545156 7
51.14035087719428 50
51.14912280701884 58
51.175438596492526 44
51.21052631579077 20
51.333333333334636 4
51.385964912282006 25
51.42105263158025 1
51.46491228070306 0
51.47368421052762 16
51.50877192982587 6
51.535087719299554 17
51.61403508772061 15
51.83333333333465 24
51.83333333333465 41
51.859649122808335 36
51.88596491228202 22
51.89473684210658 3
51.92982456140483 11
51.93859649122939 7
51.9824561403522 8
52.15789473684343 14
52.24561403508905 6
52.30701754386098 47
52.333333333334664 17
52.40350877193116 34
52.491228070176774 23
52.63157894736976 11
52.64035087719432 9
52.64035087719432 36
52.66666666666801 44
52.701754385966254 24
52.71929824561538 25
52.754385964913624 7
52.82456140351012 11
52.87719298245749 2
52.921052631580295 15
52.98245614035223 6
53.131578947369775 17
53.394736842106624 3
53.41228070175575 4
53.42105263158031 36
53.552631578948734 50
53.57017543859786 7
53.57017543859786 24
53.62280701754523 44
53.69298245614172 33
53.719298245615406 6
53.78070175438734 1
53.824561403510145 29
53.824561403510145 39
53.83333333333471 45
53.929824561404885 17
53.93859649122945 57
54.00000000000138 48
54.05263157894875 25
54.087719298246995 47
54.11403508772068 20
54.11403508772068 55
54.1315789473698 11
54.2017543859663 36
54.22807017543998 15
54.38596491228209 7
54.43859649122946 24
54.456140350878584 6
54.464912280703146 11
54.464912280703146 16
54.48245614035227 8
54.48245614035227 9
54.728070175439996 17
54.80701754386105 10
54.8421052631593 41
54.885964912282105 0
54.89473684210667 3
54.982456140352284 36
55.17543859649264 26
55.19298245614176 6
55.201754385966325 7
55.307017543861065 24
55.315789473685626 28
55.32456140351019 11
55.38596491228212 25
55.49122807017686 4
55.526315789475106 17
55.53508771929967 15
55.53508771929967 58
55.578947368422476 11
55.60526315789616 29
55.622807017545284 37
55.70175438596634 35
55.76315789473827 36
55.780701754387394 14
55.86842105263301 47
55.92982456140494 6
55.947368421054065 48
56.01754385965056 7
56.01754385965056 53
56.08771929824705 22
56.17543859649267 24
56.2368421052646 54
56.28070175438741 9
56.315789473685655 39
56.32456140351022 17
56.3508771929839 23
56.35964912280846 2
56.39473684210671 3
56.40350877193127 1
56.429824561404956 51
56.54385964912426 36
56.61403508772075 29
56.66666666666812 6
56.71929824561549 25
56.745614035089176 57
56.83333333333479 7
56.83333333333479 8
56.842105263159354 15
56.85964912280848 20
57.04385964912427 24
57.12280701754533 17
57.31578947368568 50
57.324561403510245 36
57.324561403510245 41
57.4035087719313 6
57.45614035087867 16
57.57017543859797 4
57.57894736842253 34
57.649122807019026 7
57.649122807019026 7
57.649122807019026 47
57.89473684210675 3
57.912280701755876 24
57.92105263158044 17
58.05263157894886 25
58.061403508773424 29
58.07894736842255 9
58.10526315789623 36
58.14035087719448 6
58.14912280701904 15
58.228070175440095 55
58.32456140351027 11
58.36842105263308 0
58.42982456140501 1
58.46491228070326 7
58.58771929824712 11
58.62280701754537 45
58.657894736843616 44
58.71929824561555 17
58.72807017544011 39
58.78070175438748 24
58.807017543861164 33
58.87719298245766 6
58.88596491228222 36
59.017543859650644 11
59.078947368422575 8
59.25438596491381 29
59.28070175438749 7
59.38596491228223 25
59.394736842106795 3
59.40350877193136 14
59.42982456140504 47
59.45614035087873 15
59.49122807017697 44
59.51754385965066 17
59.605263157896275 57
59.614035087720836 6
59.64912280701908 4
59.64912280701908 24
59.666666666668206 36
59.67543859649277 48
59.68421052631733 50
59.72807017544014 20
59.84210526315944 2
59.88596491228225 9
