0.0 14
0.11403508771929824 15
0.14912280701754385 11
0.21929824561403508 2
0.22807017543859648 1
0.24561403508771928 53
0.2543859649122807 38
0.3070175438596493 7
0.32456140350877216 6
0.4210526315789479 20
0.4210526315789479 57
0.42982456140350933 43
0.4561403508771936 44
0.605263157894738 28
0.6228070175438608 36
0.666666666666668 18
0.6929824561403523 45
0.7105263157894751 25
0.7105263157894751 37
0.7631578947368437 0
0.7807017543859666 16
0.7807017543859666 55
0.8070175438596509 24
0.8684210526315809 32
0.9473684210526337 26
0.9561403508771952 11
1.035087719298248 17
1.0438596491228094 7
1.0526315789473708 6
1.0526315789473708 31
1.0701754385964937 44
1.1052631578947394 23
1.1491228070175465 4
1.1666666666666694 22
1.1754385964912308 27
1.1929824561403537 42
1.2456140350877223 30
1.2719298245614066 29
1.3070175438596523 34
1.3684210526315823 11
1.3859649122807052 18
1.4298245614035123 15
1.4473684210526352 5
1.4561403508771966 50
1.5175438596491266 36
1.6228070175438638 54
1.6754385964912324 24
1.7105263157894781 47
1.728070175438601 41
1.7543859649122853 5
1.7807017543859696 7
1.7807017543859696 40
1.8157894736842153 6
1.8333333333333381 11
1.850877192982461 43
1.9649122807017596 1
2.149122807017546 5
2.1666666666666683 18
2.2280701754385968 56
2.280701754385964 58
2.412280701754382 36
2.412280701754382 39
2.5175438596491166 7
2.5438596491228003 5
2.5438596491228003 6
2.5438596491228003 24
2.61403508771929 18
2.6491228070175348 25
2.6754385964912184 59
2.745614035087708 15
2.7982456140350753 48
3.0263157894736668 20
3.1403508771929625 1
3.254385964912258 7
3.254385964912258 42
3.2719298245613806 6
3.3070175438596254 36
3.3596491228069927 29
3.368421052631554 4
3.41228070175436 5
3.41228070175436 24
3.535087719298217 47
3.543859649122778 30
3.675438596491196 14
3.7631578947368083 57
3.7719298245613695 17
3.789473684210492 16
3.877192982456104 0
3.885964912280665 41
3.9824561403508385 7
3.999999999999961 6
4.052631578947331 15
4.052631578947331 43
4.0877192982455774 25
4.140350877192947 2
4.175438596491194 27
4.201754385964879 36
4.219298245614002 50
4.280701754385934 24
4.394736842105235 31
4.605263157894715 35
4.6666666666666465 53
4.701754385964893 11
4.710526315789455 7
4.728070175438578 6
4.798245614035071 45
4.807017543859633 59
4.8684210526315645 5
4.964912280701743 32
5.0964912280701675 36
5.131578947368414 39
5.149122807017537 24
5.3245614035087705 11
5.333333333333332 18
5.359649122807017 15
5.368421052631579 47
5.385964912280702 22
5.438596491228072 7
5.456140350877195 6
5.464912280701757 42
5.58771929824562 5
5.614035087719305 29
5.649122807017552 28
5.649122807017552 58
5.675438596491237 48
5.684210526315798 37
5.69298245614036 23
5.701754385964922 17
5.736842105263168 44
5.780701754385976 55
5.85087719298247 18
5.859649122807031 54
5.9298245614035245 20
5.964912280701771 30
5.991228070175456 36
6.017543859649141 24
6.043859649122826 44
6.166666666666689 7
6.175438596491251 40
6.1842105263158125 6
6.228070175438621 59
6.298245614035114 26
6.307017543859676 38
6.377192982456169 25
6.377192982456169 25
6.429824561403539 41
6.464912280701785 11
6.6140350877193335 17
6.622807017543895 4
6.666666666666703 15
6.710526315789512 27
6.728070175438635 34
6.780701754386005 16
6.780701754386005 29
6.842105263157936 5
6.885964912280745 24
6.885964912280745 36
6.885964912280745 42
6.903508771929868 7
6.91228070175443 6
6.91228070175443 44
7.070175438596539 50
7.175438596491279 0
7.1929824561404025 47
7.236842105263211 56
7.307017543859704 14
7.324561403508827 59
7.438596491228129 11
7.438596491228129 57
7.526315789473745 18
7.587719298245677 39
7.631578947368485 7
7.640350877193047 6
7.754385964912348 24
7.780701754386033 36
7.947368421052705 11
7.97368421052639 15
8.008771929824636 1
8.008771929824636 2
8.166666666666746 11
8.342105263157979 30
8.359649122807102 7
8.368421052631664 6
8.368421052631664 10
8.377192982456226 3
8.429824561403596 31
8.45614035087728 49
8.45614035087728 59
8.50877192982465 42
8.61403508771939 44
8.61403508771939 48
8.622807017543952 17
8.622807017543952 24
8.622807017543952 25
8.675438596491322 36
8.82456140350887 5
8.833333333333432 4
8.973684210526418 32
8.991228070175541 53
9.008771929824665 47
9.078947368421158 18
9.08771929824572 7
9.096491228070281 6
9.096491228070281 11
9.280701754386076 15
9.385964912280816 50
9.438596491228186 27
9.438596491228186 58
9.482456140350994 18
9.491228070175556 24
9.57017543859661 36
9.578947368421172 45
9.596491228070295 22
9.62280701754398 1
9.62280701754398 55
9.640350877193104 44
9.771929824561528 11
9.771929824561528 16
9.78070175438609 3
9.824561403508898 6
9.824561403508898 7
10.09649122807031 41
10.131578947368556 23
10.192982456140488 11
10.35964912280716 24
10.385964912280844 42
10.429824561403652 20
10.464912280701899 36
10.552631578947516 6
10.561403508772077 7
10.561403508772077 11
10.570175438596639 40
10.5789473684212 59
10.587719298245762 15
10.587719298245762 29
10.614035087719447 48
10.622807017544009 30
10.622807017544009 57
10.657894736842255 37
10.68421052631594 28
10.692982456140502 54
10.807017543859804 1
10.833333333333488 43
10.833333333333488 47
10.850877192982612 25
10.938596491228228 14
11.017543859649283 44
11.140350877193146 4
11.149122807017708 26
11.184210526315955 3
11.228070175438763 24
11.280701754386133 6
11.289473684210694 0
11.289473684210694 7
11.359649122807188 36
11.491228070175612 5
11.543859649122982 2
11.543859649122982 35
11.578947368421229 17
11.675438596491407 34
11.824561403508955 59
11.894736842105448 15
11.929824561403695 42
11.95614035087738 31
12.00877192982475 6
12.017543859649312 7
12.078947368421243 38
12.096491228070366 24
12.184210526315983 25
12.210526315789668 5
12.254385964912476 36
12.32456140350897 41
12.350877192982654 1
12.359649122807216 56
12.37719298245634 18
12.500000000000203 27
12.54385964912301 53
12.587719298245819 3
12.684210526315997 47
12.736842105263367 6
12.745614035087929 7
12.763157894737052 16
12.789473684210737 29
12.80701754385986 18
12.824561403508984 59
12.877192982456354 11
12.903508771930039 30
12.9122807017546 5
12.96491228070197 24
13.000000000000217 32
13.008771929824778 20
13.008771929824778 39
13.061403508772148 58
13.149122807017765 36
13.17543859649145 44
13.201754385965135 15
13.22807017543882 55
13.263157894737066 18
13.298245614035313 45
13.33333333333356 50
13.38596491228093 11
13.394736842105491 4
13.412280701754614 48
13.456140350877423 49
13.456140350877423 57
13.464912280701984 6
13.473684210526546 7
13.517543859649354 25
13.622807017544094 43
13.631578947368656 42
13.736842105263396 0
13.798245614035327 22
13.824561403509012 18
13.833333333333574 24
13.929824561403752 17
13.991228070175683 3
14.043859649123053 23
14.043859649123053 36
14.13157894736867 29
14.192982456140601 6
14.201754385965163 7
14.210526315789725 59
14.359649122807273 5
14.50000000000026 47
14.508771929824821 15
14.570175438596753 14
14.587719298245876 18
14.66666666666693 1
14.701754385965177 24
14.833333333333602 44
14.850877192982725 25
14.868421052631849 41
14.921052631579219 6
14.92982456140378 7
14.938596491228342 36
15.078947368421328 2
15.078947368421328 43
15.175438596491507 30
15.29824561403537 29
15.394736842105548 3
15.412280701754671 48
15.482456140351164 4
15.570175438596781 24
15.631578947368713 37
15.649122807017836 6
15.657894736842398 7
15.67543859649152 5
15.701754385965206 50
15.72807017543889 39
15.736842105263452 28
15.754385964912576 16
15.807017543859946 54
15.815789473684507 15
15.83333333333363 36
15.859649122807316 17
15.894736842105562 20
16.03508771929855 27
16.114035087719603 5
16.184210526316097 25
16.228070175438905 59
16.25438596491259 1
16.280701754386275 57
16.289473684210837 53
16.31578947368452 47
16.377192982456453 6
16.394736842105576 7
16.429824561403823 34
16.438596491228385 24
16.482456140351193 58
16.500000000000316 18
16.543859649123124 43
16.605263157895056 18
16.67543859649155 35
16.67543859649155 45
16.701754385965234 0
16.72807017543892 36
16.798245614035412 3
16.815789473684536 29
16.973684210526645 18
16.973684210526645 26
17.0526315789477 10
17.10526315789507 6
17.122807017544194 15
17.131578947368755 7
17.280701754386303 40
17.30701754385999 24
17.30701754385999 38
17.333333333333673 49
17.394736842105605 48
17.464912280702098 30
17.48245614035122 1
17.517543859649468 25
17.561403508772276 4
17.596491228070523 17
17.622807017544208 36
17.657894736842454 18
17.73684210526351 11
17.73684210526351 31
17.780701754386318 32
17.78947368421088 44
17.833333333333687 6
17.859649122807372 7
17.929824561403866 23
17.94736842105299 43
17.991228070175797 22
18.131578947368784 11
18.131578947368784 47
18.175438596491592 24
18.184210526316154 59
18.192982456140715 14
18.201754385965277 3
18.26315789473721 41
18.26315789473721 55
18.412280701754757 18
18.42982456140388 15
18.517543859649496 36
18.53508771929862 27
18.561403508772305 6
18.58771929824599 7
18.58771929824599 42
18.614035087719675 2
18.614035087719675 50
18.64035087719336 39
18.7456140350881 16
18.763157894737223 20
18.85087719298284 17
18.85087719298284 25
18.85087719298284 56
19.043859649123196 11
19.043859649123196 24
19.087719298246004 29
19.289473684210922 6
19.32456140350917 7
19.350877192982853 48
19.412280701754785 36
19.464912280702155 0
19.464912280702155 11
19.482456140351278 59
19.587719298246018 57
19.60526315789514 3
19.640350877193388 4
19.728070175439004 44
19.736842105263566 1
19.736842105263566 15
19.736842105263566 17
19.736842105263566 30
19.75438596491269 11
19.798245614035498 58
19.9122807017548 24
19.947368421053046 47
20.008771929824977 11
20.01754385964954 6
20.052631578947786 7
20.140350877193402 42
20.140350877193402 53
20.149122807017964 18
20.18421052631621 25
20.245614035088142 18
20.263157894737265 5
20.307017543860074 36
20.34210526315832 43
20.359649122807443 45
20.60526315789517 37
20.745614035088156 6
20.780701754386403 7
20.780701754386403 24
20.780701754386403 28
20.859649122807458 44
20.903508771930266 41
20.912280701754828 54
20.92105263157939 49
20.92982456140395 50
20.938596491228513 59
20.97368421052676 29
21.008771929825006 3
21.043859649123252 15
21.13157894736887 18
21.1929824561408 5
21.201754385965362 36
21.219298245614485 27
21.280701754386417 1
21.29824561403554 48
21.473684210526773 6
21.50877192982502 7
21.50877192982502 18
21.535087719298705 26
21.543859649123267 25
21.649122807018006 24
21.7192982456145 4
21.736842105263623 16
21.763157894737308 47
21.789473684210993 42
21.815789473684678 14
21.815789473684678 35
21.964912280702226 5
22.017543859649596 30
22.026315789474157 17
22.070175438596966 57
22.09649122807065 36
22.131578947368897 39
22.14912280701802 2
22.14912280701802 59
22.19298245614083 22
22.20175438596539 6
22.2456140350882 7
22.289473684211007 32
22.35087719298294 15
22.377192982456624 18
22.41228070175487 3
22.491228070175925 18
22.51754385964961 24
22.51754385964961 31
22.52631578947417 23
22.552631578947857 34
22.710526315789966 18
22.754385964912775 11
22.798245614035583 43
22.877192982456638 25
22.89473684210576 0
22.89473684210576 44
22.929824561404008 6
22.973684210526816 7
22.99122807017594 36
23.20175438596542 20
23.245614035088227 50
23.245614035088227 59
23.298245614035597 58
23.342105263158405 17
23.342105263158405 40
23.350877192982967 48
23.385964912281214 24
23.57894736842157 47
23.614035087719817 44
23.6403508771935 45
23.657894736842625 6
23.657894736842625 15
23.666666666667187 42
23.701754385965433 7
23.710526315789995 29
23.79824561403561 4
23.815789473684735 3
23.859649122807543 53
23.885964912281228 36
23.912280701754913 38
23.912280701754913 56
23.938596491228598 1
23.964912280702283 11
24.026315789474214 27
24.035087719298776 18
24.131578947368954 49
24.21052631579001 25
24.254385964912817 24
24.289473684211064 30
24.36842105263212 41
24.385964912281242 6
24.42982456140405 7
24.456140350877735 44
24.464912280702297 59
24.59649122807072 17
24.728070175439147 16
24.736842105263708 43
24.780701754386516 36
24.96491228070231 15
25.096491228070736 42
25.105263157895298 18
25.11403508771986 6
25.12280701754442 24
25.157894736842668 7
25.2192982456146 3
25.307017543860216 48
25.359649122807586 18
25.403508771930394 5
25.403508771930394 17
25.412280701754955 47
25.43859649122864 14
25.48245614035145 29
25.48245614035145 59
25.49122807017601 0
25.54385964912338 25
25.561403508772504 50
25.578947368421627 37
25.675438596491805 36
25.684210526316367 1
25.684210526316367 2
25.824561403509353 28
25.842105263158476 6
25.877192982456723 4
25.885964912281285 7
25.96491228070234 55
25.991228070176025 24
26.000000000000586 44
26.105263157895326 18
26.114035087719888 20
26.157894736842696 11
26.271929824561997 15
26.28070175438656 5
26.3859649122813 22
26.473684210526915 17
26.49122807017604 23
26.561403508772532 11
26.570175438597094 6
26.570175438597094 30
26.570175438597094 36
26.614035087719902 7
26.622807017544464 3
26.65789473684271 58
26.71052631579008 41
26.71929824561464 1
26.75438596491289 43
26.859649122807628 24
26.86842105263219 44
26.87719298245675 25
26.92105263157956 42
27.114035087719916 11
27.149122807018163 27
27.228070175439218 35
27.24561403508834 47
27.254385964912903 48
27.29824561403571 6
27.324561403509396 5
27.333333333333957 49
27.34210526315852 7
27.35087719298308 32
27.35087719298308 54
27.421052631579574 29
27.464912280702382 36
27.570175438597122 53
27.578947368421684 15
27.649122807018177 18
27.701754385965547 17
27.71052631579011 40
27.71929824561467 16
27.71929824561467 34
27.728070175439232 24
27.850877192983095 45
27.850877192983095 57
27.87719298245678 50
27.921052631579588 59
27.956140350877835 4
28.026315789474328 3
28.026315789474328 6
28.078947368421698 7
28.09649122807082 42
28.14912280701819 0
28.210526315790123 25
28.210526315790123 31
28.35964912280767 36
28.46491228070241 26
28.56140350877259 44
28.596491228070835 1
28.596491228070835 24
28.631578947369082 20
28.754385964912945 6
28.807017543860315 7
28.850877192983123 30
28.88596491228137 15
28.89473684210593 56
28.89473684210593 59
29.035087719298918 5
29.061403508772603 14
29.061403508772603 47
29.078947368421726 18
29.122807017544535 17
29.122807017544535 41
29.21052631579015 48
29.219298245614713 2
29.25438596491296 36
29.280701754386644 11
29.324561403509453 55
29.385964912281384 44
29.403508771930507 42
29.42105263157963 39
29.429824561404192 3
29.46491228070244 24
29.482456140351562 6
29.535087719298932 7
29.543859649123494 25
29.614035087719987 43
29.929824561404207 1
29.95614035087789 10
29.964912280702453 11
30.035087719298946 4
30.05263157894807 17
30.149122807018248 36
30.192982456141056 15
30.192982456141056 50
30.21052631579018 6
30.26315789473755 7
30.280701754386673 18
30.298245614035796 58
30.333333333334043 24
30.36842105263229 23
30.53508771929896 49
30.543859649123522 57
30.552631578948084 37
30.57894736842177 22
30.57894736842177 42
30.622807017544577 38
30.649122807018262 18
30.710526315790194 16
30.763157894737564 29
30.833333333334057 3
30.868421052632304 28
30.877192982456865 25
30.877192982456865 47
30.90350877193055 17
30.938596491228797 6
30.991228070176167 0
30.991228070176167 7
31.00000000000073 59
31.043859649123537 1
31.043859649123537 36
31.07017543859722 5
31.12280701754459 20
31.12280701754459 30
31.157894736842838 48
31.1666666666674 27
31.201754385965646 24
31.500000000000743 15
31.666666666667414 6
31.710526315790222 11
31.719298245614784 7
31.74561403508847 17
31.780701754386715 44
31.815789473684962 5
31.938596491228825 36
32.008771929825315 41
32.04385964912356 53
32.070175438597246 24
32.070175438597246 54
32.114035087720055 4
32.114035087720055 18
32.114035087720055 32
32.175438596491986 59
32.21052631579023 25
32.23684210526392 3
32.39473684210603 6
32.4473684210534 7
32.50877192982533 50
32.57894736842182 17
32.68421052631656 14
32.692982456141124 35
32.692982456141124 47
32.754385964913055 2
32.807017543860425 15
32.83333333333411 36
32.93859649122885 24
33.00000000000078 34
33.122807017544645 6
33.14912280701833 18
33.175438596492015 7
33.175438596492015 48
33.19298245614114 5
33.25438596491307 29
33.29824561403588 26
33.35964912280781 11
33.37719298245693 1
33.40350877193062 17
33.40350877193062 30
33.543859649123604 25
33.64035087719378 3
33.64035087719378 18
33.67543859649203 5
33.68421052631659 27
33.701754385965714 16
33.7280701754394 36
33.73684210526396 49
33.807017543860454 24
33.807017543860454 59
33.85087719298326 6
33.859649122807824 5
33.91228070175519 7
33.91228070175519 55
33.921052631579755 45
33.973684210527125 56
34.11403508772011 15
34.192982456141166 4
34.21929824561485 17
34.27192982456222 23
34.28070175438678 5
34.30701754386047 43
34.4824561403517 0
34.508771929825386 47
34.57894736842188 6
34.62280701754469 36
34.64035087719381 7
34.64035087719381 29
34.657894736842934 40
34.67543859649206 24
34.72807017543943 1
34.771929824562235 22
34.83333333333417 11
34.877192982456975 25
34.88596491228154 50
34.91228070175522 41
34.929824561404345 42
34.94736842105347 31
35.0087719298254 17
35.01754385964996 18
35.04385964912365 3
35.09649122807102 58
35.1228070175447 48
35.26315789473769 39
35.307017543860496 6
35.359649122807866 11
35.359649122807866 18
35.36842105263243 7
35.38596491228155 20
35.412280701755236 59
35.4210526315798 15
35.517543859649976 36
35.52631578947454 37
35.54385964912366 24
35.57894736842191 38
35.675438596492086 30
35.7631578947377 29
35.833333333334195 17
35.90350877193069 28
36.03508771929911 6
36.096491228071045 7
36.10526315789561 42
36.11403508772017 43
36.21052631579035 25
36.27192982456228 4
36.2894736842114 2
36.307017543860525 14
36.32456140350965 47
36.35087719298333 11
36.35087719298333 32
36.359649122807895 53
36.412280701755265 24
36.412280701755265 36
36.44736842105351 3
36.570175438597374 59
36.64035087719387 1
36.65789473684299 17
36.675438596492114 5
36.69298245614124 16
36.69298245614124 54
36.728070175439484 15
36.76315789473773 6
36.77192982456229 11
36.77192982456229 18
36.833333333334224 7
36.938596491228964 49
37.07017543859739 48
37.07894736842195 57
37.105263157895635 44
37.20175438596581 50
37.23684210526406 34
37.28070175438687 24
37.28070175438687 42
37.30701754386055 36
37.482456140351786 17
37.49122807017635 6
37.54385964912372 25
37.55263157894828 59
37.5701754385974 7
37.61403508772021 56
37.62280701754477 18
37.631578947369334 35
37.83333333333425 29
37.850877192983376 3
37.947368421053554 30
38.03508771929917 15
38.04385964912373 55
38.061403508772855 43
38.14035087719391 23
38.14035087719391 47
38.14912280701847 24
38.15789473684303 0
38.20175438596584 36
38.219298245614965 6
38.22807017543953 18
38.2807017543869 17
38.29824561403602 7
38.30701754386058 26
38.324561403509705 1
38.35087719298339 4
38.45614035087813 42
38.46491228070269 10
38.84210526315884 44
38.87719298245709 25
38.92982456140446 27
38.94736842105358 6
38.964912280702706 22
38.99122807017639 58
39.017543859650075 24
39.02631578947464 7
39.02631578947464 48
39.05263157894832 41
39.09649122807113 36
39.10526315789569 17
39.16666666666762 45
39.228070175439555 59
39.23684210526412 29
39.23684210526412 31
39.25438596491324 3
39.27192982456236 18
39.34210526315886 15
39.34210526315886 39
39.34210526315886 40
39.51754385965009 50
39.61403508772027 20
39.63157894736939 42
39.6754385964922 6
39.68421052631676 16
39.754385964913254 7
39.82456140350975 2
39.88596491228168 24
39.88596491228168 43
39.92982456140449 14
39.92982456140449 17
39.92982456140449 18
39.95614035087817 47
39.99122807017642 36
40.14035087719397 49
40.21052631579046 25
40.21929824561502 30
40.30701754386064 11
40.40350877193082 6
40.4298245614045 4
40.48245614035187 7
40.500000000000995 37
40.63157894736942 53
40.64912280701854 15
40.657894736843105 3
40.70175438596591 11
40.75438596491328 17
40.75438596491328 24
40.80701754386065 42
40.877192982457146 59
40.88596491228171 36
40.90350877193083 57
40.93859649122908 28
40.973684210527324 48
41.131578947369434 6
41.131578947369434 54
41.20175438596593 32
41.21929824561505 7
41.350877192983475 5
41.350877192983475 11
41.35964912280804 44
41.43859649122909 34
41.50000000000102 1
41.54385964912383 25
41.57894736842208 17
41.622807017544886 24
41.675438596492256 43
41.7105263157905 55
41.728070175439626 56
41.771929824562434 47
41.780701754386996 36
41.833333333334366 38
41.833333333334366 50
41.85964912280805 6
41.95614035087823 7
41.95614035087823 15
41.982456140351914 42
42.0087719298256 23
42.0087719298256 39
42.01754385965016 44
42.06140350877297 3
42.11403508772034 29
42.33333333333438 0
42.40350877193087 17
42.45614035087824 11
42.49122807017649 24
42.49122807017649 30
42.50877192982561 4
42.5350877192993 45
42.58771929824667 6
42.58771929824667 58
42.675438596492285 16
42.675438596492285 36
42.684210526316846 7
42.74561403508878 35
42.7631578947379 20
42.8771929824572 25
42.885964912281764 27
42.92105263158001 48
43.03508771929931 31
43.07017543859756 44
43.08771929824668 5
43.157894736843176 22
43.210526315790545 17
43.263157894737915 15
43.315789473685285 6
43.34210526315897 49
43.359649122808094 2
43.359649122808094 24
43.41228070175546 7
43.46491228070283 3
43.49122807017652 57
43.50000000000108 43
43.55263157894845 14
43.57017543859757 36
43.57017543859757 41
43.578947368422135 47
43.60526315789582 42
43.64035087719407 40
43.842105263158984 1
43.87719298245723 29
44.000000000001094 5
44.03508771929934 17
44.0438596491239 6
44.105263157895834 44
44.14035087719408 7
44.14912280701864 50
44.210526315790574 25
44.2280701754397 24
44.23684210526426 53
44.271929824562505 26
44.46491228070286 36
44.50000000000111 18
44.5701754385976 15
44.587719298246725 4
44.72807017543971 11
44.73684210526427 59
44.76315789473796 30
44.77192982456252 6
44.78070175438708 42
44.859649122808136 17
44.859649122808136 48
44.8684210526327 3
44.87719298245726 7
44.903508771930944 44
45.00000000000112 18
45.0964912280713 24
45.18421052631692 20
45.29824561403622 55
45.31578947368534 18
45.35964912280815 36
45.385964912281835 1
45.41228070175552 47
45.47368421052745 37
45.50000000000114 6
45.543859649123945 25
45.61403508772044 7
45.63157894736956 34
45.63157894736956 39
45.649122807018685 18
45.66666666666781 16
45.66666666666781 17
45.868421052632726 41
45.87719298245729 15
45.88596491228185 23
45.95614035087834 42
45.964912280702904 24
45.98245614035203 28
46.08771929824677 44
46.14035087719414 59
46.16666666666782 45
46.19298245614151 27
46.21929824561519 57
46.228070175439754 6
46.25438596491344 36
46.27192982456256 3
46.289473684211686 32
46.35087719298362 7
46.3771929824573 58
46.46491228070292 50
46.47368421052748 29
46.491228070176604 17
46.543859649123974 49
46.66666666666784 4
46.80701754386082 48
46.824561403509946 18
46.83333333333451 24
46.877192982457316 25
46.89473684210644 2
46.93859649122925 56
46.95614035087837 6
46.99122807017662 18
47.087719298246796 7
47.131578947369604 42
47.14912280701873 36
47.17543859649241 14
47.184210526316974 15
47.22807017543978 43
47.22807017543978 47
47.25438596491347 18
47.289473684211714 17
47.35964912280821 22
47.447368421053824 38
47.46491228070295 18
47.47368421052751 30
47.51754385965032 0
47.67543859649243 3
47.68421052631699 6
47.70175438596611 24
47.79824561403629 20
47.81578947368541 7
47.94736842105384 44
47.9561403508784 29
48.043859649124016 36
48.0701754385977 18
48.087719298246824 17
48.12280701754507 40
48.21052631579069 25
48.22807017543981 39
48.307017543860866 42
48.37719298245736 44
48.38596491228192 10
48.412280701755606 6
48.49122807017666 15
48.50000000000122 5
48.54385964912403 7
48.570175438597715 24
48.64035087719421 53
48.65789473684333 16
48.73684210526439 54
48.74561403508895 4
48.76315789473807 48
48.77192982456263 41
48.780701754387195 50
48.78947368421176 27
48.85087719298369 5
48.91228070175562 17
48.938596491229305 36
49.043859649124045 47
49.07017543859773 18
49.07894736842229 3
49.105263157895976 35
49.14035087719422 6
49.2368421052644 1
49.27192982456265 7
49.27192982456265 44
49.28947368421177 11
49.315789473685456 55
49.33333333333458 57
49.37719298245739 5
49.43859649122932 24
49.464912280703004 26
49.48245614035213 42
49.54385964912406 25
49.71052631579073 45
49.736842105264415 17
49.74561403508898 49
49.75438596491354 30
49.79824561403635 15
49.81578947368547 23
49.82456140351003 34
49.83333333333459 36
49.86842105263284 6
49.8771929824574 43
49.96491228070302 11
50.008771929825826 7
50.052631578948635 44
50.12280701754513 18
50.1754385964925 5
50.30701754386092 24
50.34210526315917 11
50.429824561404786 2
50.44736842105391 37
50.482456140352156 3
50.55263157894865 29
50.56140350877321 17
50.59649122807146 6
50.60526315789602 58
50.65789473684339 42
50.692982456141635 1
50.71052631579076 32
50.71052631579076 48
50.72807017543988 36
50.745614035089005 7
50.798245614036375 14
50.82456140351006 4
50.85964912280831 47
50.87719298245743 25
50.903508771931115 18
50.97368421052761 20
51.01754385965042 28
51.05263157894866 41
51.09649122807147 50
51.10526315789603 15
51.166666666667965 31
51.175438596492526 24
51.20175438596621 27
51.324561403510074 6
51.333333333334636 56
51.3421052631592 18
51.35964912280832 17
51.482456140352184 7
51.55263157894868 22
51.62280701754517 36
51.649122807018855 16
51.692982456141664 5
51.77192982456272 57
51.798245614036404 1
51.807017543860965 11
51.83333333333465 42
51.88596491228202 3
51.90350877193114 5
52.02631578947501 30
52.04385964912413 24
52.05263157894869 6
52.11403508772062 5
52.184210526317116 17
52.2105263157908 25
52.21929824561536 7
52.41228070175572 15
52.42982456140484 0
52.500000000001336 10
52.51754385965046 36
52.69298245614169 47
52.69298245614169 59
52.78070175438731 6
52.815789473685555 48
52.82456140351012 53
52.90350877193117 4
52.91228070175573 24
52.91228070175573 29
52.94736842105398 7
52.94736842105398 49
53.00877192982591 17
53.00877192982591 42
53.06140350877328 18
53.07017543859784 45
53.17543859649258 55
53.192982456141706 1
53.289473684211885 3
53.41228070175575 36
53.41228070175575 43
53.41228070175575 50
53.43859649122943 54
53.447368421053994 20
53.508771929825926 6
53.54385964912417 25
53.614035087720666 27
53.6754385964926 7
53.6754385964926 40
53.68421052631716 23
53.70175438596628 41
53.710526315790844 5
53.719298245615406 15
53.78070175438734 24
53.83333333333471 17
53.85964912280839 11
53.96491228070313 2
53.96491228070313 38
54.05263157894875 58
54.12280701754524 59
54.140350877194365 5
54.18421052631717 42
54.192982456141735 39
54.23684210526454 6
54.26315789473823 1
54.298245614036475 30
54.307017543861036 36
54.403508771931214 7
54.42105263158034 14
54.508771929825954 47
54.508771929825954 47
54.58771929824701 18
54.63157894736982 17
54.64035087719438 16
54.64912280701894 24
54.69298245614175 3
54.76315789473824 48
54.877192982457544 25
54.92105263158035 11
54.94736842105404 26
54.96491228070316 0
54.96491228070316 6
54.982456140352284 4
55.00000000000141 34
55.00000000000141 35
55.02631578947509 15
55.10526315789615 57
55.13157894736983 7
55.201754385966325 36
55.23684210526457 59
55.32456140351019 31
55.359649122808435 42
55.421052631580366 37
55.44736842105405 44
55.45614035087861 17
55.517543859650544 24
55.54385964912423 43
55.64035087719441 29
55.69298245614178 6
55.728070175440024 50
55.74561403508915 22
55.85964912280845 7
56.02631578947512 27
56.052631578948805 28
56.09649122807161 3
56.09649122807161 36
56.16666666666811 5
56.19298245614179 49
56.210526315790915 20
56.210526315790915 25
56.28070175438741 17
56.32456140351022 47
56.33333333333478 15
56.34210526315934 18
56.35964912280846 11
56.38596491228215 24
56.421052631580395 6
56.535087719299696 42
56.57017543859794 30
56.587719298247066 7
56.66666666666812 32
56.71929824561549 48
56.85964912280848 41
56.9912280701769 36
57.02631578947515 5
57.061403508773395 4
57.1052631578962 17
57.14912280701901 6
57.15789473684357 11
57.25438596491375 24
57.324561403510245 7
57.34210526315937 1
57.50000000000148 2
57.50000000000148 3
57.50000000000148 59
57.535087719299725 18
57.543859649124286 25
57.55263157894885 23
57.62280701754534 5
57.6315789473699 0
57.6315789473699 16
57.640350877194464 15
57.68421052631727 11
57.71052631579096 42
57.76315789473833 44
57.78070175438745 45
57.859649122808506 5
57.87719298245763 6
57.87719298245763 40
57.88596491228219 36
57.929824561405 17
57.97368421052781 11
58.0438596491243 14
58.0438596491243 50
58.05263157894886 7
58.08771929824711 53
58.122807017545355 24
58.1578947368436 47
58.30701754386115 44
58.3421052631594 11
58.3421052631594 54
58.3421052631594 56
58.37719298245764 29
58.438596491229575 27
58.552631578948876 55
58.605263157896246 6
58.66666666666818 48
58.67543859649274 1
58.6842105263173 59
58.72807017544011 18
58.73684210526467 17
58.78070175438748 7
58.78070175438748 36
58.87719298245766 25
58.87719298245766 44
58.88596491228222 20
58.88596491228222 42
58.90350877193134 3
58.94736842105415 15
58.99122807017696 24
59.03508771929977 31
59.04385964912433 58
59.06140350877345 30
59.0964912280717 41
59.14035087719451 4
59.14912280701907 18
59.19298245614188 34
59.33333333333486 6
59.394736842106795 49
59.508771929826096 7
59.54385964912434 57
59.561403508773466 17
59.67543859649277 36
59.68421052631733 11
59.80701754386119 18
59.85964912280856 24
59.85964912280856 44
59.93859649122962 22
59.93859649122962 35
59.9649122807033 1
59.973684210527864 47
59.99122807017699 0
