0.06140350877192982 0
0.06140350877192982 45
0.11403508771929824 59
0.20175438596491227 40
0.21052631578947367 44
0.23684210526315788 50
0.2719298245614036 17
0.3070175438596493 8
0.35087719298245645 7
0.35087719298245645 18
0.37719298245614075 54
0.41228070175438647 25
0.4561403508771936 33
0.4561403508771936 47
0.46491228070175505 41
0.5000000000000008 15
0.5000000000000008 39
0.5087719298245622 16
0.5350877192982465 24
0.5438596491228079 20
0.5614035087719308 11
0.5614035087719308 26
0.5701754385964922 43
0.6228070175438608 36
0.6315789473684222 37
0.6491228070175451 28
0.6842105263157908 1
0.8421052631578966 29
0.8771929824561423 44
0.9210526315789495 53
1.0263157894736865 14
1.0438596491228094 6
1.078947368421055 7
1.078947368421055 27
1.1666666666666694 59
1.2543859649122837 23
1.3157894736842137 22
1.3333333333333366 48
1.3771929824561437 57
1.403508771929828 24
1.403508771929828 42
1.421052631578951 36
1.543859649122811 11
1.543859649122811 35
1.5701754385964952 34
1.728070175438601 18
1.7807017543859696 6
1.8157894736842153 7
1.8157894736842153 15
1.850877192982461 10
1.8684210526315839 11
1.8684210526315839 18
1.9473684210526367 1
1.9561403508771982 17
1.9561403508771982 25
2.0087719298245665 2
2.0175438596491277 3
2.0438596491228114 4
2.0877192982456174 9
2.201754385964913 11
2.2192982456140355 36
2.245614035087719 47
2.271929824561403 24
2.4649122807017494 8
2.482456140350872 11
2.5175438596491166 6
2.5526315789473615 7
2.6052631578947287 43
2.7543859649122693 50
2.8859649122806874 39
2.9210526315789322 0
2.9210526315789322 17
2.9824561403508607 5
3.0175438596491055 36
3.0614035087719116 58
3.1315789473684013 15
3.1403508771929625 24
3.254385964912258 6
3.280701754385942 7
3.289473684210503 25
3.3859649122806763 18
3.4736842105262884 41
3.499999999999972 16
3.5175438596490944 3
3.5263157894736556 29
3.5526315789473393 45
3.5964912280701453 11
3.63157894736839 59
3.798245614035053 20
3.8157894736841755 36
3.9298245614034713 5
3.9912280701753997 6
4.008771929824523 7
4.008771929824523 24
4.043859649122769 47
4.201754385964879 43
4.438596491228044 15
4.4649122807017285 18
4.499999999999975 57
4.596491228070153 53
4.605263157894715 5
4.614035087719277 4
4.614035087719277 29
4.614035087719277 36
4.622807017543838 25
4.68421052631577 14
4.728070175438578 6
4.73684210526314 7
4.815789473684195 27
4.8684210526315645 11
4.877192982456126 24
4.9210526315789345 5
4.938596491228058 17
5.017543859649113 3
5.236842105263154 33
5.3245614035087705 59
5.385964912280702 0
5.412280701754387 36
5.464912280701757 6
5.464912280701757 7
5.543859649122812 2
5.5526315789473735 50
5.578947368421058 39
5.596491228070182 41
5.605263157894743 37
5.614035087719305 11
5.631578947368428 28
5.649122807017552 5
5.684210526315798 48
5.701754385964922 26
5.736842105263168 44
5.74561403508773 24
5.7543859649122915 15
5.815789473684223 54
5.833333333333346 34
5.833333333333346 47
5.947368421052648 42
5.9561403508772095 25
6.070175438596511 43
6.166666666666689 1
6.175438596491251 18
6.192982456140374 7
6.201754385964936 6
6.210526315789497 36
6.368421052631607 11
6.377192982456169 58
6.4385964912281 23
6.473684210526347 17
6.482456140350909 22
6.49122807017547 16
6.517543859649155 3
6.54385964912284 10
6.552631578947402 20
6.6140350877193335 24
6.675438596491265 29
6.771929824561443 35
6.85964912280706 59
6.921052631578991 5
6.921052631578991 7
6.938596491228115 4
6.938596491228115 6
6.982456140350923 11
7.008771929824608 36
7.061403508771978 15
7.105263157894786 5
7.114035087719348 45
7.210526315789526 9
7.289473684210581 25
7.438596491228129 57
7.482456140350937 24
7.55263157894743 11
7.561403508771992 5
7.596491228070239 43
7.6052631578948 40
7.614035087719362 47
7.6491228070176085 7
7.6491228070176085 41
7.6754385964912935 6
7.807017543859718 36
7.81578947368428 18
7.8508771929825265 17
7.885964912280773 27
7.964912280701828 8
8.017543859649198 3
8.087719298245691 42
8.149122807017623 5
8.254385964912363 1
8.315789473684294 14
8.35087719298254 24
8.368421052631664 15
8.377192982456226 7
8.385964912280787 0
8.412280701754472 6
8.464912280701842 11
8.526315789473774 44
8.605263157894829 36
8.622807017543952 25
8.684210526315884 17
8.710526315789568 48
9.017543859649226 20
9.026315789473788 53
9.052631578947473 18
9.078947368421158 2
9.078947368421158 4
9.105263157894843 7
9.122807017543966 9
9.149122807017651 5
9.149122807017651 6
9.184210526315898 39
9.19298245614046 59
9.219298245614144 24
9.228070175438706 44
9.254385964912391 18
9.368421052631692 42
9.394736842105377 47
9.403508771929939 36
9.482456140350994 16
9.51754385964924 3
9.51754385964924 17
9.587719298245734 44
9.67543859649135 11
9.67543859649135 15
9.771929824561528 18
9.807017543859775 1
9.807017543859775 58
9.83333333333346 7
9.88596491228083 6
9.929824561403638 50
9.956140350877323 25
10.052631578947501 34
10.087719298245748 24
10.20175438596505 36
10.219298245614173 26
10.219298245614173 59
10.333333333333474 17
10.35964912280716 54
10.543859649122954 41
10.561403508772077 7
10.570175438596639 57
10.5789473684212 37
10.605263157894885 45
10.622807017544009 6
10.622807017544009 28
10.649122807017694 11
10.701754385965064 33
10.710526315789625 18
10.877192982456297 18
10.89473684210542 10
10.89473684210542 42
10.903508771929982 48
10.929824561403667 22
10.956140350877352 24
10.982456140351037 15
11.00000000000016 23
11.00000000000016 36
11.017543859649283 3
11.05263157894753 9
11.087719298245776 11
11.140350877193146 17
11.15789473684227 4
11.175438596491393 47
11.271929824561571 43
11.289473684210694 25
11.298245614035256 7
11.307017543859818 0
11.31578947368438 5
11.359649122807188 6
11.394736842105434 29
11.438596491228243 59
11.79824561403527 36
11.824561403508955 24
11.833333333333517 44
11.842105263158079 35
11.868421052631764 5
11.894736842105448 20
11.938596491228257 17
11.947368421052818 14
12.026315789473873 7
12.043859649122997 39
12.052631578947558 8
12.096491228070366 6
12.192982456140545 18
12.289473684210723 5
12.289473684210723 15
12.342105263158093 40
12.473684210526518 16
12.517543859649326 3
12.578947368421257 27
12.59649122807038 36
12.614035087719504 2
12.622807017544066 25
12.675438596491436 53
12.692982456140559 24
12.736842105263367 17
12.75438596491249 7
12.780701754386175 18
12.815789473684422 50
12.833333333333545 6
12.956140350877408 9
12.96491228070197 47
12.991228070175655 44
13.114035087719518 11
13.157894736842326 59
13.236842105263381 4
13.289473684210751 18
13.324561403508998 42
13.394736842105491 36
13.464912280701984 11
13.482456140351108 7
13.526315789473916 58
13.535087719298478 17
13.561403508772162 24
13.570175438596724 6
13.596491228070409 15
13.684210526316026 11
13.833333333333574 44
13.859649122807259 29
13.86842105263182 41
13.956140350877437 25
14.017543859649368 3
14.096491228070423 45
14.13157894736867 5
14.192982456140601 36
14.219298245614286 7
14.245614035087971 34
14.307017543859903 6
14.333333333333588 17
14.403508771930081 57
14.429824561403766 24
14.464912280702013 11
14.605263157895 5
14.605263157895 20
14.649122807017807 39
14.736842105263424 1
14.77192982456167 47
14.833333333333602 43
14.842105263158164 42
14.885964912280972 26
14.894736842105534 15
14.92982456140378 9
14.956140350877465 7
14.991228070175712 36
15.000000000000274 8
15.043859649123082 6
15.131578947368698 17
15.175438596491507 27
15.219298245614315 22
15.228070175438877 29
15.289473684210808 25
15.29824561403537 24
15.315789473684493 4
15.342105263158178 18
15.464912280702041 16
15.473684210526603 18
15.517543859649411 3
15.543859649123096 48
15.552631578947658 37
15.570175438596781 18
15.578947368421343 14
15.596491228070466 28
15.657894736842398 33
15.684210526316082 7
15.736842105263452 18
15.78070175438626 6
15.789473684210822 36
15.929824561403809 17
16.131578947368727 59
16.14912280701785 2
16.166666666666973 24
16.20175438596522 15
16.236842105263467 53
16.24561403508803 18
16.24561403508803 43
16.30701754385996 1
16.4122807017547 7
16.438596491228385 50
16.51754385964944 6
16.535087719298563 54
16.552631578947686 47
16.587719298245933 36
16.62280701754418 25
16.72807017543892 17
16.78947368421085 23
16.83333333333366 35
16.84210526315822 9
16.921052631579276 29
17.017543859649454 3
17.035087719298577 24
17.122807017544194 0
17.140350877193317 7
17.14912280701788 41
17.15789473684244 42
17.175438596491563 59
17.245614035088057 58
17.25438596491262 6
17.359649122807358 44
17.385964912281043 36
17.394736842105605 4
17.403508771930166 39
17.508771929824906 15
17.52631578947403 17
17.52631578947403 57
17.815789473684564 1
17.868421052631934 7
17.885964912281057 27
17.90350877193018 24
17.95614035087755 25
17.991228070175797 6
18.017543859649482 45
18.070175438596852 40
18.184210526316154 36
18.26315789473721 43
18.307017543860017 42
18.32456140350914 17
18.3333333333337 47
18.342105263158263 48
18.394736842105633 10
18.43859649122844 34
18.456140350877565 8
18.456140350877565 16
18.517543859649496 3
18.59649122807055 7
18.728070175438976 6
18.736842105263538 9
18.771929824561784 24
18.815789473684593 15
18.877192982456524 5
18.982456140351264 36
19.052631578947757 20
19.07017543859688 11
19.12280701754425 17
19.192982456140744 18
19.201754385965305 14
19.245614035088114 50
19.289473684210922 25
19.32456140350917 7
19.42982456140391 22
19.42982456140391 26
19.456140350877593 42
19.464912280702155 6
19.473684210526716 4
19.517543859649525 29
19.614035087719703 44
19.640350877193388 24
19.684210526316196 2
19.780701754386374 36
19.92105263157936 17
20.01754385964954 3
20.043859649123224 53
20.052631578947786 7
20.096491228070594 41
20.12280701754428 15
20.12280701754428 47
20.13157894736884 59
20.201754385965334 6
20.254385964912704 18
20.44736842105306 0
20.50877192982499 24
20.526315789474115 37
20.578947368421485 28
20.578947368421485 36
20.596491228070608 57
20.60526315789517 42
20.622807017544293 25
20.640350877193416 9
20.701754385965348 43
20.71929824561447 17
20.780701754386403 7
20.894736842105704 23
20.938596491228513 6
21.02631578947413 18
21.08771929824606 58
21.23684210526361 39
21.254385964912732 18
21.254385964912732 33
21.377192982456595 24
21.377192982456595 36
21.429824561403965 15
21.438596491228527 18
21.44736842105309 16
21.491228070175897 54
21.50877192982502 7
21.50877192982502 17
21.51754385964958 3
21.552631578947828 4
21.587719298246075 50
21.62280701754432 18
21.67543859649169 6
21.7192982456145 20
21.754385964912746 42
21.763157894737308 27
21.763157894737308 44
21.859649122807486 35
21.903508771930294 47
21.956140350877664 25
21.964912280702226 1
22.070175438596966 44
22.078947368421527 29
22.175438596491706 36
22.210526315789952 5
22.236842105263637 7
22.2456140350882 24
22.30701754386013 17
22.342105263158377 41
22.41228070175487 6
22.50877192982505 43
22.57894736842154 9
22.63157894736891 34
22.666666666667158 59
22.73684210526365 15
22.807017543860145 5
22.824561403509268 14
22.84210526315839 45
22.903508771930323 42
22.94736842105313 0
22.964912280702254 7
22.973684210526816 36
22.99122807017594 18
23.008771929825063 48
23.017543859649624 3
23.10526315789524 17
23.114035087719802 24
23.14912280701805 6
23.219298245614542 2
23.289473684211035 25
23.57894736842157 1
23.58771929824613 44
23.596491228070693 53
23.63157894736894 4
23.63157894736894 22
23.6403508771935 29
23.68421052631631 47
23.69298245614087 7
23.74561403508824 5
23.771929824561926 36
23.885964912281228 6
23.90350877193035 17
23.973684210526844 18
23.982456140351406 24
24.035087719298776 44
24.043859649123338 5
24.043859649123338 15
24.10526315789527 20
24.140350877193516 39
24.192982456140886 43
24.21052631579001 42
24.32456140350931 59
24.42105263157949 7
24.438596491228612 16
24.464912280702297 5
24.48245614035142 26
24.517543859649667 3
24.517543859649667 9
24.543859649123352 58
24.570175438597037 36
24.614035087719845 11
24.622807017544407 6
24.622807017544407 25
24.68421052631634 29
24.70175438596546 17
24.85087719298301 24
24.96491228070231 41
25.035087719298804 48
25.149122807018106 7
25.184210526316352 1
25.192982456140914 27
25.350877192983024 15
25.359649122807586 6
25.359649122807586 42
25.368421052632147 36
25.464912280702325 47
25.500000000000572 17
25.500000000000572 37
25.500000000000572 40
25.552631578947942 28
25.614035087719873 50
25.631578947368997 0
25.631578947368997 11
25.71052631579005 4
25.719298245614613 24
25.798245614035668 54
25.877192982456723 7
25.956140350877778 25
25.982456140351463 5
26.01754385964971 3
26.01754385964971 23
26.096491228070764 6
26.166666666667258 36
26.17543859649182 8
26.298245614035682 17
26.307017543860244 5
26.34210526315849 18
26.421052631579546 9
26.44736842105323 14
26.508771929825162 42
26.570175438597094 59
26.578947368421655 5
26.587719298246217 24
26.59649122807078 18
26.60526315789534 7
26.622807017544464 1
26.65789473684271 15
26.75438596491289 2
26.780701754386573 45
26.833333333333943 6
26.833333333333943 34
26.903508771930436 5
26.964912280702368 36
27.096491228070793 5
27.096491228070793 17
27.175438596491848 39
27.23684210526378 18
27.23684210526378 29
27.23684210526378 35
27.24561403508834 47
27.263157894737464 48
27.28947368421115 25
27.333333333333957 7
27.377192982456766 43
27.429824561404136 16
27.45614035087782 24
27.517543859649752 3
27.570175438597122 6
27.578947368421684 41
27.60526315789537 27
27.65789473684274 42
27.76315789473748 36
27.789473684211163 4
27.83333333333397 22
27.894736842105903 17
27.894736842105903 20
27.912280701755027 59
27.93859649122871 11
27.964912280702396 15
28.061403508772575 7
28.131578947369068 18
28.3070175438603 6
28.324561403509424 24
28.342105263158548 53
28.35964912280767 9
28.377192982456794 33
28.482456140351534 0
28.56140350877259 36
28.61403508771996 8
28.62280701754452 25
28.692982456141014 17
28.789473684211192 7
28.84210526315856 18
28.99122807017611 5
29.017543859649795 3
29.026315789474356 47
29.04385964912348 6
29.140350877193658 44
29.192982456141028 24
29.236842105263836 1
29.271929824562083 15
29.3596491228077 36
29.429824561404192 59
29.482456140351562 10
29.491228070176124 17
29.491228070176124 42
29.51754385964981 7
29.52631578947437 58
29.666666666667357 50
29.78070175438666 6
29.859649122807713 44
29.868421052632275 4
29.868421052632275 26
29.929824561404207 41
29.95614035087789 11
29.95614035087789 25
30.06140350877263 24
30.070175438597193 14
30.078947368421755 54
30.140350877193686 48
30.15789473684281 36
30.21052631579018 43
30.236842105263865 18
30.245614035088426 7
30.254385964912988 9
30.27192982456211 23
30.280701754386673 17
30.289473684211234 2
30.385964912281413 57
30.42105263157966 16
30.447368421053344 59
30.47368421052703 37
30.500000000000714 40
30.508771929825276 44
30.517543859649837 3
30.517543859649837 6
30.561403508772646 28
30.570175438597207 45
30.57894736842177 15
30.6403508771937 42
30.728070175439317 1
30.78947368421125 11
30.807017543860372 47
30.833333333334057 20
30.84210526315862 39
30.929824561404235 24
30.95614035087792 36
30.982456140351605 7
30.982456140351605 8
30.982456140351605 29
31.026315789474413 34
31.078947368421783 17
31.131578947369153 18
31.22807017543933 11
31.254385964913016 6
31.263157894737578 0
31.289473684211263 5
31.289473684211263 25
31.464912280702496 5
31.614035087720044 18
31.710526315790222 7
31.736842105263907 18
31.75438596491303 36
31.789473684211277 42
31.79824561403584 24
31.877192982456894 17
31.885964912281455 15
31.921052631579702 44
31.929824561404264 1
31.929824561404264 41
31.947368421053387 4
31.991228070176195 6
32.008771929825315 50
32.01754385964988 3
32.035087719299 22
32.061403508772685 5
32.070175438597246 18
32.13157894736918 27
32.1491228070183 9
32.25438596491304 5
32.30701754386041 18
32.324561403509534 48
32.377192982456904 53
32.438596491228836 7
32.491228070176206 59
32.55263157894814 36
32.587719298246384 47
32.62280701754463 25
32.640350877193754 18
32.66666666666744 17
32.66666666666744 24
32.72807017543937 6
32.81578947368499 43
32.93859649122885 42
33.03508771929903 35
33.14912280701833 29
33.16666666666745 7
33.19298245614114 15
33.21929824561482 20
33.27192982456219 33
33.35087719298325 36
33.35964912280781 1
33.41228070175518 16
33.46491228070255 6
33.46491228070255 17
33.46491228070255 57
33.491228070176234 11
33.51754385964992 3
33.53508771929904 24
33.552631578948166 59
33.57894736842185 18
33.69298245614115 14
33.710526315790275 0
33.763157894737645 18
33.82456140350958 2
33.89473684210607 7
33.956140350878 25
33.973684210527125 18
34.026315789474495 4
34.0701754385973 5
34.08771929824643 9
34.08771929824643 42
34.14912280701836 36
34.20175438596573 6
34.22807017543941 43
34.236842105263975 23
34.26315789473766 17
34.28070175438678 29
34.32456140350959 44
34.33333333333415 54
34.342105263158714 26
34.350877192983276 50
34.35964912280784 45
34.38596491228152 47
34.403508771930646 24
34.42982456140433 11
34.49122807017626 39
34.500000000000824 15
34.53508771929907 1
34.62280701754469 7
34.63157894736925 41
34.64912280701837 27
34.75438596491311 44
34.78947368421136 59
34.93859649122891 6
34.94736842105347 36
34.99122807017628 58
35.01754385964996 3
35.06140350877277 17
35.21929824561488 18
35.21929824561488 34
35.236842105264 42
35.27192982456225 24
35.28947368421137 25
35.298245614035935 8
35.31578947368506 29
35.34210526315874 40
35.350877192983305 7
35.44736842105348 37
35.49122807017629 5
35.5350877192991 28
35.675438596492086 6
35.71052631579033 48
35.74561403508858 36
35.75438596491314 18
35.79824561403595 15
35.85087719298332 17
35.885964912281565 11
35.90350877193069 20
35.991228070176305 9
36.07894736842192 7
36.10526315789561 4
36.14035087719385 24
36.16666666666754 47
36.23684210526403 22
36.29824561403596 18
36.38596491228158 42
36.4035087719307 16
36.412280701755265 6
36.517543859650004 3
36.54385964912369 36
36.622807017544744 25
36.64035087719387 5
36.64912280701843 17
36.79824561403598 10
36.80701754386054 7
36.86842105263247 39
36.97368421052721 29
37.00877192982546 24
37.105263157895635 15
37.105263157895635 53
37.14912280701844 6
37.315789473685115 14
37.3421052631588 36
37.35964912280792 0
37.35964912280792 2
37.40350877193073 43
37.421052631579855 41
37.44736842105354 17
37.535087719299156 7
37.535087719299156 42
37.67543859649214 57
37.70175438596583 50
37.736842105264074 59
37.87719298245706 24
37.88596491228162 6
37.894736842106184 8
37.894736842106184 9
37.947368421053554 47
37.956140350878115 25
38.01754385965005 3
38.12280701754479 33
38.14035087719391 36
38.15789473684303 23
38.18421052631672 4
38.23684210526409 18
38.23684210526409 35
38.24561403508865 17
38.26315789473777 7
38.41228070175532 15
38.57017543859743 29
38.61403508772024 11
38.6228070175448 6
38.68421052631673 42
38.745614035088664 24
38.78947368421147 1
38.912280701755336 18
38.9210526315799 48
38.93859649122902 36
38.98245614035183 11
38.99122807017639 7
39.04385964912376 17
39.070175438597445 27
39.27192982456236 43
39.27192982456236 54
39.28947368421149 25
39.30701754386061 26
39.35964912280798 6
39.39473684210623 16
39.40350877193079 5
39.40350877193079 18
39.41228070175535 34
39.51754385965009 3
39.5614035087729 11
39.5614035087729 29
39.57894736842202 44
39.58771929824658 59
39.61403508772027 24
39.71929824561501 15
39.72807017543957 7
39.72807017543957 47
39.73684210526413 36
39.7894736842115 9
39.807017543860624 39
39.83333333333431 42
39.84210526315887 17
39.85087719298343 20
39.88596491228168 11
39.9035087719308 40
39.92982456140449 45
40.04385964912379 50
40.09649122807116 6
40.184210526316775 8
40.26315789473783 4
40.35087719298345 0
40.35087719298345 58
40.42105263157994 37
40.43859649122906 22
40.45614035087819 7
40.45614035087819 7
40.48245614035187 24
40.508771929825556 28
40.53508771929924 36
40.5438596491238 44
40.561403508772926 57
40.62280701754486 25
40.64035087719398 17
40.666666666667666 41
40.710526315790474 53
40.78070175438697 43
40.83333333333434 6
40.89473684210627 2
40.89473684210627 10
40.89473684210627 59
40.929824561404516 48
40.93859649122908 14
40.982456140351886 42
41.01754385965013 3
41.026315789474694 15
41.184210526316804 7
41.33333333333435 36
41.350877192983475 1
41.350877192983475 24
41.43859649122909 17
41.4824561403519 5
41.508771929825585 47
41.570175438597516 6
41.68421052631682 9
41.73684210526419 18
41.79824561403612 29
41.90350877193086 5
41.91228070175542 7
41.95614035087823 25
42.01754385965016 59
42.02631578947472 18
42.06140350877297 23
42.06140350877297 44
42.13157894736946 36
42.13157894736946 42
42.15789473684315 5
42.21929824561508 24
42.2368421052642 17
42.307017543860695 6
42.33333333333438 15
42.34210526315894 4
42.38596491228175 16
42.38596491228175 50
42.39473684210631 1
42.50000000000105 8
42.517543859650175 3
42.64035087719404 7
42.66666666666772 5
42.80701754386071 5
42.85087719298352 0
42.85964912280808 29
42.92982456140457 36
43.02631578947475 59
43.03508771929931 17
43.043859649123874 6
43.07894736842212 20
43.08771929824668 24
43.12280701754493 33
43.23684210526423 35
43.28070175438704 42
43.2894736842116 25
43.307017543860724 47
43.368421052632655 7
43.38596491228178 39
43.53508771929933 27
43.578947368422135 9
43.60526315789582 34
43.64035087719407 15
43.72807017543968 36
43.78070175438705 6
43.798245614036176 41
43.82456140350986 43
43.83333333333442 17
43.83333333333442 57
43.894736842106354 54
43.956140350878286 24
44.008771929825656 44
44.01754385965022 3
44.03508771929934 5
44.03508771929934 48
44.09649122807127 7
44.14912280701864 45
44.315789473685314 59
44.421052631580054 4
44.429824561404615 2
44.429824561404615 42
44.46491228070286 1
44.51754385965023 6
44.52631578947479 36
44.56140350877304 14
44.56140350877304 26
44.57894736842216 53
44.62280701754497 25
44.63157894736953 17
44.640350877194095 22
44.67543859649234 8
44.72807017543971 50
44.754385964913396 29
44.82456140350989 7
44.82456140350989 24
44.94736842105375 15
45.08771929824674 47
45.13157894736955 11
45.25438596491341 6
45.324561403509904 36
45.377192982457274 16
45.377192982457274 40
45.3947368421064 0
45.3947368421064 37
45.429824561404644 17
45.482456140352014 9
45.482456140352014 28
45.50000000000114 58
45.51754385965026 3
45.53508771929938 20
45.55263157894851 7
45.57894736842219 42
45.69298245614149 24
45.71052631579062 18
45.92982456140466 29
45.94736842105378 18
45.95614035087834 25
45.964912280702904 1
45.964912280702904 23
45.99122807017659 6
46.06140350877308 11
46.06140350877308 39
46.122807017545014 36
46.228070175439754 17
46.25438596491344 15
46.280701754387124 7
46.35087719298362 43
46.3771929824573 18
46.394736842106425 27
46.500000000001165 4
46.5614035087731 24
46.57894736842222 18
46.64912280701871 48
46.72807017543977 6
46.72807017543977 42
46.75438596491345 11
46.824561403509946 10
46.868421052632755 47
46.921052631580125 36
47.00877192982574 7
47.0175438596503 3
47.0175438596503 41
47.026315789474864 17
47.184210526316974 8
47.289473684211714 25
47.3157894736854 5
47.33333333333452 11
47.37719298245733 9
47.41228070175558 45
47.4298245614047 24
47.43859649122926 1
47.43859649122926 59
47.46491228070295 6
47.49122807017663 29
47.561403508773125 15
47.719298245615235 36
47.73684210526436 7
47.78070175438717 43
47.79824561403629 34
47.81578947368541 57
47.824561403509975 17
47.86842105263278 11
47.877192982457345 42
47.94736842105384 5
47.96491228070296 2
48.10526315789595 44
48.10526315789595 54
48.184210526317 14
48.201754385966126 5
48.201754385966126 6
48.298245614036304 24
48.350877192983674 53
48.359649122808236 18
48.3684210526328 16
48.464912280702976 7
48.50000000000122 11
48.517543859650345 3
48.517543859650345 36
48.57894736842228 4
48.5964912280714 50
48.614035087720524 18
48.622807017545085 17
48.622807017545085 25
48.66666666666789 47
48.675438596492455 48
48.70175438596614 44
48.77192982456263 39
48.84210526315913 22
48.86842105263281 15
48.87719298245737 33
48.885964912281935 29
48.938596491229305 6
48.947368421053866 35
48.98245614035211 0
49.02631578947492 42
49.16666666666791 24
49.19298245614159 7
49.263157894738086 59
49.27192982456265 43
49.28070175438721 9
49.315789473685456 36
49.39473684210651 8
49.412280701755634 27
49.421052631580196 17
49.54385964912406 26
49.66666666666792 1
49.675438596492484 6
49.684210526317045 18
49.72807017543985 20
49.736842105264415 44
49.83333333333459 41
49.842105263159155 11
49.86842105263284 23
49.92105263158021 7
49.95614035087846 25
50.01754385965039 3
50.03508771929951 24
50.03508771929951 29
50.114035087720566 36
50.1754385964925 15
50.1754385964925 42
50.20175438596618 40
50.219298245615306 17
50.324561403510046 58
50.368421052632854 37
50.41228070175566 6
50.44736842105391 47
50.45614035087847 28
50.482456140352156 59
50.64912280701883 7
50.65789473684339 4
50.80701754386094 11
50.903508771931115 24
50.91228070175568 36
50.94736842105392 10
50.98245614035217 45
51.01754385965042 17
51.13157894736972 50
51.14912280701884 6
51.175438596492526 9
51.219298245615335 43
51.280701754387266 5
51.28947368421183 25
51.324561403510074 42
51.35087719298376 44
51.35964912280832 16
51.377192982457444 7
51.41228070175569 11
51.482456140352184 15
51.50000000000131 2
51.50877192982587 18
51.51754385965043 3
51.535087719299554 48
51.587719298246924 8
51.692982456141664 39
51.71052631579079 36
51.77192982456272 24
51.77192982456272 57
51.807017543860965 14
51.81578947368553 17
51.82456140351009 18
51.82456140351009 27
51.88596491228202 6
51.99122807017676 0
51.99122807017676 34
52.10526315789606 7
52.131578947369746 53
52.228070175439925 47
52.228070175439925 59
52.333333333334664 5
52.385964912282034 54
52.47368421052765 42
52.5087719298259 1
52.5087719298259 36
52.543859649124144 41
52.61403508772064 17
52.6228070175452 6
52.6228070175452 25
52.64035087719432 24
52.64035087719432 44
52.7368421052645 4
52.78070175438731 5
52.78947368421187 15
52.82456140351012 43
52.83333333333468 7
53.01754385965047 3
53.04385964912416 20
53.04385964912416 22
53.07017543859784 9
53.20175438596627 5
53.289473684211885 11
53.30701754386101 36
53.35964912280838 6
53.41228070175575 17
53.447368421053994 18
53.47368421052768 50
53.4912280701768 11
53.500000000001364 33
53.508771929825926 24
53.561403508773296 7
53.62280701754523 42
53.68421052631716 8
53.68421052631716 58
53.771929824562775 23
53.815789473685584 18
53.824561403510145 48
53.83333333333471 29
53.868421052632954 11
53.95614035087857 25
53.982456140352255 1
54.00877192982594 47
54.04385964912419 44
54.09649122807156 6
54.09649122807156 15
54.10526315789612 36
54.14912280701893 5
54.21052631579086 17
54.23684210526454 27
54.245614035089105 5
54.28947368421191 7
54.350877192983845 16
54.37719298245753 24
54.412280701755776 11
54.43859649122946 57
54.49122807017683 43
54.517543859650516 3
54.58771929824701 41
54.68421052631719 59
54.771929824562804 42
54.81578947368561 4
54.833333333334735 6
54.90350877193123 36
54.94736842105404 0
54.97368421052772 9
54.982456140352284 35
55.00877192982597 17
55.01754385965053 7
55.03508771929965 2
55.24561403508913 24
55.28947368421194 25
55.34210526315931 37
55.35087719298387 1
55.40350877193124 15
55.42982456140493 14
55.43859649122949 28
55.44736842105405 44
55.56140350877335 10
55.570175438597914 6
55.631578947369846 11
55.64035087719441 5
55.70175438596634 36
55.74561403508915 7
55.75438596491371 18
55.77192982456283 29
55.789473684211956 47
55.79824561403652 17
55.81578947368564 50
55.833333333334764 5
55.92105263158038 42
55.938596491229504 45
56.01754385965056 3
56.02631578947512 26
56.11403508772074 24
56.16666666666811 48
56.18421052631723 34
56.20175438596635 39
56.25438596491372 8
56.30701754386109 6
56.32456140351022 40
56.421052631580395 11
56.43859649122952 18
56.45614035087864 59
56.473684210527765 7
56.50000000000145 5
56.50000000000145 36
56.535087719299696 53
56.59649122807163 1
56.59649122807163 17
56.62280701754531 20
56.62280701754531 25
56.649122807019 27
56.692982456141806 54
56.71052631579093 15
56.71929824561549 18
56.745614035089176 43
56.75438596491374 5
56.82456140351023 18
56.86842105263304 9
56.894736842106724 4
56.97368421052778 11
56.98245614035234 24
57.04385964912427 6
57.07017543859796 42
57.114035087720765 5
57.20175438596638 7
57.24561403508919 22
57.24561403508919 41
57.29824561403656 36
57.34210526315937 16
57.39473684210674 17
57.5175438596506 3
57.57017543859797 47
57.6315789473699 44
57.65789473684359 59
57.66666666666815 5
57.67543859649271 23
57.78070175438745 6
57.850877192983944 11
57.850877192983944 24
57.929824561405 7
57.956140350878684 25
58.017543859650615 15
58.070175438597985 58
58.09649122807167 36
58.14035087719448 33
58.19298245614185 17
58.21929824561553 42
58.23684210526466 5
58.385964912282205 29
58.42982456140501 8
58.51754385965063 6
58.53508771929975 18
58.570175438598 2
58.657894736843616 7
58.71929824561555 24
58.763157894738356 9
58.7982456140366 48
58.815789473685726 18
58.89473684210678 36
58.89473684210678 39
58.89473684210678 57
58.90350877193134 50
58.973684210527836 4
58.99122807017696 17
59.017543859650644 3
59.05263157894889 14
59.06140350877345 27
59.14035087719451 20
59.25438596491381 6
59.289473684212055 25
59.3245614035103 1
59.3245614035103 15
59.35087719298399 47
59.36842105263311 42
59.38596491228223 7
59.48245614035241 43
59.49122807017697 59
59.53508771929978 44
59.57894736842259 29
59.58771929824715 11
59.58771929824715 24
59.63157894736996 18
59.64912280701908 10
59.67543859649277 0
59.69298245614189 36
59.78947368421207 17
59.79824561403663 11
59.84210526315944 35
59.99122807017699 6
