0.008771929824561403 15
0.06140350877192982 1
0.08771929824561403 57
0.21929824561403508 7
0.21929824561403508 59
0.23684210526315788 14
0.23684210526315788 43
0.24561403508771928 6
0.24561403508771928 8
0.24561403508771928 22
0.24561403508771928 47
0.280701754385965 40
0.32456140350877216 12
0.342105263157895 34
0.35087719298245645 42
0.3859649122807022 54
0.3947368421052636 16
0.40350877192982504 11
0.40350877192982504 38
0.4210526315789479 0
0.46491228070175505 44
0.5438596491228079 41
0.6315789473684222 58
0.7017543859649137 39
0.7368421052631594 53
0.8421052631578966 27
0.912280701754388 32
0.9298245614035109 11
0.9298245614035109 24
0.973684210526318 6
0.9912280701754409 5
1.017543859649125 7
1.0263157894736865 4
1.0263157894736865 17
1.0614035087719322 50
1.1403508771929851 45
1.1491228070175465 28
1.2017543859649151 11
1.2105263157894766 26
1.2719298245614066 2
1.3333333333333366 15
1.464912280701758 12
1.5087719298245652 23
1.605263157894741 5
1.6403508771929867 44
1.649122807017548 36
1.6578947368421095 37
1.7017543859649167 6
1.789473684210531 48
1.7982456140350924 24
1.8070175438596539 7
1.8947368421052682 29
1.9210526315789525 25
1.9385964912280753 18
2.0087719298245665 59
2.070175438596495 47
2.1403508771929847 17
2.1666666666666683 44
2.289473684210525 5
2.32456140350877 8
2.3333333333333313 42
2.368421052631576 11
2.3771929824561373 18
2.3947368421052597 5
2.4298245614035046 6
2.5438596491228003 36
2.5964912280701675 7
2.622807017543851 18
2.6491228070175348 15
2.666666666666657 24
2.692982456140341 43
2.745614035087708 18
2.7982456140350753 0
2.8508771929824426 12
2.8508771929824426 18
2.90350877192981 56
3.0964912280701564 1
3.0964912280701564 57
3.157894736842085 6
3.201754385964891 44
3.3070175438596254 16
3.368421052631554 11
3.3859649122806763 7
3.4385964912280436 36
3.4736842105262884 20
3.491228070175411 18
3.5087719298245332 10
3.535087719298217 24
3.543859649122778 29
3.543859649122778 41
3.622807017543829 27
3.8070175438596143 44
3.885964912280665 6
3.9385964912280325 14
3.9385964912280325 47
3.956140350877155 15
3.9736842105262773 39
4.026315789473646 4
4.0350877192982075 3
4.096491228070139 50
4.114035087719262 42
4.175438596491194 7
4.175438596491194 17
4.184210526315756 11
4.219298245614002 1
4.280701754385934 9
4.307017543859619 53
4.333333333333304 36
4.403508771929797 24
4.438596491228044 12
4.499999999999975 45
4.508771929824537 59
4.517543859649098 22
4.552631578947345 25
4.614035087719277 6
4.807017543859633 2
4.84210526315788 40
4.859649122807003 58
4.964912280701743 7
4.982456140350866 32
5.228070175438592 36
5.263157894736839 15
5.271929824561401 24
5.280701754385962 0
5.289473684210524 38
5.342105263157894 6
5.37719298245614 3
5.412280701754387 43
5.543859649122812 34
5.605263157894743 18
5.64035087719299 5
5.675438596491237 17
5.7543859649122915 7
5.780701754385976 23
5.807017543859661 47
5.85087719298247 20
5.859649122807031 44
5.877192982456155 54
5.90350877192984 57
6.026315789473703 5
6.070175438596511 6
6.105263157894758 4
6.122807017543881 36
6.140350877193004 24
6.1842105263158125 18
6.210526315789497 28
6.219298245614059 16
6.263157894736867 9
6.271929824561429 48
6.280701754385991 8
6.3596491228070455 27
6.421052631578977 42
6.429824561403539 18
6.447368421052662 41
6.464912280701785 25
6.49122807017547 17
6.54385964912284 7
6.5614035087719635 12
6.570175438596525 15
6.631578947368457 37
6.64912280701758 59
6.719298245614073 3
6.798245614035128 6
6.842105263157936 43
6.868421052631621 5
7.000000000000046 5
7.008771929824608 24
7.0175438596491695 36
7.333333333333389 7
7.350877192982512 17
7.526315789473745 6
7.587719298245677 14
7.640350877193047 47
7.833333333333403 11
7.842105263157965 26
7.8771929824562115 15
7.8771929824562115 24
7.912280701754458 25
7.912280701754458 36
7.97368421052639 50
8.000000000000075 56
8.000000000000075 59
8.02631578947376 1
8.035087719298321 18
8.035087719298321 45
8.061403508772006 3
8.122807017543938 7
8.122807017543938 9
8.122807017543938 44
8.166666666666746 17
8.23684210526324 20
8.254385964912363 6
8.254385964912363 42
8.280701754386047 4
8.307017543859732 48
8.333333333333417 0
8.342105263157979 2
8.359649122807102 39
8.385964912280787 29
8.50877192982465 58
8.535087719298335 8
8.596491228070267 43
8.657894736842199 5
8.745614035087815 24
8.780701754386062 22
8.807017543859747 36
8.807017543859747 53
8.87719298245624 11
8.912280701754487 7
8.973684210526418 17
8.98245614035098 6
8.98245614035098 57
9.131578947368528 16
9.149122807017651 11
9.184210526315898 15
9.210526315789583 18
9.219298245614144 32
9.24561403508783 25
9.254385964912391 5
9.368421052631692 59
9.403508771929939 3
9.46491228070187 47
9.482456140350994 27
9.508771929824679 44
9.614035087719419 24
9.701754385965035 7
9.701754385965035 36
9.710526315789597 6
9.771929824561528 17
9.83333333333346 23
9.929824561403638 44
9.9385964912282 9
9.99122807017557 12
10.000000000000131 41
10.008771929824693 5
10.008771929824693 42
10.035087719298378 29
10.114035087719433 40
10.350877192982598 50
10.438596491228214 6
10.447368421052776 5
10.464912280701899 4
10.47368421052646 38
10.482456140351022 24
10.491228070175584 7
10.491228070175584 15
10.570175438596639 17
10.5789473684212 25
10.596491228070324 36
10.657894736842255 43
10.710526315789625 20
10.719298245614187 44
10.745614035087872 3
10.771929824561557 39
11.026315789473845 54
11.05263157894753 34
11.140350877193146 0
11.140350877193146 8
11.166666666666831 6
11.228070175438763 14
11.254385964912448 28
11.280701754386133 7
11.289473684210694 47
11.31578947368438 45
11.350877192982626 24
11.36842105263175 17
11.491228070175612 36
11.543859649122982 5
11.605263157894914 37
11.631578947368599 12
11.64035087719316 29
11.7456140350879 9
11.79824561403527 15
11.877192982456325 2
11.894736842105448 1
11.894736842105448 6
11.912280701754572 25
12.043859649122997 16
12.070175438596682 7
12.087719298245805 3
12.131578947368613 58
12.140350877193175 59
12.16666666666686 17
12.192982456140545 11
12.21929824561423 24
12.298245614035284 27
12.385964912280901 36
12.456140350877394 43
12.464912280701956 57
12.552631578947572 4
12.587719298245819 44
12.622807017544066 6
12.763157894737052 41
12.85964912280723 5
12.85964912280723 7
12.938596491228285 26
12.96491228070197 17
13.035087719298463 22
13.087719298245833 24
13.105263157894957 15
13.114035087719518 47
13.149122807017765 1
13.245614035087943 25
13.28070175438619 36
13.307017543859875 50
13.342105263158121 29
13.342105263158121 53
13.350877192982683 6
13.403508771930053 18
13.429824561403738 3
13.456140350877423 56
13.482456140351108 8
13.517543859649354 12
13.5526315789476 9
13.60526315789497 0
13.60526315789497 20
13.649122807017779 7
13.649122807017779 48
13.76315789473708 17
13.956140350877437 24
14.0789473684213 6
14.157894736842355 59
14.175438596491478 36
14.39473684210552 29
14.412280701754643 15
14.438596491228328 7
14.482456140351136 40
14.50000000000026 18
14.55263157894763 17
14.55263157894763 45
14.578947368421314 25
14.631578947368684 4
14.7192982456143 10
14.77192982456167 3
14.807017543859917 6
14.82456140350904 18
14.82456140350904 24
14.833333333333602 44
14.868421052631849 14
14.938596491228342 42
14.938596491228342 47
14.956140350877465 16
15.070175438596767 36
15.114035087719575 12
15.122807017544137 32
15.175438596491507 11
15.228070175438877 7
15.271929824561685 18
15.315789473684493 39
15.342105263158178 9
15.342105263158178 17
15.359649122807301 23
15.412280701754671 2
15.500000000000288 38
15.535087719298534 6
15.640350877193274 48
15.649122807017836 50
15.66666666666696 11
15.692982456140644 24
15.719298245614329 15
15.763157894737137 59
15.912280701754685 25
15.921052631579247 44
15.947368421052932 57
15.964912280702055 36
16.026315789473987 7
16.070175438596795 20
16.114035087719603 3
16.14035087719329 17
16.236842105263467 41
16.26315789473715 6
16.30701754385996 28
16.543859649123124 34
16.552631578947686 0
16.561403508772248 24
16.561403508772248 43
16.57894736842137 18
16.57894736842137 37
16.596491228070494 58
16.67543859649155 1
16.692982456140673 12
16.710526315789796 4
16.763157894737166 47
16.815789473684536 7
16.850877192982782 59
16.859649122807344 36
16.9385964912284 17
16.982456140351207 42
16.99122807017577 6
17.00000000000033 53
17.026315789474015 15
17.070175438596824 54
17.140350877193317 9
17.245614035088057 25
17.25438596491262 8
17.289473684210865 22
17.412280701754728 18
17.42982456140385 5
17.42982456140385 24
17.456140350877536 3
17.517543859649468 11
17.605263157895084 7
17.622807017544208 27
17.622807017544208 29
17.719298245614386 6
17.73684210526351 17
17.754385964912633 36
17.815789473684564 49
17.868421052631934 16
17.964912280702112 50
17.991228070175797 5
18.16666666666703 1
18.254385964912647 59
18.298245614035455 24
18.3333333333337 15
18.38596491228107 5
18.394736842105633 7
18.403508771930195 41
18.42982456140388 48
18.447368421053003 6
18.49122807017581 42
18.508771929824935 14
18.53508771929862 17
18.578947368421428 25
18.58771929824599 47
18.64912280701792 36
18.684210526316168 40
18.789473684210908 4
18.79824561403547 3
18.938596491228456 9
18.947368421053017 2
19.00877192982495 26
19.16666666666706 24
19.17543859649162 6
19.184210526316182 7
19.201754385965305 39
19.298245614035483 18
19.32456140350917 17
19.368421052631977 8
19.37719298245654 0
19.3859649122811 57
19.49122807017584 43
19.535087719298648 11
19.54385964912321 29
19.54385964912321 32
19.54385964912321 36
19.631578947368826 18
19.640350877193388 15
19.903508771930237 6
19.903508771930237 59
19.9122807017548 25
19.947368421053046 58
19.97368421052673 7
20.035087719298662 24
20.07017543859691 27
20.114035087719717 20
20.12280701754428 17
20.140350877193402 3
20.210526315789895 42
20.245614035088142 5
20.254385964912704 1
20.28070175438639 50
20.412280701754813 47
20.4385964912285 36
20.5526315789478 10
20.56140350877236 5
20.578947368421485 44
20.631578947368855 6
20.701754385965348 23
20.728070175439033 9
20.76315789473728 7
20.780701754386403 16
20.807017543860088 48
20.859649122807458 12
20.86842105263202 4
20.885964912281143 5
20.903508771930266 24
20.92105263157939 17
20.947368421053074 15
21.000000000000444 18
21.166666666667115 18
21.24561403508817 25
21.263157894737294 18
21.333333333333787 36
21.333333333333787 41
21.35087719298291 28
21.359649122807472 6
21.45614035087765 8
21.482456140351335 3
21.535087719298705 22
21.552631578947828 7
21.552631578947828 37
21.57017543859695 42
21.587719298246075 54
21.701754385965376 38
21.7192982456145 17
21.77192982456187 24
21.88596491228117 0
21.894736842105733 53
22.03508771929872 34
22.052631578947842 12
22.08771929824609 6
22.14035087719346 14
22.228070175439075 36
22.236842105263637 47
22.25438596491276 15
22.25438596491276 45
22.271929824561884 5
22.342105263158377 7
22.447368421053117 20
22.482456140351363 2
22.52631578947417 9
22.52631578947417 17
22.57894736842154 25
22.640350877193473 24
22.68421052631628 50
22.719298245614528 59
22.815789473684706 6
22.824561403509268 3
22.859649122807514 42
22.8859649122812 44
22.94736842105313 4
23.0000000000005 27
23.008771929825063 57
23.017543859649624 43
23.017543859649624 56
23.035087719298748 39
23.114035087719802 29
23.122807017544364 36
23.131578947368926 7
23.219298245614542 48
23.271929824561912 44
23.324561403509282 17
23.377192982456652 1
23.46491228070227 41
23.500000000000515 11
23.508771929825077 24
23.53508771929876 26
23.543859649123323 6
23.561403508772447 15
23.596491228070693 32
23.63157894736894 5
23.69298245614087 16
23.912280701754913 25
23.912280701754913 25
23.921052631579474 7
24.017543859649653 36
24.043859649123338 40
24.0526315789479 47
24.122807017544392 17
24.1666666666672 3
24.27192982456194 6
24.280701754386502 12
24.32456140350931 9
24.333333333333872 58
24.37719298245668 24
24.508771929825105 43
24.52631578947423 49
24.719298245614585 7
24.8070175438602 20
24.815789473684763 0
24.868421052632133 15
24.91228070175494 36
24.921052631579503 17
24.982456140351434 11
25.000000000000558 6
25.000000000000558 50
25.026315789474243 4
25.043859649123366 23
25.236842105263722 1
25.245614035088284 24
25.245614035088284 25
25.32456140350934 29
25.350877192983024 48
25.508771929825134 3
25.508771929825134 7
25.508771929825134 45
25.526315789474257 11
25.54385964912338 8
25.552631578947942 12
25.64035087719356 59
25.719298245614613 17
25.728070175439175 6
25.771929824561983 14
25.771929824561983 57
25.780701754386545 22
25.798245614035668 18
25.80701754386023 36
25.80701754386023 53
25.8596491228076 5
25.894736842105846 47
26.01754385964971 2
26.043859649123394 43
26.114035087719888 24
26.12280701754445 9
26.17543859649182 15
26.192982456140943 42
26.298245614035682 7
26.350877192983052 54
26.39473684210586 28
26.456140350877792 6
26.517543859649724 17
26.526315789474285 37
26.561403508772532 29
26.578947368421655 25
26.578947368421655 38
26.59649122807078 5
26.60526315789534 16
26.70175438596552 36
26.77192982456201 5
26.850877192983067 3
26.98245614035149 24
27.08771929824623 7
27.105263157895354 4
27.122807017544478 0
27.157894736842724 27
27.18421052631641 6
27.29824561403571 11
27.315789473684834 17
27.315789473684834 50
27.359649122807642 48
27.482456140351506 15
27.596491228070807 36
27.61403508771993 42
27.61403508771993 58
27.684210526316424 8
27.71052631579011 47
27.736842105263793 5
27.850877192983095 24
27.87719298245678 7
27.912280701755027 6
27.912280701755027 25
27.921052631579588 9
28.008771929825205 29
28.061403508772575 56
28.09649122807082 20
28.114035087719945 17
28.114035087719945 18
28.157894736842753 34
28.192982456141 3
28.192982456141 12
28.219298245614684 59
28.24561403508837 40
28.3070175438603 43
28.35964912280767 5
28.421052631579602 1
28.45614035087785 26
28.491228070176096 36
28.605263157895397 32
28.640350877193644 6
28.66666666666733 7
28.7192982456147 24
28.78070175438663 10
28.789473684211192 15
28.84210526315856 11
28.912280701755055 17
28.92982456140418 41
28.93859649122874 45
28.9473684210533 49
28.964912280702425 44
28.973684210526987 57
29.114035087719973 11
29.15789473684278 39
29.175438596491905 5
29.184210526316466 4
29.184210526316466 23
29.236842105263836 59
29.245614035088398 25
29.342105263158576 48
29.36842105263226 6
29.385964912281384 36
29.403508771930507 14
29.42105263157963 53
29.456140350877877 7
29.51754385964981 16
29.52631578947437 47
29.535087719298932 3
29.552631578948056 2
29.587719298246302 24
29.63157894736911 50
29.710526315790165 9
29.710526315790165 17
29.868421052632275 1
29.94736842105333 8
30.0000000000007 27
30.026315789474385 22
30.096491228070878 6
30.096491228070878 15
30.236842105263865 42
30.245614035088426 7
30.280701754386673 36
30.456140350877906 24
30.508771929825276 17
30.57894736842177 25
30.57894736842177 43
30.74561403508844 5
30.763157894737564 20
30.824561403509495 6
30.877192982456865 3
30.94736842105336 29
31.035087719298975 7
31.06140350877266 41
31.17543859649196 36
31.22807017543933 54
31.263157894737578 4
31.307017543860386 17
31.315789473684948 48
31.32456140350951 24
31.342105263158633 47
31.342105263158633 58
31.350877192983194 5
31.403508771930564 15
31.42982456140425 28
31.500000000000743 9
31.500000000000743 37
31.53508771929899 1
31.552631578948112 6
31.710526315790222 42
31.79824561403584 0
31.824561403509524 7
31.91228070175514 25
31.947368421053387 50
31.96491228070251 59
31.991228070176195 44
32.00000000000075 18
32.070175438597246 36
32.09649122807093 17
32.09649122807093 18
32.15789473684286 43
32.15789473684286 49
32.19298245614111 24
32.219298245614794 3
32.280701754386726 6
32.31578947368497 56
32.333333333334096 45
32.429824561404274 16
32.55263157894814 8
32.61403508772007 7
32.65789473684288 18
32.692982456141124 57
32.71052631579025 15
32.89473684210604 17
32.89473684210604 34
32.9035087719306 18
32.912280701755165 27
32.964912280702535 36
33.00877192982534 6
33.00877192982534 11
33.03508771929903 14
33.06140350877271 24
33.06140350877271 42
33.070175438597275 18
33.07894736842184 29
33.0877192982464 2
33.14035087719377 23
33.15789473684289 47
33.24561403508851 25
33.29824561403588 9
33.333333333334124 38
33.342105263158686 4
33.342105263158686 20
33.40350877193062 7
33.447368421053426 5
33.491228070176234 48
33.56140350877273 3
33.56140350877273 32
33.58771929824641 40
33.64035087719378 43
33.69298245614115 17
33.73684210526396 6
33.79824561403589 12
33.815789473685015 53
33.83333333333414 18
33.859649122807824 36
33.92982456140432 24
34.01754385964993 15
34.04385964912362 59
34.192982456141166 7
34.26315789473766 50
34.27192982456222 22
34.289473684211345 42
34.42982456140433 41
34.46491228070258 6
34.49122807017626 17
34.508771929825386 11
34.57894736842188 25
34.64912280701837 0
34.64912280701837 18
34.657894736842934 10
34.710526315790304 11
34.75438596491311 36
34.79824561403592 24
34.90350877193066 3
34.91228070175522 11
34.97368421052715 47
34.982456140351715 7
35.087719298246455 5
35.087719298246455 12
35.09649122807102 9
35.10526315789558 11
35.10526315789558 44
35.11403508772014 1
35.1228070175447 18
35.192982456141195 6
35.20175438596576 26
35.254385964913126 18
35.28070175438681 17
35.298245614035935 11
35.32456140350962 15
35.34210526315874 16
35.359649122807866 49
35.4210526315798 4
35.456140350878044 48
35.49122807017629 11
35.54385964912366 39
35.6491228070184 36
35.666666666667524 24
35.68421052631665 11
35.68421052631665 20
35.771929824562264 7
35.81578947368507 54
35.824561403509634 8
35.877192982457004 11
35.91228070175525 25
35.92105263157981 6
35.92105263157981 44
36.07017543859736 11
36.07894736842192 17
36.201754385965785 12
36.24561403508859 3
36.263157894737716 11
36.359649122807895 59
36.45614035087807 11
36.473684210527196 28
36.473684210527196 37
36.517543859650004 1
36.517543859650004 44
36.53508771929913 24
36.54385964912369 36
36.56140350877281 7
36.622807017544744 2
36.631578947369306 15
36.64912280701843 6
36.64912280701843 11
36.65789473684299 5
36.66666666666755 14
36.71052631579036 56
36.74561403508861 57
36.75438596491317 29
36.789473684211416 47
36.842105263158786 11
36.85964912280791 50
36.87719298245703 17
36.87719298245703 17
36.885964912281594 9
37.03508771929914 11
37.052631578948265 23
37.052631578948265 41
37.06140350877283 45
37.2280701754395 11
37.24561403508862 25
37.315789473685115 12
37.35087719298336 7
37.377192982457046 6
37.40350877193073 24
37.421052631579855 11
37.421052631579855 48
37.43859649122898 27
37.43859649122898 36
37.49122807017635 53
37.50000000000091 4
37.587719298246526 3
37.59649122807109 32
37.61403508772021 11
37.62280701754477 42
37.67543859649214 17
37.71052631579039 0
37.76315789473776 34
37.80701754386057 11
37.81578947368513 5
37.93859649122899 15
38.000000000000924 11
38.02631578947461 20
38.10526315789566 6
38.14035087719391 7
38.19298245614128 11
38.25438596491321 16
38.271929824562335 5
38.271929824562335 24
38.33333333333427 36
38.377192982457075 18
38.385964912281636 11
38.429824561404445 12
38.44736842105357 1
38.46491228070269 17
38.482456140351815 18
38.482456140351815 40
38.5087719298255 10
38.51754385965006 22
38.56140350877287 49
38.57017543859743 58
38.57894736842199 11
38.57894736842199 25
38.60526315789568 47
38.649122807018486 18
38.68421052631673 9
38.77192982456235 11
38.83333333333428 6
38.92982456140446 3
38.92982456140446 7
38.956140350878144 39
38.964912280702706 11
38.97368421052727 44
39.00000000000095 42
39.008771929825514 29
39.14035087719394 24
39.15789473684306 11
39.175438596492185 50
39.228070175439555 36
39.24561403508868 15
39.2631578947378 17
39.28947368421149 38
39.29824561403605 44
39.35087719298342 11
39.3771929824571 48
39.543859649123775 5
39.543859649123775 11
39.543859649123775 12
39.5614035087729 6
39.57894736842202 4
39.58771929824658 18
39.71929824561501 7
39.73684210526413 11
39.754385964913254 57
39.82456140350975 18
39.87719298245712 59
39.88596491228168 8
39.912280701755364 25
39.92982456140449 11
39.94736842105361 41
39.99122807017642 1
40.00877192982554 24
40.06140350877291 17
40.0877192982466 43
40.09649122807116 27
40.122807017544844 11
40.122807017544844 36
40.15789473684309 2
40.175438596492214 42
40.27192982456239 3
40.289473684211515 6
40.29824561403608 14
40.3157894736852 11
40.33333333333432 5
40.35964912280801 20
40.394736842106255 54
40.42105263157994 47
40.47368421052731 9
40.508771929825556 7
40.508771929825556 11
40.552631578948365 15
40.657894736843105 12
40.70175438596591 11
40.771929824562406 18
40.85087719298346 17
40.877192982457146 24
40.89473684210627 11
40.9561403508782 18
40.9561403508782 23
40.973684210527324 26
41.01754385965013 6
41.01754385965013 36
41.0701754385975 53
41.087719298246625 11
41.16666666666768 16
41.245614035088735 25
41.28070175438698 11
41.298245614036105 7
41.33333333333435 18
41.33333333333435 48
41.350877192983475 42
41.42982456140453 59
41.44736842105365 37
41.47368421052734 11
41.49122807017646 50
41.508771929825585 28
41.614035087720325 3
41.64912280701857 17
41.65789473684313 4
41.666666666667695 11
41.74561403508875 0
41.74561403508875 6
41.74561403508875 24
41.74561403508875 45
41.76315789473787 49
41.771929824562434 12
41.79824561403612 29
41.85964912280805 11
41.85964912280805 15
41.91228070175542 36
41.982456140351914 43
41.991228070176476 5
42.05263157894841 11
42.087719298246654 7
42.13157894736946 56
42.2368421052642 47
42.245614035088764 11
42.27192982456245 9
42.359649122808065 10
42.412280701755435 58
42.42982456140456 34
42.43859649122912 11
42.44736842105368 17
42.47368421052737 6
42.5350877192993 8
42.57894736842211 25
42.61403508772035 24
42.622807017544915 1
42.631578947369476 11
42.69298245614141 20
42.7631578947379 22
42.789473684211586 42
42.80701754386071 36
42.82456140350983 11
42.833333333334394 5
42.8771929824572 7
42.8771929824572 18
42.885964912281764 12
42.90350877193089 59
42.91228070175545 29
42.95614035087826 3
43.000000000001066 5
43.00877192982563 32
43.01754385965019 11
43.096491228071244 27
43.13157894736949 57
43.16666666666774 15
43.18421052631686 41
43.201754385965984 6
43.210526315790545 11
43.24561403508879 17
43.35087719298353 48
43.368421052632655 40
43.4035087719309 11
43.48245614035196 24
43.59649122807126 11
43.61403508772038 43
43.66666666666775 7
43.692982456141436 2
43.701754385966 36
43.736842105264245 4
43.789473684211615 11
43.80701754386074 1
43.80701754386074 50
43.91228070175548 25
43.9298245614046 6
43.9298245614046 14
43.96491228070285 42
43.98245614035197 11
44.000000000001094 12
44.0438596491239 17
44.052631578948464 47
44.061403508773026 9
44.07894736842215 16
44.09649122807127 59
44.14912280701864 38
44.14912280701864 44
44.17543859649233 11
44.20175438596601 29
44.29824561403619 3
44.35087719298356 24
44.368421052632684 11
44.4561403508783 7
44.47368421052742 15
44.535087719299355 44
44.56140350877304 11
44.59649122807129 36
44.65789473684322 6
44.70175438596603 53
44.754385964913396 11
44.84210526315901 17
44.859649122808136 23
44.92982456140463 8
44.94736842105375 11
44.964912280702876 49
45.02631578947481 20
45.04385964912393 18
45.08771929824674 45
45.114035087720424 12
45.14035087719411 11
45.14035087719411 42
45.219298245615164 24
45.24561403508885 7
45.24561403508885 25
45.24561403508885 41
45.30701754386078 48
45.333333333334465 11
45.36842105263271 29
45.377192982457274 18
45.385964912281835 6
45.429824561404644 1
45.491228070176575 36
45.50000000000114 44
45.52631578947482 11
45.64035087719412 3
45.64035087719412 17
45.71929824561518 11
45.78070175438711 15
45.78947368421167 43
45.807017543860795 57
45.815789473685356 4
45.815789473685356 4
45.8508771929836 9
45.88596491228185 47
45.912280701755535 11
45.95614035087834 27
46.0350877192994 7
46.04385964912396 39
46.08771929824677 24
46.10526315789589 11
46.10526315789589 18
46.11403508772045 6
46.122807017545014 50
46.21052631579063 10
46.228070175439754 12
46.280701754387124 26
46.29824561403625 11
46.31578947368537 42
46.342105263159056 59
46.385964912281864 36
46.42105263158011 37
46.438596491229234 17
46.491228070176604 11
46.491228070176604 11
46.543859649123974 28
46.57894736842222 25
46.68421052631696 11
46.70175438596608 0
46.710526315790645 44
46.763157894738015 54
46.824561403509946 7
46.84210526315907 6
46.877192982457316 11
46.95614035087837 24
46.982456140352056 3
46.99122807017662 16
47.00000000000118 5
47.00877192982574 22
47.07017543859767 11
47.087719298246796 15
47.131578947369604 34
47.22807017543978 2
47.236842105264344 17
47.26315789473803 11
47.26315789473803 48
47.28070175438715 36
47.342105263159084 12
47.35964912280821 20
47.394736842106454 18
47.456140350878385 11
47.48245614035207 43
47.49122807017663 42
47.51754385965032 56
47.561403508773125 14
47.57017543859769 6
47.60526315789593 59
47.614035087720495 7
47.64912280701874 9
47.64912280701874 11
47.70175438596611 47
47.824561403509975 24
47.8421052631591 11
47.89473684210647 4
47.91228070175559 25
47.92105263158015 44
47.96491228070296 18
48.02631578947489 17
48.035087719299455 11
48.16666666666788 49
48.17543859649244 36
48.21929824561525 58
48.22807017543981 11
48.245614035088934 1
48.298245614036304 6
48.32456140350999 3
48.37719298245736 32
48.37719298245736 41
48.39473684210648 15
48.403508771931044 7
48.42105263158017 11
48.43859649122929 50
48.456140350878414 12
48.52631578947491 8
48.614035087720524 11
48.66666666666789 42
48.69298245614158 24
48.7105263157907 18
48.7105263157907 40
48.76315789473807 23
48.79824561403632 59
48.80701754386088 11
48.82456140351 17
48.885964912281935 57
48.90350877193106 53
49.000000000001236 11
49.02631578947492 6
49.043859649124045 29
49.043859649124045 44
49.07017543859773 36
49.19298245614159 7
49.19298245614159 11
49.21929824561528 48
49.21929824561528 48
49.24561403508896 25
49.24561403508896 38
49.38596491228195 11
49.43859649122932 9
49.517543859650374 47
49.56140350877318 24
49.570175438597744 12
49.578947368422305 11
49.622807017545114 17
49.66666666666792 3
49.69298245614161 20
49.70175438596617 15
49.72807017543985 44
49.75438596491354 6
49.77192982456266 11
49.842105263159155 42
49.90350877193109 16
49.92105263158021 18
49.96491228070302 11
49.96491228070302 36
49.97368421052758 4
49.98245614035214 7
50.052631578948635 27
50.061403508773196 10
50.157894736843375 5
50.157894736843375 11
50.24561403508899 18
50.30701754386092 39
50.324561403510046 5
50.33333333333461 45
50.35087719298373 11
50.421052631580224 17
50.429824561404786 24
50.482456140352156 0
50.482456140352156 6
50.54385964912409 11
50.578947368422334 25
50.684210526317074 12
50.736842105264444 11
50.75438596491357 50
50.76315789473813 2
50.77192982456269 5
50.77192982456269 7
50.85964912280831 36
50.91228070175568 8
50.9298245614048 11
50.97368421052761 43
51.008771929825855 3
51.008771929825855 15
51.01754385965042 42
51.09649122807147 1
51.10526315789603 54
51.122807017545156 11
51.13157894736972 26
51.175438596492526 48
51.18421052631709 59
51.19298245614165 14
51.21052631579077 6
51.219298245615335 17
51.228070175439896 9
51.25438596491358 22
51.29824561403639 24
51.31578947368551 11
51.333333333334636 47
51.39473684210657 37
51.41228070175569 49
51.429824561404814 29
51.50877192982587 11
51.51754385965043 41
51.56140350877324 7
51.57894736842236 28
51.63157894736973 58
51.701754385966225 11
51.754385964913595 36
51.798245614036404 12
51.82456140351009 44
51.89473684210658 11
51.912280701755705 25
51.92105263158027 57
51.93859649122939 6
51.97368421052764 5
52.017543859650445 17
52.02631578947501 20
52.05263157894869 4
52.08771929824694 11
52.16666666666799 24
52.19298245614168 42
52.19298245614168 59
52.280701754387294 11
52.31578947368554 15
52.35087719298379 3
52.35087719298379 7
52.47368421052765 11
52.51754385965046 53
52.63157894736976 1
52.649122807018884 36
52.649122807018884 56
52.66666666666801 6
52.66666666666801 11
52.66666666666801 23
52.69298245614169 32
52.815789473685555 16
52.815789473685555 17
52.83333333333468 34
52.8508771929838 29
52.859649122808364 11
52.91228070175573 12
53.026315789475035 9
53.0350877192996 24
53.05263157894872 11
53.07017543859784 50
53.078947368422405 0
53.11403508772065 39
53.14035087719434 7
53.1491228070189 47
53.21929824561539 48
53.245614035089076 11
53.245614035089076 25
53.36842105263294 42
53.38596491228206 40
53.394736842106624 6
53.43859649122943 11
53.54385964912417 36
53.614035087720666 17
53.62280701754523 15
53.63157894736979 11
53.68421052631716 45
53.69298245614172 3
53.78070175438734 59
53.824561403510145 11
53.9035087719312 24
53.91228070175576 10
53.929824561404885 7
54.0175438596505 11
54.02631578947506 12
54.12280701754524 6
54.1315789473698 4
54.21052631579086 11
54.23684210526454 27
54.27192982456279 38
54.298245614036475 2
54.33333333333472 1
54.359649122808406 20
54.403508771931214 11
54.412280701755776 17
54.43859649122946 36
54.57894736842245 25
54.59649122807157 11
54.614035087720694 49
54.675438596492626 29
54.719298245615434 7
54.771929824562804 24
54.78947368421193 11
54.824561403510174 5
54.824561403510174 9
54.824561403510174 14
54.85087719298386 6
54.877192982457544 18
54.885964912282105 59
54.929824561404914 15
54.938596491229475 43
54.96491228070316 47
54.982456140352284 11
55.00877192982597 42
55.03508771929965 3
55.14035087719439 12
55.17543859649264 11
55.17543859649264 48
55.1842105263172 18
55.201754385966325 17
55.28070175438738 58
55.33333333333475 36
55.359649122808435 0
55.368421052632996 11
55.38596491228212 50
55.50000000000142 22
55.50877192982598 7
55.56140350877335 11
55.578947368422476 6
55.622807017545284 57
55.64035087719441 24
55.728070175440024 16
55.75438596491371 11
55.789473684211956 1
55.79824561403652 26
55.91228070175582 25
55.947368421054065 11
55.947368421054065 18
55.98245614035231 59
55.991228070176874 17
56.09649122807161 41
56.14035087719442 11
56.14912280701898 18
56.157894736843545 29
56.18421052631723 42
56.210526315790915 4
56.22807017544004 36
56.2368421052646 15
56.25438596491372 12
56.29824561403653 7
56.30701754386109 6
56.33333333333478 11
56.368421052633025 37
56.377192982457586 3
56.50877192982601 24
56.526315789475134 11
56.57017543859794 23
56.61403508772075 28
56.61403508772075 43
56.62280701754531 9
56.65789473684356 5
56.692982456141806 20
56.71052631579093 8
56.71929824561549 11
56.789473684211984 17
56.798245614036546 47
56.91228070175585 11
56.956140350878655 39
57.03508771929971 6
57.07017543859796 56
57.08771929824708 7
57.1052631578962 11
57.12280701754533 18
57.12280701754533 36
57.13157894736989 48
57.166666666668135 27
57.19298245614182 53
57.22807017544007 1
57.24561403508919 25
57.289473684212 34
57.29824561403656 11
57.35964912280849 42
57.36842105263305 12
57.377192982457615 24
57.491228070176916 11
57.5175438596506 18
57.543859649124286 15
57.57894736842253 17
57.66666666666815 5
57.68421052631727 11
57.701754385966396 50
57.71929824561552 3
57.76315789473833 6
57.76315789473833 10
57.76315789473833 59
57.8157894736857 49
57.8157894736857 54
57.83333333333482 2
57.850877192983944 44
57.86842105263307 29
57.87719298245763 7
57.87719298245763 11
58.017543859650615 36
58.070175438597985 11
58.08771929824711 32
58.21929824561553 43
58.24561403508922 24
58.26315789473834 11
58.280701754387465 18
58.28947368421203 4
58.36842105263308 17
58.39473684210677 40
58.41228070175589 9
58.438596491229575 57
58.4561403508787 11
58.4561403508787 14
58.47368421052782 41
58.48245614035238 12
58.491228070176945 6
58.50877192982607 45
58.53508771929975 42
58.552631578948876 0
58.57894736842256 25
58.596491228071685 5
58.61403508772081 47
58.64035087719449 1
58.64035087719449 16
58.649122807019054 11
58.66666666666818 7
58.77192982456292 58
58.84210526315941 11
58.85087719298397 15
58.912280701755904 36
58.973684210527836 18
59.026315789475206 20
59.03508771929977 11
59.06140350877345 3
59.070175438598014 8
59.08771929824714 48
59.11403508772082 24
59.16666666666819 17
59.21929824561556 6
59.22807017544012 11
59.35087719298399 59
59.42105263158048 11
59.45614035087873 7
59.552631578948905 38
59.58771929824715 18
59.59649122807171 12
59.614035087720836 11
59.710526315791014 1
59.710526315791014 42
59.710526315791014 43
59.74561403508926 22
59.75438596491382 5
59.80701754386119 11
59.80701754386119 36
59.877192982457686 27
59.91228070175593 25
59.94736842105418 6
59.9649122807033 17
59.982456140352426 24
