0.008771929824561403 27
0.017543859649122806 42
0.06140350877192982 30
0.08771929824561403 28
0.08771929824561403 29
0.10526315789473684 44
0.11403508771929824 36
0.12280701754385964 37
0.13157894736842105 40
0.29824561403508787 48
0.3070175438596493 52
0.37719298245614075 47
0.42982456140350933 38
0.5964912280701765 57
0.605263157894738 55
0.6140350877192994 46
0.7456140350877208 1
0.8245614035087737 41
0.8421052631578966 3
0.850877192982458 2
1.1052631578947394 39
1.157894736842108 36
1.1929824561403537 4
1.1929824561403537 43
1.1929824561403537 44
1.4736842105263195 14
1.5350877192982495 22
1.5701754385964952 24
1.5789473684210567 42
1.587719298245618 15
1.587719298245618 26
1.5964912280701795 34
1.605263157894741 9
1.7368421052631624 7
1.7456140350877238 6
1.7456140350877238 35
1.8947368421052682 29
1.912280701754391 0
1.9385964912280753 32
1.9824561403508825 46
2.0877192982456174 53
2.10526315789474 1
2.1666666666666683 33
2.201754385964913 36
2.2543859649122804 47
2.368421052631576 56
2.4736842105263106 6
2.5175438596491166 3
2.526315789473678 17
2.535087719298239 30
2.5526315789473615 7
2.666666666666657 48
2.692982456140341 11
2.8157894736841977 42
2.824561403508759 15
2.8508771929824426 23
2.8508771929824426 27
2.877192982456126 24
2.8947368421052486 16
2.912280701754371 25
3.0175438596491055 11
3.166666666666646 11
3.201754385964891 6
3.245614035087697 36
3.3421052631578703 41
3.3596491228069927 1
3.368421052631554 7
3.5263157894736556 46
3.675438596491196 24
3.70175438596488 29
3.7192982456140022 57
3.754385964912247 12
3.7631578947368083 43
3.8245614035087367 11
3.9298245614034713 6
4.043859649122769 15
4.052631578947331 10
4.0877192982455774 9
4.140350877192947 47
4.184210526315756 7
4.2631578947368105 25
4.271929824561372 39
4.2894736842104955 36
4.342105263157865 2
4.350877192982427 44
4.447368421052605 42
4.47368421052629 24
4.552631578947345 0
4.657894736842085 6
4.6929824561403315 48
4.885964912280688 55
4.929824561403496 11
4.991228070175428 7
4.999999999999989 40
4.999999999999989 54
5.017543859649113 1
5.017543859649113 14
5.070175438596483 37
5.105263157894729 28
5.166666666666661 30
5.254385964912277 15
5.271929824561401 24
5.333333333333332 36
5.385964912280702 6
5.42982456140351 38
5.456140350877195 43
5.578947368421058 44
5.605263157894743 3
5.614035087719305 25
5.7982456140351 7
5.859649122807031 22
5.938596491228086 20
6.017543859649141 47
6.070175438596511 24
6.114035087719319 6
6.201754385964936 9
6.236842105263182 29
6.315789473684237 32
6.377192982456169 36
6.473684210526347 15
6.473684210526347 57
6.605263157894772 7
6.605263157894772 35
6.842105263157936 6
6.868421052631621 16
6.868421052631621 24
6.868421052631621 24
6.877192982456183 44
6.894736842105306 23
6.894736842105306 39
7.122807017543909 0
7.140350877193033 34
7.157894736842156 33
7.184210526315841 1
7.254385964912334 8
7.324561403508827 52
7.385964912280759 44
7.412280701754444 7
7.412280701754444 7
7.4210526315790055 36
7.464912280701814 42
7.561403508771992 30
7.570175438596554 6
7.6228070175439235 46
7.6491228070176085 27
7.666666666666732 24
7.684210526315855 15
7.833333333333403 2
7.894736842105335 47
8.043859649122883 31
8.219298245614116 7
8.29824561403517 6
8.342105263157979 55
8.464912280701842 24
8.464912280701842 36
8.482456140350966 3
8.526315789473774 14
8.587719298245705 10
8.684210526315884 42
8.692982456140445 56
8.736842105263253 44
8.842105263157993 17
8.842105263157993 25
8.894736842105363 15
8.903508771929925 46
8.912280701754487 9
8.938596491228171 20
9.026315789473788 6
9.026315789473788 7
9.263157894736953 24
9.324561403508884 57
9.403508771929939 54
9.4122807017545 48
9.508771929824679 36
9.552631578947487 1
9.605263157894857 39
9.666666666666789 16
9.754385964912405 6
9.763157894736967 47
9.842105263158022 7
9.868421052631707 30
9.903508771929953 43
9.9385964912282 3
9.947368421052762 12
9.947368421052762 29
10.017543859649255 37
10.061403508772063 24
10.105263157894871 15
10.105263157894871 28
10.175438596491365 22
10.192982456140488 25
10.210526315789611 27
10.236842105263296 17
10.324561403508913 38
10.482456140351022 6
10.552631578947516 36
10.596491228070324 42
10.63157894736857 41
10.657894736842255 7
10.666666666666817 44
10.815789473684365 9
10.859649122807173 24
10.885964912280858 8
11.21052631578964 6
11.31578947368438 15
11.324561403508941 2
11.36842105263175 0
11.377192982456311 11
11.42982456140368 1
11.464912280701927 7
11.543859649122982 25
11.543859649122982 46
11.58771929824579 23
11.596491228070352 36
11.631578947368599 47
11.657894736842284 24
11.859649122807202 55
11.877192982456325 35
11.885964912280887 43
11.938596491228257 6
12.035087719298435 14
12.06140350877212 39
12.131578947368613 11
12.16666666666686 26
12.175438596491421 30
12.2719298245616 7
12.280701754386161 17
12.42982456140371 42
12.447368421052833 40
12.447368421052833 57
12.456140350877394 1
12.456140350877394 24
12.464912280701956 16
12.526315789473887 15
12.53508771929845 9
12.54385964912301 33
12.570175438596696 34
12.587719298245819 56
12.640350877193189 36
12.666666666666874 6
12.719298245614244 52
12.75438596491249 41
12.885964912280915 48
12.894736842105477 25
12.921052631579162 44
13.078947368421272 7
13.149122807017765 53
13.17543859649145 17
13.254385964912505 24
13.324561403508998 3
13.368421052631806 11
13.394736842105491 4
13.394736842105491 6
13.500000000000231 47
13.5526315789476 42
13.60526315789497 12
13.684210526316026 36
13.701754385965149 27
13.71052631578971 54
13.736842105263396 15
13.736842105263396 32
13.842105263158135 46
13.850877192982697 43
13.885964912280944 7
14.02631578947393 17
14.052631578947615 24
14.122807017544108 6
14.245614035087971 25
14.438596491228328 5
14.517543859649383 22
14.517543859649383 39
14.570175438596753 11
14.657894736842369 3
14.66666666666693 1
14.701754385965177 7
14.701754385965177 30
14.710526315789739 12
14.728070175438862 36
14.736842105263424 9
14.815789473684479 2
14.850877192982725 6
14.850877192982725 24
14.859649122807287 17
14.947368421052904 15
14.964912280702027 37
15.017543859649397 0
15.026315789473959 5
15.114035087719575 28
15.219298245614315 38
15.263157894737123 16
15.377192982456425 47
15.394736842105548 48
15.50877192982485 7
15.526315789473973 5
15.543859649123096 14
15.552631578947658 4
15.570175438596781 55
15.578947368421343 6
15.596491228070466 25
15.649122807017836 24
15.684210526316082 17
15.763157894737137 12
15.771929824561699 36
15.903508771930124 41
15.973684210526617 44
15.99122807017574 3
16.008771929824864 1
16.017543859649425 43
16.15789473684241 15
16.30701754385996 6
16.31578947368452 7
16.342105263158206 42
16.385964912281015 11
16.447368421052946 24
16.526315789474 46
16.57017543859681 27
16.657894736842426 17
16.815789473684536 36
16.89473684210559 40
16.94736842105296 25
17.026315789474015 9
17.035087719298577 6
17.04385964912314 35
17.10526315789507 52
17.122807017544194 7
17.21052631578981 30
17.245614035088057 23
17.245614035088057 24
17.245614035088057 39
17.245614035088057 44
17.245614035088057 47
17.32456140350911 3
17.36842105263192 1
17.36842105263192 15
17.36842105263192 57
17.464912280702098 26
17.48245614035122 17
17.552631578947715 20
17.561403508772276 48
17.58771929824596 34
17.614035087719646 43
17.763157894737194 6
17.780701754386318 33
17.815789473684564 29
17.833333333333687 11
17.85087719298281 4
17.859649122807372 36
17.938596491228427 7
18.043859649123167 24
18.06140350877229 16
18.16666666666703 54
18.228070175438962 11
18.298245614035455 25
18.307017543860017 2
18.307017543860017 17
18.49122807017581 6
18.578947368421428 15
18.59649122807055 41
18.657894736842483 3
18.736842105263538 44
18.75438596491266 7
18.79824561403547 9
18.815789473684593 53
18.842105263158277 22
18.842105263158277 24
18.85087719298284 45
18.90350877193021 36
19.035087719298634 1
19.052631578947757 14
19.11403508771969 47
19.131578947368812 17
19.16666666666706 32
19.21929824561443 6
19.28070175438636 12
19.464912280702155 27
19.570175438596895 7
19.640350877193388 24
19.64912280701795 25
19.675438596491635 30
19.684210526316196 46
19.789473684210936 15
19.9122807017548 37
19.929824561403922 10
19.947368421053046 6
19.947368421053046 36
19.956140350877607 17
19.956140350877607 52
19.991228070175854 3
20.114035087719717 28
20.12280701754428 55
20.210526315789895 11
20.219298245614457 4
20.23684210526358 48
20.38596491228113 7
20.4385964912285 24
20.473684210526745 57
20.517543859649553 9
20.535087719298676 1
20.675438596491663 6
20.780701754386403 17
20.859649122807458 16
20.859649122807458 44
20.912280701754828 11
20.98245614035132 20
20.991228070175882 36
20.991228070175882 47
21.000000000000444 15
21.000000000000444 25
21.02631578947413 38
21.201754385965362 7
21.23684210526361 24
21.29824561403554 12
21.324561403509225 3
21.40350877193028 6
21.40350877193028 11
21.45614035087765 42
21.50877192982502 11
21.552631578947828 1
21.605263157895198 17
21.61403508771976 11
21.692982456140815 23
21.710526315789938 11
21.78070175438643 34
21.798245614035554 2
21.807017543860116 11
21.903508771930294 11
21.964912280702226 49
21.964912280702226 50
22.000000000000473 11
22.017543859649596 7
22.03508771929872 24
22.03508771929872 30
22.03508771929872 36
22.08771929824609 43
22.09649122807065 11
22.131578947368897 6
22.14035087719346 44
22.19298245614083 11
22.210526315789952 15
22.228070175439075 9
22.263157894737322 48
22.289473684211007 11
22.35087719298294 4
22.35087719298294 25
22.385964912281185 11
22.429824561403993 17
22.482456140351363 11
22.482456140351363 35
22.500000000000487 26
22.56140350877242 14
22.56140350877242 41
22.57894736842154 11
22.62280701754435 42
22.657894736842596 3
22.67543859649172 11
22.771929824561898 1
22.771929824561898 11
22.771929824561898 31
22.798245614035583 27
22.807017543860145 39
22.807017543860145 53
22.83333333333383 7
22.83333333333383 24
22.859649122807514 6
22.859649122807514 47
22.868421052632076 11
22.903508771930323 46
22.964912280702254 11
23.061403508772433 11
23.078947368421556 36
23.114035087719802 33
23.15789473684261 11
23.166666666667172 22
23.25438596491279 11
23.25438596491279 17
23.350877192982967 11
23.42105263157946 15
23.447368421053145 11
23.543859649123323 11
23.58771929824613 6
23.63157894736894 24
23.6403508771935 11
23.649122807018063 7
23.657894736842625 16
23.701754385965433 25
23.701754385965433 43
23.73684210526368 11
23.833333333333858 11
23.95614035087772 57
23.973684210526844 9
23.991228070175968 3
24.00000000000053 54
24.078947368421584 17
24.122807017544392 36
24.228070175439132 48
24.236842105263694 44
24.31578947368475 6
24.31578947368475 30
24.42982456140405 24
24.464912280702297 7
24.48245614035142 4
24.614035087719845 1
24.63157894736897 15
24.657894736842653 5
24.728070175439147 47
24.833333333333886 42
24.85964912280757 37
24.868421052632133 46
24.877192982456695 12
24.894736842105818 11
24.894736842105818 50
24.90350877193038 17
24.991228070175996 11
25.043859649123366 6
25.052631578947928 25
25.087719298246174 11
25.11403508771986 28
25.16666666666723 36
25.184210526316352 11
25.22807017543916 24
25.28070175438653 7
25.28070175438653 11
25.28070175438653 52
25.289473684211092 2
25.32456140350934 3
25.37719298245671 11
25.473684210526887 5
25.473684210526887 11
25.570175438597065 11
25.570175438597065 23
25.605263157895312 56
25.631578947368997 1
25.666666666667243 11
25.719298245614613 9
25.728070175439175 17
25.76315789473742 11
25.771929824561983 6
25.780701754386545 0
25.798245614035668 43
25.842105263158476 15
25.8596491228076 11
25.956140350877778 32
25.982456140351463 5
26.000000000000586 34
26.02631578947427 24
26.061403508772518 14
26.061403508772518 14
26.087719298246203 7
26.096491228070764 38
26.18421052631638 12
26.210526315790066 11
26.210526315790066 36
26.307017543860244 11
26.403508771930422 11
26.403508771930422 25
26.429824561404107 41
26.456140350877792 16
26.464912280702354 39
26.482456140351477 46
26.5000000000006 6
26.5000000000006 11
26.535087719298847 5
26.55263157894797 17
26.59649122807078 11
26.59649122807078 47
26.59649122807078 49
26.614035087719902 4
26.622807017544464 30
26.65789473684271 3
26.675438596491833 8
26.692982456140957 11
26.71929824561464 42
26.789473684211135 11
26.82456140350938 24
26.850877192983067 20
26.885964912281313 11
26.894736842105875 7
26.92982456140412 48
26.947368421053245 27
26.98245614035149 11
27.000000000000615 55
27.052631578947985 15
27.07894736842167 11
27.175438596491848 11
27.228070175439218 6
27.254385964912903 36
27.263157894737464 12
27.271929824562026 11
27.307017543860272 50
27.368421052632204 11
27.377192982456766 17
27.40350877193045 26
27.438596491228697 9
27.464912280702382 11
27.482456140351506 22
27.56140350877256 11
27.622807017544492 24
27.622807017544492 24
27.65789473684274 11
27.701754385965547 7
27.71929824561467 43
27.754385964912917 11
27.754385964912917 25
27.77192982456204 44
27.850877192983095 11
27.86842105263222 42
27.88596491228134 1
27.947368421053273 11
27.956140350877835 6
27.99122807017608 3
28.04385964912345 11
28.04385964912345 35
28.04385964912345 57
28.14035087719363 11
28.20175438596556 17
28.236842105263808 11
28.263157894737493 15
28.29824561403574 36
28.421052631579602 24
28.46491228070241 47
28.50877192982522 7
28.684210526316452 6
28.710526315790137 41
28.745614035088384 4
28.745614035088384 12
28.754385964912945 11
28.78070175438663 2
28.82456140350944 44
28.850877192983123 11
28.912280701755055 30
28.93859649122874 48
28.9473684210533 11
29.026315789474356 17
29.035087719298918 54
29.04385964912348 11
29.05263157894804 39
29.10526315789541 25
29.131578947369096 8
29.140350877193658 11
29.15789473684278 9
29.184210526316466 46
29.219298245614713 24
29.236842105263836 11
29.25438596491296 16
29.280701754386644 40
29.31578947368489 7
29.324561403509453 3
29.333333333334014 11
29.342105263158576 36
29.41228070175507 6
29.429824561404192 11
29.429824561404192 43
29.447368421053316 20
29.473684210527 15
29.52631578947437 11
29.543859649123494 58
29.561403508772617 14
29.561403508772617 27
29.62280701754455 11
29.719298245614727 11
29.807017543860344 37
29.84210526315859 42
29.84210526315859 50
29.850877192983152 17
29.877192982456837 23
30.017543859649823 24
30.026315789474385 1
30.10526315789544 29
30.11403508772 28
30.122807017544563 7
30.140350877193686 6
30.201754385965618 34
30.254385964912988 12
30.280701754386673 11
30.32456140350948 47
30.37719298245685 11
30.385964912281413 36
30.456140350877906 25
30.47368421052703 11
30.570175438597207 11
30.57894736842177 0
30.58771929824633 32
30.596491228070892 46
30.657894736842824 3
30.666666666667385 11
30.675438596491947 17
30.68421052631651 15
30.763157894737564 11
30.815789473684934 24
30.859649122807742 11
30.868421052632304 6
30.868421052632304 9
30.877192982456865 4
30.929824561404235 7
30.929824561404235 38
30.95614035087792 11
30.96491228070248 43
31.026315789474413 55
31.052631578948098 11
31.052631578948098 48
31.149122807018276 11
31.17543859649196 44
31.201754385965646 30
31.236842105263893 33
31.245614035088455 11
31.27192982456214 42
31.403508771930564 53
31.42982456140425 36
31.500000000000743 17
31.58771929824636 1
31.58771929824636 45
31.59649122807092 6
31.614035087720044 24
31.736842105263907 7
31.79824561403584 22
31.8070175438604 25
31.868421052632332 39
31.894736842106017 15
31.991228070176195 3
32.05263157894812 16
32.19298245614111 47
32.20175438596567 26
32.271929824562164 2
32.324561403509534 6
32.324561403509534 17
32.41228070175515 24
32.47368421052708 36
32.543859649123576 7
32.61403508772007 9
32.66666666666744 27
32.73684210526393 46
32.807017543860425 41
32.81578947368499 52
32.912280701755165 12
32.92105263157973 11
33.00877192982534 4
33.017543859649905 11
33.04385964912359 57
33.05263157894815 6
33.05263157894815 48
33.06140350877271 14
33.10526315789552 15
33.11403508772008 11
33.14912280701833 17
33.15789473684289 25
33.21052631579026 11
33.21052631579026 24
33.30701754386044 11
33.32456140350956 3
33.32456140350956 19
33.342105263158686 20
33.35964912280781 7
33.40350877193062 11
33.47368421052711 42
33.47368421052711 50
33.491228070176234 30
33.500000000000796 11
33.51754385964992 36
33.596491228070974 11
33.66666666666747 1
33.69298245614115 11
33.7280701754394 40
33.78070175438677 6
33.78947368421133 11
33.79824561403589 35
33.82456140350958 23
33.88596491228151 11
33.973684210527125 12
33.973684210527125 17
33.98245614035169 11
34.00877192982537 24
34.06140350877274 47
34.078947368421865 11
34.12280701754467 0
34.16666666666748 7
34.17543859649204 11
34.27192982456222 11
34.31578947368503 15
34.32456140350959 44
34.35964912280784 9
34.3684210526324 11
34.394736842106084 34
34.46491228070258 11
34.508771929825386 6
34.508771929825386 25
34.561403508772756 11
34.561403508772756 36
34.657894736842934 3
34.657894736842934 11
34.75438596491311 11
34.75438596491311 37
34.79824561403592 17
34.80701754386048 24
34.80701754386048 32
34.85087719298329 11
34.85087719298329 16
34.93859649122891 10
34.94736842105347 11
34.97368421052715 7
35.04385964912365 11
35.087719298246455 55
35.10526315789558 28
35.10526315789558 28
35.13157894736926 48
35.140350877193825 4
35.140350877193825 11
35.14912280701839 1
35.18421052631663 27
35.236842105264 6
35.236842105264 11
35.236842105264 42
35.33333333333418 11
35.36842105263243 54
35.42982456140436 11
35.52631578947454 11
35.52631578947454 11
35.52631578947454 15
35.60526315789559 24
35.60526315789559 36
35.60526315789559 52
35.622807017544716 11
35.622807017544716 17
35.68421052631665 46
35.69298245614121 57
35.719298245614894 11
35.7631578947377 2
35.780701754386826 7
35.80701754386051 38
35.81578947368507 11
35.84210526315876 30
35.85964912280788 25
35.885964912281565 50
35.91228070175525 11
35.929824561404374 47
35.938596491228935 39
35.96491228070262 6
35.991228070176305 3
36.00877192982543 11
36.07017543859736 9
36.10526315789561 11
36.11403508772017 22
36.14035087719385 33
36.201754385965785 11
36.21929824561491 53
36.29824561403596 11
36.37719298245702 42
36.39473684210614 11
36.4035087719307 24
36.44736842105351 17
36.49122807017632 11
36.50000000000088 0
36.56140350877281 14
36.5877192982465 7
36.5877192982465 11
36.64912280701843 36
36.684210526316676 11
36.69298245614124 6
36.736842105264046 15
36.780701754386854 11
36.842105263158786 56
36.87719298245703 11
36.91228070175528 1
36.97368421052721 11
37.00877192982546 31
37.07017543859739 11
37.12280701754476 48
37.13157894736932 41
37.16666666666757 11
37.17543859649213 49
37.20175438596581 24
37.210526315790375 25
37.210526315790375 44
37.263157894737745 11
37.27192982456231 4
37.27192982456231 17
37.324561403509676 3
37.35964912280792 11
37.39473684210617 7
37.40350877193073 43
37.421052631579855 6
37.43859649122898 12
37.4561403508781 11
37.49122807017635 42
37.51754385965003 20
37.526315789474594 46
37.55263157894828 11
37.64912280701846 11
37.64912280701846 16
37.692982456141266 23
37.692982456141266 36
37.745614035088636 11
37.78070175438688 9
37.789473684211444 47
37.842105263158814 11
37.93859649122899 11
37.947368421053554 15
38.000000000000924 24
38.03508771929917 11
38.0964912280711 17
38.10526315789566 5
38.114035087720225 30
38.13157894736935 11
38.14912280701847 6
38.20175438596584 7
38.22807017543953 11
38.29824561403602 50
38.324561403509705 11
38.42105263157988 11
38.46491228070269 52
38.482456140351815 12
38.51754385965006 11
38.56140350877287 25
38.587719298246554 34
38.60526315789568 42
38.61403508772024 11
38.61403508772024 40
38.65789473684305 3
38.71052631579042 11
38.7368421052641 36
38.7368421052641 55
38.798245614036034 24
38.807017543860596 11
38.84210526315884 32
38.87719298245709 6
38.903508771930774 11
38.912280701755336 43
38.9210526315799 17
38.94736842105358 1
38.956140350878144 46
38.99122807017639 26
39.00000000000095 11
39.017543859650075 7
39.09649122807113 11
39.09649122807113 48
39.15789473684306 15
39.19298245614131 11
39.19298245614131 35
39.25438596491324 2
39.25438596491324 27
39.28947368421149 11
39.385964912281665 11
39.40350877193079 4
39.48245614035184 11
39.52631578947465 9
39.52631578947465 12
39.57894736842202 11
39.596491228071145 24
39.605263157895706 6
39.63157894736939 41
39.657894736843076 47
39.6754385964922 11
39.701754385965884 37
39.71929824561501 42
39.74561403508869 17
39.763157894737816 53
39.77192982456238 11
39.78070175438694 36
39.79824561403606 57
39.83333333333431 7
39.868421052632556 11
39.912280701755364 25
39.964912280702734 11
39.964912280702734 20
39.99122807017642 3
40.06140350877291 11
40.06140350877291 14
40.0877192982466 44
40.0877192982466 54
40.09649122807116 28
40.15789473684309 11
40.175438596492214 10
40.236842105264145 49
40.25438596491327 11
40.33333333333432 6
40.35087719298345 11
40.36842105263257 15
40.394736842106255 24
40.394736842106255 30
40.4298245614045 22
40.447368421053625 11
40.447368421053625 16
40.5438596491238 11
40.552631578948365 29
40.57017543859749 12
40.57017543859749 17
40.64035087719398 11
40.64912280701854 7
40.67543859649223 33
40.710526315790474 50
40.73684210526416 11
40.824561403509776 36
40.83333333333434 11
40.83333333333434 42
40.929824561404516 11
41.01754385965013 38
41.026315789474694 11
41.06140350877294 6
41.0701754385975 48
41.12280701754487 11
41.192982456141365 24
41.21929824561505 11
41.236842105264174 9
41.26315789473786 25
41.31578947368523 11
41.32456140350979 3
41.39473684210628 17
41.41228070175541 11
41.46491228070278 7
41.508771929825585 11
41.52631578947471 47
41.53508771929927 4
41.57894736842208 15
41.60526315789576 11
41.614035087720325 12
41.614035087720325 23
41.70175438596594 11
41.78947368421156 6
41.79824561403612 11
41.84210526315893 43
41.86842105263261 36
41.8947368421063 11
41.94736842105367 42
41.991228070176476 11
41.991228070176476 24
42.035087719299284 27
42.035087719299284 39
42.087719298246654 11
42.18421052631683 11
42.21929824561508 17
42.2368421052642 1
42.28070175438701 7
42.28070175438701 11
42.307017543860695 0
42.32456140350982 44
42.359649122808065 41
42.37719298245719 11
42.40350877193087 20
42.47368421052737 11
42.517543859650175 6
42.570175438597545 11
42.58771929824667 55
42.61403508772035 25
42.65789473684316 3
42.65789473684316 12
42.66666666666772 11
42.675438596492285 30
42.74561403508878 2
42.7631578947379 11
42.780701754387024 34
42.789473684211586 15
42.789473684211586 24
42.85964912280808 11
42.91228070175545 36
42.947368421053696 9
42.95614035087826 11
43.043859649123874 17
43.052631578948436 11
43.052631578948436 46
43.052631578948436 48
43.061403508773 42
43.08771929824668 7
43.12280701754493 50
43.149122807018614 11
43.24561403508879 6
43.24561403508879 11
43.24561403508879 16
43.307017543860724 49
43.32456140350985 43
43.32456140350985 53
43.34210526315897 11
43.38596491228178 47
43.43859649122915 11
43.53508771929933 11
43.56140350877301 14
43.578947368422135 31
43.5877192982467 24
43.5877192982467 32
43.631578947369505 11
43.65789473684319 57
43.66666666666775 4
43.701754385966 12
43.72807017543968 11
43.82456140350986 11
43.86842105263267 17
43.894736842106354 7
43.92105263158004 11
43.9298245614046 8
43.956140350878286 36
43.96491228070285 25
43.97368421052741 6
43.99122807017653 3
44.000000000001094 15
44.01754385965022 11
44.114035087720396 11
44.12280701754496 10
44.14035087719408 1
44.17543859649233 42
44.18421052631689 52
44.210526315790574 11
44.30701754386075 11
44.38596491228181 24
44.40350877193093 11
44.482456140351985 26
44.50000000000111 11
44.59649122807129 11
44.64912280701866 9
44.64912280701866 37
44.692982456141465 11
44.692982456141465 17
44.70175438596603 6
44.70175438596603 7
44.70175438596603 54
44.71052631579059 40
44.745614035088835 12
44.745614035088835 22
44.78947368421164 11
44.83333333333445 20
44.88596491228182 11
44.89473684210638 41
44.94736842105375 30
44.956140350878314 35
44.982456140352 11
45.00000000000112 36
45.02631578947481 48
45.070175438597616 5
45.070175438597616 43
45.07894736842218 11
45.0964912280713 28
45.10526315789586 33
45.166666666667794 1
45.175438596492356 11
45.18421052631692 24
45.2105263157906 15
45.25438596491341 47
45.271929824562534 11
45.271929824562534 39
45.28947368421166 42
45.31578947368534 25
45.324561403509904 3
45.36842105263271 11
45.385964912281835 5
45.385964912281835 46
45.429824561404644 6
45.46491228070289 11
45.47368421052745 23
45.5087719298257 7
45.51754385965026 17
45.53508771929938 50
45.543859649123945 56
45.56140350877307 11
45.65789473684325 11
45.754385964913425 11
45.78947368421167 12
45.79824561403623 4
45.8508771929836 11
45.90350877193097 0
45.94736842105378 11
45.98245614035203 24
46.04385964912396 11
46.04385964912396 16
46.04385964912396 36
46.070175438597644 55
46.14035087719414 11
46.15789473684326 6
46.19298245614151 27
46.236842105264316 2
46.236842105264316 11
46.31578947368537 7
46.333333333334494 11
46.342105263159056 17
46.35964912280818 9
46.36842105263274 49
46.40350877193099 42
46.42105263158011 15
46.42982456140467 11
46.52631578947485 11
46.62280701754503 11
46.657894736843275 3
46.66666666666784 25
46.6754385964924 29
46.71929824561521 11
46.78070175438714 24
46.815789473685385 11
46.83333333333451 12
46.83333333333451 38
46.88596491228188 6
46.91228070175556 11
46.973684210527495 34
47.00000000000118 48
47.00877192982574 11
47.06140350877311 14
47.06140350877311 44
47.087719298246796 36
47.10526315789592 11
47.12280701754504 7
47.12280701754504 47
47.16666666666785 17
47.2017543859661 11
47.22807017543978 30
47.26315789473803 20
47.26315789473803 57
47.298245614036276 11
47.350877192983646 52
47.394736842106454 11
47.403508771931016 53
47.42105263158014 5
47.49122807017663 11
47.57894736842225 24
47.58771929824681 11
47.614035087720495 6
47.62280701754506 32
47.63157894736962 15
47.68421052631699 11
47.71052631579067 44
47.7280701754398 43
47.771929824562605 42
47.78070175438717 11
47.877192982457345 11
47.877192982457345 12
47.90350877193103 46
47.929824561404715 4
47.929824561404715 7
47.94736842105384 50
47.97368421052752 11
47.991228070176646 3
47.991228070176646 17
48.01754385965033 25
48.0701754385977 9
48.0701754385977 10
48.0701754385977 11
48.13157894736963 36
48.16666666666788 11
48.245614035088934 29
48.26315789473806 11
48.34210526315911 6
48.359649122808236 11
48.37719298245736 24
48.456140350878414 11
48.517543859650345 39
48.55263157894859 11
48.64912280701877 11
48.74561403508895 7
48.74561403508895 11
48.81578947368544 17
48.833333333334565 15
48.84210526315913 11
48.84210526315913 11
48.84210526315913 16
48.885964912281935 1
48.885964912281935 42
48.92105263158018 12
48.938596491229305 11
48.98245614035211 26
48.98245614035211 48
48.991228070176675 47
49.03508771929948 11
49.03508771929948 54
49.06140350877317 22
49.07017543859773 6
49.13157894736966 11
49.17543859649247 24
49.17543859649247 36
49.22807017543984 11
49.22807017543984 29
49.24561403508896 46
49.32456140351002 3
49.32456140351002 11
49.368421052632826 23
49.368421052632826 25
49.421052631580196 11
49.44736842105388 49
49.464912280703004 0
49.50877192982581 30
49.517543859650374 11
49.55263157894862 7
49.59649122807143 37
49.61403508772055 11
49.64035087719424 17
49.64035087719424 17
49.69298245614161 20
49.71052631579073 11
49.72807017543985 2
49.74561403508898 8
49.77192982456266 9
49.79824561403635 6
49.80701754386091 11
49.842105263159155 35
49.90350877193109 11
49.96491228070302 12
49.97368421052758 24
50.000000000001265 11
50.04385964912407 15
50.04385964912407 33
50.061403508773196 4
50.08771929824688 1
50.08771929824688 28
50.09649122807144 11
50.09649122807144 42
50.114035087720566 43
50.19298245614162 11
50.219298245615306 36
50.24561403508899 44
50.2894736842118 11
50.29824561403636 5
50.35964912280829 7
50.35964912280829 50
50.38596491228198 11
50.46491228070303 17
50.482456140352156 11
50.526315789474964 6
50.56140350877321 14
50.578947368422334 11
50.65789473684339 3
50.67543859649251 11
50.71929824561532 25
50.76315789473813 52
50.77192982456269 11
50.77192982456269 24
50.85964912280831 47
50.86842105263287 11
50.92105263158024 56
50.9298245614048 46
50.96491228070305 11
51.008771929825855 12
51.008771929825855 48
51.061403508773225 11
51.122807017545156 27
51.1578947368434 11
51.166666666667965 7
51.166666666667965 34
51.21052631579077 42
51.25438596491358 6
51.25438596491358 11
51.25438596491358 15
51.25438596491358 53
51.26315789473814 36
51.28947368421183 17
51.3421052631592 44
51.35087719298376 11
51.44736842105394 11
51.47368421052762 9
51.47368421052762 31
51.543859649124116 11
51.5701754385978 24
51.60526315789605 41
51.640350877194294 11
51.640350877194294 16
51.65789473684342 32
51.701754385966225 57
51.73684210526447 11
51.798245614036404 30
51.83333333333465 11
51.859649122808335 1
51.90350877193114 39
51.92982456140483 11
51.9824561403522 6
51.9824561403522 7
51.99122807017676 3
52.017543859650445 10
52.02631578947501 11
52.05263157894869 12
52.070175438597815 25
52.0964912280715 55
52.11403508772062 17
52.122807017545185 11
52.122807017545185 20
52.19298245614168 4
52.20175438596624 44
52.21929824561536 11
52.21929824561536 11
52.25438596491361 46
52.26315789473817 40
52.30701754386098 36
52.31578947368554 11
52.3245614035101 42
52.36842105263291 24
52.37719298245747 0
52.41228070175572 11
52.46491228070309 15
52.5087719298259 11
52.5087719298259 49
52.605263157896076 11
52.701754385966254 11
52.710526315790815 6
52.71929824561538 47
52.763157894738185 19
52.77192982456275 50
52.78947368421187 7
52.79824561403643 11
52.89473684210661 11
52.93859649122942 17
52.98245614035223 48
52.99122807017679 11
53.026315789475035 38
53.08771929824697 11
53.09649122807153 12
53.16666666666802 24
53.184210526317145 9
53.184210526317145 11
53.21929824561539 2
53.22807017543995 23
53.28070175438732 11
53.32456140351013 3
53.350877192983816 36
53.3771929824575 11
53.3771929824575 22
53.42105263158031 25
53.43859649122943 6
53.43859649122943 26
53.43859649122943 42
53.47368421052768 11
53.52631578947505 46
53.57017543859786 11
53.59649122807154 7
53.666666666668036 11
53.6754385964926 15
53.68421052631716 8
53.763157894738214 11
53.763157894738214 17
53.85964912280839 11
53.95614035087857 11
53.96491228070313 24
53.96491228070313 43
54.00000000000138 1
54.05263157894875 11
54.06140350877331 14
54.07017543859787 30
54.140350877194365 12
54.14912280701893 11
54.16666666666805 6
54.245614035089105 11
54.32456140351016 4
54.34210526315928 11
54.39473684210665 36
54.403508771931214 7
54.43859649122946 11
54.43859649122946 16
54.50000000000139 33
54.53508771929964 11
54.5438596491242 37
54.55263157894876 20
54.55263157894876 42
54.57894736842245 5
54.58771929824701 17
54.58771929824701 47
54.63157894736982 11
54.6578947368435 3
54.675438596492626 57
54.68421052631719 44
54.728070175439996 11
54.728070175439996 45
54.76315789473824 24
54.771929824562804 25
54.824561403510174 11
54.885964912282105 9
54.885964912282105 15
54.89473684210667 6
54.92105263158035 11
54.9561403508786 48
55.01754385965053 11
55.08771929824702 28
55.11403508772071 11
55.1842105263172 12
55.1842105263172 50
55.21052631579089 7
55.21052631579089 11
55.254385964913695 35
55.307017543861065 11
55.359649122808435 34
55.39473684210668 27
55.40350877193124 11
55.412280701755805 17
55.43859649122949 36
55.50000000000142 11
55.53508771929967 39
55.56140350877335 24
55.578947368422476 0
55.58771929824704 49
55.5964912280716 11
55.622807017545284 6
55.69298245614178 11
55.69298245614178 32
55.789473684211956 11
55.885964912282134 11
55.96491228070319 10
55.98245614035231 11
55.991228070176874 3
56.01754385965056 7
56.07894736842249 11
56.09649122807161 15
56.1228070175453 25
56.17543859649267 11
56.17543859649267 52
56.22807017544004 12
56.2368421052646 17
56.27192982456285 11
56.3508771929839 6
56.3508771929839 30
56.35964912280846 24
56.368421052633025 11
56.45614035087864 4
56.45614035087864 47
56.4649122807032 11
56.482456140352326 36
56.56140350877338 11
56.59649122807163 9
56.65789473684356 11
56.71052631579093 2
56.75438596491374 11
56.82456140351023 7
56.850877192983916 11
56.88596491228216 46
56.947368421054094 11
56.98245614035234 20
56.98245614035234 48
57.008771929826025 8
57.04385964912427 11
57.061403508773395 17
57.07894736842252 6
57.12280701754533 23
57.14035087719445 11
57.15789473684357 24
57.15789473684357 54
57.23684210526463 11
57.23684210526463 16
57.271929824562875 12
57.30701754386112 15
57.324561403510245 3
57.33333333333481 11
57.429824561404985 11
57.47368421052779 25
57.52631578947516 1
57.52631578947516 11
57.52631578947516 36
57.56140350877341 14
57.62280701754534 11
57.6315789473699 7
57.67543859649271 41
57.692982456141834 22
57.701754385966396 42
57.701754385966396 50
57.71052631579096 40
57.71929824561552 11
57.807017543861136 6
57.8157894736857 11
57.88596491228219 17
57.912280701755876 11
57.956140350878684 24
57.956140350878684 38
58.008771929826054 11
58.008771929826054 27
58.09649122807167 0
58.10526315789623 11
58.20175438596641 11
58.21052631579097 43
58.29824561403659 9
58.29824561403659 11
58.31578947368571 12
58.32456140351027 47
58.39473684210677 11
58.438596491229575 7
58.491228070176945 11
58.500000000001506 55
58.51754385965063 15
58.53508771929975 6
58.570175438598 36
58.58771929824712 4
58.58771929824712 11
58.596491228071685 57
58.63157894736993 30
58.649122807019054 49
58.657894736843616 3
58.657894736843616 46
58.6842105263173 11
58.710526315790986 17
58.754385964913794 24
58.78070175438748 11
58.815789473685726 42
58.82456140351029 25
58.87719298245766 11
58.90350877193134 33
58.95614035087871 48
58.973684210527836 11
59.070175438598014 11
59.070175438598014 39
59.16666666666819 1
59.16666666666819 11
59.24561403508925 7
59.26315789473837 6
59.26315789473837 11
59.35964912280855 11
59.35964912280855 12
59.41228070175592 20
59.45614035087873 11
59.49122807017697 37
59.53508771929978 17
59.552631578948905 11
59.552631578948905 24
59.552631578948905 34
59.57017543859803 26
59.614035087720836 36
59.614035087720836 52
59.64912280701908 11
59.72807017544014 15
59.72807017544014 32
59.74561403508926 11
59.84210526315944 11
59.84210526315944 29
59.84210526315944 41
59.91228070175593 10
59.921052631580494 44
59.929824561405056 42
59.93859649122962 11
59.99122807017699 3
59.99122807017699 6
