0.008771929824561403 2
0.017543859649122806 4
0.06140350877192982 48
0.07894736842105263 8
0.11403508771929824 12
0.13157894736842105 23
0.14035087719298245 43
0.14035087719298245 47
0.17543859649122806 35
0.18421052631578946 20
0.22807017543859648 7
0.23684210526315788 15
0.24561403508771928 32
0.24561403508771928 39
0.26315789473684215 52
0.28947368421052644 26
0.29824561403508787 24
0.29824561403508787 28
0.3070175438596493 16
0.32456140350877216 36
0.37719298245614075 56
0.3859649122807022 17
0.4210526315789479 5
0.4473684210526322 42
0.5350877192982465 10
0.5526315789473694 3
0.6228070175438608 9
0.7807017543859666 58
0.8947368421052652 25
1.0701754385964937 7
1.096491228070178 24
1.1403508771929851 19
1.1754385964912308 11
1.2456140350877223 27
1.280701754385968 29
1.2894736842105294 37
1.2982456140350909 11
1.3684210526315823 36
1.403508771929828 11
1.464912280701758 38
1.5175438596491266 15
1.5175438596491266 15
1.5526315789473724 19
1.5789473684210567 11
1.6842105263157938 11
1.7017543859649167 17
1.7807017543859696 11
1.8859649122807067 3
1.8947368421052682 24
1.9035087719298296 57
1.912280701754391 7
2.026315789473689 11
2.026315789473689 47
2.061403508771934 55
2.1666666666666683 40
2.1754385964912295 1
2.2192982456140355 25
2.3070175438596476 31
2.412280701754382 36
2.5614035087719227 4
2.5614035087719227 34
2.6842105263157796 11
2.692982456140341 24
2.7982456140350753 11
2.8070175438596365 15
2.8508771929824426 43
2.859649122807004 7
2.8859649122806874 19
2.8947368421052486 11
2.991228070175422 11
3.0087719298245443 46
3.035087719298228 22
3.087719298245595 11
3.087719298245595 30
3.1403508771929625 12
3.1403508771929625 17
3.157894736842085 16
3.1842105263157685 11
3.2192982456140133 3
3.2192982456140133 9
3.2368421052631358 33
3.254385964912258 29
3.280701754385942 11
3.377192982456115 11
3.41228070175436 20
3.4298245614034824 48
3.456140350877166 1
3.456140350877166 36
3.4736842105262884 11
3.491228070175411 5
3.491228070175411 24
3.499999999999972 2
3.5263157894736556 25
3.5701754385964617 11
3.666666666666635 11
3.7192982456140022 7
3.7631578947368083 11
3.8596491228069816 11
3.912280701754349 47
3.9298245614034713 8
3.956140350877155 11
4.052631578947331 11
4.070175438596454 15
4.140350877192947 23
4.149122807017509 11
4.157894736842071 42
4.210526315789441 39
4.245614035087687 11
4.280701754385934 32
4.2894736842104955 24
4.342105263157865 11
4.36842105263155 14
4.377192982456112 6
4.447368421052605 57
4.499999999999975 36
4.552631578947345 3
4.552631578947345 7
4.622807017543838 56
4.73684210526314 43
4.8684210526315645 1
4.947368421052619 27
5.087719298245606 24
5.105263157894729 6
5.105263157894729 26
5.140350877192976 58
5.149122807017537 25
5.201754385964907 10
5.228070175438592 28
5.333333333333332 15
5.3508771929824555 46
5.37719298245614 7
5.385964912280702 30
5.412280701754387 17
5.42982456140351 44
5.447368421052634 9
5.456140350877195 19
5.456140350877195 35
5.48245614035088 11
5.491228070175442 4
5.543859649122812 36
5.578947368421058 11
5.675438596491237 11
5.771929824561415 11
5.7982456140351 47
5.815789473684223 44
5.833333333333346 6
5.868421052631593 11
5.885964912280716 3
5.885964912280716 24
5.9561403508772095 16
5.964912280701771 11
5.991228070175456 42
6.061403508771949 11
6.1578947368421275 11
6.210526315789497 7
6.254385964912306 11
6.263157894736867 37
6.280701754385991 19
6.289473684210552 17
6.298245614035114 41
6.333333333333361 1
6.350877192982484 11
6.447368421052662 11
6.456140350877224 25
6.54385964912284 11
6.5614035087719635 6
6.5877192982456485 36
6.59649122807021 15
6.640350877193018 11
6.684210526315827 24
6.736842105263197 11
6.763157894736882 19
6.798245614035128 57
6.833333333333375 11
6.842105263157936 34
6.929824561403553 11
6.9912280701754845 2
6.9912280701754845 12
7.000000000000046 20
7.026315789473731 11
7.0438596491228544 7
7.122807017543909 11
7.2192982456140875 3
7.2192982456140875 11
7.271929824561457 38
7.289473684210581 6
7.315789473684266 11
7.359649122807074 22
7.412280701754444 11
7.482456140350937 24
7.508771929824622 11
7.6052631578948 11
7.6228070175439235 4
7.631578947368485 36
7.631578947368485 43
7.701754385964978 11
7.701754385964978 17
7.754385964912348 46
7.76315789473691 25
7.798245614035157 11
7.798245614035157 30
7.798245614035157 48
7.807017543859718 47
7.8508771929825265 9
7.859649122807088 15
7.8771929824562115 7
7.894736842105335 11
7.92105263157902 27
7.929824561403581 14
7.991228070175513 11
8.017543859649198 6
8.087719298245691 11
8.18421052631587 11
8.192982456140431 29
8.280701754386047 11
8.280701754386047 24
8.29824561403517 42
8.359649122807102 23
8.377192982456226 11
8.421052631579034 56
8.473684210526404 11
8.552631578947459 3
8.552631578947459 52
8.570175438596582 11
8.587719298245705 17
8.657894736842199 49
8.66666666666676 11
8.675438596491322 36
8.692982456140445 50
8.710526315789568 7
8.745614035087815 6
8.754385964912377 16
8.763157894736938 11
8.763157894736938 44
8.859649122807117 11
8.894736842105363 39
8.956140350877295 11
9.017543859649226 8
9.070175438596596 25
9.078947368421158 24
9.122807017543966 15
9.24561403508783 11
9.30701754385976 55
9.394736842105377 33
9.394736842105377 58
9.421052631579062 17
9.473684210526432 6
9.473684210526432 12
9.482456140350994 11
9.482456140350994 43
9.535087719298364 7
9.535087719298364 44
9.561403508772049 32
9.578947368421172 11
9.596491228070295 9
9.67543859649135 11
9.692982456140474 19
9.692982456140474 47
9.710526315789597 20
9.719298245614159 36
9.745614035087844 40
9.754385964912405 4
9.771929824561528 11
9.815789473684337 48
9.868421052631707 11
9.877192982456268 24
9.88596491228083 3
9.912280701754515 10
9.964912280701885 11
10.061403508772063 11
10.140350877193118 30
10.14912280701768 42
10.157894736842241 11
10.157894736842241 28
10.20175438596505 6
10.245614035087858 17
10.25438596491242 11
10.280701754386104 35
10.350877192982598 11
10.35964912280716 7
10.377192982456283 25
10.385964912280844 15
10.447368421052776 11
10.47368421052646 41
10.482456140351022 2
10.543859649122954 11
10.570175438596639 12
10.596491228070324 44
10.622807017544009 19
10.640350877193132 11
10.640350877193132 57
10.675438596491379 24
10.719298245614187 1
10.73684210526331 11
10.763157894736995 36
10.833333333333488 11
10.859649122807173 26
10.859649122807173 27
10.921052631579105 19
10.929824561403667 6
10.929824561403667 11
11.026315789473845 11
11.061403508772091 17
11.1052631578949 50
11.114035087719461 34
11.122807017544023 11
11.184210526315955 7
11.219298245614201 3
11.219298245614201 11
11.228070175438763 44
11.236842105263324 37
11.31578947368438 11
11.324561403508941 9
11.412280701754558 11
11.47368421052649 24
11.491228070175612 14
11.508771929824736 11
11.552631578947544 16
11.561403508772106 52
11.596491228070352 47
11.605263157894914 11
11.649122807017722 15
11.657894736842284 6
11.666666666666845 12
11.684210526315969 22
11.684210526315969 25
11.701754385965092 11
11.736842105263339 49
11.79824561403527 11
11.807017543859832 36
11.807017543859832 48
11.85087719298264 8
11.877192982456325 17
11.885964912280887 4
11.894736842105448 11
11.921052631579133 46
11.991228070175627 11
12.00877192982475 7
12.078947368421243 45
12.087719298245805 11
12.16666666666686 20
12.184210526315983 11
12.2719298245616 24
12.280701754386161 11
12.307017543859846 42
12.32456140350897 5
12.37719298245634 11
12.385964912280901 6
12.473684210526518 11
12.552631578947572 3
12.570175438596696 11
12.587719298245819 56
12.614035087719504 23
12.614035087719504 41
12.64912280701775 55
12.666666666666874 11
12.692982456140559 17
12.763157894737052 11
12.763157894737052 12
12.833333333333545 7
12.850877192982669 36
12.85964912280723 11
12.9122807017546 15
12.956140350877408 11
12.991228070175655 25
13.035087719298463 9
13.043859649123025 58
13.052631578947587 11
13.07017543859671 24
13.114035087719518 6
13.149122807017765 11
13.236842105263381 1
13.236842105263381 38
13.245614035087943 11
13.298245614035313 30
13.315789473684436 27
13.324561403508998 19
13.342105263158121 11
13.350877192982683 57
13.4385964912283 11
13.4385964912283 42
13.473684210526546 46
13.482456140351108 47
13.508771929824793 17
13.517543859649354 50
13.535087719298478 11
13.596491228070409 32
13.631578947368656 11
13.65789473684234 7
13.728070175438834 11
13.789473684210765 48
13.824561403509012 11
13.842105263158135 6
13.859649122807259 12
13.86842105263182 24
13.877192982456382 39
13.885964912280944 3
13.894736842105505 36
13.92105263157919 11
13.97368421052656 2
13.97368421052656 29
14.017543859649368 4
14.017543859649368 11
14.035087719298492 33
14.114035087719547 11
14.175438596491478 15
14.210526315789725 11
14.298245614035341 25
14.307017543859903 11
14.324561403509026 17
14.350877192982711 16
14.403508771930081 11
14.44736842105289 31
14.491228070175698 7
14.50000000000026 11
14.55263157894763 19
14.570175438596753 6
14.587719298245876 42
14.596491228070438 11
14.596491228070438 20
14.66666666666693 24
14.692982456140616 11
14.789473684210794 9
14.789473684210794 11
14.885964912280972 11
14.938596491228342 36
14.956140350877465 12
14.973684210526589 46
14.98245614035115 11
14.98245614035115 52
15.043859649123082 14
15.078947368421328 11
15.078947368421328 28
15.14035087719326 17
15.175438596491507 11
15.219298245614315 3
15.271929824561685 11
15.289473684210808 41
15.29824561403537 6
15.324561403509055 7
15.324561403509055 49
15.35087719298274 47
15.368421052631863 11
15.438596491228356 15
15.464912280702041 11
15.464912280702041 24
15.56140350877222 11
15.578947368421343 30
15.605263157895028 25
15.657894736842398 11
15.745614035088014 44
15.754385964912576 11
15.789473684210822 48
15.850877192982754 11
15.859649122807316 55
15.947368421052932 11
15.956140350877494 17
15.982456140351179 36
16.008771929824864 22
16.026315789473987 6
16.04385964912311 11
16.052631578947672 12
16.114035087719603 26
16.14035087719329 11
16.14912280701785 4
16.15789473684241 7
16.21052631578978 37
16.219298245614343 35
16.236842105263467 11
16.26315789473715 24
16.26315789473715 27
16.271929824561713 34
16.324561403509083 43
16.324561403509083 57
16.333333333333645 11
16.333333333333645 50
16.350877192982768 19
16.429824561403823 11
16.500000000000316 23
16.526315789474 11
16.535087719298563 9
16.552631578947686 3
16.62280701754418 11
16.701754385965234 15
16.701754385965234 19
16.719298245614358 11
16.745614035088042 39
16.754385964912604 6
16.771929824561727 17
16.815789473684536 11
16.859649122807344 46
16.912280701754714 11
16.912280701754714 25
16.964912280702084 42
16.99122807017577 7
17.008771929824892 11
17.026315789474015 36
17.035087719298577 20
17.061403508772262 24
17.10526315789507 11
17.10526315789507 56
17.14912280701788 12
17.14912280701788 16
17.20175438596525 11
17.21929824561437 47
17.25438596491262 19
17.298245614035427 11
17.31578947368455 40
17.32456140350911 1
17.394736842105605 11
17.464912280702098 2
17.48245614035122 6
17.491228070175783 11
17.58771929824596 11
17.58771929824596 17
17.63157894736877 32
17.68421052631614 11
17.771929824561756 48
17.780701754386318 11
17.824561403509126 7
17.84210526315825 29
17.85087719298281 5
17.859649122807372 24
17.868421052631934 30
17.877192982456496 11
17.885964912281057 3
17.885964912281057 31
17.964912280702112 15
17.964912280702112 41
17.973684210526674 11
18.017543859649482 58
18.05263157894773 5
18.070175438596852 11
18.070175438596852 36
18.078947368421414 44
18.16666666666703 11
18.21052631578984 6
18.2192982456144 25
18.245614035088085 12
18.254385964912647 46
18.26315789473721 11
18.28070175438633 4
18.28070175438633 9
18.359649122807387 11
18.38596491228107 49
18.403508771930195 17
18.456140350877565 11
18.48245614035125 38
18.552631578947743 11
18.570175438596866 43
18.59649122807055 14
18.64912280701792 11
18.657894736842483 7
18.657894736842483 24
18.710526315789853 27
18.7456140350881 11
18.7456140350881 42
18.7456140350881 50
18.824561403509154 33
18.842105263158277 11
18.938596491228456 6
18.938596491228456 11
18.947368421053017 57
19.035087719298634 11
19.078947368421442 19
19.087719298246004 47
19.11403508771969 36
19.131578947368812 11
19.21929824561443 3
19.21929824561443 17
19.22807017543899 11
19.22807017543899 15
19.32456140350917 11
19.34210526315829 12
19.421052631579347 11
19.456140350877593 24
19.464912280702155 20
19.49122807017584 7
19.517543859649525 11
19.526315789474086 25
19.614035087719703 11
19.614035087719703 19
19.666666666667073 6
19.71052631578988 11
19.736842105263566 1
19.76315789473725 48
19.798245614035498 46
19.80701754386006 11
19.903508771930237 11
19.947368421053046 16
20.000000000000416 11
20.000000000000416 28
20.0263157894741 9
20.035087719298662 17
20.043859649123224 55
20.096491228070594 11
20.140350877193402 30
20.157894736842525 36
20.166666666667087 52
20.18421052631621 42
20.192982456140772 11
20.254385964912704 24
20.28947368421095 11
20.324561403509197 7
20.324561403509197 22
20.359649122807443 10
20.377192982456567 23
20.38596491228113 11
20.39473684210569 6
20.412280701754813 4
20.4385964912285 12
20.45614035087762 39
20.482456140351307 11
20.49122807017587 15
20.5526315789478 3
20.5526315789478 34
20.578947368421485 11
20.675438596491663 11
20.77192982456184 11
20.780701754386403 44
20.833333333333773 25
20.850877192982896 17
20.86842105263202 11
20.86842105263202 26
20.956140350877636 2
20.956140350877636 47
20.964912280702197 11
21.052631578947814 24
21.061403508772376 11
21.105263157895184 29
21.122807017544307 6
21.149122807017992 19
21.157894736842554 7
21.157894736842554 11
21.157894736842554 27
21.157894736842554 50
21.18421052631624 1
21.18421052631624 37
21.201754385965362 36
21.254385964912732 11
21.333333333333787 58
21.35087719298291 11
21.44736842105309 11
21.482456140351335 43
21.535087719298705 12
21.543859649123267 11
21.543859649123267 49
21.578947368421513 46
21.640350877193445 11
21.66666666666713 17
21.736842105263623 9
21.736842105263623 11
21.745614035088185 48
21.754385964912746 15
21.8333333333338 8
21.8333333333338 11
21.850877192982924 6
21.850877192982924 24
21.88596491228117 3
21.894736842105733 20
21.92982456140398 11
21.98245614035135 7
22.000000000000473 44
22.026315789474157 11
22.122807017544336 11
22.14035087719346 25
22.14912280701802 14
22.166666666667144 19
22.219298245614514 11
22.236842105263637 42
22.2456140350882 36
22.315789473684692 11
22.41228070175487 11
22.421052631579432 30
22.482456140351363 17
22.50877192982505 11
22.543859649123295 4
22.56140350877242 57
22.57894736842154 6
22.605263157895227 11
22.63157894736891 12
22.649122807018035 24
22.666666666667158 19
22.701754385965405 11
22.745614035088213 16
22.798245614035583 11
22.807017543860145 7
22.824561403509268 47
22.824561403509268 52
22.89473684210576 11
22.912280701754884 44
22.956140350877693 32
22.99122807017594 11
23.017543859649624 15
23.087719298246117 11
23.184210526316296 11
23.219298245614542 3
23.280701754386474 11
23.289473684211035 36
23.298245614035597 17
23.30701754386016 6
23.36842105263209 43
23.36842105263209 55
23.377192982456652 11
23.438596491228584 9
23.438596491228584 19
23.447368421053145 24
23.447368421053145 25
23.47368421052683 11
23.482456140351392 40
23.57017543859701 11
23.57017543859701 50
23.605263157895255 27
23.605263157895255 41
23.62280701754438 42
23.63157894736894 7
23.666666666667187 11
23.69298245614087 1
23.710526315789995 33
23.719298245614556 48
23.728070175439118 12
23.763157894737365 11
23.859649122807543 11
23.95614035087772 11
23.991228070175968 38
24.035087719298776 6
24.0526315789479 11
24.11403508771983 17
24.140350877193516 19
24.149122807018077 11
24.21052631579001 10
24.245614035088256 11
24.245614035088256 24
24.280701754386502 15
24.32456140350931 20
24.333333333333872 36
24.342105263158434 11
24.438596491228612 11
24.447368421053174 2
24.464912280702297 7
24.53508771929879 11
24.53508771929879 46
24.552631578947913 3
24.605263157895283 49
24.63157894736897 11
24.64912280701809 22
24.675438596491777 4
24.6929824561409 47
24.70175438596546 30
24.728070175439147 11
24.736842105263708 23
24.736842105263708 42
24.75438596491283 25
24.75438596491283 58
24.763157894737393 6
24.824561403509325 11
24.824561403509325 12
24.824561403509325 29
24.824561403509325 34
24.877192982456695 56
24.921052631579503 11
24.921052631579503 28
24.929824561404065 17
25.00877192982512 1
25.01754385964968 11
25.043859649123366 24
25.11403508771986 11
25.149122807018106 9
25.201754385965476 35
25.210526315790037 11
25.298245614035654 7
25.307017543860216 11
25.37719298245671 36
25.403508771930394 11
25.49122807017601 6
25.500000000000572 11
25.54385964912338 15
25.54385964912338 16
25.59649122807075 11
25.605263157895312 26
25.69298245614093 11
25.69298245614093 14
25.69298245614093 48
25.7456140350883 17
25.789473684211107 11
25.80701754386023 39
25.842105263158476 24
25.885964912281285 3
25.885964912281285 11
25.903508771930408 57
25.92105263157953 12
25.956140350877778 46
25.982456140351463 11
25.982456140351463 50
26.052631578947956 27
26.061403508772518 19
26.061403508772518 25
26.07894736842164 11
26.13157894736901 7
26.157894736842696 37
26.17543859649182 11
26.219298245614628 6
26.271929824561997 11
26.315789473684806 1
26.368421052632176 11
26.421052631579546 36
26.456140350877792 42
26.464912280702354 11
26.508771929825162 55
26.526315789474285 5
26.561403508772532 11
26.561403508772532 17
26.561403508772532 43
26.561403508772532 47
26.640350877193587 24
26.65789473684271 11
26.75438596491289 11
26.75438596491289 20
26.80701754386026 4
26.80701754386026 15
26.842105263158505 19
26.850877192983067 11
26.859649122807628 9
26.92982456140412 41
26.947368421053245 6
26.947368421053245 11
26.964912280702368 7
26.98245614035149 30
26.991228070176053 32
27.017543859649738 12
27.043859649123423 11
27.1403508771936 8
27.1403508771936 11
27.219298245614656 3
27.23684210526378 11
27.333333333333957 11
27.368421052632204 25
27.377192982456766 17
27.40350877193045 52
27.429824561404136 11
27.438596491228697 24
27.464912280702382 36
27.526315789474314 11
27.570175438597122 42
27.622807017544492 11
27.6666666666673 49
27.675438596491862 6
27.675438596491862 48
27.71929824561467 11
27.789473684211163 7
27.81578947368485 11
27.912280701755027 11
27.93859649122871 2
28.008771929825205 1
28.008771929825205 11
28.061403508772575 10
28.070175438597136 15
28.105263157895383 11
28.114035087719945 12
28.114035087719945 12
28.175438596491876 44
28.192982456141 17
28.20175438596556 11
28.236842105263808 24
28.24561403508837 33
28.29824561403574 11
28.342105263158548 16
28.394736842105917 11
28.394736842105917 50
28.40350877193048 6
28.447368421053287 47
28.473684210526972 58
28.491228070176096 11
28.500000000000657 27
28.500000000000657 56
28.50877192982522 36
28.552631578948027 3
28.56140350877259 9
28.587719298246274 11
28.61403508771996 7
28.67543859649189 25
28.684210526316452 11
28.684210526316452 42
28.692982456141014 19
28.7192982456147 46
28.736842105263822 39
28.77192982456207 44
28.78070175438663 11
28.868421052632247 23
28.87719298245681 11
28.93859649122874 4
28.964912280702425 22
28.973684210526987 11
29.008771929825233 17
29.035087719298918 24
29.070175438597165 11
29.09649122807085 34
29.131578947369096 6
29.166666666667343 11
29.184210526316466 20
29.21052631579015 12
29.21052631579015 43
29.236842105263836 14
29.26315789473752 11
29.333333333334014 15
29.350877192983138 1
29.3596491228077 5
29.3596491228077 11
29.385964912281384 44
29.447368421053316 7
29.456140350877877 11
29.552631578948056 11
29.552631578948056 36
29.649122807018234 11
29.649122807018234 19
29.657894736842795 48
29.745614035088412 11
29.798245614035782 42
29.824561403509467 17
29.83333333333403 24
29.84210526315859 11
29.84210526315859 28
29.859649122807713 6
29.8859649122814 3
29.93859649122877 11
29.982456140351577 25
30.035087719298946 11
30.043859649123508 52
30.122807017544563 19
30.131578947369125 11
30.21929824561474 38
30.228070175439303 11
30.254385964912988 30
30.26315789473755 9
30.280701754386673 7
30.307017543860358 12
30.31578947368492 47
30.32456140350948 11
30.42105263157966 11
30.47368421052703 29
30.517543859649837 11
30.543859649123522 1
30.58771929824633 6
30.596491228070892 15
30.596491228070892 36
30.605263157895454 41
30.614035087720016 11
30.63157894736914 24
30.6403508771937 17
30.710526315790194 11
30.728070175439317 49
30.807017543860372 11
30.807017543860372 50
30.90350877193055 11
30.912280701755112 42
31.00000000000073 11
31.026315789474413 57
31.07017543859722 4
31.096491228070906 11
31.11403508772003 7
31.131578947369153 37
31.140350877193715 16
31.192982456141085 11
31.21929824561477 3
31.289473684211263 11
31.289473684211263 25
31.315789473684948 6
31.38596491228144 11
31.38596491228144 39
31.403508771930564 12
31.42982456140425 2
31.42982456140425 24
31.456140350877934 17
31.48245614035162 11
31.49122807017618 44
31.500000000000743 19
31.500000000000743 55
31.578947368421797 11
31.614035087720044 20
31.64035087719373 36
31.64035087719373 48
31.675438596491976 11
31.728070175439345 43
31.771929824562154 11
31.824561403509524 8
31.833333333334085 1
31.833333333334085 58
31.85964912280777 15
31.868421052632332 11
31.868421052632332 27
31.91228070175514 10
31.921052631579702 32
31.938596491228825 7
31.96491228070251 9
31.96491228070251 11
32.02631578947444 42
32.04385964912356 6
32.061403508772685 11
32.15789473684286 11
32.18421052631655 47
32.219298245614794 35
32.228070175439356 24
32.25438596491304 11
32.271929824562164 17
32.35087719298322 11
32.39473684210603 44
32.429824561404274 19
32.429824561404274 26
32.4473684210534 11
32.45614035087796 29
32.50000000000077 12
32.535087719299014 30
32.543859649123576 11
32.55263157894814 3
32.596491228070946 25
32.640350877193754 11
32.68421052631656 36
32.73684210526393 11
32.754385964913055 40
32.76315789473762 7
32.77192982456218 6
32.78070175438674 14
32.81578947368499 23
32.81578947368499 23
32.83333333333411 11
32.83333333333411 46
32.86842105263236 33
32.92982456140429 11
33.02631578947447 11
33.02631578947447 24
33.0877192982464 1
33.0877192982464 17
33.122807017544645 11
33.122807017544645 15
33.14035087719377 42
33.2017543859657 4
33.21929824561482 11
33.21929824561482 50
33.280701754386754 22
33.315789473685 11
33.32456140350956 43
33.36842105263237 34
33.41228070175518 11
33.500000000000796 6
33.50877192982536 11
33.58771929824641 7
33.596491228070974 12
33.605263157895536 11
33.6140350877201 41
33.6140350877201 48
33.66666666666747 9
33.701754385965714 11
33.7280701754394 36
33.78947368421133 49
33.79824561403589 11
33.82456140350958 24
33.88596491228151 3
33.89473684210607 11
33.90350877193063 17
33.90350877193063 25
33.93859649122888 16
33.99122807017625 11
34.04385964912362 20
34.05263157894818 47
34.08771929824643 11
34.184210526316605 11
34.192982456141166 46
34.21052631579029 44
34.22807017543941 6
34.2543859649131 42
34.28070175438678 11
34.31578947368503 27
34.37719298245696 11
34.38596491228152 1
34.38596491228152 15
34.42105263157977 7
34.47368421052714 11
34.552631578948194 56
34.57017543859732 11
34.58771929824644 19
34.62280701754469 24
34.64035087719381 39
34.666666666667496 11
34.69298245614118 12
34.719298245614866 17
34.763157894737674 11
34.763157894737674 28
34.771929824562235 36
34.815789473685044 30
34.85964912280785 11
34.88596491228154 44
34.921052631579784 2
34.95614035087803 6
34.95614035087803 11
35.05263157894821 11
35.09649122807102 19
35.14912280701839 11
35.21052631579032 25
35.21929824561488 3
35.245614035088565 11
35.254385964913126 7
35.254385964913126 38
35.254385964913126 43
35.26315789473769 58
35.33333333333418 4
35.34210526315874 11
35.34210526315874 55
35.36842105263243 42
35.37719298245699 9
35.38596491228155 8
35.4210526315798 24
35.43859649122892 11
35.456140350878044 31
35.48245614035173 52
35.5350877192991 11
35.5350877192991 17
35.58771929824647 48
35.63157894736928 11
35.63157894736928 50
35.64035087719384 44
35.6491228070184 15
35.68421052631665 6
35.728070175439456 11
35.728070175439456 46
35.7631578947377 10
35.78947368421139 12
35.81578947368507 36
35.824561403509634 11
35.885964912281565 57
35.92105263157981 11
35.92105263157981 47
35.95614035087806 32
36.01754385964999 11
36.0614035087728 1
36.07894736842192 7
36.10526315789561 37
36.11403508772017 11
36.21052631579035 5
36.21052631579035 11
36.21929824561491 24
36.2894736842114 44
36.307017543860525 11
36.32456140350965 14
36.35087719298333 17
36.4035087719307 11
36.412280701755265 6
36.42982456140439 41
36.473684210527196 20
36.48245614035176 42
36.50000000000088 11
36.517543859650004 25
36.55263157894825 3
36.59649122807106 11
36.66666666666755 19
36.684210526316676 23
36.69298245614124 11
36.736842105264046 16
36.76315789473773 27
36.789473684211416 11
36.85087719298335 49
36.85964912280791 36
36.885964912281594 11
36.885964912281594 12
36.90350877193072 7
36.91228070175528 15
36.98245614035177 11
37.01754385965002 24
37.06140350877283 46
37.07894736842195 9
37.07894736842195 11
37.08771929824651 30
37.14035087719388 6
37.14035087719388 26
37.16666666666757 17
37.17543859649213 11
37.27192982456231 11
37.368421052632485 11
37.38596491228161 33
37.421052631579855 1
37.4561403508781 44
37.46491228070266 4
37.46491228070266 11
37.56140350877284 11
37.5701754385974 48
37.59649122807109 22
37.59649122807109 42
37.640350877193896 34
37.65789473684302 11
37.736842105264074 7
37.7543859649132 11
37.789473684211444 47
37.81578947368513 24
37.82456140350969 25
37.842105263158814 19
37.850877192983376 11
37.8684210526325 6
37.88596491228162 3
37.903508771930746 36
37.947368421053554 11
37.9824561403518 12
37.9824561403518 17
38.04385964912373 11
38.04385964912373 50
38.14035087719391 11
38.17543859649216 15
38.19298245614128 39
38.23684210526409 11
38.33333333333427 11
38.35087719298339 57
38.35964912280795 43
38.41228070175532 2
38.42105263157988 45
38.429824561404445 11
38.50000000000094 1
38.52631578947462 11
38.57017543859743 7
38.596491228071116 6
38.61403508772024 24
38.6228070175448 11
38.640350877193924 44
38.67543859649217 56
38.71052631579042 42
38.71929824561498 11
38.745614035088664 55
38.78947368421147 9
38.798245614036034 17
38.81578947368516 11
38.81578947368516 41
38.903508771930774 20
38.912280701755336 11
38.94736842105358 36
39.008771929825514 11
39.07894736842201 12
39.10526315789569 11
39.13157894736938 25
39.14035087719394 40
39.20175438596587 11
39.21052631579043 27
39.21929824561499 3
39.29824561403605 11
39.32456140350973 6
39.34210526315886 58
39.36842105263254 30
39.39473684210623 11
39.40350877193079 7
39.41228070175535 24
39.438596491229035 15
39.447368421053596 52
39.491228070176405 11
39.53508771929921 16
39.543859649123775 48
39.58771929824658 11
39.596491228071145 1
39.596491228071145 4
39.61403508772027 10
39.61403508772027 17
39.657894736843076 47
39.68421052631676 11
39.68421052631676 28
39.69298245614132 8
39.710526315790446 19
39.77192982456238 44
39.78070175438694 11
39.82456140350975 42
39.868421052632556 14
39.87719298245712 11
39.912280701755364 49
39.973684210527296 11
39.99122807017642 32
39.99122807017642 36
40.05263157894835 6
40.070175438597474 11
40.16666666666765 11
40.175438596492214 12
40.175438596492214 44
40.21052631579046 24
40.22807017543958 7
40.25438596491327 46
40.26315789473783 11
40.35964912280801 11
40.4298245614045 17
40.43859649122906 25
40.45614035087819 11
40.45614035087819 35
40.45614035087819 50
40.49122807017643 9
40.552631578948365 3
40.552631578948365 11
40.57017543859749 23
40.64912280701854 11
40.70175438596591 15
40.74561403508872 11
40.78070175438697 6
40.83333333333434 43
40.8421052631589 11
40.85964912280802 41
40.91228070175539 1
40.91228070175539 57
40.93859649122908 11
40.93859649122908 42
41.00877192982557 24
41.035087719299256 11
41.035087719299256 36
41.05263157894838 7
41.078947368422064 37
41.131578947369434 11
41.22807017543961 11
41.245614035088735 17
41.26315789473786 39
41.27192982456242 12
41.32456140350979 11
41.33333333333435 20
41.42105263157997 11
41.508771929825585 6
41.51754385965015 11
41.51754385965015 48
41.52631578947471 47
41.614035087720325 11
41.614035087720325 26
41.65789473684313 27
41.7105263157905 11
41.728070175439626 4
41.74561403508875 25
41.80701754386068 11
41.80701754386068 24
41.885964912281736 3
41.885964912281736 7
41.90350877193086 2
41.90350877193086 11
41.90350877193086 33
41.90350877193086 46
41.91228070175542 34
41.92105263157998 22
41.96491228070279 15
42.00000000000104 11
42.043859649123846 1
42.05263157894841 42
42.06140350877297 17
42.07894736842209 36
42.096491228071216 11
42.096491228071216 19
42.192982456141394 11
42.201754385965955 9
42.2368421052642 6
42.28947368421157 11
42.33333333333438 16
42.36842105263263 12
42.38596491228175 11
42.40350877193087 19
42.48245614035193 11
42.57894736842211 11
42.60526315789579 24
42.675438596492285 11
42.684210526316846 43
42.71929824561509 7
42.77192982456246 11
42.80701754386071 55
42.842105263158956 44
42.86842105263264 11
42.86842105263264 50
42.8771929824572 17
42.90350877193089 41
42.96491228070282 6
42.96491228070282 11
42.97368421052738 49
43.052631578948436 25
43.061403508773 11
43.08771929824668 1
43.105263157895806 58
43.12280701754493 36
43.157894736843176 11
43.16666666666774 42
43.21929824561511 3
43.22807017543967 15
43.254385964913354 11
43.32456140350985 46
43.35087719298353 11
43.39473684210634 47
43.4035087719309 24
43.41228070175546 14
43.44736842105371 11
43.44736842105371 52
43.46491228070283 10
43.46491228070283 12
43.50000000000108 48
43.54385964912389 11
43.55263157894845 7
43.64035087719407 11
43.692982456141436 6
43.692982456141436 17
43.72807017543968 29
43.736842105264245 11
43.76315789473793 20
43.77192982456249 57
43.789473684211615 31
43.83333333333442 11
43.83333333333442 30
43.85964912280811 4
43.91228070175548 9
43.9298245614046 11
43.98245614035197 38
44.02631578947478 11
44.02631578947478 32
44.061403508773026 19
44.105263157895834 27
44.12280701754496 11
44.166666666667766 36
44.20175438596601 24
44.219298245615136 11
44.28070175438707 42
44.30701754386075 19
44.315789473685314 11
44.315789473685314 39
44.35964912280812 25
44.38596491228181 7
44.41228070175549 11
44.421052631580054 6
44.429824561404615 23
44.49122807017655 15
44.50877192982567 11
44.50877192982567 17
44.55263157894848 3
44.55263157894848 19
44.56140350877304 12
44.60526315789585 11
44.60526315789585 28
44.62280701754497 5
44.70175438596603 11
44.798245614036205 11
44.798245614036205 19
44.89473684210638 11
44.99122807017656 11
45.00000000000112 24
45.03508771929937 1
45.04385964912393 19
45.08771929824674 11
45.13157894736955 16
45.13157894736955 44
45.14912280701867 6
45.18421052631692 11
45.2105263157906 36
45.219298245615164 7
45.26315789473797 47
45.280701754387096 11
45.280701754387096 50
45.28947368421166 19
45.324561403509904 17
45.377192982457274 11
45.3947368421064 2
45.429824561404644 46
45.47368421052745 11
45.482456140352014 48
45.5087719298257 42
45.53508771929938 19
45.53508771929938 41
45.57017543859763 11
45.622807017545 9
45.65789473684325 12
45.66666666666781 11
45.66666666666781 25
45.754385964913425 15
45.754385964913425 35
45.76315789473799 11
45.78070175438711 19
45.79824561403623 24
45.859649122808165 11
45.87719298245729 6
45.88596491228185 3
45.95614035087834 5
45.95614035087834 11
45.99122807017659 4
46.026315789474836 19
46.0350877192994 49
46.05263157894852 5
46.05263157894852 7
46.05263157894852 11
46.05263157894852 26
46.05263157894852 37
46.08771929824677 29
46.10526315789589 30
46.14035087719414 17
46.1491228070187 11
46.184210526316946 34
46.19298245614151 20
46.21052631579063 43
46.236842105264316 22
46.236842105264316 44
46.24561403508888 11
46.25438596491344 36
46.27192982456256 19
46.342105263159056 11
46.42105263158011 33
46.438596491229234 11
46.491228070176604 57
46.51754385965029 19
46.51754385965029 19
46.53508771929941 11
46.552631578948535 27
46.59649122807134 1
46.59649122807134 24
46.605263157895905 6
46.62280701754503 42
46.63157894736959 11
46.657894736843275 56
46.72807017543977 11
46.75438596491345 12
46.763157894738015 19
46.763157894738015 58
46.824561403509946 11
46.88596491228188 7
46.921052631580125 11
46.95614035087837 14
46.95614035087837 17
46.973684210527495 25
47.00877192982574 19
47.0175438596503 11
47.0175438596503 15
47.11403508772048 11
47.11403508772048 45
47.14912280701873 47
47.21052631579066 11
47.21929824561522 3
47.25438596491347 19
47.298245614036276 36
47.30701754386084 11
47.33333333333452 6
47.350877192983646 9
47.350877192983646 10
47.394736842106454 24
47.403508771931016 11
47.500000000001194 11
47.500000000001194 19
47.508771929825755 48
47.59649122807137 11
47.69298245614155 11
47.69298245614155 50
47.71052631579067 44
47.719298245615235 7
47.74561403508892 19
47.75438596491348 42
47.771929824562605 17
47.78947368421173 11
47.78947368421173 43
47.85087719298366 12
47.885964912281906 11
47.929824561404715 16
47.982456140352085 11
47.991228070176646 19
48.06140350877314 6
48.07894736842226 11
48.07894736842226 32
48.12280701754507 4
48.17543859649244 11
48.192982456141564 24
48.23684210526437 19
48.27192982456262 11
48.28070175438718 15
48.28070175438718 25
48.32456140350999 23
48.34210526315911 36
48.3684210526328 11
48.38596491228192 30
48.42105263158017 39
48.464912280702976 11
48.4824561403521 19
48.517543859650345 1
48.55263157894859 3
48.55263157894859 7
48.561403508773154 11
48.58771929824684 17
48.622807017545085 20
48.65789473684333 11
48.728070175439825 19
48.75438596491351 11
48.78947368421176 6
48.85087719298369 11
48.86842105263281 42
48.885964912281935 2
48.947368421053866 11
48.947368421053866 12
48.97368421052755 19
48.991228070176675 24
49.000000000001236 27
49.01754385965036 47
49.043859649124045 11
49.06140350877317 9
49.096491228071415 49
49.14035087719422 11
49.21929824561528 19
49.21929824561528 57
49.2368421052644 11
49.33333333333458 11
49.368421052632826 38
49.38596491228195 7
49.38596491228195 36
49.40350877193107 17
49.42982456140476 11
49.464912280703004 19
49.517543859650374 6
49.526315789474936 11
49.526315789474936 28
49.5350877192995 48
49.54385964912406 15
49.58771929824687 25
49.622807017545114 11
49.684210526317045 44
49.71052631579073 19
49.71929824561529 11
49.789473684211785 24
49.81578947368547 11
49.88596491228196 3
49.91228070175565 11
49.93859649122933 46
49.95614035087846 19
49.9912280701767 43
50.008771929825826 11
50.01754385965039 42
50.04385964912407 12
50.105263157896005 11
50.105263157896005 50
50.20175438596618 11
50.20175438596618 19
50.219298245615306 7
50.219298245615306 17
50.24561403508899 6
50.25438596491355 4
50.29824561403636 11
50.39473684210654 11
50.429824561404786 36
50.44736842105391 19
50.45614035087847 34
50.473684210527594 55
50.482456140352156 26
50.482456140352156 56
50.49122807017672 11
50.50000000000128 14
50.55263157894865 22
50.56140350877321 8
50.587719298246896 11
50.587719298246896 24
50.66666666666795 30
50.684210526317074 11
50.692982456141635 19
50.71052631579076 52
50.72807017543988 16
50.76315789473813 9
50.78070175438725 11
50.80701754386094 15
50.87719298245743 11
50.88596491228199 47
50.89473684210655 25
50.93859649122936 19
50.96491228070305 33
50.97368421052761 6
50.97368421052761 11
51.02631578947498 37
51.03508771929954 17
51.0438596491241 7
51.05263157894866 20
51.070175438597786 11
51.13157894736972 42
51.14035087719428 12
51.166666666667965 11
51.18421052631709 19
51.20175438596621 10
51.219298245615335 3
51.26315789473814 11
51.35964912280832 11
51.35964912280832 58
51.385964912282006 24
51.429824561404814 19
51.44736842105394 27
51.4561403508785 11
51.47368421052762 36
51.482456140352184 35
51.50877192982587 46
51.51754385965043 48
51.55263157894868 11
51.649122807018855 11
51.67543859649254 19
51.701754385966225 6
51.72807017543991 41
51.73684210526447 44
51.745614035089034 11
51.84210526315921 11
51.85087719298377 17
51.8684210526329 7
51.92105263158027 19
51.93859649122939 11
52.03508771929957 11
52.070175438597815 15
52.131578947369746 11
52.14035087719431 57
52.15789473684343 49
52.16666666666799 19
52.184210526317116 24
52.20175438596624 25
52.21929824561536 23
52.228070175439925 11
52.236842105264486 12
52.24561403508905 42
52.289473684211856 39
52.3245614035101 11
52.37719298245747 2
52.385964912282034 4
52.41228070175572 19
52.42105263158028 11
52.42982456140484 6
52.46491228070309 9
52.500000000001336 43
52.51754385965046 11
52.51754385965046 36
52.51754385965046 50
52.52631578947502 1
52.552631578948706 3
52.61403508772064 11
52.657894736843446 19
52.66666666666801 17
52.69298245614169 7
52.710526315790815 11
52.754385964913624 47
52.807017543860994 11
52.868421052632925 44
52.90350877193117 11
52.90350877193117 19
52.94736842105398 30
52.98245614035223 24
53.00000000000135 11
53.09649122807153 11
53.1491228070189 19
53.15789473684346 6
53.192982456141706 11
53.20175438596627 46
53.289473684211885 11
53.33333333333469 12
53.33333333333469 15
53.35964912280838 42
53.38596491228206 11
53.394736842106624 19
53.48245614035224 11
53.48245614035224 17
53.48245614035224 20
53.500000000001364 48
53.508771929825926 25
53.508771929825926 25
53.52631578947505 7
53.52631578947505 16
53.561403508773296 36
53.57894736842242 11
53.58771929824698 32
53.614035087720666 52
53.64035087719435 19
53.6754385964926 11
53.771929824562775 11
53.78070175438734 24
53.868421052632954 11
53.88596491228208 3
53.88596491228208 6
53.88596491228208 19
53.89473684210664 27
53.96491228070313 11
54.035087719299625 1
54.035087719299625 29
54.035087719299625 55
54.04385964912419 14
54.06140350877331 11
54.1315789473698 5
54.1315789473698 19
54.140350877194365 43
54.15789473684349 11
54.17543859649261 9
54.192982456141735 41
54.254385964913666 11
54.28947368421191 44
54.298245614036475 17
54.350877192983845 11
54.359649122808406 7
54.37719298245753 19
54.4298245614049 12
54.44736842105402 11
54.44736842105402 28
54.47368421052771 42
54.517543859650516 4
54.5438596491242 11
54.57894736842245 24
54.58771929824701 46
54.59649122807157 15
54.60526315789613 36
54.614035087720694 6
54.622807017545256 19
54.622807017545256 47
54.64035087719438 11
54.728070175439996 34
54.73684210526456 11
54.81578947368561 25
54.833333333334735 11
54.86842105263298 19
54.86842105263298 22
54.91228070175579 26
54.91228070175579 44
54.929824561404914 11
54.929824561404914 50
55.02631578947509 11
55.05263157894878 10
55.07894736842246 39
55.11403508772071 17
55.11403508772071 19
55.12280701754527 11
55.19298245614176 7
55.21929824561545 3
55.21929824561545 11
55.21929824561545 49
55.27192982456282 57
55.315789473685626 11
55.34210526315931 6
55.35087719298387 58
55.359649122808435 19
55.37719298245756 24
55.412280701755805 11
55.464912280703174 38
55.4824561403523 33
55.4824561403523 48
55.49122807017686 30
55.50877192982598 11
55.526315789475106 12
55.58771929824704 42
55.60526315789616 11
55.60526315789616 19
55.64912280701897 36
55.70175438596634 11
55.728070175440024 56
55.79824561403652 1
55.79824561403652 11
55.80701754386108 43
55.85087719298389 19
55.85964912280845 15
55.86842105263301 2
55.885964912282134 9
55.894736842106695 11
55.91228070175582 20
55.92982456140494 17
55.92982456140494 44
55.991228070176874 11
56.000000000001435 37
56.02631578947512 7
56.07017543859793 6
56.08771929824705 11
56.09649122807161 19
56.105263157896175 23
56.1228070175453 25
56.17543859649267 24
56.18421052631723 11
56.2368421052646 41
56.28070175438741 11
56.32456140351022 16
56.34210526315934 19
56.34210526315934 27
56.3508771929839 35
56.377192982457586 11
56.473684210527765 11
56.49122807017689 47
56.55263157894882 3
56.57017543859794 11
56.587719298247066 19
56.62280701754531 12
56.649122807019 4
56.66666666666812 11
56.692982456141806 36
56.70175438596637 42
56.745614035089176 17
56.7631578947383 11
56.798245614036546 6
56.83333333333479 19
56.85964912280848 7
56.85964912280848 11
56.956140350878655 11
56.97368421052778 24
57.052631578948834 11
57.07894736842252 19
57.12280701754533 15
57.14912280701901 11
57.24561403508919 11
57.324561403510245 19
57.34210526315937 11
57.34210526315937 50
57.429824561404985 25
57.438596491229546 11
57.50877192982604 48
57.52631578947516 6
57.535087719299725 11
57.56140350877341 17
57.57017543859797 19
57.587719298247094 14
57.596491228071656 9
57.6315789473699 11
57.66666666666815 32
57.692982456141834 7
57.71929824561552 12
57.72807017544008 11
57.73684210526464 36
57.77192982456289 24
57.77192982456289 30
57.8157894736857 19
57.8157894736857 42
57.82456140351026 11
57.88596491228219 3
57.92105263158044 11
58.017543859650615 11
58.03508771929974 46
58.061403508773424 19
58.114035087720794 11
58.21052631579097 11
58.25438596491378 6
58.280701754387465 41
58.280701754387465 49
58.30701754386115 11
58.30701754386115 19
58.3421052631594 20
58.35964912280852 47
58.35964912280852 57
58.37719298245764 17
58.385964912282205 15
58.40350877193133 11
58.42982456140501 43
58.500000000001506 11
58.52631578947519 7
58.53508771929975 45
58.552631578948876 19
58.570175438598 24
58.596491228071685 11
58.69298245614186 11
58.73684210526467 25
58.78070175438748 4
58.78070175438748 36
58.78070175438748 39
58.78947368421204 11
58.78947368421204 27
58.7982456140366 5
58.7982456140366 19
58.815789473685726 12
58.88596491228222 11
58.90350877193134 10
58.921052631580466 55
58.92982456140503 42
58.9824561403524 6
58.9824561403524 11
59.00000000000152 34
59.04385964912433 19
59.05263157894889 44
59.078947368422575 1
59.078947368422575 11
59.122807017545384 16
59.175438596492754 11
59.184210526317315 22
59.19298245614188 17
59.21929824561556 3
59.27192982456293 11
59.289473684212055 19
59.30701754386118 9
59.342105263159425 26
59.35087719298399 29
59.35964912280855 2
59.35964912280855 7
59.36842105263311 11
59.36842105263311 24
59.36842105263311 28
59.38596491228223 5
59.46491228070329 11
59.46491228070329 58
59.49122807017697 48
59.53508771929978 19
59.561403508773466 11
59.57017543859803 46
59.64912280701908 15
59.657894736843645 11
59.710526315791014 6
59.75438596491382 11
59.75438596491382 50
59.771929824562946 52
59.78070175438751 19
59.824561403510316 36
59.850877192984 11
59.91228070175593 12
59.94736842105418 11
