0.05263157894736842 58
0.06140350877192982 7
0.08771929824561403 46
0.12280701754385964 17
0.13157894736842105 11
0.14035087719298245 33
0.15789473684210525 38
0.15789473684210525 47
0.17543859649122806 15
0.17543859649122806 25
0.19298245614035087 39
0.26315789473684215 32
0.26315789473684215 53
0.280701754385965 23
0.280701754385965 24
0.28947368421052644 16
0.29824561403508787 14
0.31578947368421073 6
0.3333333333333336 19
0.342105263157895 22
0.3684210526315793 57
0.46491228070175505 52
0.5175438596491236 10
0.5263157894736851 20
0.6140350877192994 1
0.6403508771929837 28
0.6842105263157908 4
0.7807017543859666 29
0.8157894736842123 19
0.8859649122807037 7
0.8859649122807037 30
0.912280701754388 11
1.0000000000000022 55
1.0438596491228094 6
1.0438596491228094 43
1.0701754385964937 36
1.078947368421055 24
1.078947368421055 37
1.1491228070175465 48
1.3157894736842137 17
1.4122807017543895 12
1.421052631578951 44
1.4473684210526352 15
1.5526315789473724 25
1.5614035087719338 42
1.587719298245618 9
1.5964912280701795 2
1.5964912280701795 3
1.6315789473684252 1
1.6403508771929867 27
1.7017543859649167 7
1.7105263157894781 40
1.7719298245614081 6
1.8157894736842153 8
1.8333333333333381 26
1.8771929824561453 24
2.0526315789473726 47
2.114035087719301 36
2.149122807017546 11
2.271929824561403 11
2.2982456140350864 17
2.3771929824561373 11
2.456140350877188 19
2.482456140350872 11
2.4999999999999942 6
2.5175438596491166 7
2.5877192982456063 11
2.6403508771929736 43
2.6754385964912184 24
2.6842105263157796 11
2.7192982456140244 15
2.7192982456140244 46
2.7719298245613917 57
2.8070175438596365 35
2.859649122807004 25
2.868421052631565 1
2.9298245614034935 3
3.035087719298228 34
3.087719298245595 16
3.157894736842085 36
3.2192982456140133 19
3.2280701754385746 6
3.2719298245613806 52
3.324561403508748 7
3.324561403508748 48
3.4736842105262884 24
3.675438596491196 30
3.798245614035053 4
3.833333333333298 11
3.833333333333298 42
3.8508771929824204 14
3.9385964912280325 47
3.9473684210525937 11
3.956140350877155 6
3.9824561403508385 15
4.052631578947331 11
4.122807017543824 39
4.122807017543824 41
4.140350877192947 7
4.157894736842071 11
4.166666666666632 25
4.175438596491194 46
4.201754385964879 36
4.210526315789441 12
4.254385964912249 11
4.2631578947368105 3
4.271929824561372 24
4.280701754385934 43
4.350877192982427 11
4.42105263157892 19
4.447368421052605 11
4.447368421052605 20
4.47368421052629 27
4.543859649122783 11
4.640350877192962 11
4.657894736842085 32
4.68421052631577 6
4.6929824561403315 22
4.6929824561403315 55
4.701754385964893 58
4.745614035087701 11
4.850877192982441 11
4.947368421052619 11
4.956140350877181 7
4.956140350877181 9
4.956140350877181 19
5.043859649122798 11
5.070175438596483 24
5.087719298245606 2
5.087719298245606 23
5.140350877192976 11
5.236842105263154 11
5.236842105263154 17
5.245614035087716 15
5.245614035087716 36
5.254385964912277 12
5.254385964912277 53
5.333333333333332 11
5.412280701754387 6
5.42982456140351 11
5.473684210526319 25
5.491228070175442 48
5.5263157894736885 11
5.570175438596497 28
5.596491228070182 3
5.622807017543867 11
5.701754385964922 1
5.719298245614045 11
5.763157894736853 43
5.771929824561415 7
5.815789473684223 11
5.824561403508785 47
5.85087719298247 42
5.868421052631593 24
5.868421052631593 46
5.885964912280716 16
5.912280701754401 11
5.9298245614035245 4
6.008771929824579 11
6.052631578947388 37
6.052631578947388 38
6.105263157894758 11
6.140350877193004 6
6.201754385964936 11
6.289473684210552 36
6.298245614035114 11
6.298245614035114 12
6.3596491228070455 33
6.394736842105292 11
6.49122807017547 11
6.508771929824594 15
6.526315789473717 57
6.570175438596525 30
6.5877192982456485 7
6.5877192982456485 11
6.666666666666703 24
6.684210526315827 11
6.780701754386005 11
6.780701754386005 25
6.7894736842105665 39
6.798245614035128 19
6.824561403508813 17
6.868421052631621 6
6.877192982456183 11
6.885964912280745 20
6.929824561403553 3
6.973684210526361 11
7.035087719298293 27
7.070175438596539 11
7.166666666666718 11
7.210526315789526 5
7.2456140350877725 19
7.254385964912334 56
7.263157894736896 11
7.333333333333389 36
7.342105263157951 12
7.359649122807074 11
7.368421052631636 14
7.403508771929882 7
7.456140350877252 11
7.464912280701814 24
7.491228070175499 9
7.491228070175499 42
7.50000000000006 1
7.543859649122869 48
7.55263157894743 11
7.596491228070239 6
7.614035087719362 17
7.631578947368485 43
7.6491228070176085 11
7.65789473684217 19
7.71052631578954 47
7.745614035087787 11
7.771929824561472 15
7.789473684210595 46
7.8245614035088416 45
7.842105263157965 11
7.842105263157965 41
7.938596491228143 11
7.991228070175513 35
8.000000000000075 55
8.035087719298321 11
8.061403508772006 4
8.087719298245691 25
8.087719298245691 58
8.114035087719376 19
8.1315789473685 11
8.219298245614116 7
8.219298245614116 29
8.228070175438678 11
8.263157894736924 3
8.263157894736924 24
8.324561403508856 6
8.324561403508856 11
8.377192982456226 36
8.385964912280787 12
8.394736842105349 52
8.421052631579034 11
8.517543859649212 11
8.578947368421144 2
8.578947368421144 40
8.61403508771939 11
8.622807017543952 17
8.684210526315884 16
8.710526315789568 11
8.807017543859747 11
8.82456140350887 32
8.894736842105363 19
8.903508771929925 11
8.921052631579048 34
9.000000000000103 11
9.03508771929835 7
9.043859649122911 15
9.052631578947473 6
9.061403508772035 24
9.096491228070281 11
9.114035087719405 8
9.122807017543966 23
9.14035087719309 22
9.166666666666774 42
9.19298245614046 11
9.24561403508783 53
9.289473684210638 11
9.333333333333446 20
9.35964912280713 1
9.385964912280816 11
9.394736842105377 25
9.421052631579062 36
9.429824561403624 12
9.482456140350994 11
9.482456140350994 57
9.491228070175556 27
9.578947368421172 11
9.596491228070295 3
9.67543859649135 11
9.763157894736967 19
9.771929824561528 11
9.78070175438609 6
9.78070175438609 47
9.842105263158022 7
9.859649122807145 24
9.868421052631707 11
9.877192982456268 43
9.964912280701885 11
10.061403508772063 11
10.105263157894871 19
10.157894736842241 11
10.192982456140488 4
10.20175438596505 46
10.219298245614173 17
10.25438596491242 11
10.298245614035228 48
10.30701754385979 15
10.350877192982598 11
10.394736842105406 26
10.447368421052776 10
10.447368421052776 11
10.464912280701899 36
10.47368421052646 12
10.482456140351022 9
10.491228070175584 28
10.508771929824707 6
10.543859649122954 11
10.640350877193132 11
10.649122807017694 7
10.657894736842255 24
10.701754385965064 25
10.73684210526331 11
10.745614035087872 39
10.754385964912434 42
10.833333333333488 11
10.868421052631735 1
10.877192982456297 14
10.929824561403667 3
10.929824561403667 11
11.026315789473845 11
11.026315789473845 37
11.035087719298406 17
11.087719298245776 38
11.122807017544023 11
11.219298245614201 11
11.236842105263324 6
11.31578947368438 11
11.385964912280873 52
11.412280701754558 11
11.456140350877366 24
11.464912280701927 7
11.48245614035105 16
11.508771929824736 11
11.508771929824736 36
11.517543859649297 12
11.570175438596667 15
11.570175438596667 19
11.605263157894914 11
11.622807017544037 30
11.657894736842284 47
11.701754385965092 11
11.763157894737024 20
11.79824561403527 11
11.824561403508955 19
11.833333333333517 44
11.842105263158079 17
11.868421052631764 57
11.894736842105448 11
11.938596491228257 27
11.964912280701942 6
11.991228070175627 11
12.00877192982475 25
12.017543859649312 43
12.070175438596682 2
12.087719298245805 11
12.087719298245805 33
12.131578947368613 8
12.184210526315983 11
12.201754385965106 9
12.21929824561423 56
12.254385964912476 24
12.263157894737038 3
12.2719298245616 7
12.280701754386161 11
12.307017543859846 46
12.32456140350897 4
12.37719298245634 11
12.385964912280901 48
12.473684210526518 11
12.53508771929845 41
12.552631578947572 36
12.561403508772134 12
12.570175438596696 11
12.578947368421257 19
12.605263157894942 55
12.640350877193189 17
12.666666666666874 11
12.692982456140559 6
12.728070175438805 1
12.763157894737052 11
12.833333333333545 15
12.85964912280723 11
12.956140350877408 11
13.052631578947587 11
13.052631578947587 24
13.078947368421272 7
13.149122807017765 11
13.245614035087943 11
13.315789473684436 25
13.342105263158121 11
13.421052631579176 6
13.4385964912283 11
13.4385964912283 17
13.4385964912283 23
13.464912280701984 22
13.535087719298478 11
13.535087719298478 47
13.596491228070409 3
13.596491228070409 36
13.60526315789497 12
13.631578947368656 11
13.65789473684234 43
13.684210526316026 32
13.728070175438834 11
13.728070175438834 35
13.780701754386204 42
13.807017543859889 34
13.807017543859889 58
13.824561403509012 11
13.850877192982697 24
13.885964912280944 7
13.912280701754629 9
13.92105263157919 11
13.97368421052656 53
14.017543859649368 11
14.096491228070423 15
14.114035087719547 11
14.149122807017793 6
14.201754385965163 20
14.201754385965163 52
14.210526315789725 11
14.23684210526341 17
14.263157894737095 40
14.280701754386218 16
14.307017543859903 11
14.385964912280958 14
14.403508771930081 11
14.403508771930081 27
14.456140350877451 4
14.50000000000026 11
14.596491228070438 11
14.622807017544122 25
14.640350877193246 36
14.640350877193246 46
14.649122807017807 12
14.649122807017807 24
14.692982456140616 11
14.692982456140616 48
14.701754385965177 7
14.789473684210794 11
14.87719298245641 6
14.885964912280972 11
14.92982456140378 3
14.956140350877465 39
14.98245614035115 11
15.03508771929852 17
15.03508771929852 41
15.078947368421328 11
15.175438596491507 11
15.210526315789753 10
15.271929824561685 11
15.359649122807301 15
15.368421052631863 11
15.40350877193011 47
15.412280701754671 28
15.438596491228356 8
15.447368421052918 24
15.464912280702041 11
15.50877192982485 7
15.56140350877222 2
15.56140350877222 11
15.570175438596781 5
15.605263157895028 6
15.622807017544151 9
15.657894736842398 11
15.684210526316082 36
15.692982456140644 12
15.754385964912576 11
15.789473684210822 19
15.83333333333363 17
15.850877192982754 11
15.929824561403809 25
15.929824561403809 42
15.947368421052932 11
16.000000000000302 37
16.04385964912311 11
16.14035087719329 11
16.219298245614343 5
16.236842105263467 11
16.24561403508803 24
16.26315789473715 3
16.31578947368452 7
16.333333333333645 6
16.333333333333645 11
16.429824561403823 11
16.482456140351193 1
16.526315789474 11
16.57017543859681 57
16.587719298245933 4
16.62280701754418 11
16.62280701754418 15
16.63157894736874 17
16.63157894736874 20
16.719298245614358 11
16.72807017543892 36
16.73684210526348 12
16.754385964912604 45
16.815789473684536 11
16.877192982456467 30
16.88596491228103 33
16.912280701754714 11
16.9385964912284 55
16.99122807017577 19
17.008771929824892 11
17.008771929824892 27
17.04385964912314 24
17.061403508772262 6
17.078947368421385 16
17.078947368421385 48
17.10526315789507 11
17.122807017544194 7
17.20175438596525 11
17.228070175438933 38
17.236842105263495 25
17.236842105263495 41
17.26315789473718 47
17.289473684210865 58
17.298245614035427 11
17.32456140350911 9
17.342105263158235 52
17.394736842105605 11
17.42982456140385 17
17.491228070175783 11
17.52631578947403 23
17.58771929824596 11
17.596491228070523 3
17.68421052631614 11
17.68421052631614 39
17.754385964912633 1
17.771929824561756 36
17.780701754386318 11
17.780701754386318 12
17.78947368421088 6
17.78947368421088 22
17.807017543860002 31
17.84210526315825 24
17.84210526315825 32
17.877192982456496 11
17.885964912281057 15
17.89473684210562 14
17.938596491228427 7
17.94736842105299 42
17.973684210526674 11
17.991228070175797 46
18.070175438596852 11
18.16666666666703 11
18.228070175438962 17
18.26315789473721 11
18.359649122807387 11
18.403508771930195 19
18.456140350877565 11
18.517543859649496 6
18.54385964912318 25
18.552631578947743 11
18.64035087719336 24
18.64912280701792 11
18.719298245614414 4
18.7456140350881 11
18.75438596491266 7
18.815789473684593 36
18.824561403509154 12
18.842105263158277 11
18.921052631579332 19
18.929824561403894 3
18.929824561403894 34
18.938596491228456 11
18.938596491228456 35
19.035087719298634 11
19.043859649123196 17
19.052631578947757 2
19.06140350877232 9
19.06140350877232 20
19.07017543859688 42
19.131578947368812 11
19.140350877193374 47
19.149122807017935 15
19.17543859649162 30
19.22807017543899 11
19.245614035088114 6
19.245614035088114 57
19.32456140350917 11
19.403508771930223 41
19.421052631579347 11
19.43859649122847 24
19.508771929824963 5
19.517543859649525 11
19.55263157894777 46
19.570175438596895 7
19.614035087719703 11
19.71052631578988 11
19.80701754386006 11
19.842105263158306 17
19.850877192982868 25
19.85964912280743 36
19.86842105263199 12
19.86842105263199 19
19.877192982456553 16
19.903508771930237 11
19.903508771930237 27
19.97368421052673 6
20.000000000000416 11
20.096491228070594 11
20.12280701754428 55
20.192982456140772 11
20.23684210526358 24
20.263157894737265 3
20.28947368421095 11
20.33333333333376 28
20.38596491228113 7
20.38596491228113 11
20.412280701754813 15
20.482456140351307 11
20.578947368421485 11
20.622807017544293 10
20.640350877193416 17
20.675438596491663 11
20.701754385965348 6
20.71929824561447 43
20.71929824561447 48
20.77192982456184 9
20.77192982456184 11
20.850877192982896 4
20.86842105263202 11
20.903508771930266 36
20.912280701754828 12
20.947368421053074 56
20.964912280702197 11
20.97368421052676 37
21.03508771929869 24
21.03508771929869 47
21.061403508772376 11
21.070175438596937 46
21.157894736842554 11
21.157894736842554 25
21.1929824561408 42
21.201754385965362 7
21.254385964912732 11
21.280701754386417 44
21.35087719298291 11
21.385964912281157 23
21.39473684210572 14
21.429824561403965 6
21.438596491228527 17
21.44736842105309 11
21.491228070175897 20
21.51754385964958 26
21.543859649123267 11
21.596491228070636 3
21.640350877193445 11
21.640350877193445 30
21.657894736842568 40
21.66666666666713 19
21.67543859649169 15
21.692982456140815 45
21.7192982456145 39
21.736842105263623 11
21.8333333333338 11
21.8333333333338 24
21.88596491228117 44
21.92982456140398 11
21.947368421053103 36
21.956140350877664 12
21.964912280702226 57
21.973684210526788 19
21.99122807017591 32
22.017543859649596 7
22.026315789474157 11
22.078947368421527 52
22.105263157895212 22
22.122807017544336 11
22.157894736842582 6
22.219298245614514 11
22.228070175439075 5
22.236842105263637 17
22.280701754386445 1
22.315789473684692 11
22.35087719298294 27
22.41228070175487 11
22.41228070175487 19
22.46491228070224 25
22.46491228070224 42
22.482456140351363 9
22.491228070175925 33
22.50877192982505 11
22.543859649123295 2
22.56140350877242 53
22.605263157895227 11
22.62280701754435 46
22.63157894736891 24
22.67543859649172 16
22.68421052631628 48
22.701754385965405 11
22.798245614035583 11
22.83333333333383 7
22.8859649122812 6
22.89473684210576 11
22.903508771930323 47
22.929824561404008 3
22.93859649122857 15
22.982456140351378 4
22.99122807017594 11
22.99122807017594 36
22.99122807017594 44
23.0000000000005 12
23.035087719298748 17
23.087719298246117 11
23.184210526316296 11
23.20175438596542 34
23.280701754386474 11
23.324561403509282 19
23.342105263158405 1
23.377192982456652 11
23.429824561404022 24
23.47368421052683 11
23.53508771929876 44
23.57017543859701 11
23.614035087719817 6
23.649122807018063 7
23.666666666667187 11
23.666666666667187 55
23.763157894737365 11
23.771929824561926 25
23.815789473684735 58
23.833333333333858 17
23.833333333333858 42
23.859649122807543 11
23.89473684210579 38
23.912280701754913 41
23.921052631579474 20
23.95614035087772 11
23.982456140351406 30
24.035087719298776 5
24.035087719298776 36
24.043859649123338 12
24.0526315789479 11
24.122807017544392 19
24.149122807018077 11
24.192982456140886 9
24.201754385965447 15
24.228070175439132 24
24.245614035088256 11
24.26315789473738 3
24.31578947368475 44
24.342105263158434 6
24.342105263158434 11
24.359649122807557 39
24.36842105263212 19
24.438596491228612 11
24.438596491228612 43
24.464912280702297 7
24.47368421052686 10
24.53508771929879 11
24.614035087719845 35
24.63157894736897 11
24.63157894736897 17
24.6929824561409 48
24.728070175439147 11
24.74561403508827 44
24.780701754386516 47
24.79824561403564 27
24.824561403509325 11
24.894736842105818 14
24.921052631579503 11
25.01754385964968 11
25.026315789474243 1
25.026315789474243 24
25.07017543859705 6
25.078947368421613 25
25.078947368421613 36
25.087719298246174 12
25.11403508771986 4
25.11403508771986 11
25.157894736842668 46
25.210526315790037 11
25.254385964912846 28
25.263157894737407 44
25.28070175438653 7
25.307017543860216 11
25.403508771930394 11
25.42982456140408 17
25.464912280702325 15
25.473684210526887 16
25.500000000000572 11
25.59649122807075 3
25.59649122807075 11
25.59649122807075 19
25.69298245614093 11
25.780701754386545 23
25.789473684211107 11
25.798245614035668 6
25.824561403509353 24
25.885964912281285 11
25.903508771930408 9
25.947368421053216 37
25.982456140351463 11
25.982456140351463 52
26.035087719298833 2
26.07894736842164 11
26.096491228070764 7
26.12280701754445 36
26.13157894736901 12
26.17543859649182 11
26.22807017543919 17
26.263157894737436 1
26.263157894737436 19
26.271929824561997 11
26.298245614035682 30
26.350877192983052 20
26.368421052632176 11
26.3859649122813 25
26.403508771930422 29
26.421052631579546 22
26.464912280702354 11
26.508771929825162 5
26.526315789474285 6
26.561403508772532 11
26.614035087719902 42
26.622807017544464 24
26.64912280701815 47
26.65789473684271 11
26.728070175439203 15
26.736842105263765 5
26.75438596491289 11
26.75438596491289 32
26.850877192983067 11
26.912280701754998 7
26.92982456140412 3
26.947368421053245 11
26.964912280702368 19
27.0263157894743 17
27.043859649123423 11
27.122807017544478 44
27.13157894736904 46
27.1403508771936 11
27.149122807018163 5
27.166666666667286 36
27.175438596491848 12
27.23684210526378 11
27.24561403508834 4
27.254385964912903 6
27.254385964912903 27
27.333333333333957 11
27.34210526315852 39
27.421052631579574 24
27.429824561404136 11
27.50000000000063 41
27.526315789474314 1
27.526315789474314 11
27.552631578948 57
27.61403508771993 9
27.622807017544492 11
27.684210526316424 44
27.692982456140985 25
27.71929824561467 11
27.728070175439232 7
27.81578947368485 11
27.82456140350941 17
27.86842105263222 19
27.912280701755027 11
27.947368421053273 55
27.98245614035152 6
27.99122807017608 15
28.008771929825205 11
28.105263157895383 11
28.14035087719363 48
28.20175438596556 11
28.210526315790123 36
28.219298245614684 12
28.219298245614684 24
28.263157894737493 3
28.271929824562054 16
28.29824561403574 11
28.324561403509424 10
28.385964912281356 34
28.385964912281356 44
28.394736842105917 11
28.394736842105917 14
28.394736842105917 14
28.41228070175504 58
28.491228070176096 11
28.51754385964978 40
28.51754385964978 47
28.543859649123466 7
28.587719298246274 11
28.596491228070835 30
28.62280701754452 17
28.684210526316452 11
28.710526315790137 6
28.72807017543926 33
28.754385964912945 43
28.77192982456207 19
28.78070175438663 11
28.78070175438663 20
28.859649122807685 53
28.87719298245681 11
28.973684210526987 11
29.00000000000067 25
29.017543859649795 19
29.017543859649795 24
29.035087719298918 46
29.070175438597165 11
29.166666666667343 11
29.192982456141028 8
29.228070175439274 52
29.25438596491296 15
29.25438596491296 36
29.26315789473752 11
29.26315789473752 12
29.26315789473752 19
29.31578947368489 9
29.350877192983138 7
29.3596491228077 11
29.377192982456823 1
29.377192982456823 4
29.42105263157963 17
29.438596491228754 6
29.456140350877877 11
29.46491228070244 26
29.508771929825247 19
29.52631578947437 2
29.552631578948056 11
29.552631578948056 35
29.596491228070864 3
29.649122807018234 11
29.701754385965604 27
29.745614035088412 11
29.754385964912974 19
29.78070175438666 38
29.78947368421122 45
29.807017543860344 29
29.815789473684905 24
29.84210526315859 11
29.84210526315859 44
29.912280701755083 23
29.93859649122877 11
30.0000000000007 19
30.035087719298946 11
30.122807017544563 39
30.131578947369125 11
30.140350877193686 48
30.149122807018248 41
30.15789473684281 7
30.16666666666737 6
30.175438596491933 28
30.21929824561474 17
30.228070175439303 11
30.245614035088426 19
30.298245614035796 36
30.307017543860358 12
30.307017543860358 25
30.32456140350948 11
30.385964912281413 47
30.394736842105974 44
30.42105263157966 11
30.491228070176152 19
30.508771929825276 1
30.517543859649837 11
30.517543859649837 15
30.614035087720016 11
30.614035087720016 24
30.710526315790194 11
30.73684210526388 19
30.73684210526388 22
30.78947368421125 32
30.807017543860372 11
30.868421052632304 57
30.885964912281427 30
30.89473684210599 6
30.90350877193055 11
30.912280701755112 43
30.921052631579673 37
30.929824561404235 3
30.96491228070248 7
30.982456140351605 19
31.00000000000073 11
31.01754385964985 9
31.01754385964985 17
31.052631578948098 42
31.07017543859722 16
31.096491228070906 11
31.192982456141085 11
31.210526315790208 20
31.22807017543933 19
31.289473684211263 11
31.342105263158633 36
31.350877192983194 12
31.38596491228144 11
31.394736842106003 5
31.412280701755126 24
31.473684210527058 19
31.48245614035162 11
31.508771929825304 4
31.578947368421797 11
31.614035087720044 25
31.622807017544606 6
31.657894736842852 44
31.675438596491976 11
31.719298245614784 19
31.771929824562154 11
31.780701754386715 7
31.780701754386715 15
31.815789473684962 17
31.868421052632332 11
31.877192982456894 46
31.894736842106017 14
31.96491228070251 11
31.96491228070251 19
32.061403508772685 11
32.1491228070183 27
32.15789473684286 11
32.175438596491986 10
32.21052631579023 19
32.21052631579023 24
32.25438596491304 11
32.2631578947376 3
32.2631578947376 47
32.35087719298322 6
32.35087719298322 11
32.36842105263234 1
32.385964912281466 36
32.39473684210603 12
32.42105263157971 43
32.4473684210534 11
32.45614035087796 19
32.543859649123576 11
32.596491228070946 7
32.61403508772007 17
32.63157894736919 58
32.640350877193754 11
32.68421052631656 34
32.701754385965685 19
32.701754385965685 19
32.72807017543937 9
32.73684210526393 11
32.7894736842113 41
32.83333333333411 11
32.92105263157973 25
32.92982456140429 11
32.94736842105341 19
33.00877192982534 24
33.017543859649905 2
33.02631578947447 11
33.04385964912359 15
33.05263157894815 40
33.070175438597275 55
33.07894736842184 6
33.10526315789552 39
33.10526315789552 48
33.122807017544645 11
33.175438596492015 30
33.19298245614114 19
33.21929824561482 11
33.315789473685 11
33.36842105263237 57
33.40350877193062 44
33.41228070175518 7
33.41228070175518 11
33.41228070175518 17
33.4298245614043 36
33.438596491228864 12
33.438596491228864 19
33.50877192982536 11
33.51754385964992 33
33.57017543859729 42
33.596491228070974 3
33.605263157895536 11
33.64035087719378 4
33.64035087719378 20
33.66666666666747 1
33.68421052631659 19
33.701754385965714 11
33.79824561403589 11
33.807017543860454 6
33.807017543860454 24
33.859649122807824 23
33.868421052632385 16
33.89473684210607 11
33.92982456140432 19
33.99122807017625 11
34.06140350877274 26
34.08771929824643 11
34.08771929824643 49
34.09649122807099 50
34.131578947369235 47
34.17543859649204 19
34.184210526316605 11
34.21052631579029 17
34.22807017543941 7
34.22807017543941 25
34.236842105263975 43
34.28070175438678 11
34.30701754386047 15
34.37719298245696 11
34.42105263157977 19
34.43859649122889 9
34.47368421052714 11
34.47368421052714 36
34.4824561403517 12
34.53508771929907 6
34.57017543859732 11
34.57017543859732 35
34.596491228071 27
34.605263157895564 24
34.666666666667496 11
34.666666666667496 19
34.70175438596574 1
34.763157894737674 11
34.824561403509605 32
34.85964912280785 11
34.91228070175522 19
34.921052631579784 53
34.929824561404345 3
34.929824561404345 46
34.95614035087803 11
35.0087719298254 17
35.04385964912365 7
35.05263157894821 11
35.05263157894821 22
35.07017543859733 42
35.087719298246455 48
35.09649122807102 28
35.14912280701839 11
35.15789473684295 19
35.245614035088565 11
35.26315789473769 6
35.27192982456225 41
35.34210526315874 11
35.39473684210611 14
35.403508771930674 19
35.403508771930674 24
35.43859649122892 11
35.517543859649976 30
35.517543859649976 36
35.52631578947454 12
35.5350877192991 11
35.5350877192991 25
35.570175438597346 15
35.63157894736928 11
35.6491228070184 19
35.675438596492086 31
35.728070175439456 11
35.771929824562264 4
35.78947368421139 57
35.80701754386051 17
35.824561403509634 11
35.833333333334195 52
35.85964912280788 7
35.89473684210613 19
35.89473684210613 37
35.92105263157981 11
35.991228070176305 6
36.00000000000087 47
36.01754385964999 11
36.02631578947455 10
36.07017543859736 20
36.11403508772017 11
36.14035087719385 19
36.14035087719385 38
36.149122807018415 9
36.201754385965785 24
36.21052631579035 11
36.263157894737716 3
36.307017543860525 11
36.359649122807895 29
36.37719298245702 56
36.38596491228158 19
36.39473684210614 46
36.4035087719307 11
36.50000000000088 11
36.50877192982544 2
36.526315789474566 39
36.56140350877281 36
36.570175438597374 12
36.59649122807106 11
36.60526315789562 17
36.631578947369306 19
36.66666666666755 16
36.675438596492114 7
36.69298245614124 11
36.71929824561492 6
36.789473684211416 11
36.833333333334224 15
36.842105263158786 25
36.87719298245703 19
36.885964912281594 11
36.90350877193072 8
36.938596491228964 42
36.95614035087809 34
36.98245614035177 11
37.000000000000895 24
37.000000000000895 50
37.0438596491237 27
37.07894736842195 11
37.08771929824651 48
37.12280701754476 19
37.16666666666757 49
37.17543859649213 11
37.27192982456231 11
37.315789473685115 43
37.368421052632485 11
37.368421052632485 19
37.40350877193073 17
37.44736842105354 6
37.46491228070266 11
37.482456140351786 7
37.56140350877284 11
37.56140350877284 55
37.59649122807109 3
37.60526315789565 36
37.61403508772021 12
37.61403508772021 19
37.65789473684302 11
37.72807017543951 23
37.7543859649132 11
37.789473684211444 30
37.798245614036006 24
37.850877192983376 9
37.850877192983376 11
37.85964912280794 19
37.8684210526325 47
37.87719298245706 44
37.903508771930746 4
37.947368421053554 11
38.04385964912373 11
38.061403508772855 33
38.0964912280711 15
38.0964912280711 41
38.10526315789566 19
38.14035087719391 11
38.14912280701847 25
38.17543859649216 6
38.20175438596584 17
38.23684210526409 11
38.28947368421146 7
38.33333333333427 11
38.35087719298339 19
38.41228070175532 1
38.41228070175532 42
38.429824561404445 11
38.438596491229006 57
38.50000000000094 20
38.52631578947462 11
38.596491228071116 19
38.596491228071116 24
38.6228070175448 11
38.649122807018486 36
38.65789473684305 12
38.71929824561498 11
38.81578947368516 11
38.84210526315884 19
38.859649122807966 32
38.89473684210621 14
38.903508771930774 6
38.912280701755336 11
38.92982456140446 3
39.00000000000095 17
39.00000000000095 39
39.008771929825514 11
39.07894736842201 48
39.08771929824657 19
39.10526315789569 7
39.10526315789569 11
39.20175438596587 11
39.25438596491324 44
39.29824561403605 11
39.333333333334295 19
39.35964912280798 15
39.36842105263254 22
39.39473684210623 11
39.39473684210623 24
39.41228070175535 50
39.45614035087816 25
39.46491228070272 16
39.491228070176405 11
39.491228070176405 27
39.552631578948336 58
39.5614035087729 9
39.57894736842202 19
39.58771929824658 11
39.63157894736939 6
39.66666666666764 1
39.68421052631676 11
39.69298245614132 36
39.701754385965884 12
39.73684210526413 47
39.74561403508869 40
39.78070175438694 11
39.79824561403606 17
39.82456140350975 19
39.868421052632556 43
39.87719298245712 10
39.87719298245712 11
39.921052631579926 7
39.92982456140449 44
39.95614035087817 35
39.973684210527296 11
40.00000000000098 2
40.017543859650104 28
40.03508771929923 4
40.06140350877291 26
40.070175438597474 11
40.070175438597474 19
40.070175438597474 30
40.16666666666765 11
40.19298245614134 24
40.26315789473783 3
40.26315789473783 11
40.28070175438695 42
40.3157894736852 19
40.35964912280801 6
40.35964912280801 11
40.41228070175538 46
40.45614035087819 11
40.500000000000995 8
40.5438596491238 52
40.552631578948365 11
40.561403508772926 19
40.59649122807117 17
40.62280701754486 15
40.63157894736942 41
40.64912280701854 11
40.7280701754396 7
40.73684210526416 36
40.74561403508872 11
40.74561403508872 12
40.763157894737844 25
40.80701754386065 19
40.815789473685214 55
40.8421052631589 11
40.868421052632584 37
40.877192982457146 57
40.929824561404516 20
40.93859649122908 11
40.99122807017645 24
41.035087719299256 11
41.04385964912382 53
41.05263157894838 19
41.06140350877294 48
41.087719298246625 6
41.09649122807119 1
41.131578947369434 11
41.22807017543961 11
41.22807017543961 34
41.26315789473786 9
41.298245614036105 19
41.32456140350979 11
41.39473684210628 17
41.42105263157997 11
41.42105263157997 11
41.50000000000102 44
41.51754385965015 11
41.53508771929927 7
41.54385964912383 19
41.5964912280712 3
41.614035087720325 11
41.614035087720325 47
41.622807017544886 23
41.7105263157905 11
41.780701754386996 36
41.78947368421156 12
41.78947368421156 19
41.78947368421156 24
41.80701754386068 11
41.81578947368524 6
41.86842105263261 46
41.885964912281736 15
41.90350877193086 11
41.938596491229106 27
42.00000000000104 11
42.0087719298256 38
42.035087719299284 19
42.07017543859753 25
42.096491228071216 11
42.16666666666771 4
42.16666666666771 39
42.192982456141394 11
42.192982456141394 17
42.2368421052642 42
42.254385964913325 50
42.26315789473789 16
42.28070175438701 19
42.28947368421157 11
42.34210526315894 7
42.3508771929835 30
42.38596491228175 11
42.39473684210631 14
42.48245614035193 11
42.52631578947474 19
42.54385964912386 6
42.57894736842211 11
42.58771929824667 24
42.60526315789579 33
42.675438596492285 11
42.70175438596597 41
42.77192982456246 11
42.77192982456246 19
42.82456140350983 36
42.833333333334394 12
42.85964912280808 44
42.86842105263264 11
42.894736842106326 1
42.894736842106326 32
42.92982456140457 3
42.96491228070282 11
42.97368421052738 9
42.991228070176504 17
43.00877192982563 56
43.01754385965019 19
43.043859649123874 48
43.061403508773 11
43.07894736842212 49
43.149122807018614 15
43.157894736843176 7
43.157894736843176 11
43.16666666666774 58
43.254385964913354 11
43.263157894737915 19
43.27192982456248 6
43.34210526315897 29
43.35087719298353 11
43.359649122808094 20
43.37719298245722 25
43.38596491228178 24
43.44736842105371 11
43.48245614035196 47
43.49122807017652 2
43.49122807017652 43
43.50877192982564 19
43.50877192982564 42
43.526315789474765 46
43.53508771929933 57
43.54385964912389 11
43.64035087719407 11
43.684210526316875 22
43.72807017543968 10
43.736842105264245 11
43.75438596491337 19
43.789473684211615 17
43.83333333333442 11
43.86842105263267 36
43.87719298245723 12
43.9298245614046 11
43.9298245614046 40
43.97368421052741 7
44.000000000001094 6
44.000000000001094 19
44.02631578947478 11
44.12280701754496 11
44.18421052631689 24
44.20175438596601 44
44.219298245615136 11
44.24561403508882 19
44.263157894737944 3
44.28947368421163 5
44.29824561403619 4
44.315789473685314 11
44.38596491228181 27
44.41228070175549 11
44.41228070175549 15
44.49122807017655 19
44.50877192982567 1
44.50877192982567 11
44.587719298246725 17
44.60526315789585 11
44.62280701754497 42
44.63157894736953 30
44.640350877194095 5
44.66666666666778 50
44.6842105263169 9
44.6842105263169 25
44.70175438596603 11
44.71929824561515 39
44.72807017543971 6
44.73684210526427 19
44.78947368421164 7
44.78947368421164 7
44.798245614036205 11
44.89473684210638 11
44.912280701755506 36
44.92105263158007 12
44.93859649122919 28
44.982456140352 19
44.982456140352 24
44.99122807017656 11
45.02631578947481 48
45.04385964912393 35
45.061403508773054 16
45.08771929824674 11
45.0964912280713 44
45.18421052631692 11
45.19298245614148 55
45.228070175439726 19
45.24561403508885 53
45.280701754387096 11
45.35087719298359 47
45.377192982457274 11
45.385964912281835 17
45.45614035087833 6
45.46491228070289 44
45.47368421052745 11
45.47368421052745 19
45.50000000000114 34
45.51754385965026 23
45.57017543859763 11
45.596491228071315 3
45.60526315789588 7
45.66666666666781 11
45.66666666666781 46
45.67543859649237 15
45.71929824561518 19
45.76315789473799 11
45.78070175438711 24
45.78947368421167 1
45.78947368421167 20
45.84210526315904 37
45.859649122808165 11
45.89473684210641 14
45.95614035087834 11
45.95614035087834 36
45.964912280702904 12
45.964912280702904 19
45.98245614035203 29
45.99122807017659 25
46.05263157894852 11
46.14035087719414 42
46.1491228070187 11
46.1491228070187 49
46.184210526316946 6
46.184210526316946 17
46.184210526316946 57
46.19298245614151 52
46.21052631579063 19
46.21052631579063 43
46.24561403508888 11
46.342105263159056 11
46.394736842106425 9
46.40350877193099 44
46.42105263158011 7
46.42982456140467 4
46.438596491229234 11
46.45614035087836 19
46.45614035087836 19
46.48245614035204 26
46.53508771929941 11
46.57894736842222 24
46.63157894736959 11
46.70175438596608 19
46.72807017543977 11
46.824561403509946 11
46.83333333333451 27
46.88596491228188 44
46.91228070175556 6
46.921052631580125 11
46.929824561404686 3
46.929824561404686 32
46.93859649122925 15
46.94736842105381 19
46.973684210527495 17
46.982456140352056 2
47.00000000000118 36
47.00000000000118 48
47.00877192982574 1
47.00877192982574 12
47.0175438596503 11
47.078947368422234 50
47.10526315789592 29
47.11403508772048 11
47.192982456141536 19
47.2017543859661 30
47.21052631579066 11
47.22807017543978 33
47.236842105264344 7
47.236842105264344 47
47.25438596491347 42
47.298245614036276 25
47.30701754386084 11
47.3157894736854 56
47.37719298245733 24
47.403508771931016 11
47.43859649122926 19
47.456140350878385 46
47.46491228070295 39
47.500000000001194 11
47.508771929825755 38
47.57894736842225 10
47.59649122807137 11
47.64035087719418 6
47.68421052631699 19
47.69298245614155 11
47.771929824562605 17
47.78947368421173 11
47.85964912280822 16
47.885964912281906 11
47.929824561404715 19
47.938596491229276 41
47.982456140352085 11
48.00000000000121 22
48.043859649124016 1
48.043859649124016 36
48.05263157894858 7
48.05263157894858 12
48.07894736842226 11
48.10526315789595 9
48.10526315789595 44
48.17543859649244 11
48.17543859649244 19
48.17543859649244 24
48.201754385966126 15
48.21929824561525 20
48.26315789473806 3
48.27192982456262 11
48.3684210526328 6
48.3684210526328 11
48.3684210526328 42
48.42105263158017 19
48.464912280702976 11
48.47368421052754 55
48.561403508773154 4
48.561403508773154 11
48.570175438597715 17
48.60526315789596 25
48.65789473684333 11
48.65789473684333 43
48.66666666666789 19
48.75438596491351 11
48.85087719298369 11
48.86842105263281 7
48.91228070175562 19
48.947368421053866 11
48.96491228070299 40
48.97368421052755 24
48.97368421052755 48
49.043859649124045 11
49.08771929824685 36
49.096491228071415 6
49.096491228071415 12
49.105263157895976 47
49.14035087719422 11
49.157894736843346 5
49.157894736843346 19
49.210526315790716 49
49.210526315790716 58
49.2368421052644 11
49.28070175438721 27
49.33333333333458 11
49.368421052632826 17
49.39473684210651 14
49.40350877193107 19
49.412280701755634 23
49.42982456140476 11
49.464912280703004 15
49.48245614035213 30
49.48245614035213 42
49.49122807017669 50
49.526315789474936 11
49.59649122807143 3
49.622807017545114 11
49.6491228070188 19
49.684210526317045 7
49.71929824561529 11
49.77192982456266 24
49.77192982456266 34
49.81578947368547 9
49.81578947368547 11
49.82456140351003 6
49.85964912280828 28
49.894736842106525 19
49.91228070175565 11
49.91228070175565 25
50.008771929825826 11
50.105263157896005 11
50.13157894736969 36
50.14035087719425 12
50.14035087719425 19
50.166666666667936 17
50.20175438596618 11
50.271929824562676 53
50.29824561403636 11
50.315789473685484 5
50.38596491228198 19
50.39473684210654 11
50.41228070175566 57
50.45614035087847 39
50.473684210527594 2
50.49122807017672 11
50.49122807017672 52
50.50000000000128 7
50.526315789474964 1
50.55263157894865 6
50.57017543859777 24
50.587719298246896 11
50.631578947369704 19
50.631578947369704 46
50.64912280701883 20
50.65789473684339 16
50.684210526317074 11
50.684210526317074 42
50.692982456141635 4
50.692982456141635 35
50.72807017543988 15
50.78070175438725 11
50.8157894736855 37
50.87719298245743 11
50.87719298245743 19
50.9298245614048 3
50.94736842105392 48
50.96491228070305 17
50.96491228070305 32
50.97368421052761 11
50.97368421052761 47
51.061403508773225 5
51.070175438597786 11
51.122807017545156 19
51.166666666667965 11
51.175438596492526 36
51.175438596492526 41
51.18421052631709 12
51.19298245614165 26
51.20175438596621 44
51.219298245615335 25
51.26315789473814 11
51.280701754387266 6
51.31578947368551 7
51.35964912280832 11
51.36842105263288 19
51.36842105263288 24
51.429824561404814 10
51.4561403508785 11
51.52631578947499 9
51.55263157894868 11
51.61403508772061 19
51.649122807018855 11
51.72807017543991 1
51.72807017543991 27
51.745614035089034 11
51.745614035089034 33
51.76315789473816 17
51.76315789473816 30
51.798245614036404 42
51.84210526315921 11
51.859649122808335 19
51.90350877193114 50
51.93859649122939 11
51.99122807017676 15
52.00877192982588 6
52.03508771929957 11
52.04385964912413 56
52.10526315789606 19
52.131578947369746 7
52.131578947369746 11
52.16666666666799 24
52.21929824561536 36
52.228070175439925 11
52.228070175439925 12
52.26315789473817 3
52.27192982456273 49
52.31578947368554 22
52.3245614035101 11
52.342105263159226 31
52.35087719298379 19
52.42105263158028 11
52.51754385965046 11
52.52631578947502 25
52.56140350877327 17
52.57017543859783 55
52.596491228071514 19
52.61403508772064 11
52.710526315790815 11
52.7368421052645 6
52.807017543860994 11
52.82456140351012 4
52.83333333333468 38
52.84210526315924 19
52.84210526315924 47
52.89473684210661 14
52.90350877193117 11
52.91228070175573 42
52.921052631580295 48
52.94736842105398 7
52.9649122807031 24
53.00000000000135 11
53.078947368422405 20
53.08771929824697 19
53.09649122807153 11
53.14035087719434 44
53.192982456141706 11
53.20175438596627 46
53.236842105264515 9
53.25438596491364 15
53.2631578947382 36
53.27192982456276 12
53.28070175438732 23
53.289473684211885 11
53.33333333333469 1
53.33333333333469 19
53.35964912280838 17
53.38596491228206 11
53.456140350878556 16
53.46491228070312 6
53.48245614035224 11
53.57894736842242 11
53.57894736842242 19
53.59649122807154 3
53.6754385964926 11
53.72807017543997 5
53.72807017543997 41
53.74561403508909 44
53.763157894738214 7
53.763157894738214 24
53.771929824562775 11
53.824561403510145 19
53.83333333333471 25
53.868421052632954 11
53.96491228070313 2
53.96491228070313 11
54.02631578947506 42
54.035087719299625 30
54.04385964912419 34
54.06140350877331 11
54.07017543859787 19
54.10526315789612 39
54.15789473684349 11
54.15789473684349 17
54.17543859649261 27
54.192982456141735 6
54.2017543859663 57
54.254385964913666 11
54.307017543861036 36
54.3157894736856 12
54.3157894736856 19
54.3157894736856 50
54.350877192983845 11
54.42105263158034 44
54.4298245614049 52
54.44736842105402 11
54.44736842105402 43
54.517543859650516 15
54.5438596491242 11
54.561403508773324 19
54.561403508773324 24
54.57894736842245 7
54.64035087719438 11
54.71052631579087 47
54.73684210526456 11
54.780701754387366 28
54.80701754386105 19
54.833333333334735 11
54.877192982457544 58
54.89473684210667 48
54.92105263158035 6
54.929824561404914 3
54.929824561404914 11
54.94736842105404 9
54.9561403508786 4
54.9561403508786 17
55.00000000000141 32
55.02631578947509 11
55.05263157894878 19
55.12280701754527 11
55.14035087719439 25
55.14035087719439 42
55.14035087719439 46
55.21929824561545 11
55.22807017544001 1
55.22807017544001 5
55.28070175438738 10
55.2982456140365 19
55.315789473685626 11
55.315789473685626 11
55.33333333333475 49
55.35087719298387 36
55.359649122808435 12
55.359649122808435 24
55.39473684210668 7
55.412280701755805 11
55.421052631580366 44
55.50877192982598 11
55.50877192982598 20
55.54385964912423 19
55.60526315789616 11
55.64912280701897 6
55.66666666666809 26
55.70175438596634 11
55.75438596491371 17
55.780701754387394 15
55.789473684211956 19
55.789473684211956 37
55.79824561403652 11
55.842105263159326 41
55.894736842106695 11
55.991228070176874 11
56.008771929826 35
56.03508771929968 19
56.08771929824705 11
56.157894736843545 24
56.18421052631723 11
56.210526315790915 7
56.25438596491372 16
56.25438596491372 42
56.263157894738285 3
56.263157894738285 33
56.28070175438741 11
56.28070175438741 19
56.315789473685655 30
56.377192982457586 6
56.377192982457586 11
56.38596491228215 53
56.39473684210671 14
56.39473684210671 36
56.40350877193127 12
56.44736842105408 25
56.4649122807032 43
56.473684210527765 11
56.526315789475134 19
56.55263157894882 17
56.57017543859794 11
56.59649122807163 47
56.62280701754531 27
56.631578947369874 22
56.649122807019 39
56.65789473684356 9
56.66666666666812 11
56.72807017544005 50
56.72807017544005 57
56.7631578947383 11
56.77192982456286 19
56.82456140351023 55
56.85964912280848 11
56.8771929824576 48
56.956140350878655 11
56.956140350878655 24
56.97368421052778 31
57.01754385965059 19
57.02631578947515 7
57.04385964912427 15
57.052631578948834 11
57.08771929824708 4
57.1052631578962 6
57.14035087719445 23
57.14912280701901 11
57.1754385964927 56
57.24561403508919 11
57.26315789473831 19
57.289473684212 1
57.34210526315937 11
57.35087719298393 17
57.36842105263305 42
57.438596491229546 11
57.438596491229546 36
57.44736842105411 12
57.45614035087867 2
57.50877192982604 19
57.535087719299725 11
57.596491228071656 3
57.6315789473699 11
57.72807017544008 11
57.754385964913766 19
57.754385964913766 24
57.754385964913766 25
57.78070175438745 5
57.82456140351026 11
57.83333333333482 6
57.84210526315938 7
57.84210526315938 44
57.88596491228219 46
57.92105263158044 11
57.93859649122956 20
58.00000000000149 19
58.017543859650615 11
58.114035087720794 11
58.14912280701904 17
58.21052631579097 11
58.24561403508922 19
58.30701754386115 11
58.30701754386115 15
58.31578947368571 34
58.35964912280852 38
58.36842105263308 9
58.39473684210677 49
58.40350877193133 11
58.46491228070326 47
58.48245614035238 36
58.491228070176945 12
58.491228070176945 19
58.500000000001506 11
58.552631578948876 24
58.56140350877344 6
58.58771929824712 30
58.596491228071685 11
58.657894736843616 7
58.69298245614186 11
58.73684210526467 19
58.78947368421204 11
58.859649122808534 48
58.88596491228222 11
58.89473684210678 52
58.912280701755904 45
58.92982456140503 3
58.93859649122959 58
58.94736842105415 17
58.9824561403524 11
58.9824561403524 19
59.03508771929977 32
59.05263157894889 16
59.06140350877345 25
59.070175438598014 27
59.078947368422575 11
59.08771929824714 42
59.131578947369945 10
59.14035087719451 50
59.14912280701907 1
59.175438596492754 11
59.21929824561556 4
59.22807017544012 19
59.27192982456293 11
59.289473684212055 6
59.35087719298399 24
59.36842105263311 11
59.46491228070329 11
59.47368421052785 7
59.47368421052785 19
59.52631578947522 36
59.53508771929978 12
59.552631578948905 46
59.561403508773466 11
59.57017543859803 15
59.64035087719452 43
59.657894736843645 11
59.70175438596645 28
59.719298245615576 19
59.72807017544014 8
59.7368421052647 57
59.74561403508926 17
59.75438596491382 11
59.78947368421207 39
59.850877192984 11
59.89473684210681 14
59.91228070175593 40
59.94736842105418 11
59.95614035087874 29
59.9649122807033 19
