0.06140350877192982 48
0.07017543859649122 37
0.07894736842105263 44
0.09649122807017543 36
0.10526315789473684 46
0.11403508771929824 41
0.12280701754385964 47
0.14035087719298245 27
0.15789473684210525 14
0.15789473684210525 16
0.16666666666666666 28
0.21052631578947367 15
0.21929824561403508 3
0.21929824561403508 57
0.24561403508771928 54
0.3070175438596493 52
0.3596491228070179 7
0.3859649122807022 6
0.3859649122807022 12
0.4473684210526322 44
0.4736842105263165 11
0.4736842105263165 43
0.5000000000000008 4
0.6842105263157908 30
0.7631578947368437 22
0.7631578947368437 39
0.789473684210528 34
0.8421052631578966 2
1.0000000000000022 42
1.1140350877193008 6
1.1754385964912308 36
1.1842105263157923 7
1.403508771929828 0
1.4385964912280738 15
1.5614035087719338 46
1.5964912280701795 23
1.605263157894741 50
1.6403508771929867 24
1.7982456140350924 11
1.7982456140350924 32
1.8421052631578996 6
1.991228070175444 47
2.0000000000000053 7
2.03508771929825 12
2.1403508771929847 20
2.2192982456140355 3
2.2543859649122804 36
2.368421052631576 26
2.3771929824561373 11
2.4385964912280658 24
2.4649122807017494 38
2.5614035087719227 10
2.570175438596484 6
2.578947368421045 53
2.657894736842096 15
2.692982456140341 57
2.8157894736841977 7
2.859649122807004 8
2.912280701754371 43
2.9210526315789322 41
2.956140350877177 16
2.9824561403508607 11
3.035087719298228 4
3.035087719298228 48
3.043859649122789 55
3.12280701754384 11
3.1491228070175237 42
3.201754385964891 56
3.2192982456140133 46
3.2368421052631358 24
3.280701754385942 12
3.289473684210503 9
3.298245614035064 6
3.324561403508748 11
3.333333333333309 36
3.4298245614034824 11
3.5263157894736556 11
3.543859649122778 3
3.6052631578947065 27
3.622807017543829 7
3.622807017543829 11
3.6403508771929514 44
3.70175438596488 14
3.7192982456140022 11
3.8157894736841755 11
3.868421052631543 0
3.868421052631543 15
3.868421052631543 47
3.912280701754349 11
3.9473684210525937 39
4.008771929824523 11
4.026315789473646 6
4.0350877192982075 24
4.105263157894701 11
4.201754385964879 11
4.298245614035057 11
4.324561403508742 50
4.333333333333304 2
4.350877192982427 44
4.394736842105235 11
4.412280701754359 36
4.429824561403482 7
4.47368421052629 12
4.4912280701754135 11
4.587719298245592 11
4.68421052631577 11
4.754385964912263 6
4.780701754385948 11
4.780701754385948 11
4.780701754385948 17
4.833333333333318 24
4.8684210526315645 3
4.877192982456126 11
4.973684210526304 11
5.070175438596483 11
5.078947368421044 15
5.078947368421044 37
5.114035087719291 22
5.1228070175438525 33
5.131578947368414 25
5.166666666666661 4
5.166666666666661 11
5.166666666666661 46
5.175438596491222 28
5.236842105263154 7
5.254385964912277 42
5.263157894736839 11
5.359649122807017 11
5.359649122807017 40
5.447368421052634 57
5.456140350877195 11
5.48245614035088 6
5.491228070175442 30
5.491228070175442 36
5.5526315789473735 11
5.631578947368428 24
5.649122807017552 11
5.649122807017552 23
5.675438596491237 48
5.74561403508773 11
5.74561403508773 47
5.7543859649122915 16
5.824561403508785 31
5.824561403508785 54
5.842105263157908 11
5.859649122807031 32
5.859649122807031 32
5.921052631578963 1
5.938596491228086 11
6.035087719298264 11
6.043859649122826 7
6.1315789473684426 11
6.1315789473684426 12
6.166666666666689 17
6.192982456140374 3
6.210526315789497 6
6.228070175438621 11
6.271929824561429 20
6.280701754385991 0
6.289473684210552 15
6.324561403508799 11
6.421052631578977 11
6.429824561403539 24
6.429824561403539 39
6.4385964912281 25
6.517543859649155 11
6.517543859649155 43
6.570175438596525 36
6.6140350877193335 11
6.64912280701758 55
6.684210526315827 29
6.710526315789512 11
6.763157894736882 45
6.80701754385969 11
6.850877192982498 7
6.903508771929868 11
6.903508771929868 26
6.938596491228115 6
6.973684210526361 56
7.000000000000046 11
7.026315789473731 52
7.035087719298293 1
7.096491228070224 11
7.1929824561404025 11
7.210526315789526 14
7.228070175438649 24
7.342105263157951 46
7.50000000000006 15
7.614035087719362 47
7.6491228070176085 36
7.65789473684217 7
7.666666666666732 6
7.692982456140417 27
7.745614035087787 25
7.81578947368428 41
7.8771929824562115 3
7.885964912280773 42
7.912280701754458 9
7.92105263157902 2
7.938596491228143 50
8.02631578947376 24
8.201754385964993 44
8.271929824561486 5
8.271929824561486 30
8.28947368421061 4
8.394736842105349 6
8.429824561403596 48
8.464912280701842 7
8.552631578947459 16
8.710526315789568 15
8.728070175438692 36
8.745614035087815 0
8.798245614035185 34
8.798245614035185 43
8.798245614035185 53
8.82456140350887 12
8.82456140350887 24
8.850877192982555 11
8.947368421052733 11
8.956140350877295 5
9.026315789473788 20
9.043859649122911 11
9.052631578947473 25
9.122807017543966 6
9.131578947368528 42
9.14035087719309 11
9.157894736842213 49
9.201754385965021 3
9.236842105263268 11
9.263157894736953 46
9.271929824561514 7
9.333333333333446 11
9.429824561403624 11
9.456140350877309 22
9.482456140350994 47
9.526315789473802 11
9.596491228070295 8
9.62280701754398 11
9.62280701754398 24
9.657894736842227 57
9.719298245614159 11
9.719298245614159 23
9.807017543859775 36
9.815789473684337 11
9.850877192982583 6
9.912280701754515 11
9.921052631579077 15
9.921052631579077 35
9.964912280701885 38
10.04385964912294 9
10.052631578947501 44
10.078947368421186 7
10.087719298245748 37
10.184210526315926 28
10.228070175438734 55
10.271929824561543 42
10.342105263158036 50
10.35964912280716 25
10.42105263157909 24
10.464912280701899 43
10.5789473684212 6
10.596491228070324 11
10.605263157894885 4
10.614035087719447 3
10.710526315789625 30
10.719298245614187 14
10.73684210526331 48
10.78947368421068 41
10.885964912280858 7
10.885964912280858 36
10.89473684210542 32
10.903508771929982 27
10.912280701754543 46
10.921052631579105 54
10.938596491228228 33
11.131578947368585 15
11.166666666666831 44
11.219298245614201 24
11.298245614035256 0
11.307017543859818 6
11.333333333333503 39
11.350877192982626 16
11.350877192982626 47
11.385964912280873 12
11.394736842105434 11
11.412280701754558 2
11.47368421052649 26
11.491228070175612 11
11.508771929824736 42
11.58771929824579 11
11.666666666666845 25
11.684210526315969 11
11.69298245614053 7
11.728070175438777 56
11.780701754386147 9
11.780701754386147 11
11.877192982456325 11
11.885964912280887 5
11.938596491228257 3
11.964912280701942 36
11.973684210526503 11
12.017543859649312 24
12.035087719298435 6
12.070175438596682 11
12.16666666666686 11
12.254385964912476 49
12.263157894737038 11
12.342105263158093 15
12.359649122807216 11
12.456140350877394 11
12.473684210526518 29
12.500000000000203 7
12.54385964912301 53
12.640350877193189 46
12.710526315789682 45
12.745614035087929 4
12.763157894737052 6
12.780701754386175 44
12.780701754386175 48
12.780701754386175 52
12.815789473684422 24
12.842105263158107 12
12.850877192982669 11
12.947368421052847 11
12.973684210526532 25
12.973684210526532 57
13.043859649123025 11
13.043859649123025 36
13.105263157894957 43
13.140350877193203 11
13.219298245614258 47
13.236842105263381 11
13.245614035087943 10
13.263157894737066 3
13.289473684210751 20
13.307017543859875 7
13.33333333333356 11
13.359649122807244 27
13.38596491228093 1
13.394736842105491 41
13.429824561403738 11
13.456140350877423 31
13.49122807017567 6
13.517543859649354 30
13.526315789473916 11
13.5526315789476 15
13.614035087719532 24
13.622807017544094 11
13.640350877193217 23
13.719298245614272 11
13.780701754386204 22
13.81578947368445 11
13.912280701754629 11
13.982456140351122 12
14.008771929824807 11
14.02631578947393 42
14.02631578947393 50
14.0789473684213 34
14.105263157894985 11
14.105263157894985 11
14.122807017544108 7
14.122807017544108 36
14.149122807017793 16
14.201754385965163 11
14.219298245614286 6
14.228070175438848 14
14.254385964912533 55
14.280701754386218 25
14.298245614035341 11
14.385964912280958 46
14.39473684210552 11
14.412280701754643 24
14.491228070175698 11
14.508771929824821 44
14.535087719298506 17
14.587719298245876 3
14.587719298245876 11
14.684210526316054 11
14.701754385965177 1
14.763157894737109 15
14.780701754386232 11
14.789473684210794 48
14.82456140350904 38
14.87719298245641 4
14.87719298245641 11
14.903508771930095 2
14.921052631579219 43
14.938596491228342 0
14.938596491228342 7
14.947368421052904 6
14.956140350877465 32
14.956140350877465 32
14.973684210526589 11
15.070175438596767 11
15.08771929824589 47
15.096491228070452 37
15.166666666666945 11
15.184210526316068 28
15.201754385965192 36
15.210526315789753 24
15.263157894737123 11
15.307017543859931 57
15.315789473684493 49
15.35087719298274 42
15.359649122807301 11
15.45614035087748 11
15.45614035087748 44
15.535087719298534 52
15.552631578947658 11
15.587719298245904 25
15.61403508771959 41
15.649122807017836 11
15.66666666666696 46
15.67543859649152 6
15.745614035088014 7
15.745614035088014 11
15.807017543859946 30
15.842105263158192 11
15.877192982456439 20
15.894736842105562 26
15.912280701754685 3
15.93859649122837 11
15.973684210526617 15
16.008771929824864 24
16.03508771929855 11
16.078947368421357 39
16.114035087719603 27
16.131578947368727 11
16.14035087719329 44
16.21052631578978 17
16.228070175438905 11
16.280701754386275 36
16.324561403509083 11
16.403508771930138 6
16.42105263157926 11
16.429824561403823 50
16.447368421052946 12
16.51754385964944 11
16.552631578947686 7
16.552631578947686 53
16.614035087719618 11
16.710526315789796 11
16.78947368421085 48
16.807017543859974 11
16.807017543859974 24
16.89473684210559 25
16.903508771930152 11
16.94736842105296 16
16.964912280702084 47
17.00000000000033 1
17.00000000000033 11
17.00000000000033 54
17.008771929824892 4
17.078947368421385 46
17.087719298245947 42
17.09649122807051 11
17.131578947368755 6
17.184210526316125 15
17.192982456140687 11
17.236842105263495 3
17.289473684210865 11
17.333333333333673 8
17.359649122807358 7
17.359649122807358 36
17.36842105263192 0
17.385964912281043 11
17.403508771930166 9
17.438596491228413 29
17.447368421052975 10
17.48245614035122 11
17.5789473684214 11
17.596491228070523 56
17.605263157895084 24
17.657894736842454 55
17.675438596491578 11
17.6929824561407 33
17.73684210526351 14
17.754385964912633 43
17.771929824561756 11
17.85087719298281 44
17.859649122807372 6
17.868421052631934 11
17.964912280702112 11
18.06140350877229 11
18.15789473684247 11
18.15789473684247 22
18.16666666666703 7
18.201754385965277 25
18.254385964912647 11
18.254385964912647 30
18.254385964912647 30
18.26315789473721 57
18.350877192982825 11
18.350877192982825 42
18.394736842105633 2
18.394736842105633 15
18.394736842105633 49
18.403508771930195 24
18.43859649122844 36
18.447368421053003 11
18.49122807017581 23
18.54385964912318 11
18.561403508772305 3
18.570175438596866 40
18.578947368421428 20
18.58771929824599 6
18.64035087719336 11
18.675438596491606 17
18.684210526316168 44
18.736842105263538 11
18.7456140350881 1
18.75438596491266 46
18.771929824561784 48
18.833333333333716 11
18.833333333333716 47
18.833333333333716 50
18.90350877193021 39
18.929824561403894 11
18.973684210526702 7
19.01754385964951 32
19.026315789474072 11
19.11403508771969 35
19.12280701754425 11
19.131578947368812 34
19.140350877193374 4
19.149122807017935 9
19.201754385965305 24
19.21929824561443 11
19.315789473684607 6
19.315789473684607 11
19.412280701754785 11
19.412280701754785 27
19.508771929824963 11
19.508771929824963 25
19.517543859649525 36
19.526315789474086 43
19.60526315789514 11
19.60526315789514 15
19.640350877193388 52
19.70175438596532 11
19.70175438596532 12
19.719298245614443 42
19.745614035088128 16
19.789473684210936 7
19.798245614035498 11
19.885964912281114 3
19.894736842105676 11
19.947368421053046 38
19.991228070175854 11
20.000000000000416 24
20.01754385964954 0
20.043859649123224 6
20.087719298246032 11
20.105263157895156 37
20.18421052631621 11
20.18421052631621 28
20.254385964912704 46
20.28070175438639 11
20.307017543860074 1
20.377192982456567 11
20.473684210526745 11
20.482456140351307 41
20.570175438596923 11
20.578947368421485 30
20.596491228070608 7
20.596491228070608 17
20.596491228070608 36
20.596491228070608 36
20.6666666666671 11
20.701754385965348 47
20.736842105263595 8
20.754385964912718 48
20.76315789473728 11
20.77192982456184 6
20.798245614035526 24
20.81578947368465 15
20.81578947368465 25
20.833333333333773 42
20.859649122807458 11
20.859649122807458 12
20.87719298245658 9
20.956140350877636 11
20.991228070175882 5
21.043859649123252 55
21.052631578947814 11
21.149122807017992 11
21.210526315789924 3
21.228070175439047 20
21.23684210526361 14
21.23684210526361 50
21.24561403508817 11
21.271929824561855 4
21.34210526315835 11
21.385964912281157 44
21.40350877193028 7
21.438596491228527 11
21.45614035087765 49
21.50000000000046 6
21.526315789474143 17
21.535087719298705 11
21.543859649123267 39
21.596491228070636 24
21.631578947368883 11
21.67543859649169 36
21.72807017543906 11
21.77192982456187 54
21.815789473684678 43
21.82456140350924 11
21.88596491228117 2
21.921052631579418 11
21.947368421053103 42
22.026315789474157 15
22.122807017544336 25
22.122807017544336 29
22.210526315789952 7
22.228070175439075 6
22.2456140350882 12
22.271929824561884 11
22.368421052632062 11
22.377192982456624 17
22.377192982456624 46
22.394736842105747 24
22.46491228070224 11
22.46491228070224 23
22.4736842105268 22
22.482456140351363 26
22.535087719298733 3
22.543859649123295 16
22.56140350877242 11
22.56140350877242 47
22.56140350877242 56
22.62280701754435 9
22.657894736842596 0
22.657894736842596 11
22.657894736842596 41
22.666666666667158 57
22.72807017543909 27
22.72807017543909 48
22.754385964912775 11
22.754385964912775 36
22.850877192982953 10
22.850877192982953 11
22.859649122807514 53
22.8859649122812 30
22.94736842105313 11
22.956140350877693 6
23.017543859649624 7
23.04385964912331 11
23.061403508772433 42
23.140350877193487 11
23.192982456140857 24
23.21052631578998 17
23.236842105263666 11
23.236842105263666 15
23.25438596491279 32
23.31578947368472 5
23.333333333333844 11
23.333333333333844 34
23.377192982456652 12
23.403508771930337 4
23.429824561404022 11
23.429824561404022 25
23.5263157894742 11
23.543859649123323 33
23.62280701754438 11
23.6403508771935 50
23.68421052631631 6
23.69298245614087 20
23.719298245614556 11
23.815789473684735 11
23.824561403509296 7
23.833333333333858 36
23.859649122807543 3
23.912280701754913 11
23.991228070175968 24
24.00877192982509 11
24.017543859649653 43
24.035087719298776 17
24.10526315789527 11
24.175438596491762 42
24.201754385965447 11
24.298245614035626 11
24.350877192982995 9
24.394736842105804 11
24.412280701754927 6
24.42982456140405 47
24.447368421053174 15
24.491228070175982 11
24.517543859649667 49
24.52631578947423 39
24.58771929824616 11
24.63157894736897 7
24.657894736842653 8
24.666666666667215 40
24.68421052631634 11
24.710526315790023 48
24.736842105263708 14
24.736842105263708 25
24.780701754386516 11
24.789473684211078 24
24.789473684211078 38
24.842105263158448 41
24.85964912280757 17
24.877192982456695 11
24.91228070175494 36
24.973684210526873 11
25.07017543859705 11
25.11403508771986 0
25.11403508771986 37
25.140350877193544 6
25.149122807018106 30
25.16666666666723 11
25.184210526316352 3
25.184210526316352 28
25.245614035088284 31
25.263157894737407 11
25.289473684211092 42
25.342105263158462 16
25.342105263158462 35
25.350877192983024 27
25.359649122807586 11
25.37719298245671 2
25.43859649122864 7
25.456140350877764 11
25.508771929825134 5
25.508771929825134 12
25.53508771929882 4
25.54385964912338 43
25.552631578947942 11
25.58771929824619 24
25.64912280701812 11
25.65789473684268 15
25.684210526316367 17
25.70175438596549 46
25.7456140350883 11
25.842105263158476 11
25.86842105263216 6
25.938596491228655 11
25.991228070176025 36
26.02631578947427 55
26.035087719298833 11
26.043859649123394 25
26.043859649123394 50
26.061403508772518 9
26.13157894736901 11
26.140350877193573 20
26.157894736842696 54
26.17543859649182 23
26.22807017543919 11
26.245614035088312 7
26.28947368421112 47
26.324561403509367 11
26.3859649122813 24
26.403508771930422 42
26.403508771930422 52
26.412280701754984 19
26.421052631579546 11
26.508771929825162 3
26.508771929825162 17
26.517543859649724 11
26.59649122807078 6
26.614035087719902 11
26.640350877193587 12
26.684210526316395 48
26.71052631579008 11
26.789473684211135 22
26.80701754386026 11
26.86842105263219 15
26.903508771930436 11
27.000000000000615 11
27.052631578947985 7
27.070175438597108 36
27.096491228070793 11
27.149122807018163 29
27.18421052631641 24
27.19298245614097 11
27.28947368421115 11
27.315789473684834 32
27.324561403509396 6
27.333333333333957 17
27.34210526315852 46
27.35087719298308 25
27.385964912281327 11
27.421052631579574 30
27.421052631579574 44
27.429824561404136 57
27.482456140351506 11
27.50000000000063 5
27.578947368421684 11
27.596491228070807 49
27.6666666666673 4
27.675438596491862 11
27.71929824561467 42
27.754385964912917 34
27.77192982456204 11
27.77192982456204 12
27.807017543860287 9
27.83333333333397 3
27.86842105263222 7
27.86842105263222 11
27.964912280702396 11
27.98245614035152 24
27.98245614035152 27
28.052631578948013 6
28.061403508772575 11
28.078947368421698 15
28.14035087719363 16
28.14912280701819 36
28.157894736842753 11
28.157894736842753 17
28.157894736842753 47
28.236842105263808 1
28.236842105263808 14
28.25438596491293 11
28.271929824562054 44
28.315789473684863 39
28.35087719298311 10
28.35087719298311 11
28.447368421053287 11
28.447368421053287 50
28.482456140351534 5
28.491228070176096 41
28.500000000000657 0
28.543859649123466 11
28.578947368421712 20
28.605263157895397 33
28.61403508771996 29
28.640350877193644 11
28.657894736842767 25
28.657894736842767 48
28.67543859649189 7
28.736842105263822 11
28.78070175438663 6
28.78070175438663 24
28.833333333334 11
28.833333333334 42
28.868421052632247 2
28.868421052632247 2
28.903508771930493 12
28.903508771930493 53
28.92982456140418 11
28.982456140351548 17
29.026315789474356 11
29.122807017544535 11
29.15789473684278 3
29.219298245614713 11
29.228070175439274 36
29.289473684211206 15
29.31578947368489 11
29.333333333334014 26
29.41228070175507 11
29.482456140351562 7
29.500000000000686 5
29.508771929825247 6
29.508771929825247 11
29.51754385964981 9
29.57894736842174 24
29.605263157895426 11
29.701754385965604 11
29.78947368421122 44
29.798245614035782 4
29.798245614035782 11
29.807017543860344 17
29.859649122807713 38
29.89473684210596 11
29.90350877193052 30
29.929824561404207 23
29.94736842105333 42
29.964912280702453 25
29.99122807017614 11
30.026315789474385 47
30.035087719298946 12
30.087719298246316 11
30.122807017544563 37
30.175438596491933 28
30.184210526316495 11
30.236842105263865 6
30.280701754386673 11
30.289473684211234 7
30.307017543860358 36
30.37719298245685 11
30.37719298245685 24
30.464912280702467 55
30.47368421052703 11
30.47368421052703 43
30.48245614035159 3
30.500000000000714 15
30.552631578948084 57
30.570175438597207 11
30.63157894736914 17
30.6403508771937 48
30.666666666667385 11
30.675438596491947 49
30.763157894737564 11
30.85087719298318 50
30.859649122807742 11
30.938596491228797 16
30.95614035087792 11
30.96491228070248 6
31.00877192982529 20
31.052631578948098 11
31.06140350877266 42
31.078947368421783 44
31.105263157895468 7
31.105263157895468 22
31.149122807018276 11
31.149122807018276 41
31.1666666666674 12
31.17543859649196 24
31.22807017543933 9
31.245614035088455 11
31.27192982456214 25
31.33333333333407 39
31.342105263158633 11
31.38596491228144 36
31.43859649122881 11
31.456140350877934 17
31.53508771929899 11
31.59649122807092 0
31.631578947369167 11
31.6929824561411 6
31.710526315790222 15
31.728070175439345 11
31.736842105263907 14
31.763157894737592 35
31.8070175438604 3
31.8070175438604 32
31.824561403509524 11
31.85964912280777 5
31.894736842106017 47
31.91228070175514 7
31.921052631579702 11
31.929824561404264 4
31.947368421053387 27
31.947368421053387 34
31.97368421052707 24
32.01754385964988 11
32.114035087720055 11
32.175438596491986 42
32.19298245614111 30
32.21052631579023 11
32.280701754386726 17
32.29824561403585 10
32.29824561403585 12
32.30701754386041 11
32.35964912280778 2
32.40350877193059 11
32.42105263157971 6
32.4473684210534 1
32.45614035087796 52
32.46491228070252 36
32.50000000000077 11
32.57894736842182 25
32.596491228070946 11
32.596491228070946 44
32.62280701754463 48
32.692982456141124 11
32.71929824561481 7
32.77192982456218 24
32.7894736842113 11
32.85087719298323 53
32.88596491228148 11
32.92105263157973 15
32.93859649122885 9
32.98245614035166 11
33.017543859649905 8
33.03508771929903 33
33.07894736842184 11
33.10526315789552 17
33.131578947369206 3
33.14912280701833 6
33.175438596492015 11
33.184210526316576 41
33.25438596491307 50
33.27192982456219 11
33.27192982456219 54
33.289473684211316 42
33.289473684211316 57
33.36842105263237 11
33.4298245614043 12
33.438596491228864 20
33.46491228070255 11
33.52631578947448 7
33.543859649123604 36
33.56140350877273 11
33.57017543859729 24
33.657894736842906 11
33.657894736842906 46
33.73684210526396 16
33.73684210526396 43
33.73684210526396 49
33.754385964913084 11
33.763157894737645 47
33.85087719298326 11
33.87719298245695 6
33.88596491228151 23
33.88596491228151 23
33.88596491228151 25
33.92982456140432 17
33.94736842105344 11
33.973684210527125 0
34.01754385964993 19
34.01754385964993 26
34.04385964912362 11
34.06140350877274 4
34.12280701754467 55
34.131578947369235 15
34.1403508771938 11
34.14912280701836 39
34.236842105263975 11
34.33333333333415 7
34.33333333333415 11
34.3684210526324 24
34.403508771930646 42
34.42982456140433 11
34.456140350878016 3
34.47368421052714 30
34.52631578947451 11
34.561403508772756 12
34.605263157895564 6
34.605263157895564 48
34.614035087720126 5
34.62280701754469 11
34.62280701754469 36
34.64035087719381 9
34.70175438596574 27
34.719298245614866 11
34.75438596491311 17
34.815789473685044 11
34.877192982456975 38
34.91228070175522 11
35.0087719298254 11
35.10526315789558 11
35.13157894736926 37
35.140350877193825 7
35.16666666666751 24
35.16666666666751 28
35.192982456141195 25
35.20175438596576 11
35.236842105264 14
35.27192982456225 41
35.27192982456225 46
35.298245614035935 11
35.33333333333418 6
35.34210526315874 15
35.38596491228155 31
35.39473684210611 11
35.4210526315798 22
35.49122807017629 11
35.517543859649976 42
35.57894736842191 17
35.58771929824647 11
35.59649122807103 40
35.622807017544716 47
35.65789473684296 50
35.68421052631665 11
35.69298245614121 12
35.70175438596577 36
35.780701754386826 3
35.780701754386826 11
35.85087719298332 2
35.86842105263244 20
35.86842105263244 32
35.877192982457004 11
35.9473684210535 7
35.96491228070262 24
35.97368421052718 11
36.0614035087728 6
36.07017543859736 11
36.14035087719385 34
36.16666666666754 11
36.19298245614122 4
36.24561403508859 10
36.263157894737716 11
36.35087719298333 9
36.359649122807895 11
36.4035087719307 17
36.4035087719307 44
36.412280701755265 53
36.44736842105351 52
36.45614035087807 11
36.50000000000088 25
36.53508771929913 16
36.55263157894825 11
36.55263157894825 15
36.578947368421936 48
36.631578947369306 42
36.64912280701843 11
36.7017543859658 57
36.74561403508861 11
36.74561403508861 30
36.76315789473773 7
36.76315789473773 24
36.780701754386854 36
36.780701754386854 46
36.789473684211416 6
36.79824561403598 39
36.79824561403598 49
36.82456140350966 12
36.842105263158786 11
36.938596491228964 11
37.03508771929914 11
37.105263157895635 3
37.13157894736932 11
37.16666666666757 43
37.2280701754395 11
37.2280701754395 17
37.324561403509676 11
37.368421052632485 0
37.421052631579855 11
37.482456140351786 47
37.51754385965003 6
37.51754385965003 11
37.56140350877284 24
37.5701754385974 7
37.578947368421964 23
37.61403508772021 11
37.70175438596583 5
37.71052631579039 11
37.745614035088636 42
37.76315789473776 15
37.80701754386057 11
37.80701754386057 25
37.85964912280794 36
37.87719298245706 1
37.903508771930746 11
37.947368421053554 33
37.956140350878115 12
38.000000000000924 11
38.061403508772855 50
38.07017543859742 17
38.07894736842198 9
38.0964912280711 11
38.19298245614128 11
38.24561403508865 6
38.28947368421146 11
38.29824561403602 20
38.324561403509705 4
38.35964912280795 24
38.35964912280795 44
38.377192982457075 7
38.385964912281636 11
38.429824561404445 3
38.46491228070269 46
38.482456140351815 11
38.5087719298255 54
38.56140350877287 27
38.56140350877287 48
38.57894736842199 11
38.67543859649217 11
38.7368421052641 14
38.76315789473779 5
38.77192982456235 11
38.78947368421147 8
38.86842105263253 11
38.86842105263253 55
38.88596491228165 44
38.89473684210621 17
38.93859649122902 36
38.93859649122902 43
38.964912280702706 11
38.97368421052727 6
38.97368421052727 15
38.99122807017639 42
39.02631578947464 30
39.061403508772884 11
39.08771929824657 12
39.114035087720254 25
39.15789473684306 11
39.15789473684306 24
39.18421052631675 7
39.25438596491324 11
39.333333333334295 16
39.34210526315886 2
39.35087719298342 11
39.35087719298342 47
39.36842105263254 29
39.438596491229035 1
39.447368421053596 11
39.447368421053596 44
39.543859649123775 11
39.62280701754483 57
39.64035087719395 11
39.701754385965884 6
39.71929824561501 17
39.73684210526413 11
39.73684210526413 22
39.754385964913254 3
39.78070175438694 9
39.7894736842115 46
39.83333333333431 11
39.87719298245712 49
39.92982456140449 11
39.95614035087817 24
39.99122807017642 7
40.017543859650104 36
40.026315789474666 11
40.070175438597474 39
40.10526315789572 42
40.122807017544844 11
40.14035087719397 37
40.15789473684309 28
40.184210526316775 15
40.19298245614134 10
40.19298245614134 38
40.21929824561502 11
40.21929824561502 12
40.27192982456239 32
40.28070175438695 0
40.3157894736852 11
40.342105263158885 34
40.36842105263257 56
40.394736842106255 40
40.41228070175538 11
40.42105263157994 25
40.4298245614045 6
40.43859649122906 5
40.43859649122906 43
40.45614035087819 4
40.46491228070275 50
40.508771929825556 11
40.53508771929924 48
40.5438596491238 17
40.57894736842205 44
40.605263157895735 11
40.70175438596591 11
40.7280701754396 20
40.75438596491328 24
40.75438596491328 24
40.79824561403609 7
40.79824561403609 11
40.85087719298346 53
40.89473684210627 11
40.982456140351886 35
40.982456140351886 41
40.99122807017645 11
41.035087719299256 1
41.035087719299256 26
41.0701754385975 46
41.078947368422064 3
41.087719298246625 11
41.09649122807119 36
41.15789473684312 6
41.184210526316804 11
41.21052631579049 47
41.21929824561505 42
41.2543859649133 44
41.28070175438698 11
41.30701754386067 23
41.30701754386067 30
41.350877192983475 12
41.3684210526326 17
41.37719298245716 11
41.39473684210628 15
41.47368421052734 11
41.49122807017646 9
41.55263157894839 24
41.570175438597516 11
41.60526315789576 7
41.666666666667695 11
41.728070175439626 25
41.76315789473787 11
41.85964912280805 11
41.885964912281736 6
41.95614035087823 11
42.05263157894841 11
42.13157894736946 16
42.149122807018585 11
42.17543859649227 36
42.192982456141394 17
42.2368421052642 14
42.245614035088764 11
42.33333333333438 42
42.34210526315894 11
42.3508771929835 24
42.359649122808065 33
42.40350877193087 3
42.412280701755435 7
42.43859649122912 11
42.48245614035193 12
42.517543859650175 48
42.52631578947474 57
42.5350877192993 11
42.58771929824667 4
42.58771929824667 29
42.60526315789579 15
42.61403508772035 6
42.631578947369476 11
42.728070175439655 11
42.728070175439655 11
42.79824561403615 27
42.82456140350983 11
42.833333333334394 2
42.86842105263264 50
42.92105263158001 11
42.938596491229134 49
43.01754385965019 11
43.01754385965019 17
43.03508771929931 25
43.096491228071244 47
43.105263157895806 44
43.11403508772037 11
43.11403508772037 46
43.12280701754493 43
43.149122807018614 24
43.157894736843176 20
43.201754385965984 9
43.210526315790545 11
43.22807017543967 7
43.24561403508879 39
43.254385964913354 36
43.307017543860724 11
43.33333333333441 55
43.34210526315897 6
43.4035087719309 11
43.44736842105371 42
43.50000000000108 11
43.5877192982467 30
43.59649122807126 11
43.61403508772038 12
43.692982456141436 11
43.72807017543968 3
43.789473684211615 11
43.8157894736853 15
43.842105263158984 17
43.88596491228179 11
43.947368421053724 24
43.98245614035197 11
44.0438596491239 7
44.052631578948464 22
44.07017543859759 6
44.07894736842215 11
44.09649122807127 0
44.14035087719408 10
44.14035087719408 54
44.17543859649233 11
44.17543859649233 41
44.271929824562505 11
44.33333333333444 32
44.33333333333444 36
44.342105263159 25
44.368421052632684 11
44.46491228070286 11
44.49122807017655 48
44.535087719299355 34
44.56140350877304 11
44.56140350877304 42
44.587719298246725 52
44.62280701754497 19
44.65789473684322 11
44.66666666666778 17
44.71929824561515 4
44.745614035088835 12
44.745614035088835 24
44.754385964913396 11
44.798245614036205 6
44.850877192983575 7
44.850877192983575 11
44.912280701755506 9
44.92982456140463 16
44.94736842105375 11
44.964912280702876 47
45.00000000000112 23
45.02631578947481 15
45.04385964912393 11
45.05263157894849 3
45.14035087719411 11
45.14912280701867 28
45.14912280701867 37
45.15789473684323 43
45.19298245614148 46
45.23684210526429 11
45.25438596491341 27
45.271929824562534 50
45.333333333334465 11
45.34210526315903 38
45.41228070175552 36
45.429824561404644 11
45.491228070176575 17
45.52631578947482 6
45.52631578947482 11
45.543859649123945 24
45.58771929824675 20
45.58771929824675 26
45.58771929824675 31
45.622807017545 11
45.649122807018685 25
45.65789473684325 7
45.67543859649237 42
45.69298245614149 53
45.71929824561518 11
45.7368421052643 14
45.815789473685356 11
45.859649122808165 30
45.87719298245729 12
45.912280701755535 11
45.99122807017659 35
46.00000000000115 49
46.00877192982571 11
46.10526315789589 11
46.20175438596607 11
46.21052631579063 57
46.236842105264316 15
46.25438596491344 6
46.29824561403625 11
46.31578947368537 17
46.32456140350993 2
46.342105263159056 24
46.3771929824573 3
46.394736842106425 11
46.47368421052748 7
46.47368421052748 48
46.491228070176604 11
46.491228070176604 36
46.53508771929941 46
46.543859649123974 44
46.58771929824678 11
46.62280701754503 9
46.68421052631696 11
46.68421052631696 40
46.77192982456258 0
46.78070175438714 11
46.7894736842117 33
46.83333333333451 47
46.85087719298363 4
46.85964912280819 55
46.877192982457316 11
46.95614035087837 25
46.973684210527495 11
46.982456140352056 6
47.00877192982574 12
47.07017543859767 11
47.140350877194166 17
47.140350877194166 24
47.16666666666785 11
47.245614035088906 8
47.26315789473803 11
47.28070175438715 7
47.35964912280821 11
47.35964912280821 42
47.447368421053824 15
47.456140350878385 11
47.552631578948564 11
47.57017543859769 36
47.64912280701874 11
47.67543859649243 50
47.70175438596611 3
47.70175438596611 27
47.71052631579067 6
47.7280701754398 16
47.74561403508892 11
47.83333333333454 39
47.8421052631591 11
47.938596491229276 11
47.938596491229276 24
47.96491228070296 17
48.01754385965033 20
48.035087719299455 11
48.087719298246824 7
48.087719298246824 10
48.13157894736963 11
48.13157894736963 30
48.140350877194194 12
48.22807017543981 11
48.26315789473806 25
48.32456140350999 9
48.32456140350999 11
48.3684210526328 22
48.39473684210648 32
48.403508771931044 41
48.42105263158017 11
48.43859649122929 6
48.44736842105385 48
48.47368421052754 42
48.517543859650345 11
48.614035087720524 11
48.614035087720524 43
48.64912280701877 36
48.65789473684333 15
48.68421052631702 23
48.70175438596614 47
48.7105263157907 11
48.728070175439825 1
48.728070175439825 34
48.73684210526439 24
48.74561403508895 52
48.78947368421176 17
48.80701754386088 11
48.8947368421065 7
48.90350877193106 11
48.98245614035211 4
49.000000000001236 11
49.02631578947492 3
49.06140350877317 49
49.096491228071415 11
49.16666666666791 6
49.19298245614159 11
49.2368421052644 14
49.27192982456265 12
49.28947368421177 11
49.38596491228195 11
49.48245614035213 11
49.5350877192995 24
49.570175438597744 25
49.578947368422305 11
49.58771929824687 42
49.61403508772055 17
49.675438596492484 11
49.71052631579073 7
49.72807017543985 36
49.77192982456266 11
49.79824561403635 0
49.81578947368547 2
49.86842105263284 11
49.86842105263284 15
49.894736842106525 6
49.96491228070302 11
49.98245614035214 53
50.000000000001265 54
50.03508771929951 9
50.061403508773196 11
50.07894736842232 50
50.14035087719425 28
50.14912280701881 44
50.157894736843375 11
50.157894736843375 37
50.19298245614162 57
50.25438596491355 11
50.271929824562676 46
50.33333333333461 24
50.33333333333461 38
50.35087719298373 3
50.35087719298373 11
50.4035087719311 12
50.41228070175566 27
50.41228070175566 30
50.429824561404786 48
50.43859649122935 17
50.44736842105391 11
50.44736842105391 20
50.50000000000128 1
50.50000000000128 55
50.5175438596504 7
50.526315789474964 16
50.54385964912409 11
50.57017543859777 47
50.62280701754514 6
50.640350877194265 11
50.640350877194265 39
50.736842105264444 11
50.80701754386094 36
50.83333333333462 11
50.87719298245743 25
50.9298245614048 11
51.00000000000129 43
51.02631578947498 11
51.02631578947498 42
51.05263157894866 5
51.05263157894866 40
51.07894736842235 15
51.114035087720595 4
51.122807017545156 11
51.13157894736972 24
51.21052631579077 33
51.219298245615335 11
51.26315789473814 17
51.31578947368551 11
51.324561403510074 7
51.35087719298376 6
51.41228070175569 11
51.44736842105394 26
51.50877192982587 11
51.535087719299554 12
51.60526315789605 11
51.67543859649254 3
51.701754385966225 11
51.745614035089034 9
51.798245614036404 11
51.88596491228202 36
51.89473684210658 11
51.92982456140483 24
51.95614035087851 1
51.99122807017676 11
52.03508771929957 10
52.05263157894869 44
52.07894736842238 6
52.08771929824694 11
52.08771929824694 17
52.10526315789606 46
52.131578947369746 0
52.131578947369746 7
52.14035087719431 42
52.14035087719431 49
52.184210526317116 11
52.184210526317116 25
52.280701754387294 11
52.289473684211856 15
52.342105263159226 58
52.37719298245747 11
52.40350877193116 23
52.40350877193116 48
52.42982456140484 47
52.45614035087853 32
52.47368421052765 11
52.48245614035221 50
52.543859649124144 35
52.57017543859783 11
52.66666666666801 11
52.66666666666801 12
52.69298245614169 22
52.701754385966254 30
52.72807017543994 24
52.7368421052645 14
52.763157894738185 11
52.807017543860994 6
52.859649122808364 11
52.859649122808364 27
52.87719298245749 20
52.90350877193117 43
52.91228070175573 17
52.921052631580295 34
52.93859649122942 7
52.95614035087854 11
52.9649122807031 36
53.00000000000135 3
53.05263157894872 11
53.07017543859784 41
53.1491228070189 11
53.245614035089076 4
53.245614035089076 11
53.25438596491364 42
53.298245614036446 44
53.30701754386101 2
53.32456140351013 16
53.342105263159254 11
53.350877192983816 8
53.43859649122943 11
53.447368421053994 9
53.4912280701768 25
53.4912280701768 39
53.500000000001364 15
53.52631578947505 24
53.53508771929961 6
53.53508771929961 11
53.63157894736979 11
53.72807017543997 11
53.73684210526453 17
53.74561403508909 7
53.79824561403646 12
53.824561403510145 11
53.85087719298383 31
53.91228070175576 46
53.921052631580324 11
54.0175438596505 11
54.035087719299625 56
54.04385964912419 36
54.11403508772068 11
54.21052631579086 11
54.26315789473823 6
54.298245614036475 47
54.307017543861036 11
54.32456140351016 3
54.32456140351016 24
54.36842105263297 42
54.38596491228209 48
54.403508771931214 11
54.50000000000139 11
54.5438596491242 44
54.55263157894876 7
54.561403508773324 17
54.59649122807157 11
54.614035087720694 43
54.69298245614175 11
54.71052631579087 15
54.78947368421193 11
54.79824561403649 25
54.8421052631593 19
54.8421052631593 29
54.885964912282105 11
54.885964912282105 50
54.929824561404914 12
54.97368421052772 30
54.982456140352284 11
54.991228070176845 6
54.991228070176845 52
55.07894736842246 11
55.12280701754527 24
55.12280701754527 36
55.13157894736983 28
55.149122807018955 9
55.16666666666808 37
55.17543859649264 11
55.1842105263172 57
55.201754385966325 49
55.27192982456282 11
55.307017543861065 20
55.307017543861065 27
55.34210526315931 54
55.359649122808435 7
55.368421052632996 11
55.37719298245756 4
55.38596491228212 17
55.39473684210668 53
55.464912280703174 11
55.4824561403523 42
55.56140350877335 11
55.631578947369846 33
55.64912280701897 3
55.65789473684353 11
55.684210526317216 38
55.71929824561546 6
55.75438596491371 11
55.833333333334764 41
55.85087719298389 11
55.92105263158038 15
55.92105263158038 24
55.947368421054065 11
55.98245614035231 10
56.043859649124244 11
56.06140350877337 12
56.08771929824705 23
56.105263157896175 25
56.1228070175453 16
56.14035087719442 11
56.16666666666811 44
56.16666666666811 47
56.17543859649267 7
56.20175438596635 36
56.210526315790915 17
56.2368421052646 11
56.2368421052646 14
56.33333333333478 11
56.39473684210671 1
56.39473684210671 39
56.41228070175583 48
56.429824561404956 11
56.44736842105408 6
56.51754385965057 32
56.526315789475134 11
56.56140350877338 55
56.59649122807163 0
56.59649122807163 5
56.59649122807163 42
56.62280701754531 11
56.65789473684356 44
56.71929824561549 11
56.71929824561549 24
56.798245614036546 2
56.81578947368567 11
56.85964912280848 9
56.85964912280848 26
56.91228070175585 11
56.97368421052778 3
56.98245614035234 7
57.008771929826025 11
57.008771929826025 22
57.03508771929971 17
57.1052631578962 11
57.114035087720765 34
57.13157894736989 15
57.1754385964927 6
57.19298245614182 12
57.20175438596638 11
57.24561403508919 30
57.28070175438744 36
57.289473684212 50
57.29824561403656 11
57.377192982457615 5
57.39473684210674 11
57.41228070175586 25
57.429824561404985 44
57.491228070176916 11
57.50877192982604 4
57.5175438596506 24
57.587719298247094 11
57.68421052631727 11
57.71052631579096 42
57.73684210526464 20
57.754385964913766 46
57.78070175438745 11
57.78947368421201 7
57.859649122808506 17
57.87719298245763 11
57.88596491228219 44
57.903508771931314 6
57.929824561405 57
57.97368421052781 11
58.008771929826054 43
58.02631578947518 47
58.061403508773424 27
58.070175438597985 11
58.16666666666816 11
58.26315789473834 11
58.280701754387465 49
58.29824561403659 3
58.31578947368571 24
58.32456140351027 12
58.3421052631594 15
58.35964912280852 11
58.35964912280852 36
58.39473684210677 48
58.4561403508787 11
58.47368421052782 40
58.552631578948876 11
58.570175438598 9
58.596491228071685 7
58.63157894736993 6
58.649122807019054 11
58.6842105263173 17
58.71929824561555 25
58.74561403508923 11
58.82456140351029 42
58.84210526315941 11
58.921052631580466 16
58.93859649122959 11
58.94736842105415 0
59.03508771929977 11
59.03508771929977 39
59.11403508772082 24
59.131578947369945 11
59.210526315791 46
59.22807017544012 11
59.289473684212055 44
59.3245614035103 11
59.35964912280855 6
59.40350877193136 7
59.41228070175592 53
59.42105263158048 11
59.4385964912296 36
59.45614035087873 12
59.508771929826096 17
59.51754385965066 11
59.52631578947522 30
59.53508771929978 56
59.54385964912434 52
59.552631578948905 15
59.614035087720836 11
59.6228070175454 3
59.64035087719452 4
59.69298245614189 50
59.710526315791014 11
59.7368421052647 14
59.80701754386119 11
59.80701754386119 23
59.824561403510316 8
59.89473684210681 47
59.90350877193137 11
59.91228070175593 24
59.929824561405056 10
59.95614035087874 29
59.95614035087874 43
59.9649122807033 42
