0.017543859649122806 16
0.05263157894736842 22
0.07017543859649122 2
0.14035087719298245 15
0.15789473684210525 55
0.23684210526315788 3
0.2719298245614036 17
0.28947368421052644 7
0.3333333333333336 5
0.342105263157895 47
0.35087719298245645 4
0.3596491228070179 23
0.37719298245614075 24
0.4473684210526322 46
0.4824561403508779 38
0.5350877192982465 12
0.6491228070175451 48
0.6578947368421065 1
0.7192982456140365 34
0.7631578947368437 42
0.8245614035087737 57
0.9035087719298266 44
0.9473684210526337 41
1.1052631578947394 26
1.1140350877193008 35
1.1403508771929851 36
1.1842105263157923 24
1.2105263157894766 7
1.2631578947368451 28
1.342105263157898 19
1.3684210526315823 27
1.3771929824561437 20
1.421052631578951 15
1.4298245614035123 33
1.4385964912280738 44
1.464912280701758 56
1.6929824561403553 3
1.7192982456140395 14
1.728070175438601 6
1.7631578947368467 49
1.789473684210531 12
1.7982456140350924 50
1.8947368421052682 46
1.991228070175444 24
1.991228070175444 39
2.0526315789473726 7
2.0877192982456174 25
2.1403508771929847 43
2.1842105263157907 36
2.201754385964913 42
2.280701754385964 47
2.32456140350877 19
2.456140350877188 6
2.491228070175433 9
2.5087719298245554 58
2.5438596491228003 40
2.692982456140341 15
2.701754385964902 48
2.789473684210514 24
2.8157894736841977 32
2.8508771929824426 44
2.8859649122806874 7
2.912280701754371 12
3.1754385964912073 1
3.1842105263157685 6
3.2280701754385746 36
3.3421052631578703 11
3.3421052631578703 55
3.4385964912280436 42
3.5614035087719005 2
3.5964912280701453 24
3.6140350877192677 4
3.6140350877192677 19
3.657894736842074 43
3.7192982456140022 7
3.8157894736841755 20
3.8157894736841755 27
3.912280701754349 6
3.92105263157891 17
3.92105263157891 25
3.9385964912280325 16
3.956140350877155 15
4.210526315789441 8
4.228070175438564 47
4.2631578947368105 1
4.271929824561372 36
4.385964912280674 23
4.394736842105235 24
4.447368421052605 22
4.482456140350852 3
4.543859649122783 7
4.57894736842103 57
4.640350877192962 6
4.710526315789455 48
4.728070175438578 9
4.745614035087701 19
4.763157894736825 44
4.84210526315788 39
4.84210526315788 42
4.938596491228058 29
4.947368421052619 37
4.999999999999989 34
5.035087719298236 19
5.192982456140346 24
5.192982456140346 44
5.210526315789469 43
5.219298245614031 15
5.228070175438592 25
5.315789473684209 14
5.315789473684209 36
5.368421052631579 6
5.368421052631579 7
5.385964912280702 49
5.412280701754387 50
5.894736842105278 44
5.991228070175456 24
6.043859649122826 35
6.096491228070196 6
6.096491228070196 38
6.175438596491251 47
6.1842105263158125 1
6.192982456140374 7
6.192982456140374 28
6.201754385964936 33
6.228070175438621 12
6.298245614035114 20
6.350877192982484 44
6.3596491228070455 36
6.3596491228070455 36
6.377192982456169 3
6.4385964912281 41
6.482456140350909 15
6.49122807017547 26
6.535087719298279 25
6.736842105263197 16
6.7894736842105665 24
6.798245614035128 58
6.8157894736842515 43
6.824561403508813 6
6.868421052631621 55
6.894736842105306 44
6.973684210526361 40
6.973684210526361 48
7.008771929824608 19
7.026315789473731 7
7.026315789473731 27
7.052631578947416 2
7.1929824561404025 4
7.254385964912334 29
7.263157894736896 32
7.403508771929882 36
7.456140350877252 10
7.526315789473745 44
7.55263157894743 6
7.587719298245677 24
7.71052631578954 3
7.745614035087787 15
7.771929824561472 9
7.842105263157965 25
7.859649122807088 7
7.929824561403581 57
7.947368421052705 50
7.982456140350951 39
7.982456140350951 44
8.087719298245691 46
8.105263157894814 47
8.280701754386047 6
8.385964912280787 24
8.447368421052719 36
8.526315789473774 44
8.66666666666676 29
8.692982456140445 7
8.842105263157993 12
8.885964912280802 20
8.921052631579048 14
9.000000000000103 48
9.008771929824665 6
9.008771929824665 15
9.043859649122911 3
9.043859649122911 19
9.061403508772035 11
9.149122807017651 25
9.157894736842213 11
9.166666666666774 17
9.184210526315898 24
9.254385964912391 11
9.324561403508884 4
9.35964912280713 11
9.456140350877309 11
9.473684210526432 27
9.491228070175556 36
9.526315789473802 7
9.535087719298364 16
9.552631578947487 11
9.605263157894857 23
9.614035087719419 29
9.649122807017665 11
9.649122807017665 22
9.719298245614159 19
9.736842105263282 6
9.745614035087844 11
9.754385964912405 42
9.763157894736967 34
9.807017543859775 56
9.842105263158022 11
9.921052631579077 37
9.9385964912282 11
9.9385964912282 12
9.947368421052762 52
9.973684210526446 44
9.982456140351008 24
10.035087719298378 11
10.04385964912294 47
10.131578947368556 11
10.228070175438734 11
10.228070175438734 19
10.245614035087858 8
10.263157894736981 41
10.271929824561543 15
10.30701754385979 49
10.324561403508913 11
10.350877192982598 7
10.35964912280716 50
10.377192982456283 3
10.42105263157909 11
10.456140350877337 25
10.464912280701899 6
10.517543859649269 11
10.535087719298392 36
10.543859649122954 2
10.614035087719447 11
10.710526315789625 11
10.780701754386119 24
10.798245614035242 39
10.798245614035242 46
10.807017543859804 11
10.859649122807173 57
10.877192982456297 9
10.903508771929982 11
10.903508771929982 26
10.912280701754543 38
10.982456140351037 48
10.991228070175598 19
11.00000000000016 11
11.035087719298406 12
11.05263157894753 58
11.070175438596653 17
11.096491228070338 11
11.114035087719461 28
11.149122807017708 35
11.175438596491393 7
11.192982456140516 6
11.192982456140516 11
11.236842105263324 33
11.245614035087886 19
11.289473684210694 11
11.31578947368438 20
11.385964912280873 11
11.42105263157912 1
11.456140350877366 4
11.48245614035105 11
11.53508771929842 15
11.578947368421229 11
11.578947368421229 24
11.578947368421229 36
11.657894736842284 10
11.675438596491407 11
11.710526315789654 3
11.710526315789654 43
11.763157894737024 25
11.771929824561585 11
11.868421052631764 11
11.921052631579133 6
11.921052631579133 27
11.964912280701942 11
11.973684210526503 47
12.000000000000188 7
12.026315789473873 40
12.052631578947558 29
12.06140350877212 11
12.06140350877212 44
12.11403508771949 55
12.131578947368613 12
12.157894736842298 11
12.21929824561423 32
12.254385964912476 11
12.333333333333531 16
12.350877192982654 11
12.350877192982654 19
12.37719298245634 24
12.447368421052833 11
12.464912280701956 41
12.473684210526518 14
12.54385964912301 11
12.570175438596696 52
12.622807017544066 36
12.640350877193189 11
12.64912280701775 6
12.736842105263367 11
12.771929824561614 50
12.798245614035299 15
12.815789473684422 19
12.824561403508984 1
12.833333333333545 7
12.833333333333545 11
12.850877192982669 46
12.929824561403723 11
12.96491228070197 48
13.026315789473902 11
13.043859649123025 3
13.07017543859671 25
13.078947368421272 29
13.105263157894957 44
13.12280701754408 11
13.17543859649145 24
13.219298245614258 11
13.22807017543882 12
13.315789473684436 11
13.368421052631806 49
13.377192982456368 6
13.412280701754614 11
13.508771929824793 11
13.587719298245847 4
13.60526315789497 11
13.666666666666902 7
13.666666666666902 36
13.675438596491464 57
13.701754385965149 11
13.754385964912519 20
13.798245614035327 11
13.833333333333574 39
13.894736842105505 11
13.903508771930067 47
13.97368421052656 24
13.991228070175683 11
14.035087719298492 2
14.061403508772177 15
14.061403508772177 34
14.087719298245862 11
14.105263157894985 6
14.18421052631604 11
14.254385964912533 22
14.280701754386218 11
14.324561403509026 12
14.324561403509026 23
14.368421052631835 27
14.377192982456396 3
14.377192982456396 11
14.377192982456396 25
14.473684210526574 11
14.491228070175698 1
14.50000000000026 7
14.570175438596753 11
14.570175438596753 19
14.578947368421314 43
14.66666666666693 11
14.710526315789739 36
14.763157894737109 11
14.77192982456167 24
14.82456140350904 46
14.833333333333602 6
14.859649122807287 11
14.894736842105534 37
14.938596491228342 48
14.956140350877465 11
15.052631578947643 11
15.131578947368698 16
15.149122807017822 11
15.184210526316068 50
15.228070175438877 52
15.245614035088 11
15.254385964912561 56
15.324561403509055 15
15.333333333333616 7
15.342105263158178 11
15.359649122807301 58
15.421052631579233 12
15.438596491228356 11
15.438596491228356 55
15.482456140351164 26
15.535087719298534 11
15.56140350877222 6
15.570175438596781 24
15.631578947368713 11
15.640350877193274 9
15.684210526316082 25
15.710526315789767 3
15.719298245614329 4
15.72807017543889 10
15.72807017543889 11
15.736842105263452 44
15.754385964912576 36
15.789473684210822 1
15.824561403509069 11
15.83333333333363 47
15.912280701754685 17
15.921052631579247 11
16.017543859649425 11
16.017543859649425 38
16.026315789473987 14
16.03508771929855 28
16.061403508772234 57
16.078947368421357 43
16.114035087719603 11
16.166666666666973 7
16.184210526316097 20
16.21052631578978 11
16.289473684210837 6
16.30701754385996 11
16.35964912280733 42
16.36842105263189 24
16.403508771930138 11
16.438596491228385 49
16.500000000000316 11
16.51754385964944 12
16.552631578947686 5
16.587719298245933 15
16.596491228070494 11
16.62280701754418 33
16.62280701754418 39
16.666666666666988 46
16.692982456140673 11
16.719298245614358 35
16.78947368421085 11
16.798245614035412 36
16.807017543859974 44
16.815789473684536 27
16.84210526315822 19
16.88596491228103 11
16.921052631579276 48
16.94736842105296 32
16.982456140351207 11
16.99122807017577 25
17.00000000000033 7
17.017543859649454 6
17.04385964912314 3
17.078947368421385 11
17.14912280701788 19
17.166666666667002 24
17.175438596491563 11
17.184210526316125 17
17.26315789473718 1
17.27192982456174 11
17.36842105263192 11
17.464912280702098 11
17.52631578947403 2
17.561403508772276 11
17.596491228070523 50
17.614035087719646 12
17.614035087719646 29
17.657894736842454 11
17.74561403508807 6
17.754385964912633 11
17.763157894737194 47
17.833333333333687 7
17.84210526315825 36
17.85087719298281 4
17.85087719298281 11
17.85087719298281 15
17.929824561403866 16
17.94736842105299 11
17.964912280702112 24
18.043859649123167 11
18.140350877193345 11
18.236842105263523 11
18.289473684210893 19
18.298245614035455 25
18.3333333333337 11
18.342105263158263 34
18.359649122807387 46
18.37719298245651 3
18.42982456140388 11
18.447368421053003 1
18.473684210526688 6
18.526315789474058 11
18.552631578947743 23
18.552631578947743 31
18.570175438596866 57
18.58771929824599 22
18.614035087719675 20
18.622807017544236 11
18.64035087719336 30
18.64035087719336 42
18.666666666667044 7
18.666666666667044 17
18.710526315789853 12
18.710526315789853 12
18.719298245614414 11
18.763157894737223 24
18.815789473684593 11
18.885964912281086 36
18.90350877193021 52
18.91228070175477 11
18.973684210526702 48
19.00877192982495 11
19.01754385964951 58
19.105263157895127 11
19.11403508771969 15
19.201754385965305 6
19.201754385965305 11
19.201754385965305 55
19.22807017543899 44
19.254385964912675 19
19.254385964912675 43
19.263157894737237 27
19.289473684210922 9
19.298245614035483 11
19.39473684210566 11
19.456140350877593 45
19.49122807017584 11
19.5000000000004 7
19.561403508772333 24
19.578947368421456 14
19.578947368421456 49
19.587719298246018 11
19.60526315789514 25
19.65789473684251 56
19.684210526316196 11
19.71052631578988 3
19.71052631578988 47
19.719298245614443 1
19.780701754386374 11
19.80701754386006 12
19.86842105263199 37
19.877192982456553 11
19.929824561403922 6
19.929824561403922 36
19.956140350877607 46
19.97368421052673 11
19.982456140351292 4
20.008771929824977 50
20.07017543859691 11
20.166666666667087 11
20.22807017543902 39
20.23684210526358 17
20.263157894737265 11
20.33333333333376 7
20.33333333333376 40
20.359649122807443 11
20.359649122807443 24
20.368421052632005 44
20.377192982456567 15
20.45614035087762 11
20.45614035087762 41
20.5526315789478 11
20.649122807017978 11
20.65789473684254 6
20.728070175439033 16
20.745614035088156 11
20.77192982456184 43
20.842105263158334 11
20.859649122807458 29
20.859649122807458 38
20.903508771930266 12
20.912280701754828 25
20.938596491228513 11
20.938596491228513 30
20.947368421053074 48
20.956140350877636 1
20.956140350877636 28
20.964912280702197 26
20.97368421052676 36
20.98245614035132 32
21.017543859649567 2
21.03508771929869 8
21.03508771929869 11
21.043859649123252 3
21.043859649123252 20
21.13157894736887 11
21.157894736842554 7
21.157894736842554 24
21.228070175439047 11
21.23684210526361 57
21.324561403509225 11
21.385964912281157 6
21.41228070175484 33
21.421052631579403 11
21.51754385964958 11
21.605263157895198 19
21.605263157895198 46
21.61403508771976 11
21.640350877193445 15
21.640350877193445 47
21.710526315789938 11
21.710526315789938 27
21.807017543860116 11
21.807017543860116 42
21.903508771930294 11
21.956140350877664 24
21.98245614035135 7
22.000000000000473 11
22.000000000000473 12
22.017543859649596 36
22.09649122807065 11
22.114035087719774 4
22.114035087719774 6
22.19298245614083 11
22.219298245614514 25
22.289473684211007 11
22.315789473684692 5
22.315789473684692 10
22.377192982456624 3
22.385964912281185 11
22.421052631579432 50
22.429824561403993 23
22.447368421053117 17
22.482456140351363 11
22.535087719298733 1
22.552631578947857 9
22.57894736842154 11
22.62280701754435 34
22.640350877193473 49
22.67543859649172 11
22.754385964912775 24
22.763157894737336 35
22.771929824561898 11
22.807017543860145 7
22.84210526315839 6
22.868421052632076 11
22.903508771930323 15
22.912280701754884 22
22.929824561404008 48
22.93859649122857 43
22.964912280702254 11
22.964912280702254 46
23.04385964912331 41
23.061403508772433 11
23.061403508772433 36
23.061403508772433 42
23.09649122807068 12
23.131578947368926 14
23.15789473684261 11
23.25438596491279 11
23.350877192982967 11
23.350877192982967 30
23.36842105263209 17
23.4122807017549 5
23.447368421053145 11
23.47368421052683 20
23.508771929825077 19
23.5263157894742 16
23.5263157894742 25
23.5263157894742 58
23.543859649123323 11
23.552631578947885 24
23.57017543859701 6
23.57894736842157 39
23.57894736842157 47
23.6403508771935 7
23.6403508771935 11
23.710526315789995 3
23.73684210526368 11
23.807017543860173 19
23.833333333333858 11
23.877192982456666 52
23.929824561404036 11
24.026315789474214 11
24.10526315789527 36
24.122807017544392 11
24.15789473684264 27
24.1666666666672 15
24.175438596491762 42
24.192982456140886 12
24.201754385965447 17
24.21929824561457 11
24.245614035088256 4
24.298245614035626 6
24.31578947368475 9
24.31578947368475 11
24.350877192982995 24
24.412280701754927 11
24.438596491228612 19
24.438596491228612 31
24.47368421052686 7
24.508771929825105 2
24.508771929825105 11
24.517543859649667 43
24.5789473684216 55
24.605263157895283 11
24.64912280701809 44
24.70175438596546 11
24.771929824561955 19
24.79824561403564 11
24.833333333333886 1
24.833333333333886 25
24.833333333333886 50
24.842105263158448 37
24.894736842105818 11
24.91228070175494 48
24.991228070175996 11
25.01754385964968 32
25.01754385964968 57
25.026315789474243 6
25.026315789474243 17
25.043859649123366 3
25.087719298246174 11
25.149122807018106 24
25.149122807018106 36
25.17543859649179 44
25.184210526316352 11
25.28070175438653 11
25.289473684211092 12
25.307017543860216 7
25.3333333333339 41
25.342105263158462 42
25.37719298245671 11
25.42982456140408 15
25.473684210526887 11
25.508771929825134 47
25.53508771929882 46
25.570175438597065 11
25.631578947368997 30
25.666666666667243 11
25.70175438596549 49
25.75438596491286 6
25.76315789473742 11
25.842105263158476 17
25.8596491228076 11
25.877192982456723 28
25.903508771930408 20
25.947368421053216 24
25.956140350877778 11
25.96491228070234 33
26.052631578947956 11
26.087719298246203 9
26.140350877193573 7
26.140350877193573 25
26.140350877193573 26
26.149122807018134 11
26.166666666667258 39
26.192982456140943 36
26.245614035088312 11
26.307017543860244 23
26.324561403509367 16
26.34210526315849 11
26.377192982456737 3
26.377192982456737 4
26.3859649122813 12
26.421052631579546 44
26.43859649122867 11
26.456140350877792 42
26.482456140351477 6
26.535087719298847 11
26.60526315789534 27
26.631578947369025 11
26.65789473684271 17
26.675438596491833 14
26.692982456140957 15
26.728070175439203 11
26.745614035088327 24
26.82456140350938 11
26.894736842105875 34
26.894736842105875 48
26.92105263157956 11
26.97368421052693 7
27.000000000000615 38
27.017543859649738 11
27.114035087719916 11
27.210526315790094 6
27.210526315790094 11
27.228070175439218 22
27.23684210526378 36
27.24561403508834 50
27.263157894737464 44
27.307017543860272 11
27.40350877193045 11
27.438596491228697 47
27.44736842105326 25
27.473684210526944 17
27.473684210526944 19
27.482456140351506 12
27.50000000000063 11
27.543859649123437 24
27.596491228070807 11
27.649122807018177 1
27.692982456140985 11
27.71052631579011 3
27.745614035088355 46
27.754385964912917 43
27.7807017543866 42
27.789473684211163 11
27.807017543860287 7
27.82456140350941 10
27.87719298245678 9
27.88596491228134 11
27.894736842105903 19
27.93859649122871 6
27.947368421053273 30
27.947368421053273 56
27.956140350877835 15
27.98245614035152 11
28.000000000000643 2
28.070175438597136 35
28.078947368421698 11
28.166666666667314 58
28.175438596491876 11
28.210526315790123 19
28.210526315790123 55
28.271929824562054 11
28.280701754386616 36
28.289473684211178 17
28.289473684211178 41
28.333333333333986 20
28.342105263158548 24
28.368421052632232 11
28.46491228070241 11
28.50877192982522 4
28.56140350877259 11
28.578947368421712 12
28.640350877193644 7
28.657894736842767 11
28.66666666666733 6
28.754385964912945 11
28.754385964912945 25
28.763157894737507 49
28.850877192983123 11
28.87719298245681 48
28.89473684210593 42
28.9473684210533 11
29.00000000000067 19
29.04385964912348 3
29.04385964912348 11
29.05263157894804 27
29.10526315789541 17
29.122807017544535 16
29.140350877193658 11
29.140350877193658 24
29.219298245614713 15
29.236842105263836 11
29.245614035088398 19
29.280701754386644 57
29.324561403509453 36
29.333333333334014 11
29.385964912281384 47
29.394736842105946 6
29.429824561404192 11
29.473684210527 7
29.491228070176124 19
29.52631578947437 11
29.57017543859718 39
29.587719298246302 32
29.596491228070864 9
29.62280701754455 11
29.62280701754455 40
29.657894736842795 50
29.67543859649192 12
29.701754385965604 43
29.719298245614727 11
29.73684210526385 19
29.815789473684905 11
29.815789473684905 37
29.912280701755083 11
29.921052631579645 17
29.93859649122877 24
29.973684210527015 1
29.982456140351577 19
30.00877192982526 11
30.00877192982526 42
30.06140350877263 25
30.10526315789544 11
30.122807017544563 6
30.192982456141056 23
30.201754385965618 11
30.21929824561474 14
30.228070175439303 19
30.236842105263865 5
30.245614035088426 30
30.298245614035796 11
30.307017543860358 7
30.36842105263229 36
30.37719298245685 3
30.394736842105974 11
30.47368421052703 19
30.47368421052703 19
30.48245614035159 15
30.491228070176152 11
30.58771929824633 11
30.6403508771937 4
30.68421052631651 11
30.719298245614755 19
30.73684210526388 17
30.73684210526388 24
30.763157894737564 20
30.771929824562125 12
30.780701754386687 11
30.79824561403581 28
30.85087719298318 6
30.85087719298318 26
30.85087719298318 48
30.877192982456865 11
30.912280701755112 33
30.96491228070248 19
30.973684210527043 11
31.07017543859722 11
31.087719298246345 46
31.12280701754459 42
31.12280701754459 42
31.140350877193715 7
31.1666666666674 11
31.1666666666674 34
31.210526315790208 19
31.263157894737578 11
31.263157894737578 43
31.315789473684948 9
31.315789473684948 47
31.359649122807756 11
31.359649122807756 29
31.368421052632318 25
31.412280701755126 36
31.456140350877934 11
31.456140350877934 19
31.49122807017618 2
31.500000000000743 27
31.53508771929899 24
31.54385964912355 22
31.552631578948112 11
31.552631578948112 17
31.578947368421797 6
31.64912280701829 11
31.675438596491976 10
31.70175438596566 19
31.710526315790222 3
31.74561403508847 11
31.74561403508847 15
31.842105263158647 11
31.842105263158647 49
31.842105263158647 55
31.868421052632332 12
31.921052631579702 16
31.938596491228825 11
31.947368421053387 19
31.95614035087795 38
31.97368421052707 7
32.035087719299 11
32.035087719299 31
32.070175438597246 50
32.09649122807093 57
32.13157894736918 11
32.19298245614111 19
32.19298245614111 58
32.228070175439356 11
32.23684210526392 42
32.30701754386041 6
32.324561403509534 11
32.333333333334096 24
32.35964912280778 52
32.36842105263234 17
32.40350877193059 46
32.42105263157971 11
32.438596491228836 19
32.45614035087796 36
32.51754385964989 11
32.51754385964989 30
32.587719298246384 44
32.61403508772007 11
32.675438596492 25
32.68421052631656 19
32.71052631579025 11
32.77192982456218 4
32.807017543860425 7
32.807017543860425 8
32.807017543860425 11
32.82456140350955 48
32.88596491228148 56
32.9035087719306 11
32.92982456140429 19
32.964912280702535 12
33.00000000000078 11
33.00877192982534 15
33.017543859649905 9
33.03508771929903 6
33.04385964912359 3
33.09649122807096 11
33.09649122807096 41
33.131578947369206 24
33.175438596492015 19
33.184210526316576 17
33.19298245614114 11
33.19298245614114 20
33.24561403508851 44
33.24561403508851 47
33.289473684211316 11
33.35087719298325 42
33.385964912281494 11
33.42105263157974 19
33.48245614035167 11
33.500000000000796 36
33.57894736842185 11
33.58771929824641 39
33.62280701754466 32
33.63157894736922 7
33.66666666666747 19
33.67543859649203 11
33.68421052631659 43
33.763157894737645 6
33.763157894737645 14
33.763157894737645 14
33.77192982456221 11
33.859649122807824 1
33.868421052632385 11
33.91228070175519 19
33.92982456140432 24
33.94736842105344 27
33.96491228070256 11
33.98245614035169 25
34.00000000000081 17
34.06140350877274 11
34.06140350877274 12
34.06140350877274 23
34.15789473684292 11
34.15789473684292 19
34.2543859649131 11
34.27192982456222 15
34.350877192983276 11
34.37719298245696 3
34.403508771930646 19
34.447368421053454 11
34.456140350878016 7
34.46491228070258 42
34.4824561403517 35
34.4824561403517 50
34.49122807017626 6
34.54385964912363 11
34.54385964912363 36
34.62280701754469 46
34.64035087719381 11
34.64912280701837 19
34.710526315790304 57
34.719298245614866 9
34.719298245614866 16
34.72807017543943 24
34.73684210526399 11
34.78947368421136 30
34.78947368421136 37
34.80701754386048 48
34.815789473685044 17
34.83333333333417 11
34.8947368421061 19
34.90350877193066 4
34.90350877193066 49
34.929824561404345 11
34.982456140351715 2
35.00000000000084 44
35.02631578947452 11
35.1228070175447 11
35.140350877193825 19
35.14912280701839 1
35.15789473684295 12
35.17543859649207 47
35.21929824561488 6
35.21929824561488 11
35.28947368421137 7
35.28947368421137 25
35.28947368421137 25
35.31578947368506 11
35.32456140350962 26
35.33333333333418 55
35.350877192983305 41
35.38596491228155 19
35.412280701755236 11
35.43859649122892 33
35.43859649122892 34
35.508771929825414 11
35.508771929825414 40
35.52631578947454 10
35.52631578947454 24
35.5350877192991 15
35.57894736842191 42
35.58771929824647 36
35.60526315789559 11
35.622807017544716 20
35.63157894736928 17
35.63157894736928 19
35.6491228070184 58
35.70175438596577 11
35.71052631579033 3
35.719298245614894 28
35.79824561403595 11
35.81578947368507 44
35.85964912280788 22
35.877192982457004 19
35.89473684210613 11
35.9473684210535 6
35.991228070176305 11
36.08771929824648 11
36.12280701754473 7
36.12280701754473 19
36.18421052631666 11
36.19298245614122 43
36.21929824561491 31
36.254385964913155 12
36.27192982456228 39
36.28070175438684 11
36.32456140350965 24
36.368421052632456 19
36.37719298245702 11
36.39473684210614 27
36.42982456140439 9
36.42982456140439 45
36.44736842105351 17
36.473684210527196 11
36.56140350877281 52
36.570175438597374 11
36.59649122807106 25
36.61403508772018 19
36.622807017544744 44
36.631578947369306 36
36.66666666666755 11
36.675438596492114 6
36.69298245614124 42
36.76315789473773 11
36.780701754386854 48
36.79824561403598 15
36.833333333334224 56
36.85964912280791 11
36.85964912280791 19
36.894736842106155 50
36.95614035087809 7
36.95614035087809 11
37.03508771929914 4
37.0438596491237 3
37.052631578948265 11
37.07894736842195 30
37.105263157895635 19
37.105263157895635 47
37.1140350877202 1
37.12280701754476 24
37.14912280701844 11
37.24561403508862 11
37.263157894737745 17
37.30701754386055 14
37.3421052631588 11
37.35087719298336 12
37.35087719298336 19
37.40350877193073 6
37.43859649122898 11
37.51754385965003 16
37.535087719299156 11
37.59649122807109 19
37.631578947369334 11
37.65789473684302 32
37.67543859649214 36
37.72807017543951 11
37.789473684211444 7
37.82456140350969 11
37.842105263158814 19
37.894736842106184 57
37.903508771930746 25
37.92105263157987 11
37.92105263157987 24
37.92982456140443 23
37.96491228070268 49
38.01754385965005 11
38.052631578948294 20
38.061403508772855 15
38.07894736842198 17
38.08771929824654 19
38.114035087720225 11
38.13157894736935 6
38.14035087719391 9
38.2105263157904 11
38.2807017543869 42
38.30701754386058 11
38.33333333333427 19
38.377192982457075 3
38.40350877193076 11
38.44736842105357 12
38.47368421052725 2
38.50000000000094 11
38.543859649123746 43
38.57894736842199 19
38.57894736842199 55
38.596491228071116 11
38.6228070175448 7
38.692982456141294 11
38.71929824561498 24
38.71929824561498 36
38.745614035088664 48
38.78070175438691 29
38.78947368421147 11
38.82456140350972 19
38.84210526315884 27
38.859649122807966 6
38.88596491228165 11
38.89473684210621 17
38.94736842105358 1
38.94736842105358 38
38.98245614035183 11
39.05263157894832 47
39.070175438597445 19
39.070175438597445 44
39.07894736842201 11
39.1491228070185 46
39.16666666666762 4
39.175438596492185 11
39.21052631579043 25
39.27192982456236 11
39.30701754386061 50
39.31578947368517 19
39.32456140350973 15
39.35087719298342 30
39.35964912280798 35
39.36842105263254 11
39.3771929824571 10
39.39473684210623 42
39.45614035087816 7
39.46491228070272 11
39.51754385965009 24
39.543859649123775 12
39.5614035087729 11
39.5614035087729 19
39.58771929824658 6
39.64035087719395 45
39.657894736843076 11
39.710526315790446 3
39.710526315790446 17
39.710526315790446 34
39.72807017543957 58
39.754385964913254 11
39.763157894737816 26
39.763157894737816 36
39.763157894737816 37
39.807017543860624 19
39.85087719298343 9
39.85087719298343 11
39.94736842105361 11
40.00877192982554 33
40.03508771929923 43
40.04385964912379 11
40.05263157894835 19
40.14035087719397 11
40.175438596492214 22
40.236842105264145 11
40.289473684211515 7
40.289473684211515 44
40.29824561403608 19
40.3157894736852 6
40.3157894736852 16
40.3157894736852 24
40.33333333333432 11
40.41228070175538 57
40.4298245614045 11
40.43859649122906 52
40.48245614035187 20
40.508771929825556 42
40.51754385965012 25
40.52631578947468 11
40.52631578947468 17
40.5438596491238 19
40.58771929824661 15
40.62280701754486 11
40.64035087719398 12
40.64035087719398 28
40.719298245615036 11
40.7280701754396 48
40.74561403508872 29
40.78947368421153 19
40.80701754386065 36
40.80701754386065 46
40.815789473685214 11
40.85087719298346 14
40.91228070175539 11
40.982456140351886 47
41.00877192982557 11
41.035087719299256 19
41.04385964912382 3
41.04385964912382 6
41.04385964912382 49
41.09649122807119 39
41.10526315789575 11
41.11403508772031 24
41.12280701754487 7
41.15789473684312 8
41.20175438596593 11
41.28070175438698 19
41.28947368421154 27
41.298245614036105 4
41.298245614036105 11
41.34210526315891 17
41.3684210526326 41
41.39473684210628 11
41.49122807017646 11
41.52631578947471 19
41.53508771929927 43
41.55263157894839 9
41.58771929824664 11
41.622807017544886 42
41.63157894736945 30
41.65789473684313 1
41.68421052631682 11
41.719298245615065 50
41.73684210526419 12
41.771929824562434 6
41.771929824562434 19
41.780701754386996 11
41.824561403509804 23
41.824561403509804 25
41.824561403509804 40
41.85087719298349 15
41.85087719298349 36
41.86842105263261 32
41.877192982457174 11
41.90350877193086 44
41.91228070175542 24
41.94736842105367 7
41.96491228070279 2
41.97368421052735 11
42.01754385965016 19
42.07017543859753 11
42.15789473684315 17
42.16666666666771 11
42.16666666666771 11
42.26315789473789 11
42.26315789473789 19
42.359649122808065 11
42.37719298245719 3
42.45614035087824 11
42.50000000000105 6
42.50877192982561 19
42.55263157894842 11
42.6491228070186 11
42.71052631579053 24
42.71052631579053 48
42.736842105264216 42
42.74561403508878 11
42.75438596491334 19
42.77192982456246 7
42.833333333334394 12
42.842105263158956 11
42.894736842106326 36
42.91228070175545 20
42.91228070175545 47
42.92105263158001 31
42.938596491229134 11
42.97368421052738 17
43.000000000001066 19
43.03508771929931 11
43.07017543859756 57
43.096491228071244 58
43.11403508772037 15
43.11403508772037 16
43.11403508772037 16
43.13157894736949 11
43.13157894736949 25
43.13157894736949 52
43.16666666666774 44
43.22807017543967 6
43.22807017543967 10
43.22807017543967 11
43.24561403508879 19
43.254385964913354 9
43.32456140350985 11
43.421052631580025 11
43.42982456140459 4
43.473684210527395 43
43.48245614035196 46
43.49122807017652 19
43.50877192982564 24
43.5175438596502 11
43.60526315789582 7
43.61403508772038 11
43.71052631579056 3
43.71052631579056 11
43.736842105264245 19
43.736842105264245 27
43.77192982456249 39
43.789473684211615 17
43.80701754386074 11
43.8157894736853 55
43.82456140350986 38
43.850877192983546 42
43.903508771930916 11
43.903508771930916 30
43.9298245614046 12
43.93859649122916 36
43.956140350878286 6
43.98245614035197 19
43.98245614035197 34
43.98245614035197 41
44.000000000001094 11
44.09649122807127 11
44.09649122807127 29
44.105263157895834 49
44.13157894736952 50
44.19298245614145 11
44.19298245614145 26
44.2280701754397 19
44.28947368421163 11
44.30701754386075 24
44.377192982457245 15
44.38596491228181 11
44.39473684210637 14
44.39473684210637 14
44.43859649122918 7
44.43859649122918 25
44.47368421052742 19
44.482456140351985 11
44.49122807017655 22
44.52631578947479 33
44.57894736842216 11
44.60526315789585 17
44.67543859649234 11
44.6842105263169 6
44.6842105263169 48
44.71929824561515 19
44.73684210526427 37
44.754385964913396 1
44.77192982456252 11
44.78070175438708 35
44.84210526315901 47
44.8684210526327 11
44.92982456140463 46
44.964912280702876 9
44.964912280702876 11
44.964912280702876 19
44.964912280702876 42
44.982456140352 36
45.00000000000112 5
45.02631578947481 12
45.04385964912393 3
45.05263157894849 44
45.061403508773054 11
45.10526315789586 24
45.15789473684323 11
45.2105263157906 19
45.25438596491341 11
45.271929824562534 7
45.34210526315903 20
45.35087719298359 11
45.41228070175552 6
45.42105263158008 17
45.429824561404644 29
45.44736842105377 11
45.45614035087833 2
45.45614035087833 19
45.543859649123945 11
45.56140350877307 4
45.56140350877307 28
45.57017543859763 44
45.64035087719412 11
45.64035087719412 15
45.68421052631693 23
45.701754385966055 19
45.7368421052643 11
45.74561403508886 25
45.83333333333448 11
45.90350877193097 24
45.90350877193097 32
45.912280701755535 16
45.92982456140466 11
45.94736842105378 19
45.99122807017659 56
46.026315789474836 11
46.026315789474836 36
46.10526315789589 7
46.122807017545014 11
46.122807017545014 12
46.14035087719414 6
46.175438596492384 30
46.184210526316946 27
46.19298245614151 19
46.19298245614151 19
46.20175438596607 39
46.21929824561519 11
46.236842105264316 17
46.31578947368537 11
46.31578947368537 46
46.3771929824573 1
46.3771929824573 3
46.41228070175555 11
46.438596491229234 19
46.50877192982573 11
46.605263157895905 11
46.63157894736959 58
46.66666666666784 48
46.6754385964924 9
46.68421052631696 19
46.70175438596608 11
46.70175438596608 24
46.73684210526433 43
46.77192982456258 47
46.79824561403626 11
46.868421052632755 6
46.89473684210644 11
46.903508771931 15
46.929824561404686 19
46.93859649122925 7
46.99122807017662 11
47.05263157894855 17
47.05263157894855 25
47.07017543859767 36
47.078947368422234 10
47.087719298246796 11
47.17543859649241 19
47.184210526316974 11
47.21929824561522 12
47.28070175438715 11
47.28070175438715 55
47.289473684211714 41
47.298245614036276 49
47.30701754386084 42
47.30701754386084 50
47.37719298245733 11
47.42105263158014 19
47.47368421052751 11
47.49122807017663 57
47.500000000001194 24
47.57017543859769 11
47.59649122807137 6
47.666666666667865 11
47.666666666667865 19
47.69298245614155 4
47.71052631579067 3
47.76315789473804 11
47.771929824562605 7
47.771929824562605 20
47.85964912280822 11
47.86842105263278 17
47.91228070175559 1
47.91228070175559 19
47.938596491229276 14
47.9561403508784 11
48.05263157894858 11
48.11403508772051 36
48.149122807018756 11
48.15789473684332 19
48.16666666666788 15
48.192982456141564 5
48.245614035088934 11
48.254385964913496 34
48.28947368421174 46
48.298245614036304 24
48.31578947368543 12
48.32456140350999 6
48.34210526315911 11
48.359649122808236 25
48.38596491228192 9
48.39473684210648 43
48.403508771931044 19
48.42105263158017 42
48.43859649122929 11
48.456140350878414 30
48.456140350878414 44
48.53508771929947 11
48.60526315789596 7
48.622807017545085 26
48.63157894736965 11
48.63157894736965 27
48.64912280701877 19
48.64912280701877 48
48.68421052631702 8
48.68421052631702 17
48.70175438596614 47
48.7105263157907 16
48.728070175439825 11
48.80701754386088 22
48.82456140351 11
48.84210526315913 52
48.8947368421065 19
48.91228070175562 40
48.92105263158018 11
48.947368421053866 2
49.01754385965036 11
49.043859649124045 3
49.043859649124045 33
49.052631578948606 6
49.096491228071415 24
49.11403508772054 11
49.14035087719422 19
49.157894736843346 36
49.17543859649247 44
49.210526315790716 11
49.307017543860894 11
49.315789473685456 38
49.33333333333458 41
49.38596491228195 19
49.39473684210651 39
49.40350877193107 11
49.412280701755634 12
49.42982456140476 15
49.43859649122932 7
49.464912280703004 29
49.50000000000125 11
49.50000000000125 17
49.5350877192995 5
49.5350877192995 42
49.578947368422305 23
49.59649122807143 11
49.631578947369675 19
49.66666666666792 25
49.675438596492484 44
49.69298245614161 11
49.71052631579073 37
49.71929824561529 50
49.78070175438722 6
49.789473684211785 11
49.82456140351003 4
49.8771929824574 19
49.88596491228196 11
49.894736842106525 24
49.93859649122933 32
49.98245614035214 11
50.000000000001265 1
50.07894736842232 11
50.08771929824688 9
50.12280701754513 19
50.1754385964925 11
50.20175438596618 20
50.20175438596618 36
50.263157894738114 7
50.271929824562676 11
50.315789473685484 5
50.315789473685484 17
50.324561403510046 56
50.35087719298373 43
50.35964912280829 49
50.368421052632854 11
50.368421052632854 19
50.377192982457416 3
50.429824561404786 5
50.46491228070303 11
50.482456140352156 28
50.50877192982584 6
50.50877192982584 12
50.56140350877321 11
50.59649122807146 46
50.61403508772058 19
50.631578947369704 47
50.631578947369704 48
50.64912280701883 42
50.65789473684339 11
50.692982456141635 15
50.692982456141635 24
50.7017543859662 35
50.736842105264444 30
50.75438596491357 11
50.850877192983745 11
50.85964912280831 19
50.9298245614048 10
50.94736842105392 11
50.97368421052761 25
51.00000000000129 55
51.0438596491241 11
51.07894736842235 27
51.09649122807147 7
51.10526315789603 19
51.114035087720595 1
51.13157894736972 17
51.13157894736972 44
51.14035087719428 11
51.23684210526446 6
51.23684210526446 11
51.24561403508902 36
51.324561403510074 58
51.333333333334636 11
51.35087719298376 19
51.377192982457444 41
51.429824561404814 11
51.482456140352184 14
51.491228070176746 24
51.50877192982587 16
51.52631578947499 11
51.596491228071486 19
51.60526315789605 12
51.62280701754517 11
51.71052631579079 3
51.71929824561535 5
51.71929824561535 11
51.76315789473816 42
51.798245614036404 9
51.81578947368553 11
51.84210526315921 19
51.912280701755705 11
51.92105263158027 44
51.92982456140483 7
51.94736842105395 17
51.95614035087851 4
51.95614035087851 15
51.964912280703075 6
52.00877192982588 11
52.070175438597815 57
52.08771929824694 19
52.0964912280715 46
52.10526315789606 11
52.131578947369746 50
52.20175438596624 11
52.280701754387294 25
52.289473684211856 24
52.289473684211856 36
52.29824561403642 11
52.333333333334664 19
52.394736842106596 11
52.438596491229404 2
52.491228070176774 11
52.52631578947502 34
52.56140350877327 47
52.57894736842239 19
52.58771929824695 11
52.605263157896076 48
52.63157894736976 20
52.68421052631713 11
52.69298245614169 6
52.701754385966254 12
52.763157894738185 7
52.763157894738185 17
52.78070175438731 11
52.82456140351012 19
52.87719298245749 11
52.87719298245749 42
52.87719298245749 44
52.973684210527665 11
53.01754385965047 30
53.04385964912416 3
53.05263157894872 26
53.07017543859784 11
53.07017543859784 19
53.08771929824697 24
53.12280701754521 22
53.16666666666802 11
53.21929824561539 15
53.2631578947382 11
53.31578947368557 19
53.33333333333469 36
53.35964912280838 11
53.403508771931186 40
53.42105263158031 6
53.42105263158031 41
53.42105263158031 49
53.456140350878556 11
53.47368421052768 23
53.508771929825926 9
53.52631578947505 27
53.53508771929961 46
53.552631578948734 11
53.561403508773296 19
53.561403508773296 33
53.57894736842242 17
53.58771929824698 25
53.59649122807154 7
53.64912280701891 11
53.72807017543997 39
53.74561403508909 11
53.79824561403646 12
53.80701754386102 19
53.80701754386102 19
53.84210526315927 1
53.84210526315927 11
53.88596491228208 24
53.93859649122945 11
53.97368421052769 32
53.99122807017682 42
54.035087719299625 11
54.05263157894875 19
54.087719298246995 4
54.12280701754524 44
54.1315789473698 11
54.14912280701893 6
54.22807017543998 11
54.22807017543998 43
54.298245614036475 19
54.307017543861036 16
54.32456140351016 11
54.37719298245753 3
54.37719298245753 36
54.39473684210665 17
54.42105263158034 11
54.4298245614049 7
54.48245614035227 15
54.49122807017683 47
54.517543859650516 11
54.5438596491242 19
54.5438596491242 50
54.58771929824701 48
54.614035087720694 11
54.666666666668064 52
54.68421052631719 24
54.68421052631719 37
54.71052631579087 11
54.780701754387366 10
54.78947368421193 19
54.80701754386105 11
54.877192982457544 6
54.89473684210667 12
54.89473684210667 25
54.90350877193123 11
54.92105263158035 56
55.00000000000141 11
55.02631578947509 14
55.03508771929965 19
55.06140350877334 20
55.0701754385979 5
55.096491228071585 11
55.10526315789615 42
55.13157894736983 38
55.19298245614176 11
55.22807017544001 46
55.23684210526457 9
55.23684210526457 17
55.26315789473826 7
55.28070175438738 19
55.28947368421194 11
55.2982456140365 30
55.38596491228212 11
55.40350877193124 28
55.421052631580366 36
55.464912280703174 41
55.4824561403523 11
55.4824561403523 24
55.526315789475106 19
55.578947368422476 11
55.60526315789616 6
55.675438596492654 11
55.7105263157909 3
55.74561403508915 15
55.77192982456283 11
55.77192982456283 19
55.80701754386108 1
55.86842105263301 11
55.92982456140494 2
55.96491228070319 11
55.97368421052775 27
55.991228070176874 12
56.01754385965056 19
56.052631578948805 17
56.06140350877337 11
56.09649122807161 7
56.157894736843545 11
56.20175438596635 25
56.21929824561548 4
56.21929824561548 42
56.25438596491372 11
56.263157894738285 19
56.28070175438741 24
56.33333333333478 6
56.3508771929839 11
56.421052631580395 47
56.44736842105408 11
56.4649122807032 36
56.482456140352326 49
56.50877192982601 19
56.51754385965057 58
56.54385964912426 11
56.57017543859794 48
56.640350877194436 11
56.684210526317244 46
56.736842105264614 11
56.75438596491374 19
56.798245614036546 34
56.83333333333479 11
56.86842105263304 17
56.92982456140497 7
56.92982456140497 11
56.947368421054094 9
56.956140350878655 50
57.000000000001464 19
57.008771929826025 15
57.02631578947515 11
57.04385964912427 3
57.061403508773395 6
57.07017543859796 29
57.07894736842252 24
57.08771929824708 12
57.08771929824708 57
57.1052631578962 16
57.12280701754533 11
57.219298245615505 11
57.22807017544007 1
57.24561403508919 19
57.25438596491375 55
57.30701754386112 35
57.30701754386112 43
57.31578947368568 11
57.31578947368568 44
57.33333333333481 42
57.36842105263305 23
57.41228070175586 11
57.438596491229546 22
57.482456140352355 26
57.491228070176916 8
57.491228070176916 19
57.491228070176916 20
57.50877192982604 11
57.50877192982604 25
57.50877192982604 36
57.50877192982604 41
57.57894736842253 30
57.60526315789622 11
57.60526315789622 52
57.68421052631727 17
57.701754385966396 11
57.73684210526464 19
57.754385964913766 7
57.78947368421201 6
57.798245614036574 11
57.87719298245763 24
57.89473684210675 11
57.98245614035237 19
57.99122807017693 11
58.08771929824711 11
58.10526315789623 33
58.18421052631729 11
58.18421052631729 12
58.20175438596641 44
58.228070175440095 19
58.23684210526466 5
58.24561403508922 46
58.2719298245629 15
58.280701754387465 11
58.35087719298396 4
58.35087719298396 47
58.37719298245764 3
58.37719298245764 11
58.42105263158045 27
58.447368421054136 42
58.47368421052782 11
58.47368421052782 19
58.500000000001506 17
58.50877192982607 32
58.51754385965063 6
58.552631578948876 36
58.552631578948876 48
58.570175438598 11
58.570175438598 14
58.57894736842256 7
58.63157894736993 10
58.649122807019054 9
58.66666666666818 11
58.67543859649274 24
58.71929824561555 19
58.71929824561555 19
58.763157894738356 11
58.815789473685726 25
58.84210526315941 1
58.859649122808534 11
58.90350877193134 43
58.95614035087871 11
58.964912280703274 19
58.964912280703274 19
59.05263157894889 11
59.14912280701907 11
59.210526315791 19
59.24561403508925 6
59.24561403508925 11
59.28070175438749 12
59.31578947368574 17
59.31578947368574 29
59.342105263159425 11
59.36842105263311 50
59.40350877193136 7
59.42105263158048 2
59.42105263158048 40
59.4385964912296 11
59.45614035087873 19
59.47368421052785 24
59.47368421052785 39
59.53508771929978 11
59.53508771929978 15
59.53508771929978 57
59.54385964912434 49
59.552631578948905 41
59.561403508773466 42
59.58771929824715 56
59.59649122807171 36
59.63157894736996 11
59.657894736843645 37
59.70175438596645 19
59.710526315791014 3
59.72807017544014 11
59.824561403510316 11
59.85964912280856 30
59.90350877193137 16
59.921052631580494 11
59.921052631580494 20
59.93859649122962 58
59.94736842105418 19
59.973684210527864 6
