0.008771929824561403 38
0.06140350877192982 40
0.10526315789473684 41
0.11403508771929824 8
0.11403508771929824 44
0.13157894736842105 20
0.16666666666666666 42
0.18421052631578946 50
0.23684210526315788 18
0.24561403508771928 17
0.26315789473684215 28
0.280701754385965 23
0.280701754385965 36
0.28947368421052644 43
0.37719298245614075 45
0.3859649122807022 37
0.4210526315789479 7
0.4210526315789479 15
0.42982456140350933 16
0.4473684210526322 24
0.5175438596491236 14
0.5350877192982465 6
0.5438596491228079 0
0.5614035087719308 22
0.6578947368421065 56
0.7368421052631594 34
0.7456140350877208 31
0.7982456140350894 26
0.8157894736842123 30
0.8684210526315809 48
0.8947368421052652 27
0.9035087719298266 58
0.9385964912280723 1
0.9385964912280723 18
0.9473684210526337 47
0.9824561403508795 25
1.078947368421055 36
1.1052631578947394 17
1.1228070175438623 57
1.157894736842108 7
1.157894736842108 29
1.157894736842108 53
1.1929824561403537 33
1.280701754385968 2
1.2894736842105294 5
1.2894736842105294 6
1.3157894736842137 24
1.3508771929824595 42
1.3859649122807052 59
1.605263157894741 39
1.6140350877193024 10
1.6315789473684252 3
1.7017543859649167 9
1.7368421052631624 15
1.7631578947368467 5
1.7982456140350924 4
1.8421052631578996 11
1.8771929824561453 35
1.8771929824561453 36
1.8859649122807067 7
1.9561403508771982 18
2.0438596491228114 6
2.0526315789473726 17
2.1842105263157907 24
2.315789473684209 25
2.3421052631578925 44
2.5964912280701675 29
2.622807017543851 7
2.6754385964912184 36
2.745614035087708 47
2.7982456140350753 6
2.859649122807004 11
2.9649122807017383 54
2.9736842105262995 1
3.0526315789473504 11
3.0526315789473504 15
3.0526315789473504 24
3.114035087719279 30
3.1315789473684013 3
3.1491228070175237 17
3.245614035087697 8
3.245614035087697 11
3.3508771929824315 7
3.421052631578921 16
3.4736842105262884 36
3.5087719298245332 20
3.5526315789473393 6
3.63157894736839 9
3.6491228070175126 25
3.6842105263157574 18
3.885964912280665 42
3.92105263157891 24
3.9298245614034713 45
4.017543859649084 17
4.0614035087718925 11
4.070175438596454 18
4.078947368421016 7
4.0877192982455774 4
4.140350877192947 27
4.149122807017509 14
4.192982456140317 0
4.192982456140317 31
4.271929824561372 36
4.271929824561372 48
4.307017543859619 6
4.31578947368418 58
4.36842105263155 15
4.438596491228044 29
4.4649122807017285 1
4.482456140350852 23
4.482456140350852 57
4.543859649122783 47
4.6315789473684 3
4.6666666666666465 41
4.763157894736825 22
4.771929824561386 11
4.78947368421051 24
4.807017543859633 7
4.815789473684195 2
4.833333333333318 53
4.84210526315788 17
4.877192982456126 5
4.938596491228058 34
4.973684210526304 59
4.982456140350866 25
4.999999999999989 18
5.035087719298236 39
5.061403508771921 6
5.070175438596483 36
5.245614035087716 28
5.289473684210524 56
5.359649122807017 37
5.403508771929825 11
5.412280701754387 40
5.508771929824565 18
5.5263157894736885 30
5.53508771929825 5
5.53508771929825 7
5.578947368421058 44
5.657894736842113 24
5.675438596491237 15
5.675438596491237 15
5.780701754385976 8
5.815789473684223 6
5.842105263157908 29
5.85087719298247 10
5.85087719298247 26
5.868421052631593 36
5.938596491228086 43
6.000000000000018 9
6.043859649122826 17
6.1315789473684426 3
6.192982456140374 33
6.201754385964936 50
6.263157894736867 7
6.315789473684237 25
6.324561403508799 48
6.333333333333361 47
6.333333333333361 47
6.4122807017544154 16
6.526315789473717 24
6.570175438596525 6
6.605263157894772 0
6.666666666666703 36
6.666666666666703 36
6.692982456140388 18
6.763157894736882 41
6.824561403508813 27
6.842105263157936 17
6.9649122807018 29
6.982456140350923 15
6.9912280701754845 7
7.000000000000046 35
7.105263157894786 57
7.2456140350877725 20
7.307017543859704 38
7.324561403508827 6
7.394736842105321 24
7.4210526315790055 59
7.464912280701814 36
7.570175438596554 49
7.631578947368485 3
7.640350877193047 17
7.6491228070176085 25
7.692982456140417 42
7.719298245614102 7
7.780701754386033 45
7.789473684210595 14
7.8245614035088416 18
7.8771929824562115 8
7.894736842105335 30
7.903508771929896 9
7.903508771929896 54
8.07894736842113 6
8.096491228070253 18
8.105263157894814 44
8.1315789473685 47
8.263157894736924 24
8.263157894736924 36
8.28947368421061 15
8.35087719298254 2
8.438596491228157 17
8.447368421052719 7
8.543859649122897 50
8.587719298245705 18
8.833333333333432 6
8.842105263157993 43
8.964912280701856 11
8.973684210526418 4
8.973684210526418 22
8.98245614035098 25
9.008771929824665 5
9.061403508772035 36
9.131578947368528 3
9.131578947368528 24
9.175438596491336 7
9.228070175438706 34
9.236842105263268 17
9.2982456140352 39
9.2982456140352 42
9.30701754385976 5
9.30701754385976 53
9.333333333333446 31
9.342105263158007 29
9.35964912280713 11
9.403508771929939 16
9.429824561403624 59
9.508771929824679 27
9.57017543859661 48
9.587719298245734 6
9.596491228070295 15
9.736842105263282 11
9.745614035087844 5
9.815789473684337 9
9.83333333333346 58
9.859649122807145 36
9.903508771929953 7
9.912280701754515 47
9.964912280701885 23
10.000000000000131 24
10.035087719298378 17
10.087719298245748 8
10.175438596491365 30
10.228070175438734 28
10.245614035087858 40
10.315789473684351 25
10.333333333333474 37
10.342105263158036 6
10.385964912280844 57
10.491228070175584 26
10.587719298245762 5
10.63157894736857 3
10.63157894736857 7
10.657894736842255 36
10.710526315789625 1
10.833333333333488 11
10.833333333333488 17
10.868421052631735 24
10.903508771929982 15
11.05263157894753 50
11.061403508772091 4
11.078947368421215 11
11.096491228070338 6
11.114035087719461 43
11.122807017544023 45
11.166666666666831 0
11.31578947368438 59
11.359649122807188 7
11.42105263157912 14
11.456140350877366 36
11.464912280701927 29
11.517543859649297 11
11.631578947368599 17
11.649122807017722 25
11.657894736842284 42
11.728070175438777 9
11.728070175438777 47
11.736842105263339 24
11.789473684210709 18
11.85087719298264 6
11.885964912280887 2
11.885964912280887 18
11.90350877193001 1
12.000000000000188 27
12.000000000000188 41
12.000000000000188 56
12.087719298245805 7
12.131578947368613 3
12.157894736842298 5
12.210526315789668 15
12.236842105263353 33
12.254385964912476 36
12.298245614035284 5
12.315789473684408 35
12.394736842105463 16
12.403508771930024 54
12.42982456140371 17
12.48245614035108 30
12.508771929824764 5
12.561403508772134 38
12.578947368421257 20
12.605263157894942 6
12.605263157894942 24
12.657894736842312 44
12.675438596491436 18
12.815789473684422 7
12.833333333333545 31
12.982456140351093 25
12.982456140351093 44
13.052631578947587 36
13.052631578947587 39
13.061403508772148 43
13.140350877193203 4
13.140350877193203 8
13.17543859649145 22
13.22807017543882 17
13.359649122807244 6
13.377192982456368 1
13.4385964912283 34
13.473684210526546 24
13.517543859649354 15
13.517543859649354 47
13.526315789473916 18
13.535087719298478 53
13.54385964912304 7
13.631578947368656 3
13.631578947368656 9
13.65789473684234 59
13.780701754386204 44
13.807017543859889 58
13.850877192982697 23
13.850877192982697 36
13.86842105263182 11
14.02631578947393 0
14.02631578947393 17
14.114035087719547 6
14.271929824561656 7
14.315789473684465 25
14.315789473684465 29
14.34210526315815 24
14.412280701754643 18
14.561403508772191 41
14.578947368421314 40
14.631578947368684 5
14.649122807017807 36
14.710526315789739 27
14.754385964912547 30
14.780701754386232 5
14.798245614035356 1
14.82456140350904 15
14.82456140350904 17
14.850877192982725 45
14.850877192982725 50
14.868421052631849 6
14.894736842105534 59
14.912280701754657 10
14.964912280702027 11
15.000000000000274 7
15.052631578947643 14
15.131578947368698 3
15.19298245614063 57
15.210526315789753 24
15.210526315789753 28
15.219298245614315 4
15.245614035088 18
15.307017543859931 37
15.307017543859931 47
15.324561403509055 20
15.385964912280986 16
15.421052631579233 2
15.447368421052918 36
15.45614035087748 5
15.535087719298534 9
15.61403508771959 29
15.622807017544151 6
15.622807017544151 17
15.649122807017836 25
15.657894736842398 39
15.66666666666696 18
15.67543859649152 56
15.710526315789767 49
15.72807017543889 7
15.72807017543889 43
16.008771929824864 5
16.008771929824864 8
16.052631578947672 44
16.078947368421357 24
16.131578947368727 15
16.19298245614066 48
16.24561403508803 36
16.280701754386275 31
16.377192982456453 6
16.42105263157926 17
16.456140350877508 7
16.614035087719618 44
16.62280701754418 41
16.63157894736874 3
16.719298245614358 5
16.877192982456467 18
16.94736842105296 24
16.982456140351207 25
17.017543859649454 29
17.026315789474015 30
17.04385964912314 36
17.04385964912314 42
17.09649122807051 47
17.131578947368755 6
17.175438596491563 1
17.184210526316125 7
17.192982456140687 50
17.21929824561437 17
17.298245614035427 4
17.31578947368455 58
17.342105263158235 18
17.342105263158235 26
17.36842105263192 22
17.403508771930166 43
17.42982456140385 9
17.438596491228413 15
17.710526315789824 38
17.728070175438948 23
17.728070175438948 53
17.79824561403544 33
17.815789473684564 24
17.833333333333687 11
17.84210526315825 36
17.85087719298281 34
17.885964912281057 6
17.912280701754742 7
17.921052631579304 18
17.964912280702112 27
17.982456140351236 35
18.00877192982492 17
18.017543859649482 18
18.070175438596852 20
18.131578947368784 3
18.192982456140715 42
18.2192982456144 0
18.31578947368458 25
18.37719298245651 16
18.38596491228107 29
18.394736842105633 18
18.456140350877565 45
18.526315789474058 54
18.552631578947743 44
18.570175438596866 11
18.570175438596866 48
18.59649122807055 57
18.614035087719675 39
18.64035087719336 6
18.64035087719336 7
18.64035087719336 36
18.684210526316168 14
18.684210526316168 24
18.7456140350881 15
18.75438596491266 5
18.80701754386003 17
18.80701754386003 18
18.877192982456524 47
18.90350877193021 41
18.95614035087758 2
19.078947368421442 49
19.201754385965305 11
19.254385964912675 1
19.298245614035483 30
19.307017543860045 59
19.368421052631977 7
19.368421052631977 9
19.37719298245654 4
19.37719298245654 56
19.39473684210566 6
19.43859649122847 36
19.535087719298648 50
19.55263157894777 24
19.587719298246018 40
19.60526315789514 17
19.631578947368826 3
19.640350877193388 44
19.64912280701795 25
20.052631578947786 15
20.087719298246032 18
20.096491228070594 7
20.149122807017964 6
20.192982456140772 28
20.22807017543902 5
20.23684210526358 36
20.271929824561827 43
20.28070175438639 37
20.28947368421095 42
20.40350877193025 17
20.421052631579375 1
20.421052631579375 5
20.421052631579375 24
20.464912280702183 59
20.535087719298676 8
20.6666666666671 47
20.684210526316225 5
20.692982456140786 58
20.701754385965348 18
20.82456140350921 7
20.885964912281143 20
20.903508771930266 6
20.938596491228513 10
20.98245614035132 25
20.98245614035132 48
21.017543859649567 0
21.03508771929869 36
21.043859649123252 29
21.043859649123252 41
21.13157894736887 3
21.175438596491677 5
21.201754385965362 17
21.210526315789924 57
21.263157894737294 9
21.28947368421098 24
21.359649122807472 15
21.368421052632034 16
21.385964912281157 11
21.438596491228527 42
21.45614035087765 4
21.482456140351335 1
21.552631578947828 7
21.56140350877239 22
21.578947368421513 30
21.657894736842568 6
21.66666666666713 23
21.67543859649169 45
21.684210526316253 11
21.8333333333338 36
21.868421052632048 31
21.87719298245661 50
21.88596491228117 18
21.88596491228117 26
21.93859649122854 39
21.947368421053103 5
21.99122807017591 18
22.000000000000473 17
22.04385964912328 34
22.052631578947842 5
22.131578947368897 53
22.157894736842582 24
22.19298245614083 27
22.280701754386445 7
22.280701754386445 18
22.280701754386445 49
22.30701754386013 14
22.315789473684692 25
22.377192982456624 59
22.41228070175487 6
22.447368421053117 47
22.491228070175925 2
22.56140350877242 1
22.587719298246103 42
22.614035087719788 18
22.63157894736891 3
22.63157894736891 36
22.666666666667158 15
22.701754385965405 29
22.710526315789966 44
22.798245614035583 17
22.859649122807514 43
22.956140350877693 54
23.008771929825063 7
23.026315789474186 24
23.035087719298748 48
23.05263157894787 11
23.15789473684261 8
23.15789473684261 9
23.166666666667172 6
23.271929824561912 33
23.289473684211035 38
23.429824561404022 36
23.47368421052683 20
23.53508771929876 4
23.53508771929876 18
23.58771929824613 17
23.649122807018063 25
23.710526315789995 0
23.73684210526368 7
23.73684210526368 18
23.73684210526368 42
23.754385964912803 56
23.85087719298298 30
23.89473684210579 24
23.921052631579474 6
23.964912280702283 58
23.973684210526844 15
24.017543859649653 5
24.131578947368954 3
24.175438596491762 11
24.201754385965447 29
24.21929824561457 50
24.228070175439132 36
24.228070175439132 47
24.342105263158434 57
24.359649122807557 16
24.385964912281242 17
24.464912280702297 7
24.552631578947913 18
24.64035087719353 5
24.675438596491777 6
24.675438596491777 41
24.763157894737393 24
24.763157894737393 44
24.885964912281256 42
24.894736842105818 27
24.921052631579503 1
24.921052631579503 18
24.982456140351434 25
25.026315789474243 36
25.06140350877249 9
25.140350877193544 5
25.16666666666723 28
25.184210526316352 17
25.192982456140914 7
25.2192982456146 39
25.254385964912846 37
25.27192982456197 15
25.32456140350934 31
25.3333333333339 44
25.38596491228127 40
25.42982456140408 6
25.464912280702325 48
25.48245614035145 49
25.500000000000572 18
25.526315789474257 11
25.53508771929882 23
25.58771929824619 5
25.59649122807075 18
25.614035087719873 4
25.614035087719873 45
25.631578947368997 3
25.631578947368997 24
25.75438596491286 22
25.824561403509353 36
25.877192982456723 8
25.894736842105846 20
25.92105263157953 7
25.929824561404093 14
25.938596491228655 1
25.982456140351463 17
26.008771929825148 47
26.02631578947427 2
26.035087719298833 42
26.043859649123394 0
26.12280701754445 30
26.18421052631638 6
26.23684210526375 34
26.315789473684806 25
26.464912280702354 26
26.473684210526915 44
26.49122807017604 5
26.49122807017604 59
26.5000000000006 24
26.54385964912341 11
26.561403508772532 50
26.578947368421655 15
26.622807017544464 36
26.631578947369025 43
26.64912280701815 7
26.65789473684271 18
26.77192982456201 57
26.780701754386573 17
26.82456140350938 18
26.87719298245675 53
26.938596491228683 6
26.964912280702368 9
27.13157894736904 3
27.18421052631641 42
27.24561403508834 1
27.35087719298308 16
27.35087719298308 29
27.368421052632204 24
27.377192982456766 7
27.421052631579574 36
27.421052631579574 41
27.482456140351506 48
27.56140350877256 5
27.578947368421684 17
27.649122807018177 25
27.65789473684274 56
27.692982456140985 4
27.692982456140985 6
27.807017543860287 47
27.88596491228134 15
27.88596491228134 54
27.903508771930465 39
27.973684210526958 35
28.017543859649766 11
28.017543859649766 59
28.105263157895383 7
28.114035087719945 43
28.122807017544506 27
28.219298245614684 11
28.219298245614684 36
28.236842105263808 24
28.271929824562054 38
28.280701754386616 33
28.333333333333986 42
28.377192982456794 17
28.394736842105917 0
28.394736842105917 30
28.447368421053287 6
28.447368421053287 58
28.631578947369082 3
28.66666666666733 31
28.684210526316452 49
28.789473684211192 11
28.833333333334 7
28.850877192983123 8
28.868421052632247 9
28.903508771930493 50
28.982456140351548 25
29.017543859649795 36
29.05263157894804 29
29.10526315789541 24
29.114035087719973 11
29.175438596491905 17
29.192982456141028 15
29.20175438596559 6
29.30701754386033 1
29.324561403509453 18
29.3596491228077 45
29.403508771930507 23
29.482456140351562 42
29.491228070176124 48
29.552631578948056 14
29.561403508772617 2
29.561403508772617 7
29.57017543859718 10
29.587719298246302 47
29.666666666667357 57
29.719298245614727 43
29.771929824562097 4
29.815789473684905 36
29.94736842105333 22
29.95614035087789 6
29.964912280702453 18
29.973684210527015 17
29.973684210527015 24
30.087719298246316 29
30.122807017544563 20
30.131578947369125 3
30.140350877193686 28
30.228070175439303 37
30.27192982456211 59
30.289473684211234 7
30.31578947368492 25
30.342105263158604 16
30.342105263158604 40
30.42982456140422 34
30.42982456140422 39
30.491228070176152 53
30.500000000000714 15
30.596491228070892 44
30.614035087720016 36
30.63157894736914 42
30.666666666667385 30
30.710526315790194 6
30.763157894737564 9
30.771929824562125 17
30.84210526315862 24
30.885964912281427 5
30.89473684210599 41
31.00877192982529 27
31.026315789474413 7
31.043859649123537 1
31.22807017543933 11
31.245614035088455 44
31.245614035088455 50
31.359649122807756 0
31.359649122807756 43
31.368421052632318 47
31.368421052632318 59
31.412280701755126 36
31.464912280702496 6
31.473684210527058 29
31.500000000000743 48
31.53508771929899 18
31.561403508772674 17
31.631578947369167 3
31.64912280701829 25
31.70175438596566 44
31.710526315790222 24
31.75438596491303 7
31.780701754386715 42
31.8070175438604 15
31.842105263158647 58
31.85087719298321 4
31.85964912280777 26
31.885964912281455 49
32.061403508772685 8
32.122807017544616 44
32.175438596491986 18
32.21052631579023 36
32.219298245614794 6
32.25438596491304 11
32.35964912280778 17
32.482456140351644 7
32.57894736842182 24
32.60526315789551 54
32.65789473684288 9
32.675438596492 57
32.68421052631656 56
32.7894736842113 20
32.86842105263236 5
32.9035087719306 31
32.912280701755165 39
32.92982456140429 42
32.93859649122885 30
32.9736842105271 6
32.98245614035166 25
33.00877192982534 36
33.04385964912359 35
33.05263157894815 33
33.09649122807096 2
33.11403508772008 15
33.131578947369206 3
33.14912280701833 47
33.15789473684289 17
33.175438596492015 14
33.21052631579026 7
33.228070175439385 43
33.27192982456219 23
33.333333333334124 16
33.342105263158686 18
33.35087719298325 44
33.394736842106056 59
33.447368421053426 24
33.500000000000796 48
33.58771929824641 50
33.710526315790275 38
33.7280701754394 6
33.807017543860454 36
33.859649122807824 5
33.88596491228151 11
33.92982456140432 4
33.93859649122888 7
33.956140350878 17
34.026315789474495 29
34.05263157894818 1
34.05263157894818 53
34.078947368421865 42
34.10526315789555 41
34.1403508771938 22
34.17543859649204 27
34.31578947368503 24
34.31578947368503 25
34.394736842106084 5
34.42105263157977 15
34.42105263157977 18
34.43859649122889 0
34.4824561403517 6
34.596491228071 9
34.605263157895564 36
34.62280701754469 34
34.63157894736925 3
34.666666666667496 7
34.666666666667496 59
34.67543859649206 45
34.75438596491311 17
34.921052631579784 8
34.929824561404345 47
34.96491228070259 18
35.087719298246455 49
35.11403508772014 28
35.18421052631663 18
35.18421052631663 24
35.20175438596576 37
35.21052631579032 30
35.21929824561488 57
35.22807017543944 42
35.236842105264 6
35.39473684210611 7
35.403508771930674 36
35.403508771930674 58
35.47368421052717 5
35.517543859649976 11
35.55263157894822 17
35.570175438597346 48
35.6491228070184 25
35.65789473684296 1
35.69298245614121 39
35.728070175439456 15
35.75438596491314 40
35.92105263157981 11
35.929824561404374 50
35.929824561404374 59
35.9473684210535 44
35.991228070176305 6
36.00000000000087 29
36.00877192982543 4
36.01754385964999 5
36.05263157894824 24
36.12280701754473 7
36.13157894736929 3
36.13157894736929 20
36.201754385965785 36
36.32456140350965 16
36.35087719298333 17
36.37719298245702 42
36.50000000000088 9
36.53508771929913 56
36.56140350877281 26
36.5877192982465 27
36.622807017544744 41
36.631578947369306 2
36.71052631579036 47
36.736842105264046 11
36.736842105264046 18
36.736842105264046 31
36.74561403508861 6
36.79824561403598 14
36.85087719298335 7
36.91228070175528 43
36.92105263157984 24
36.98245614035177 25
37.000000000000895 36
37.00877192982546 54
37.01754385965002 59
37.03508771929914 15
37.08771929824651 5
37.14035087719388 23
37.14912280701844 17
37.14912280701844 17
37.18421052631669 29
37.25438596491318 5
37.482456140351786 30
37.50000000000091 6
37.526315789474594 42
37.5701754385974 48
37.587719298246526 7
37.587719298246526 8
37.631578947369334 3
37.77192982456232 33
37.789473684211444 24
37.798245614036006 5
37.798245614036006 36
37.82456140350969 57
37.947368421053554 17
38.02631578947461 45
38.052631578948294 0
38.08771929824654 4
38.0964912280711 11
38.14035087719391 59
38.15789473684303 53
38.19298245614128 29
38.219298245614965 10
38.25438596491321 6
38.271929824562335 50
38.28947368421146 49
38.31578947368514 7
38.31578947368514 25
38.33333333333427 22
38.34210526315883 15
38.36842105263251 44
38.3947368421062 9
38.41228070175532 11
38.491228070176376 47
38.50000000000094 1
38.596491228071116 36
38.60526315789568 39
38.65789473684305 24
38.65789473684305 35
38.67543859649217 42
38.71929824561498 44
38.745614035088664 17
38.78070175438691 20
38.81578947368516 34
38.912280701755336 41
39.00000000000095 27
39.008771929825514 6
39.02631578947464 43
39.04385964912376 7
39.13157894736938 3
39.2631578947378 29
39.31578947368517 16
39.35087719298342 5
39.36842105263254 59
39.39473684210623 36
39.47368421052728 58
39.51754385965009 18
39.52631578947465 24
39.53508771929921 17
39.5614035087729 1
39.57017543859746 48
39.649122807018514 15
39.649122807018514 25
39.69298245614132 44
39.763157894737816 6
39.763157894737816 30
39.77192982456238 7
39.82456140350975 42
39.912280701755364 11
40.0877192982466 28
40.131578947369405 40
40.16666666666765 2
40.16666666666765 4
40.175438596492214 37
40.19298245614134 18
40.19298245614134 36
40.236842105264145 5
40.27192982456239 47
40.29824561403608 9
40.30701754386064 18
40.32456140350976 17
40.32456140350976 38
40.394736842106255 24
40.42105263157994 14
40.500000000000995 7
40.51754385965012 6
40.614035087720296 50
40.63157894736942 3
40.64912280701854 0
40.815789473685214 1
40.8421052631589 5
40.9561403508782 15
40.973684210527324 42
40.982456140351886 25
40.99122807017645 36
41.04385964912382 23
41.09649122807119 29
41.11403508772031 41
41.12280701754487 17
41.184210526316804 59
41.21929824561505 43
41.22807017543961 7
41.26315789473786 24
41.27192982456242 6
41.27192982456242 45
41.298245614036105 11
41.30701754386067 54
41.32456140350979 18
41.33333333333435 31
41.42105263157997 8
41.4824561403519 57
41.49122807017646 49
41.570175438597516 48
41.75438596491331 39
41.78947368421156 36
41.85964912280805 53
41.92105263157998 17
41.94736842105367 56
41.95614035087823 7
41.96491228070279 20
42.02631578947472 6
42.035087719299284 30
42.05263157894841 47
42.087719298246654 26
42.087719298246654 27
42.1228070175449 42
42.13157894736946 3
42.13157894736946 24
42.201754385965955 9
42.245614035088764 4
42.26315789473789 15
42.307017543860695 16
42.31578947368526 25
42.33333333333438 5
42.48245614035193 29
42.517543859650175 18
42.52631578947474 22
42.58771929824667 36
42.684210526316846 7
42.71929824561509 17
42.75438596491334 58
42.780701754387024 6
42.95614035087826 50
43.000000000001066 24
43.00877192982563 34
43.043859649123874 11
43.105263157895806 5
43.27192982456248 42
43.29824561403616 43
43.32456140350985 11
43.38596491228178 36
43.4035087719309 18
43.4035087719309 59
43.41228070175546 7
43.41228070175546 10
43.48245614035196 35
43.5175438596502 17
43.526315789474765 8
43.53508771929933 6
43.54385964912389 1
43.57017543859757 15
43.57017543859757 41
43.57017543859757 48
43.631578947369505 3
43.631578947369505 11
43.64912280701863 25
43.67543859649231 33
43.701754385966 2
43.71929824561512 0
43.83333333333442 47
43.86842105263267 24
43.87719298245723 11
44.000000000001094 44
44.0438596491239 14
44.09649122807127 9
44.09649122807127 11
44.14035087719408 7
44.18421052631689 36
44.28947368421163 6
44.30701754386075 30
44.315789473685314 17
44.324561403509875 4
44.39473684210637 40
44.421052631580054 42
44.43859649122918 18
44.47368421052742 20
44.50000000000111 27
44.50877192982567 44
44.6842105263169 59
44.692982456141465 49
44.70175438596603 39
44.73684210526427 24
44.8684210526327 7
44.87719298245726 15
44.88596491228182 43
44.912280701755506 45
44.94736842105375 23
44.964912280702876 57
44.982456140352 25
44.982456140352 36
45.04385964912393 6
45.061403508773054 28
45.10526315789586 29
45.114035087720424 17
45.13157894736955 3
45.14912280701867 37
45.29824561403622 16
45.29824561403622 50
45.3947368421064 1
45.41228070175552 11
45.543859649123945 38
45.57017543859763 42
45.57017543859763 48
45.596491228071315 7
45.60526315789588 24
45.61403508772044 47
45.68421052631693 54
45.69298245614149 56
45.71929824561518 18
45.78070175438711 36
45.79824561403623 6
45.815789473685356 18
45.8508771929836 5
45.90350877193097 17
45.921052631580096 44
45.921052631580096 53
46.00000000000115 9
46.00877192982571 8
46.175438596492384 41
46.184210526316946 15
46.31578947368537 25
46.32456140350993 7
46.40350877193099 4
46.47368421052748 24
46.552631578948535 6
46.57894736842222 36
46.58771929824678 30
46.63157894736959 3
46.69298245614152 59
46.70175438596608 17
46.710526315790645 43
46.71929824561521 22
46.71929824561521 42
46.75438596491345 29
46.94736842105381 18
46.99122807017662 0
47.05263157894855 7
47.078947368422234 39
47.140350877194166 27
47.2017543859661 34
47.236842105264344 2
47.30701754386084 6
47.33333333333452 11
47.342105263159084 24
47.37719298245733 36
47.394736842106454 47
47.49122807017663 15
47.500000000001194 17
47.57017543859769 48
47.64035087719418 50
47.64912280701874 25
47.64912280701874 57
47.666666666667865 14
47.78070175438717 7
47.86842105263278 42
47.89473684210647 5
47.89473684210647 49
47.90350877193103 9
47.96491228070296 26
47.96491228070296 31
48.035087719299455 5
48.06140350877314 6
48.096491228071386 18
48.13157894736963 3
48.15789473684332 11
48.17543859649244 1
48.17543859649244 36
48.21052631579069 24
48.28947368421174 16
48.298245614036304 8
48.298245614036304 17
48.307017543860866 59
48.33333333333455 20
48.4824561403521 4
48.508771929825784 7
48.53508771929947 29
48.79824561403632 15
48.81578947368544 6
48.81578947368544 23
48.85087719298369 33
48.85964912280825 30
48.90350877193106 40
48.97368421052755 36
48.98245614035211 25
49.000000000001236 35
49.01754385965036 42
49.07894736842229 24
49.08771929824685 41
49.096491228071415 17
49.1228070175451 11
49.17543859649247 47
49.2368421052644 7
49.39473684210651 59
49.412280701755634 18
49.45614035087844 11
49.50877192982581 10
49.55263157894862 27
49.570175438597744 6
49.570175438597744 48
49.631578947369675 3
49.736842105264415 18
49.74561403508898 29
49.77192982456266 36
49.79824561403635 9
49.894736842106525 17
49.90350877193109 39
49.947368421053895 24
49.96491228070302 7
49.98245614035214 50
50.000000000001265 54
50.03508771929951 28
50.04385964912407 58
50.061403508773196 45
50.105263157896005 15
50.114035087720566 11
50.12280701754513 5
50.12280701754513 37
50.157894736843375 53
50.166666666667936 42
50.30701754386092 56
50.315789473685484 25
50.324561403510046 6
50.429824561404786 43
50.46491228070303 5
50.526315789474964 57
50.56140350877321 4
50.57017543859777 36
50.692982456141635 17
50.7017543859662 7
50.77192982456269 2
50.8157894736855 24
50.82456140351006 18
50.850877192983745 0
50.91228070175568 22
50.956140350878485 47
51.0438596491241 59
51.07894736842235 6
51.09649122807147 49
51.13157894736972 3
51.13157894736972 41
51.14035087719428 30
51.280701754387266 16
51.28947368421183 14
51.31578947368551 42
51.36842105263288 36
51.39473684210657 34
51.40350877193113 20
51.41228070175569 15
51.429824561404814 7
51.491228070176746 17
51.55263157894868 31
51.5701754385978 44
51.5701754385978 48
51.61403508772061 18
51.649122807018855 8
51.649122807018855 25
51.65789473684342 1
51.6842105263171 24
51.692982456141664 9
51.72807017543991 18
51.83333333333465 6
51.964912280703075 27
51.99122807017676 5
52.15789473684343 7
52.16666666666799 36
52.16666666666799 38
52.228070175439925 44
52.289473684211856 17
52.3245614035101 50
52.42982456140484 29
52.438596491229404 39
52.46491228070309 42
52.552631578948706 24
52.58771929824695 6
52.63157894736976 3
52.64035087719432 4
52.67543859649257 11
52.68421052631713 23
52.71929824561538 15
52.7368421052645 47
52.78070175438731 59
52.88596491228205 7
52.9649122807031 36
52.98245614035223 25
53.08771929824697 17
53.11403508772065 1
53.32456140351013 40
53.342105263159254 6
53.403508771931186 18
53.41228070175575 30
53.42105263158031 24
53.48245614035224 45
53.48245614035224 57
53.57017543859786 48
53.57894736842242 11
53.59649122807154 9
53.614035087720666 7
53.614035087720666 42
53.63157894736979 29
53.763157894738214 36
53.771929824562775 33
53.771929824562775 41
53.7894736842119 26
53.815789473685584 20
53.84210526315927 43
53.88596491228208 17
53.921052631580324 18
53.929824561404885 11
53.95614035087857 10
53.982456140352255 0
54.00000000000138 58
54.02631578947506 15
54.02631578947506 56
54.07894736842243 35
54.09649122807156 6
54.1315789473698 3
54.245614035089105 53
54.27192982456279 16
54.28947368421191 24
54.298245614036475 49
54.307017543861036 2
54.3157894736856 25
54.34210526315928 7
54.37719298245753 27
54.38596491228209 11
54.403508771931214 5
54.412280701755776 59
54.517543859650516 47
54.561403508773324 36
54.63157894736982 5
54.64035087719438 18
54.666666666668064 50
54.675438596492626 17
54.719298245615434 4
54.74561403508912 5
54.76315789473824 42
54.76315789473824 42
54.771929824562804 18
54.80701754386105 1
54.85087719298386 6
54.91228070175579 14
54.982456140352284 5
55.00877192982597 28
55.0701754385979 7
55.096491228071585 37
55.10526315789615 22
55.15789473684352 24
55.307017543861065 11
55.307017543861065 29
55.33333333333475 15
55.359649122808435 36
55.43859649122949 43
55.473684210527736 17
55.50000000000142 9
55.526315789475106 31
55.53508771929967 54
55.570175438597914 48
55.58771929824704 34
55.60526315789616 6
55.622807017545284 59
55.631578947369846 3
55.64912280701897 25
55.675438596492654 18
55.684210526317216 30
55.79824561403652 7
55.81578947368564 41
55.91228070175582 42
55.95614035087863 11
55.991228070176874 57
56.02631578947512 24
56.157894736843545 36
56.17543859649267 11
56.27192982456285 17
56.29824561403653 47
56.35964912280846 6
56.43859649122952 1
56.535087719299696 7
56.535087719299696 39
56.55263157894882 23
56.640350877194436 15
56.65789473684356 20
56.789473684211984 27
56.798245614036546 4
56.894736842106724 24
56.956140350878655 36
56.96491228070322 45
56.98245614035234 25
57.008771929826025 50
57.061403508773395 42
57.07017543859796 17
57.114035087720765 6
57.13157894736989 3
57.26315789473831 16
57.271929824562875 7
57.4035087719313 9
57.47368421052779 38
57.491228070176916 18
57.50000000000148 1
57.50000000000148 49
57.55263157894885 43
57.57017543859797 11
57.57017543859797 48
57.587719298247094 29
57.754385964913766 36
57.76315789473833 24
57.807017543861136 40
57.84210526315938 2
57.859649122808506 41
57.86842105263307 6
57.86842105263307 17
57.903508771931314 53
57.92105263158044 56
57.94736842105412 15
57.956140350878684 30
57.98245614035237 8
58.00000000000149 7
58.07894736842255 47
58.21052631579097 42
58.26315789473834 11
58.28947368421203 33
58.31578947368571 25
58.31578947368571 25
58.39473684210677 26
58.40350877193133 44
58.53508771929975 14
58.552631578948876 36
58.62280701754537 6
58.63157894736993 3
58.63157894736993 24
58.66666666666818 17
58.72807017544011 7
58.78947368421204 11
58.82456140351029 10
58.87719298245766 4
58.95614035087871 57
59.00000000000152 43
59.04385964912433 29
59.04385964912433 58
59.16666666666819 35
59.20175438596644 27
59.210526315791 0
59.236842105264685 11
59.25438596491381 15
59.28070175438749 39
59.29824561403662 9
59.29824561403662 22
59.35087719298399 36
59.35087719298399 50
59.35964912280855 42
59.37719298245767 6
59.45614035087873 7
59.46491228070329 17
59.500000000001535 24
59.57017543859803 48
59.614035087720836 44
59.64912280701908 25
59.67543859649277 11
59.78070175438751 34
59.85964912280856 47
59.868421052633124 11
59.89473684210681 5
59.90350877193137 41
59.982456140352426 28
