0.043859649122807015 1
0.043859649122807015 54
0.05263157894736842 53
0.06140350877192982 45
0.10526315789473684 22
0.13157894736842105 47
0.14035087719298245 43
0.15789473684210525 27
0.15789473684210525 48
0.3070175438596493 34
0.31578947368421073 4
0.3333333333333336 31
0.35087719298245645 25
0.43859649122807076 58
0.4473684210526322 17
0.4561403508771936 41
0.46491228070175505 20
0.46491228070175505 28
0.5175438596491236 26
0.6578947368421065 39
0.7017543859649137 32
0.7368421052631594 24
0.7631578947368437 23
0.8771929824561423 5
0.8859649122807037 15
0.8947368421052652 16
0.912280701754388 29
0.912280701754388 37
0.9385964912280723 36
1.0263157894736865 50
1.0614035087719322 40
1.096491228070178 7
1.157894736842108 1
1.1666666666666694 57
1.219298245614038 38
1.2982456140350909 30
1.2982456140350909 59
1.3157894736842137 42
1.3947368421052666 14
1.403508771929828 6
1.4122807017543895 2
1.4736842105263195 12
1.605263157894741 0
1.605263157894741 24
1.6228070175438638 43
1.7368421052631624 17
1.8333333333333381 7
1.8333333333333381 36
1.912280701754391 18
1.9561403508771982 47
1.9649122807017596 44
2.114035087719301 8
2.1315789473684235 6
2.1403508771929847 29
2.149122807017546 48
2.201754385964913 15
2.271929824561403 11
2.359649122807015 1
2.4736842105263106 24
2.5614035087719227 7
2.6842105263157796 5
2.7280701754385857 36
2.7543859649122693 17
2.859649122807004 6
2.90350877192981 11
2.9649122807017383 42
2.999999999999983 12
2.999999999999983 41
3.1491228070175237 44
3.2368421052631358 43
3.2631578947368194 25
3.289473684210503 7
3.3157894736841866 4
3.3421052631578703 24
3.421052631578921 27
3.4385964912280436 11
3.5087719298245332 15
3.5087719298245332 50
3.587719298245584 6
3.5964912280701453 30
3.622807017543829 36
3.789473684210492 11
3.789473684210492 47
3.8070175438596143 16
3.833333333333298 57
3.842105263157859 44
3.9035087719297876 17
3.9298245614034713 59
4.008771929824523 29
4.017543859649084 7
4.070175438596454 31
4.175438596491194 0
4.210526315789441 24
4.228070175438564 45
4.2894736842104955 53
4.298245614035057 39
4.31578947368418 6
4.350877192982427 22
4.359649122806989 8
4.394736842105235 54
4.42105263157892 48
4.447368421052605 58
4.47368421052629 11
4.517543859649098 34
4.517543859649098 36
4.52631578947366 42
4.561403508771907 5
4.596491228070153 25
4.614035087719277 44
4.6666666666666465 23
4.701754385964893 32
4.7192982456140165 18
4.745614035087701 7
4.815789473684195 15
5.043859649122798 6
5.070175438596483 14
5.078947368421044 24
5.157894736842099 5
5.289473684210524 11
5.2982456140350855 41
5.315789473684209 10
5.315789473684209 17
5.315789473684209 40
5.412280701754387 36
5.456140350877195 26
5.473684210526319 7
5.5263157894736885 28
5.5526315789473735 20
5.58771929824562 29
5.614035087719305 47
5.736842105263168 1
5.771929824561415 6
5.7982456140351 59
5.807017543859661 44
5.885964912280716 30
5.885964912280716 37
5.9298245614035245 25
5.947368421052648 24
6.017543859649141 11
6.017543859649141 56
6.105263157894758 27
6.122807017543881 15
6.1315789473684426 44
6.201754385964936 7
6.289473684210552 57
6.307017543859676 2
6.307017543859676 36
6.500000000000032 6
6.526315789473717 50
6.6140350877193335 8
6.719298245614073 16
6.745614035087758 17
6.798245614035128 11
6.8157894736842515 24
6.833333333333375 9
6.842105263157936 29
6.929824561403553 7
6.956140350877238 5
6.973684210526361 4
6.973684210526361 38
6.9912280701754845 3
7.061403508771978 12
7.201754385964964 36
7.228070175438649 6
7.263157894736896 25
7.377192982456197 11
7.429824561403567 15
7.473684210526375 47
7.491228070175499 18
7.561403508771992 17
7.65789473684217 7
7.6754385964912935 11
7.684210526315855 24
7.692982456140417 45
7.728070175438663 18
7.798245614035157 43
7.885964912280773 1
7.885964912280773 59
7.903508771929896 5
7.956140350877266 6
7.97368421052639 18
7.982456140350951 31
8.017543859649198 42
8.096491228070253 36
8.149122807017623 41
8.166666666666746 30
8.263157894736924 53
8.333333333333417 3
8.385964912280787 7
8.45614035087728 17
8.526315789473774 11
8.535087719298335 27
8.552631578947459 24
8.596491228070267 25
8.605263157894829 22
8.649122807017637 54
8.657894736842199 9
8.684210526315884 6
8.692982456140445 0
8.710526315789568 14
8.736842105263253 15
8.885964912280802 23
8.894736842105363 57
8.92982456140361 50
8.991228070175541 36
9.026315789473788 44
9.026315789473788 48
9.052631578947473 8
9.08771929824572 32
9.08771929824572 39
9.105263157894843 1
9.114035087719405 7
9.210526315789583 58
9.219298245614144 4
9.228070175438706 5
9.271929824561514 17
9.280701754386076 59
9.289473684210638 47
9.35964912280713 42
9.368421052631692 18
9.4122807017545 6
9.421052631579062 24
9.508771929824679 40
9.631578947368542 16
9.67543859649135 3
9.719298245614159 44
9.842105263158022 2
9.842105263158022 7
9.859649122807145 18
9.868421052631707 34
9.88596491228083 36
9.929824561403638 25
10.017543859649255 20
10.04385964912294 15
10.04385964912294 44
10.078947368421186 17
10.140350877193118 6
10.175438596491365 26
10.263157894736981 5
10.289473684210666 24
10.30701754385979 29
10.35964912280716 41
10.377192982456283 43
10.447368421052776 30
10.500000000000146 9
10.561403508772077 18
10.561403508772077 28
10.570175438596639 7
10.587719298245762 42
10.780701754386119 36
10.833333333333488 59
10.84210526315805 1
10.859649122807173 37
10.868421052631735 6
10.877192982456297 17
11.017543859649283 3
11.043859649122968 45
11.078947368421215 48
11.1052631578949 47
11.15789473684227 24
11.201754385965078 56
11.26315789473701 25
11.280701754386133 27
11.307017543859818 7
11.350877192982626 15
11.596491228070352 6
11.649122807017722 8
11.675438596491407 17
11.675438596491407 36
11.868421052631764 39
11.947368421052818 31
12.026315789473873 24
12.035087719298435 7
12.043859649122997 57
12.06140350877212 11
12.078947368421243 4
12.131578947368613 12
12.149122807017736 18
12.315789473684408 9
12.32456140350897 6
12.342105263158093 14
12.359649122807216 3
12.456140350877394 59
12.473684210526518 17
12.48245614035108 20
12.500000000000203 29
12.54385964912301 16
12.561403508772134 58
12.570175438596696 36
12.578947368421257 18
12.578947368421257 53
12.59649122807038 25
12.657894736842312 15
12.657894736842312 41
12.745614035087929 30
12.763157894737052 7
12.824561403508984 23
12.850877192982669 22
12.894736842105477 24
12.929824561403723 47
13.052631578947587 6
13.07017543859671 32
13.271929824561628 17
13.315789473684436 5
13.33333333333356 18
13.377192982456368 2
13.4385964912283 42
13.456140350877423 1
13.464912280701984 36
13.49122807017567 7
13.570175438596724 43
13.622807017544094 50
13.684210526316026 0
13.701754385965149 3
13.745614035087957 11
13.76315789473708 24
13.780701754386204 6
13.92105263157919 27
13.929824561403752 25
13.964912280701999 15
14.070175438596738 17
14.087719298245862 8
14.096491228070423 40
14.096491228070423 48
14.122807017544108 9
14.18421052631604 59
14.219298245614286 7
14.228070175438848 11
14.23684210526341 4
14.315789473684465 34
14.359649122807273 36
14.368421052631835 29
14.39473684210552 54
14.464912280702013 38
14.473684210526574 5
14.482456140351136 57
14.508771929824821 6
14.631578947368684 24
14.7192982456143 45
14.754385964912547 47
14.77192982456167 41
14.789473684210794 26
14.859649122807287 11
14.868421052631849 17
14.947368421052904 7
14.973684210526589 5
15.017543859649397 30
15.043859649123082 3
15.070175438596767 42
15.114035087719575 11
15.166666666666945 12
15.228070175438877 20
15.236842105263438 6
15.254385964912561 36
15.263157894737123 25
15.271929824561685 15
15.280701754386246 18
15.368421052631863 31
15.45614035087748 10
15.45614035087748 16
15.500000000000288 24
15.526315789473973 11
15.56140350877222 59
15.605263157895028 28
15.66666666666696 17
15.67543859649152 7
15.72807017543889 11
15.745614035088014 18
15.763157894737137 44
15.83333333333363 37
15.921052631579247 9
15.929824561403809 11
15.964912280702055 6
15.973684210526617 14
15.982456140351179 0
16.008771929824864 58
16.04385964912311 50
16.122807017544165 11
16.14912280701785 36
16.271929824561713 5
16.280701754386275 12
16.31578947368452 4
16.31578947368452 11
16.36842105263189 24
16.385964912281015 3
16.403508771930138 7
16.429824561403823 18
16.456140350877508 17
16.508771929824878 11
16.535087719298563 59
16.57017543859681 18
16.57894736842137 15
16.596491228070494 25
16.596491228070494 47
16.62280701754418 48
16.692982456140673 6
16.701754385965234 11
16.701754385965234 18
16.710526315789796 23
16.89473684210559 11
16.912280701754714 2
16.921052631579276 41
16.964912280702084 8
16.964912280702084 29
17.04385964912314 36
17.0526315789477 57
17.087719298245947 11
17.087719298245947 22
17.131578947368755 7
17.184210526316125 53
17.236842105263495 24
17.236842105263495 27
17.25438596491262 17
17.280701754386303 11
17.289473684210865 30
17.394736842105605 12
17.42105263157929 6
17.47368421052666 11
17.508771929824906 44
17.53508771929859 32
17.570175438596838 1
17.5789473684214 20
17.666666666667016 11
17.701754385965263 18
17.710526315789824 9
17.728070175438948 3
17.815789473684564 39
17.859649122807372 7
17.859649122807372 11
17.868421052631934 18
17.885964912281057 15
17.929824561403866 25
17.938596491228427 36
18.05263157894773 11
18.05263157894773 17
18.1052631578951 24
18.149122807017907 6
18.245614035088085 11
18.350877192982825 0
18.36842105263195 16
18.38596491228107 5
18.394736842105633 4
18.403508771930195 56
18.412280701754757 47
18.43859649122844 11
18.508771929824935 12
18.58771929824599 7
18.622807017544236 40
18.631578947368798 11
18.710526315789853 48
18.824561403509154 11
18.833333333333716 34
18.833333333333716 36
18.85087719298284 17
18.877192982456524 6
18.90350877193021 43
18.973684210526702 24
19.01754385964951 11
19.01754385964951 59
19.07017543859688 3
19.096491228070565 41
19.11403508771969 31
19.131578947368812 8
19.192982456140744 15
19.210526315789867 11
19.263157894737237 25
19.315789473684607 7
19.403508771930223 11
19.44736842105303 54
19.508771929824963 5
19.508771929824963 9
19.570175438596895 26
19.570175438596895 30
19.59649122807058 11
19.60526315789514 6
19.60526315789514 14
19.622807017544265 12
19.64912280701795 17
19.728070175439004 36
19.789473684210936 11
19.842105263158306 24
19.903508771930237 42
19.92105263157936 20
19.92105263157936 27
19.982456140351292 11
20.035087719298662 1
20.035087719298662 58
20.043859649123224 7
20.07017543859691 59
20.07894736842147 57
20.105263157895156 29
20.17543859649165 11
20.17543859649165 39
20.22807017543902 47
20.33333333333376 6
20.368421052632005 11
20.412280701754813 3
20.44736842105306 2
20.44736842105306 17
20.473684210526745 4
20.50000000000043 15
20.56140350877236 11
20.56140350877236 11
20.578947368421485 43
20.587719298246046 23
20.596491228070608 5
20.596491228070608 25
20.622807017544293 36
20.640350877193416 28
20.65789473684254 0
20.71052631578991 24
20.736842105263595 12
20.754385964912718 11
20.77192982456184 7
20.807017543860088 37
20.87719298245658 53
20.903508771930266 5
20.947368421053074 11
20.97368421052676 45
21.052631578947814 59
21.061403508772376 6
21.061403508772376 44
21.0789473684215 48
21.14035087719343 11
21.18421052631624 29
21.228070175439047 8
21.228070175439047 18
21.23684210526361 17
21.280701754386417 16
21.307017543860102 9
21.324561403509225 22
21.333333333333787 11
21.50000000000046 7
21.51754385964958 36
21.526315789474143 11
21.578947368421513 24
21.657894736842568 18
21.7192982456145 11
21.754385964912746 3
21.789473684210993 6
21.807017543860116 15
21.850877192982924 12
21.850877192982924 30
21.894736842105733 5
21.912280701754856 11
21.92982456140398 25
21.93859649122854 1
22.000000000000473 50
22.03508771929872 17
22.04385964912328 47
22.105263157895212 11
22.122807017544336 32
22.228070175439075 7
22.25438596491276 20
22.29824561403557 11
22.30701754386013 41
22.315789473684692 42
22.41228070175487 36
22.447368421053117 24
22.491228070175925 11
22.51754385964961 6
22.552631578947857 4
22.666666666667158 49
22.68421052631628 11
22.68421052631628 43
22.710526315789966 44
22.719298245614528 39
22.73684210526365 56
22.754385964912775 27
22.83333333333383 17
22.877192982456638 11
22.929824561404008 31
22.956140350877693 7
22.964912280702254 12
23.070175438596994 11
23.09649122807068 3
23.10526315789524 9
23.10526315789524 59
23.114035087719802 15
23.166666666667172 18
23.228070175439104 14
23.245614035088227 6
23.26315789473735 11
23.26315789473735 25
23.298245614035597 38
23.30701754386016 36
23.31578947368472 24
23.377192982456652 5
23.385964912281214 0
23.456140350877707 11
23.561403508772447 34
23.63157894736894 17
23.649122807018063 11
23.68421052631631 7
23.73684210526368 5
23.84210526315842 11
23.877192982456666 44
23.885964912281228 47
23.973684210526844 6
23.982456140351406 2
24.00877192982509 54
24.035087719298776 11
24.078947368421584 12
24.122807017544392 30
24.184210526316324 24
24.192982456140886 16
24.201754385965447 36
24.21929824561457 10
24.21929824561457 45
24.228070175439132 11
24.307017543860187 59
24.359649122807557 57
24.394736842105804 50
24.412280701754927 7
24.42105263157949 11
24.42105263157949 15
24.42982456140405 17
24.438596491228612 3
24.464912280702297 23
24.47368421052686 40
24.52631578947423 1
24.58771929824616 8
24.58771929824616 20
24.59649122807072 25
24.605263157895283 42
24.614035087719845 11
24.63157894736897 4
24.68421052631634 48
24.6929824561409 5
24.70175438596546 6
24.70175438596546 53
24.8070175438602 11
24.824561403509325 5
24.868421052632133 58
24.894736842105818 9
24.95614035087775 26
25.000000000000558 11
25.026315789474243 44
25.052631578947928 24
25.06140350877249 43
25.096491228070736 36
25.140350877193544 7
25.184210526316352 27
25.192982456140914 11
25.192982456140914 12
25.22807017543916 17
25.38596491228127 11
25.403508771930394 39
25.421052631579517 18
25.42982456140408 6
25.464912280702325 59
25.552631578947942 18
25.561403508772504 22
25.578947368421627 11
25.675438596491805 28
25.70175438596549 47
25.728070175439175 15
25.771929824561983 11
25.780701754386545 3
25.780701754386545 37
25.798245614035668 1
25.86842105263216 7
25.92105263157953 24
25.929824561404093 25
25.96491228070234 11
25.991228070176025 36
26.02631578947427 17
26.02631578947427 41
26.07894736842164 44
26.12280701754445 0
26.157894736842696 6
26.157894736842696 11
26.307017543860244 12
26.350877192983052 11
26.403508771930422 30
26.482456140351477 59
26.54385964912341 11
26.587719298246217 31
26.59649122807078 7
26.675438596491833 43
26.692982456140957 9
26.71052631579008 4
26.736842105263765 11
26.789473684211135 24
26.82456140350938 17
26.850877192983067 14
26.885964912281313 6
26.885964912281313 36
26.92105263157956 20
26.92982456140412 11
26.938596491228683 18
26.97368421052693 32
27.008771929825176 57
27.03508771929886 15
27.052631578947985 5
27.105263157895354 16
27.122807017544478 3
27.122807017544478 11
27.210526315790094 48
27.228070175439218 44
27.263157894737464 25
27.315789473684834 11
27.324561403509396 7
27.421052631579574 12
27.50877192982519 11
27.517543859649752 2
27.517543859649752 47
27.596491228070807 42
27.61403508771993 6
27.622807017544492 17
27.65789473684274 24
27.701754385965547 11
27.745614035088355 8
27.7807017543866 36
27.894736842105903 11
27.93859649122871 18
27.98245614035152 44
28.026315789474328 1
28.052631578948013 7
28.061403508772575 50
28.08771929824626 11
28.263157894737493 59
28.280701754386616 11
28.280701754386616 41
28.29824561403574 29
28.342105263158548 6
28.342105263158548 15
28.342105263158548 18
28.35087719298311 10
28.35087719298311 23
28.40350877193048 27
28.41228070175504 17
28.41228070175504 38
28.421052631579602 43
28.46491228070241 3
28.473684210526972 11
28.482456140351534 9
28.526315789474342 24
28.535087719298904 12
28.596491228070835 25
28.66666666666733 11
28.67543859649189 30
28.67543859649189 36
28.78070175438663 7
28.789473684211192 0
28.789473684211192 4
28.859649122807685 11
28.921052631579617 42
29.04385964912348 54
29.05263157894804 11
29.061403508772603 18
29.070175438597165 6
29.10526315789541 40
29.166666666667343 44
29.21052631579015 17
29.219298245614713 1
29.245614035088398 11
29.25438596491296 20
29.289473684211206 5
29.350877192983138 47
29.394736842105946 24
29.41228070175507 26
29.438596491228754 11
29.508771929825247 7
29.57017543859718 36
29.596491228070864 34
29.62280701754455 58
29.63157894736911 11
29.649122807018234 12
29.649122807018234 15
29.67543859649192 59
29.692982456141042 18
29.745614035088412 5
29.798245614035782 6
29.798245614035782 22
29.798245614035782 57
29.807017543860344 3
29.824561403509467 11
29.859649122807713 48
29.929824561404207 25
30.00877192982526 17
30.017543859649823 11
30.017543859649823 16
30.078947368421755 8
30.21052631579018 11
30.21929824561474 53
30.236842105263865 7
30.26315789473755 24
30.27192982456211 9
30.36842105263229 18
30.403508771930536 11
30.403508771930536 41
30.438596491228783 5
30.464912280702467 36
30.47368421052703 14
30.5263157894744 6
30.53508771929896 43
30.596491228070892 11
30.710526315790194 28
30.754385964913002 37
30.763157894737564 12
30.771929824562125 1
30.78947368421125 11
30.807017543860372 17
30.815789473684934 5
30.868421052632304 4
30.929824561404235 18
30.95614035087792 15
30.95614035087792 30
30.96491228070248 7
30.973684210527043 50
30.982456140351605 11
31.01754385964985 42
31.026315789474413 59
31.052631578948098 2
31.131578947369153 24
31.149122807018276 3
31.1666666666674 47
31.17543859649196 11
31.21929824561477 5
31.245614035088455 56
31.254385964913016 6
31.263157894737578 25
31.307017543860386 39
31.359649122807756 36
31.368421052632318 11
31.42982456140425 18
31.447368421053373 32
31.447368421053373 45
31.561403508772674 11
31.58771929824636 20
31.605263157895482 17
31.6929824561411 7
31.70175438596566 18
31.75438596491303 11
31.877192982456894 12
31.91228070175514 27
31.929824561404264 31
31.947368421053387 11
31.982456140351633 6
32.00000000000075 24
32.05263157894812 44
32.061403508772685 9
32.07894736842181 59
32.14035087719374 11
32.20175438596567 10
32.219298245614794 23
32.25438596491304 36
32.2631578947376 15
32.271929824562164 8
32.333333333334096 11
32.34210526315866 29
32.40350877193059 17
32.42105263157971 7
32.491228070176206 3
32.52631578947445 11
32.52631578947445 44
32.55263157894814 1
32.57017543859726 0
32.596491228070946 25
32.63157894736919 43
32.71052631579025 6
32.71052631579025 41
32.71929824561481 11
32.86842105263236 24
32.912280701755165 11
32.92982456140429 16
32.93859649122885 57
32.94736842105341 4
32.98245614035166 47
32.99122807017622 12
33.10526315789552 11
33.14912280701833 7
33.14912280701833 36
33.2017543859657 17
33.228070175439385 30
33.29824561403588 11
33.333333333334124 42
33.42105263157974 5
33.438596491228864 6
33.491228070176234 11
33.543859649123604 38
33.57017543859729 15
33.68421052631659 11
33.7280701754394 54
33.73684210526396 24
33.79824561403589 34
33.83333333333414 3
33.85087719298326 9
33.87719298245695 7
33.87719298245695 11
33.921052631579755 1
33.921052631579755 18
33.921052631579755 20
33.92982456140432 25
33.93859649122888 40
33.96491228070256 44
33.99122807017625 17
34.01754385964993 39
34.03508771929906 22
34.04385964912362 36
34.0701754385973 11
34.09649122807099 14
34.10526315789555 12
34.1403508771938 18
34.16666666666748 6
34.192982456141166 59
34.26315789473766 11
34.456140350878016 11
34.58771929824644 2
34.605263157895564 7
34.605263157895564 24
34.614035087720126 50
34.64912280701837 11
34.78947368421136 17
34.79824561403592 47
34.84210526315873 11
34.868421052632414 27
34.877192982456975 15
34.8947368421061 6
34.93859649122891 36
34.982456140351715 41
35.02631578947452 4
35.035087719299085 11
35.07017543859733 45
35.17543859649207 3
35.21929824561488 12
35.22807017543944 11
35.245614035088565 58
35.26315789473769 25
35.26315789473769 44
35.31578947368506 53
35.34210526315874 7
35.39473684210611 29
35.4210526315798 11
35.43859649122892 32
35.47368421052717 24
35.47368421052717 48
35.508771929825414 30
35.508771929825414 43
35.58771929824647 17
35.614035087720154 11
35.622807017544716 6
35.63157894736928 0
35.6491228070184 9
35.728070175439456 37
35.74561403508858 28
35.80701754386051 11
35.824561403509634 5
35.824561403509634 59
35.833333333334195 36
35.84210526315876 16
35.885964912281565 1
35.95614035087806 18
36.00000000000087 11
36.043859649123675 5
36.05263157894824 10
36.07017543859736 7
36.12280701754473 23
36.15789473684298 31
36.18421052631666 15
36.19298245614122 11
36.19298245614122 18
36.254385964913155 20
36.32456140350965 57
36.33333333333421 12
36.34210526315877 24
36.35087719298333 6
36.38596491228158 11
36.38596491228158 17
36.50000000000088 26
36.517543859650004 3
36.578947368421936 11
36.59649122807106 25
36.61403508772018 47
36.622807017544744 5
36.622807017544744 8
36.66666666666755 29
36.728070175439484 36
36.77192982456229 11
36.79824561403598 7
36.8157894736851 59
36.894736842106155 5
36.96491228070265 11
37.07894736842195 6
37.105263157895635 4
37.157894736843005 11
37.18421052631669 17
37.20175438596581 18
37.210526315790375 24
37.30701754386055 5
37.35087719298336 11
37.38596491228161 18
37.43859649122898 9
37.44736842105354 12
37.4561403508781 42
37.49122807017635 15
37.526315789474594 7
37.54385964912372 11
37.62280701754477 36
37.67543859649214 5
37.71929824561495 14
37.736842105264074 11
37.7543859649132 50
37.78070175438688 30
37.80701754386057 6
37.82456140350969 1
37.850877192983376 48
37.85964912280794 3
37.88596491228162 43
37.92982456140443 11
37.92982456140443 25
37.92982456140443 44
37.947368421053554 54
37.956140350878115 59
37.9824561403518 17
38.052631578948294 27
38.07894736842198 24
38.12280701754479 2
38.12280701754479 11
38.14912280701847 18
38.25438596491321 7
38.271929824562335 22
38.31578947368514 11
38.324561403509705 45
38.385964912281636 5
38.42105263157988 18
38.42105263157988 38
38.429824561404445 47
38.45614035087813 0
38.482456140351815 58
38.5087719298255 11
38.51754385965006 36
38.535087719299185 6
38.56140350877287 12
38.587719298246554 5
38.587719298246554 20
38.60526315789568 18
38.701754385965856 11
38.754385964913226 16
38.78070175438691 17
38.78947368421147 39
38.798245614036034 15
38.89473684210621 11
38.94736842105358 24
38.98245614035183 7
39.0350877192992 41
39.08771929824657 11
39.18421052631675 4
39.20175438596587 3
39.21929824561499 8
39.228070175439555 9
39.2631578947378 6
39.2631578947378 25
39.280701754386925 11
39.32456140350973 43
39.41228070175535 36
39.47368421052728 11
39.57017543859746 44
39.57894736842202 17
39.57894736842202 32
39.57894736842202 59
39.66666666666764 11
39.6754385964922 12
39.710526315790446 7
39.74561403508869 57
39.79824561403606 18
39.815789473685186 24
39.859649122807994 11
39.9035087719308 5
39.9035087719308 10
39.912280701755364 29
39.93859649122905 53
39.99122807017642 6
40.026315789474666 23
40.05263157894835 11
40.06140350877291 30
40.10526315789572 15
40.14912280701853 1
40.24561403508871 11
40.24561403508871 47
40.30701754386064 31
40.30701754386064 36
40.37719298245713 17
40.38596491228169 50
40.43859649122906 7
40.43859649122906 11
40.447368421053625 18
40.5438596491238 3
40.552631578948365 40
40.59649122807117 25
40.63157894736942 11
40.68421052631679 24
40.70175438596591 37
40.719298245615036 0
40.719298245615036 6
40.78070175438697 28
40.78947368421153 12
40.824561403509776 11
40.824561403509776 42
40.824561403509776 59
40.877192982457146 18
40.921052631579954 20
40.973684210527324 5
41.01754385965013 9
41.01754385965013 11
41.05263157894838 29
41.11403508772031 26
41.16666666666768 7
41.17543859649224 17
41.20175438596593 36
41.21052631579049 11
41.26315789473786 4
41.31578947368523 34
41.34210526315891 14
41.39473684210628 27
41.403508771930845 11
41.403508771930845 48
41.41228070175541 15
41.44736842105365 6
41.55263157894839 24
41.5964912280712 11
41.65789473684313 2
41.666666666667695 16
41.69298245614138 18
41.78947368421156 11
41.885964912281736 3
41.8947368421063 7
41.90350877193086 12
41.929824561404544 25
41.96491228070279 1
41.97368421052735 17
41.982456140351914 11
42.0087719298256 18
42.06140350877297 47
42.096491228071216 36
42.15789473684315 18
42.16666666666771 8
42.17543859649227 6
42.17543859649227 11
42.18421052631683 44
42.21052631579052 58
42.245614035088764 59
42.28070175438701 45
42.33333333333438 30
42.36842105263263 11
42.42105263158 24
42.47368421052737 57
42.50877192982561 22
42.56140350877298 11
42.622807017544915 7
42.65789473684316 29
42.675438596492285 42
42.71929824561509 15
42.75438596491334 11
42.77192982456246 17
42.80701754386071 9
42.90350877193089 6
42.90350877193089 43
42.92105263158001 54
42.947368421053696 11
42.98245614035194 50
42.991228070176504 36
43.01754385965019 12
43.052631578948436 18
43.14035087719405 11
43.157894736843176 0
43.22807017543967 3
43.254385964913354 18
43.254385964913354 20
43.263157894737915 25
43.2894736842116 24
43.33333333333441 11
43.34210526315897 4
43.35087719298353 7
43.526315789474765 11
43.57017543859757 17
43.61403508772038 32
43.631578947369505 6
43.64912280701863 18
43.71929824561512 11
43.736842105264245 38
43.75438596491337 10
43.80701754386074 31
43.83333333333442 41
43.850877192983546 42
43.88596491228179 36
43.894736842106354 23
43.894736842106354 47
43.91228070175548 11
43.9298245614046 48
44.02631578947478 15
44.03508771929934 29
44.07894736842215 7
44.105263157895834 11
44.13157894736952 12
44.14912280701864 1
44.157894736843204 24
44.23684210526426 5
44.29824561403619 11
44.35964912280812 6
44.368421052632684 17
44.368421052632684 17
44.377192982457245 27
44.377192982457245 43
44.47368421052742 39
44.49122807017655 11
44.50000000000111 44
44.5701754385976 3
44.57894736842216 16
44.59649122807129 25
44.60526315789585 9
44.60526315789585 30
44.6842105263169 11
44.76315789473796 40
44.78070175438708 36
44.807017543860766 7
44.859649122808136 18
44.8684210526327 8
44.87719298245726 11
44.92105263158007 5
44.964912280702876 14
45.02631578947481 24
45.02631578947481 44
45.070175438597616 11
45.08771929824674 6
45.08771929824674 59
45.13157894736955 53
45.166666666667794 17
45.19298245614148 2
45.24561403508885 12
45.26315789473797 11
45.333333333334465 15
45.333333333334465 42
45.35964912280815 5
45.42105263158008 4
45.45614035087833 11
45.45614035087833 50
45.53508771929938 7
45.57017543859763 18
45.58771929824675 20
45.649122807018685 11
45.67543859649237 34
45.67543859649237 36
45.67543859649237 37
45.71052631579062 47
45.815789473685356 6
45.815789473685356 28
45.83333333333448 57
45.84210526315904 11
45.88596491228185 29
45.89473684210641 24
45.912280701755535 3
45.92982456140466 25
45.964912280702904 17
46.00000000000115 0
46.026315789474836 1
46.0350877192994 11
46.078947368422206 59
46.228070175439754 11
46.228070175439754 43
46.25438596491344 58
46.263157894738 7
46.35964912280818 12
46.394736842106425 9
46.42105263158011 11
46.543859649123974 6
46.57017543859766 36
46.57894736842222 44
46.61403508772047 11
46.64035087719415 15
46.74561403508889 22
46.763157894738015 17
46.763157894738015 18
46.763157894738015 24
46.80701754386082 11
46.877192982457316 30
46.88596491228188 18
46.99122807017662 7
47.00000000000118 11
47.00000000000118 29
47.026315789474864 45
47.087719298246796 5
47.192982456141536 11
47.22807017543978 54
47.25438596491347 3
47.25438596491347 42
47.26315789473803 25
47.27192982456259 6
47.342105263159084 26
47.35964912280821 31
47.38596491228189 11
47.46491228070295 36
47.47368421052751 12
47.49122807017663 16
47.49122807017663 44
47.500000000001194 4
47.543859649124 47
47.561403508773125 17
47.57017543859769 56
47.57894736842225 11
47.60526315789593 10
47.63157894736962 24
47.719298245615235 7
47.7280701754398 48
47.76315789473804 23
47.771929824562605 11
47.80701754386085 44
47.824561403509975 1
47.92105263158015 20
47.94736842105384 15
47.96491228070296 11
47.97368421052752 32
48.00000000000121 6
48.02631578947489 49
48.035087719299455 50
48.140350877194194 59
48.15789473684332 11
48.17543859649244 39
48.192982456141564 9
48.31578947368543 5
48.34210526315911 27
48.350877192983674 11
48.359649122808236 17
48.359649122808236 36
48.412280701755606 57
48.456140350878414 7
48.50000000000122 5
48.50000000000122 24
48.54385964912403 11
48.58771929824684 12
48.58771929824684 14
48.5964912280714 3
48.5964912280714 25
48.728070175439825 2
48.728070175439825 6
48.73684210526439 11
48.81578947368544 43
48.92982456140474 11
49.07894736842229 40
49.1228070175451 11
49.149122807018784 41
49.157894736843346 17
49.157894736843346 30
49.19298245614159 7
49.254385964913524 15
49.254385964913524 15
49.254385964913524 36
49.254385964913524 59
49.315789473685456 11
49.359649122808264 47
49.368421052632826 0
49.368421052632826 1
49.368421052632826 24
49.45614035087844 6
49.50877192982581 11
49.578947368422305 4
49.58771929824687 53
49.622807017545114 8
49.6491228070188 18
49.65789473684336 29
49.70175438596617 11
49.70175438596617 12
49.736842105264415 38
49.736842105264415 48
49.894736842106525 11
49.92105263158021 7
49.92982456140477 25
49.93859649122933 3
49.95614035087846 17
49.98245614035214 9
50.08771929824688 11
50.09649122807144 58
50.14912280701881 36
50.18421052631706 6
50.219298245615306 34
50.23684210526443 24
50.25438596491355 20
50.28070175438724 11
50.35087719298373 18
50.4035087719311 16
50.473684210527594 11
50.55263157894865 1
50.56140350877321 15
50.62280701754514 50
50.64912280701883 7
50.64912280701883 37
50.66666666666795 11
50.684210526317074 45
50.736842105264444 43
50.75438596491357 17
50.77192982456269 5
50.798245614036375 31
50.798245614036375 44
50.8157894736855 12
50.85964912280831 11
50.85964912280831 28
50.88596491228199 27
50.91228070175568 6
50.98245614035217 22
51.0438596491241 36
51.05263157894866 11
51.070175438597786 42
51.10526315789603 24
51.175438596492526 47
51.24561403508902 11
51.26315789473814 25
51.280701754387266 3
51.333333333334636 39
51.377192982457444 7
51.429824561404814 30
51.438596491229376 11
51.4561403508785 10
51.55263157894868 17
51.63157894736973 11
51.63157894736973 23
51.640350877194294 1
51.640350877194294 6
51.65789473684342 4
51.78070175438728 9
51.82456140351009 11
51.8684210526329 15
51.88596491228202 8
51.92982456140483 12
51.93859649122939 36
51.97368421052764 24
52.017543859650445 11
52.070175438597815 5
52.0964912280715 0
52.10526315789606 7
52.16666666666799 59
52.19298245614168 26
52.2105263157908 11
52.2105263157908 14
52.236842105264486 49
52.24561403508905 43
52.26315789473817 2
52.29824561403642 48
52.35087719298379 17
52.36842105263291 6
52.40350877193116 11
52.491228070176774 29
52.58771929824695 20
52.596491228071514 11
52.596491228071514 25
52.6228070175452 3
52.77192982456275 5
52.78947368421187 11
52.83333333333468 7
52.83333333333468 36
52.84210526315924 24
52.90350877193117 5
52.94736842105398 18
52.98245614035223 11
52.99122807017679 47
53.04385964912416 12
53.06140350877328 32
53.06140350877328 44
53.08771929824697 18
53.09649122807153 6
53.10526315789609 5
53.12280701754521 50
53.14035087719434 17
53.15789473684346 42
53.17543859649258 11
53.17543859649258 15
53.236842105264515 1
53.31578947368557 16
53.342105263159254 59
53.36842105263294 11
53.403508771931186 18
53.43859649122943 54
53.561403508773296 7
53.561403508773296 11
53.57017543859786 9
53.62280701754523 56
53.64035087719435 41
53.70175438596628 30
53.710526315790844 24
53.72807017543997 36
53.73684210526453 4
53.75438596491365 11
53.824561403510145 6
53.88596491228208 5
53.929824561404885 25
53.929824561404885 44
53.93859649122945 17
53.94736842105401 11
53.96491228070313 3
54.02631578947506 53
54.11403508772068 43
54.140350877194365 11
54.15789473684349 12
54.16666666666805 45
54.28947368421191 1
54.28947368421191 7
54.33333333333472 11
54.350877192983845 59
54.48245614035227 15
54.52631578947508 11
54.55263157894876 6
54.57894736842245 24
54.58771929824701 48
54.60526315789613 57
54.622807017545256 36
54.63157894736982 18
54.719298245615434 11
54.728070175439996 17
54.76315789473824 5
54.780701754387366 18
54.80701754386105 47
54.91228070175579 11
54.92105263158035 20
55.02631578947509 7
55.10526315789615 11
55.21929824561545 22
55.22807017544001 29
55.23684210526457 44
55.24561403508913 42
55.26315789473826 25
55.27192982456282 12
55.28070175438738 5
55.28070175438738 6
55.2982456140365 11
55.307017543861065 3
55.307017543861065 10
55.307017543861065 27
55.368421052632996 9
55.44736842105405 24
55.45614035087861 0
55.49122807017686 11
55.517543859650544 36
55.526315789475106 17
55.53508771929967 23
55.570175438597914 38
55.622807017545284 37
55.65789473684353 44
55.684210526317216 11
55.70175438596634 49
55.70175438596634 50
55.7105263157909 43
55.736842105264586 18
55.75438596491371 7
55.789473684211956 15
55.79824561403652 2
55.81578947368564 4
55.81578947368564 4
55.8245614035102 8
55.833333333334764 14
55.842105263159326 41
55.87719298245757 11
55.894736842106695 28
55.98245614035231 30
56.008771929826 6
56.043859649124244 40
56.07017543859793 11
56.18421052631723 59
56.22807017544004 5
56.22807017544004 16
56.263157894738285 11
56.315789473685655 24
56.32456140351022 5
56.32456140351022 17
56.38596491228215 12
56.41228070175583 36
56.45614035087864 11
56.482456140352326 7
56.535087719299696 34
56.57017543859794 48
56.59649122807163 25
56.62280701754531 47
56.649122807019 3
56.649122807019 11
56.736842105264614 6
56.798245614036546 29
56.842105263159354 11
56.8771929824576 31
57.03508771929971 11
57.04385964912427 32
57.09649122807164 15
57.12280701754533 17
57.14912280701901 42
57.14912280701901 57
57.15789473684357 9
57.18421052631726 24
57.21052631579094 7
57.22807017544007 11
57.25438596491375 20
57.28070175438744 5
57.30701754386112 36
57.35087719298393 43
57.39473684210674 5
57.42105263158042 11
57.46491228070323 6
57.50000000000148 12
57.61403508772078 11
57.61403508772078 39
57.701754385966396 5
57.807017543861136 11
57.83333333333482 26
57.850877192983944 1
57.86842105263307 18
57.89473684210675 4
57.912280701755876 17
57.929824561405 25
57.94736842105412 7
57.99122807017693 3
58.00000000000149 11
58.017543859650615 50
58.05263157894886 24
58.19298245614185 6
58.19298245614185 11
58.20175438596641 36
58.20175438596641 59
58.25438596491378 30
58.2719298245629 54
58.280701754387465 41
58.385964912282205 11
58.40350877193133 8
58.40350877193133 15
58.42982456140501 42
58.438596491229575 47
58.543859649124315 48
58.57894736842256 11
58.61403508772081 12
58.67543859649274 7
58.710526315790986 17
58.77192982456292 11
58.78070175438748 58
58.807017543861164 45
58.84210526315941 18
58.921052631580466 6
58.921052631580466 24
58.94736842105415 9
58.964912280703274 11
59.03508771929977 43
59.0964912280717 36
59.122807017545384 0
59.14035087719451 16
59.15789473684363 10
59.15789473684363 11
59.26315789473837 25
59.28070175438749 5
59.33333333333486 2
59.33333333333486 3
59.35087719298399 1
59.35087719298399 11
59.35087719298399 56
59.36842105263311 5
59.36842105263311 49
59.394736842106795 53
59.40350877193136 7
59.40350877193136 23
59.45614035087873 14
59.45614035087873 22
59.508771929826096 17
59.54385964912434 11
59.58771929824715 20
59.63157894736996 57
59.64912280701908 6
59.710526315791014 15
59.72807017544014 12
59.7368421052647 11
59.78947368421207 24
59.929824561405056 11
59.973684210527864 4
59.99122807017699 36
