0.0 7
0.07017543859649122 47
0.07894736842105263 23
0.09649122807017543 15
0.14035087719298245 41
0.15789473684210525 36
0.24561403508771928 11
0.2543859649122807 22
0.2543859649122807 25
0.280701754385965 24
0.280701754385965 28
0.31578947368421073 30
0.3333333333333336 27
0.3333333333333336 29
0.3333333333333336 37
0.35087719298245645 2
0.43859649122807076 46
0.46491228070175505 4
0.46491228070175505 11
0.4824561403508779 58
0.5087719298245622 48
0.5263157894736851 26
0.5350877192982465 38
0.5701754385964922 16
0.6140350877192994 55
0.6929824561403523 14
0.7105263157894751 6
0.7105263157894751 19
0.728070175438598 32
0.8421052631578966 7
0.8421052631578966 52
0.9298245614035109 35
0.9561403508771952 44
0.973684210526318 10
0.9824561403508795 3
1.0701754385964937 40
1.078947368421055 24
1.1228070175438623 12
1.157894736842108 19
1.1754385964912308 11
1.1842105263157923 20
1.2017543859649151 36
1.2280701754385994 29
1.2543859649122837 56
1.2719298245614066 11
1.3245614035087752 42
1.3684210526315823 1
1.3684210526315823 11
1.3684210526315823 15
1.4385964912280738 6
1.4736842105263195 11
1.5701754385964952 11
1.5701754385964952 43
1.666666666666671 11
1.6754385964912324 7
1.6842105263157938 17
1.7631578947368467 11
1.8596491228070224 11
1.8771929824561453 24
1.9385964912280753 19
1.9561403508771982 11
2.0000000000000053 47
2.0175438596491277 33
2.026315789473689 25
2.0526315789473726 11
2.061403508771934 34
2.149122807017546 11
2.1666666666666683 6
2.1666666666666683 12
2.236842105263158 41
2.236842105263158 46
2.245614035087719 11
2.245614035087719 36
2.289473684210525 39
2.315789473684209 3
2.3421052631578925 11
2.368421052631576 29
2.4385964912280658 11
2.5087719298245554 7
2.535087719298239 11
2.5614035087719227 8
2.5964912280701675 4
2.6315789473684124 11
2.6403508771929736 15
2.6754385964912184 24
2.692982456140341 5
2.7105263157894632 19
2.7280701754385857 11
2.789473684210514 27
2.824561403508759 11
2.824561403508759 57
2.8947368421052486 6
2.9210526315789322 11
3.0175438596491055 11
3.043859649122789 43
3.114035087719279 11
3.210526315789452 11
3.210526315789452 12
3.2631578947368194 44
3.289473684210503 36
3.3070175438596254 11
3.333333333333309 25
3.3421052631578703 7
3.368421052631554 16
3.4035087719297987 11
3.4736842105262884 24
3.499999999999972 11
3.535087719298217 46
3.5964912280701453 11
3.622807017543829 6
3.6491228070175126 3
3.666666666666635 17
3.6929824561403186 11
3.70175438596488 20
3.7719298245613695 9
3.7807017543859307 55
3.789473684210492 11
3.842105263157859 2
3.8508771929824204 58
3.885964912280665 11
3.8947368421052264 47
3.9035087719297876 15
3.9824561403508385 11
4.078947368421016 11
4.096491228070139 42
4.122807017543824 19
4.131578947368386 5
4.166666666666632 7
4.175438596491194 11
4.210526315789441 14
4.254385964912249 12
4.271929824561372 11
4.271929824561372 24
4.333333333333304 36
4.350877192982427 6
4.36842105263155 11
4.438596491228044 19
4.4649122807017285 11
4.561403508771907 11
4.640350877192962 25
4.657894736842085 11
4.657894736842085 23
4.675438596491208 48
4.710526315789455 22
4.728070175438578 4
4.754385964912263 11
4.84210526315788 29
4.84210526315788 46
4.850877192982441 11
4.885964912280688 17
4.912280701754373 44
4.947368421052619 11
4.982456140350866 3
4.999999999999989 7
5.043859649122798 11
5.070175438596483 24
5.078947368421044 6
5.140350877192976 11
5.166666666666661 15
5.201754385964907 28
5.236842105263154 11
5.2982456140350855 12
5.307017543859647 37
5.333333333333332 11
5.359649122807017 19
5.368421052631579 26
5.37719298245614 36
5.385964912280702 27
5.42982456140351 11
5.5263157894736885 11
5.622807017543867 11
5.631578947368428 39
5.675438596491237 5
5.701754385964922 53
5.719298245614045 11
5.736842105263168 44
5.771929824561415 47
5.7982456140351 17
5.807017543859661 6
5.815789473684223 11
5.833333333333346 7
5.85087719298247 5
5.85087719298247 32
5.868421052631593 24
5.912280701754401 11
5.947368421052648 25
6.008771929824579 11
6.105263157894758 11
6.149122807017566 20
6.166666666666689 16
6.201754385964936 11
6.298245614035114 11
6.315789473684237 3
6.324561403508799 30
6.342105263157922 12
6.368421052631607 41
6.3859649122807305 43
6.394736842105292 11
6.421052631578977 36
6.429824561403539 15
6.4385964912281 1
6.447368421052662 44
6.464912280701785 56
6.49122807017547 11
6.535087719298279 6
6.5877192982456485 11
6.657894736842142 19
6.666666666666703 7
6.666666666666703 24
6.684210526315827 11
6.710526315789512 46
6.780701754386005 11
6.780701754386005 29
6.842105263157936 9
6.85964912280706 4
6.877192982456183 11
6.885964912280745 57
6.903508771929868 17
6.929824561403553 40
6.973684210526361 11
6.982456140350923 38
7.070175438596539 11
7.078947368421101 33
7.114035087719348 19
7.166666666666718 11
7.1929824561404025 44
7.254385964912334 25
7.263157894736896 6
7.263157894736896 11
7.307017543859704 58
7.333333333333389 2
7.359649122807074 11
7.385964912280759 12
7.412280701754444 42
7.456140350877252 11
7.464912280701814 24
7.464912280701814 36
7.50000000000006 7
7.55263157894743 11
7.6491228070176085 3
7.6491228070176085 11
7.6491228070176085 19
7.65789473684217 47
7.692982456140417 15
7.719298245614102 17
7.728070175438663 14
7.745614035087787 11
7.842105263157965 11
7.929824561403581 48
7.938596491228143 11
7.991228070175513 6
8.035087719298321 11
8.105263157894814 19
8.105263157894814 55
8.114035087719376 44
8.1315789473685 11
8.228070175438678 11
8.263157894736924 24
8.324561403508856 11
8.333333333333417 7
8.412280701754472 19
8.421052631579034 11
8.429824561403596 12
8.50877192982465 36
8.517543859649212 11
8.517543859649212 44
8.56140350877202 25
8.578947368421144 20
8.605263157894829 23
8.61403508771939 11
8.640350877193075 46
8.692982456140445 17
8.692982456140445 42
8.710526315789568 11
8.71929824561413 6
8.763157894736938 41
8.780701754386062 39
8.807017543859747 11
8.903508771929925 11
8.956140350877295 15
8.964912280701856 16
8.98245614035098 3
8.991228070175541 4
9.000000000000103 11
9.03508771929835 9
9.043859649122911 27
9.052631578947473 22
9.061403508772035 24
9.08771929824572 1
9.096491228070281 11
9.096491228070281 34
9.114035087719405 35
9.166666666666774 7
9.19298245614046 11
9.289473684210638 11
9.333333333333446 5
9.385964912280816 11
9.447368421052747 6
9.473684210526432 12
9.482456140350994 11
9.535087719298364 47
9.552631578947487 36
9.578947368421172 11
9.631578947368542 57
9.67543859649135 11
9.701754385965035 17
9.754385964912405 5
9.771929824561528 11
9.859649122807145 24
9.868421052631707 11
9.868421052631707 25
9.868421052631707 42
9.903508771929953 53
9.929824561403638 43
9.964912280701885 11
9.964912280701885 29
10.000000000000131 7
10.026315789473816 19
10.052631578947501 10
10.061403508772063 11
10.078947368421186 30
10.122807017543995 28
10.122807017543995 48
10.157894736842241 11
10.175438596491365 6
10.219298245614173 15
10.25438596491242 11
10.280701754386104 37
10.315789473684351 3
10.350877192982598 11
10.447368421052776 11
10.491228070175584 17
10.517543859649269 12
10.543859649122954 11
10.596491228070324 36
10.640350877193132 11
10.640350877193132 32
10.657894736842255 24
10.73684210526331 11
10.824561403508927 2
10.833333333333488 7
10.833333333333488 11
10.877192982456297 9
10.903508771929982 6
10.929824561403667 11
10.94736842105279 58
11.017543859649283 20
11.026315789473845 11
11.122807017544023 4
11.122807017544023 11
11.175438596491393 1
11.175438596491393 25
11.201754385965078 52
11.219298245614201 11
11.236842105263324 14
11.236842105263324 46
11.289473684210694 44
11.31578947368438 11
11.31578947368438 17
11.359649122807188 19
11.412280701754558 11
11.412280701754558 47
11.456140350877366 24
11.47368421052649 29
11.48245614035105 15
11.508771929824736 11
11.561403508772106 12
11.605263157894914 11
11.622807017544037 55
11.631578947368599 6
11.64035087719316 36
11.64035087719316 40
11.649122807017722 3
11.666666666666845 7
11.701754385965092 11
11.763157894737024 16
11.771929824561585 56
11.79824561403527 11
11.842105263158079 26
11.894736842105448 11
11.947368421052818 41
11.95614035087738 42
11.991228070175627 11
12.035087719298435 19
12.06140350877212 38
12.070175438596682 27
12.087719298245805 11
12.122807017544051 17
12.184210526315983 11
12.254385964912476 24
12.280701754386161 11
12.333333333333531 43
12.359649122807216 6
12.37719298245634 11
12.403508771930024 44
12.421052631579148 19
12.473684210526518 11
12.48245614035108 25
12.500000000000203 7
12.570175438596696 11
12.605263157894942 12
12.631578947368627 1
12.631578947368627 9
12.666666666666874 11
12.684210526315997 36
12.745614035087929 15
12.75438596491249 8
12.763157894737052 11
12.824561403508984 19
12.850877192982669 23
12.85964912280723 11
12.894736842105477 30
12.921052631579162 17
12.956140350877408 11
12.982456140351093 3
12.982456140351093 46
13.052631578947587 11
13.052631578947587 24
13.052631578947587 48
13.087719298245833 6
13.105263157894957 57
13.149122807017765 11
13.245614035087943 11
13.254385964912505 4
13.289473684210751 47
13.324561403508998 7
13.342105263158121 11
13.377192982456368 22
13.4385964912283 11
13.456140350877423 20
13.535087719298478 11
13.631578947368656 11
13.649122807017779 12
13.71052631578971 53
13.719298245614272 17
13.728070175438834 11
13.728070175438834 36
13.789473684210765 25
13.81578947368445 6
13.824561403509012 11
13.850877192982697 24
13.92105263157919 11
14.008771929824807 15
14.017543859649368 11
14.052631578947615 33
14.087719298245862 44
14.105263157894985 10
14.114035087719547 11
14.122807017544108 19
14.149122807017793 7
14.210526315789725 11
14.307017543859903 11
14.307017543859903 41
14.315789473684465 2
14.315789473684465 3
14.34210526315815 9
14.403508771930081 11
14.50000000000026 11
14.517543859649383 17
14.543859649123068 6
14.561403508772191 16
14.596491228070438 11
14.622807017544122 34
14.649122807017807 24
14.692982456140616 11
14.692982456140616 12
14.745614035087986 14
14.745614035087986 46
14.77192982456167 36
14.789473684210794 11
14.885964912280972 11
14.885964912280972 32
14.894736842105534 58
14.956140350877465 5
14.98245614035115 7
14.98245614035115 11
15.052631578947643 28
15.061403508772205 1
15.078947368421328 11
15.096491228070452 25
15.175438596491507 11
15.19298245614063 47
15.219298245614315 42
15.254385964912561 37
15.263157894737123 44
15.271929824561685 6
15.271929824561685 11
15.271929824561685 15
15.315789473684493 17
15.368421052631863 11
15.385964912280986 4
15.438596491228356 29
15.447368421052918 24
15.464912280702041 11
15.464912280702041 11
15.535087719298534 43
15.543859649123096 19
15.56140350877222 11
15.649122807017836 3
15.657894736842398 11
15.736842105263452 12
15.754385964912576 11
15.815789473684507 7
15.815789473684507 36
15.83333333333363 19
15.83333333333363 44
15.850877192982754 11
15.885964912281 20
15.947368421052932 11
16.000000000000302 6
16.04385964912311 11
16.04385964912311 48
16.052631578947672 27
16.061403508772234 9
16.114035087719603 17
16.14035087719329 11
16.236842105263467 11
16.24561403508803 24
16.333333333333645 11
16.36842105263189 55
16.403508771930138 25
16.429824561403823 11
16.491228070175755 42
16.51754385964944 41
16.526315789474 11
16.535087719298563 15
16.614035087719618 19
16.62280701754418 11
16.649122807017864 7
16.649122807017864 30
16.719298245614358 11
16.72807017543892 6
16.78070175438629 12
16.815789473684536 11
16.859649122807344 36
16.912280701754714 11
16.912280701754714 17
16.94736842105296 35
16.982456140351207 3
17.008771929824892 11
17.035087719298577 44
17.04385964912314 24
17.09649122807051 47
17.10526315789507 11
17.175438596491563 39
17.20175438596525 11
17.26315789473718 19
17.298245614035427 11
17.359649122807358 16
17.37719298245648 57
17.394736842105605 11
17.456140350877536 6
17.48245614035122 7
17.491228070175783 11
17.517543859649468 4
17.58771929824596 11
17.64035087719333 1
17.68421052631614 11
17.710526315789824 17
17.710526315789824 22
17.710526315789824 25
17.763157894737194 52
17.780701754386318 9
17.780701754386318 11
17.78947368421088 45
17.79824561403544 15
17.807017543860002 2
17.824561403509126 12
17.84210526315825 24
17.877192982456496 11
17.90350877193018 36
17.90350877193018 46
17.95614035087755 10
17.973684210526674 11
18.070175438596852 11
18.122807017544222 53
18.16666666666703 11
18.184210526316154 6
18.201754385965277 43
18.254385964912647 14
18.26315789473721 11
18.31578947368458 3
18.31578947368458 7
18.31578947368458 20
18.359649122807387 11
18.456140350877565 11
18.508771929824935 17
18.552631578947743 11
18.64035087719336 24
18.64912280701792 11
18.657894736842483 26
18.710526315789853 58
18.719298245614414 27
18.7456140350881 11
18.79824561403547 41
18.824561403509154 48
18.842105263158277 11
18.842105263158277 23
18.868421052631962 12
18.91228070175477 6
18.938596491228456 1
18.938596491228456 11
18.947368421053017 36
18.96491228070214 47
19.01754385964951 25
19.035087719298634 11
19.035087719298634 56
19.06140350877232 15
19.131578947368812 11
19.131578947368812 42
19.149122807017935 7
19.22807017543899 11
19.2719298245618 38
19.307017543860045 17
19.32456140350917 11
19.421052631579347 11
19.43859649122847 24
19.49122807017584 9
19.49122807017584 30
19.517543859649525 11
19.55263157894777 40
19.614035087719703 11
19.640350877193388 6
19.64912280701795 3
19.64912280701795 4
19.64912280701795 4
19.71052631578988 11
19.80701754386006 11
19.833333333333744 34
19.903508771930237 11
19.9122807017548 12
19.92105263157936 39
19.97368421052673 28
19.982456140351292 7
19.991228070175854 36
20.000000000000416 11
20.0263157894741 46
20.096491228070594 11
20.105263157895156 17
20.149122807017964 32
20.157894736842525 16
20.192982456140772 11
20.22807017543902 37
20.23684210526358 24
20.245614035088142 42
20.28947368421095 11
20.324561403509197 15
20.324561403509197 25
20.368421052632005 6
20.368421052632005 43
20.38596491228113 11
20.45614035087762 57
20.482456140351307 11
20.578947368421485 11
20.675438596491663 11
20.745614035088156 20
20.77192982456184 11
20.81578947368465 7
20.842105263158334 47
20.86842105263202 11
20.86842105263202 19
20.86842105263202 44
20.903508771930266 17
20.956140350877636 12
20.964912280702197 11
20.98245614035132 3
21.03508771929869 24
21.03508771929869 36
21.061403508772376 11
21.096491228070622 6
21.157894736842554 11
21.166666666667115 27
21.201754385965362 9
21.254385964912732 11
21.29824561403554 2
21.35087719298291 11
21.429824561403965 44
21.429824561403965 55
21.44736842105309 11
21.482456140351335 46
21.543859649123267 11
21.57017543859695 48
21.587719298246075 15
21.631578947368883 25
21.640350877193445 11
21.649122807018006 7
21.649122807018006 42
21.701754385965376 17
21.736842105263623 1
21.736842105263623 11
21.763157894737308 14
21.78070175438643 4
21.807017543860116 10
21.82456140350924 6
21.8333333333338 11
21.8333333333338 24
21.92982456140398 11
21.93859649122854 41
22.000000000000473 12
22.026315789474157 11
22.03508771929872 22
22.078947368421527 36
22.08771929824609 58
22.122807017544336 11
22.184210526316267 30
22.219298245614514 11
22.25438596491276 19
22.315789473684692 3
22.315789473684692 11
22.342105263158377 39
22.41228070175487 11
22.438596491228555 44
22.482456140351363 7
22.500000000000487 17
22.50877192982505 11
22.552631578947857 6
22.605263157895227 11
22.63157894736891 24
22.701754385965405 11
22.710526315789966 47
22.745614035088213 56
22.798245614035583 11
22.807017543860145 19
22.850877192982953 15
22.850877192982953 15
22.89473684210576 11
22.912280701754884 9
22.93859649122857 25
22.956140350877693 16
22.956140350877693 43
22.99122807017594 11
23.04385964912331 12
23.04385964912331 46
23.087719298246117 11
23.087719298246117 26
23.122807017544364 36
23.140350877193487 49
23.15789473684261 33
23.175438596491734 20
23.184210526316296 11
23.26315789473735 57
23.280701754386474 6
23.280701754386474 11
23.298245614035597 17
23.31578947368472 7
23.377192982456652 11
23.377192982456652 53
23.429824561404022 24
23.47368421052683 11
23.57017543859701 11
23.57017543859701 48
23.57894736842157 1
23.649122807018063 3
23.666666666667187 11
23.710526315789995 27
23.763157894737365 11
23.859649122807543 11
23.912280701754913 4
23.938596491228598 19
23.95614035087772 11
23.95614035087772 42
23.964912280702283 50
24.00877192982509 6
24.035087719298776 40
24.0526315789479 11
24.087719298246146 12
24.096491228070708 17
24.11403508771983 15
24.140350877193516 34
24.149122807018077 7
24.149122807018077 11
24.1666666666672 36
24.228070175439132 24
24.245614035088256 11
24.245614035088256 25
24.342105263158434 11
24.394736842105804 32
24.438596491228612 11
24.53508771929879 11
24.543859649123352 35
24.58771929824616 47
24.622807017544407 9
24.63157894736897 11
24.728070175439147 11
24.736842105263708 6
24.75438596491283 44
24.763157894737393 38
24.789473684211078 2
24.824561403509325 11
24.894736842105818 17
24.894736842105818 28
24.90350877193038 23
24.91228070175494 46
24.921052631579503 11
24.982456140351434 3
24.982456140351434 7
25.01754385964968 11
25.026315789474243 24
25.11403508771986 11
25.131578947368983 12
25.201754385965476 37
25.201754385965476 42
25.210526315790037 11
25.210526315790037 36
25.263157894737407 14
25.263157894737407 43
25.307017543860216 11
25.37719298245671 15
25.403508771930394 11
25.464912280702325 6
25.500000000000572 11
25.552631578947942 25
25.59649122807075 11
25.605263157895312 20
25.605263157895312 48
25.605263157895312 48
25.64035087719356 44
25.65789473684268 10
25.69298245614093 11
25.69298245614093 17
25.75438596491286 16
25.789473684211107 11
25.798245614035668 29
25.81578947368479 7
25.824561403509353 24
25.824561403509353 30
25.885964912281285 11
25.982456140351463 11
26.043859649123394 4
26.07894736842164 11
26.114035087719888 39
26.157894736842696 27
26.17543859649182 11
26.17543859649182 12
26.192982456140943 6
26.201754385965504 8
26.254385964912874 36
26.271929824561997 11
26.315789473684806 3
26.324561403509367 9
26.359649122807614 22
26.368421052632176 11
26.39473684210586 19
26.412280701754984 1
26.43859649122867 58
26.456140350877792 47
26.464912280702354 11
26.49122807017604 17
26.561403508772532 11
26.622807017544464 24
26.640350877193587 15
26.64912280701815 7
26.65789473684271 11
26.666666666667272 46
26.75438596491289 11
26.77192982456201 55
26.850877192983067 11
26.859649122807628 25
26.92105263157956 6
26.947368421053245 11
27.043859649123423 11
27.1403508771936 11
27.219298245614656 12
27.23684210526378 11
27.28947368421115 17
27.29824561403571 36
27.29824561403571 36
27.315789473684834 56
27.333333333333957 11
27.368421052632204 19
27.421052631579574 24
27.429824561404136 11
27.473684210526944 7
27.482456140351506 1
27.50877192982519 41
27.526315789474314 11
27.622807017544492 11
27.622807017544492 48
27.649122807018177 3
27.649122807018177 6
27.65789473684274 42
27.65789473684274 57
27.692982456140985 53
27.71929824561467 11
27.81578947368485 11
27.903508771930465 15
27.903508771930465 43
27.912280701755027 11
28.008771929825205 11
28.026315789474328 9
28.03508771929889 20
28.08771929824626 17
28.105263157895383 11
28.166666666667314 25
28.175438596491876 4
28.20175438596556 11
28.219298245614684 24
28.263157894737493 12
28.280701754386616 2
28.29824561403574 7
28.29824561403574 11
28.324561403509424 47
28.342105263158548 36
28.377192982456794 6
28.394736842105917 11
28.40350877193048 19
28.491228070176096 11
28.552631578948027 16
28.587719298246274 1
28.587719298246274 11
28.605263157895397 27
28.657894736842767 44
28.684210526316452 11
28.763157894737507 14
28.763157894737507 46
28.78070175438663 5
28.78070175438663 11
28.859649122807685 42
28.87719298245681 11
28.88596491228137 17
28.973684210526987 11
28.982456140351548 3
29.017543859649795 24
29.017543859649795 26
29.026315789474356 34
29.070175438597165 11
29.10526315789541 6
29.131578947369096 7
29.15789473684278 30
29.166666666667343 11
29.166666666667343 15
29.219298245614713 39
29.26315789473752 11
29.30701754386033 12
29.3596491228077 11
29.385964912281384 36
29.456140350877877 11
29.46491228070244 32
29.473684210527 25
29.482456140351562 44
29.508771929825247 10
29.552631578948056 11
29.649122807018234 11
29.657894736842795 35
29.68421052631648 17
29.73684210526385 9
29.745614035088412 11
29.763157894737535 48
29.807017543860344 29
29.815789473684905 23
29.815789473684905 24
29.815789473684905 28
29.83333333333403 6
29.84210526315859 11
29.877192982456837 41
29.93859649122877 11
29.964912280702453 7
30.035087719298946 1
30.035087719298946 11
30.131578947369125 11
30.140350877193686 57
30.149122807018248 44
30.175438596491933 37
30.192982456141056 47
30.201754385965618 55
30.228070175439303 11
30.307017543860358 4
30.31578947368492 3
30.32456140350948 11
30.342105263158604 46
30.350877192983166 12
30.42105263157966 11
30.42982456140422 15
30.42982456140422 36
30.464912280702467 20
30.48245614035159 17
30.491228070176152 38
30.517543859649837 11
30.561403508772646 6
30.614035087720016 11
30.614035087720016 24
30.6403508771937 19
30.68421052631651 22
30.710526315790194 11
30.710526315790194 40
30.780701754386687 25
30.79824561403581 7
30.807017543860372 11
30.815789473684934 29
30.90350877193055 11
30.95614035087792 44
31.00000000000073 11
31.035087719298975 56
31.052631578948098 27
31.087719298246345 43
31.096491228070906 11
31.192982456141085 11
31.192982456141085 42
31.2807017543867 17
31.289473684211263 6
31.289473684211263 11
31.350877192983194 16
31.38596491228144 11
31.394736842106003 12
31.412280701755126 24
31.421052631579688 8
31.42982456140425 1
31.43859649122881 9
31.473684210527058 36
31.48245614035162 11
31.578947368421797 11
31.578947368421797 11
31.622807017544606 7
31.64912280701829 3
31.675438596491976 11
31.6929824561411 15
31.771929824562154 2
31.771929824562154 11
31.771929824562154 48
31.824561403509524 30
31.868421052632332 11
31.868421052632332 46
31.921052631579702 58
31.96491228070251 11
31.97368421052707 19
32.00000000000075 52
32.01754385964988 6
32.061403508772685 11
32.061403508772685 47
32.07894736842181 17
32.08771929824637 25
32.09649122807093 31
32.15789473684286 11
32.175438596491986 41
32.21052631579023 24
32.25438596491304 11
32.2631578947376 14
32.35087719298322 11
32.385964912281466 19
32.438596491228836 4
32.438596491228836 12
32.4473684210534 7
32.4473684210534 11
32.51754385964989 36
32.543859649123576 11
32.640350877193754 11
32.649122807018315 42
32.73684210526393 11
32.745614035088494 6
32.83333333333411 11
32.87719298245692 17
32.89473684210604 20
32.92982456140429 11
32.95614035087797 15
32.9736842105271 1
32.9736842105271 43
32.98245614035166 3
33.00877192982534 24
33.02631578947447 11
33.04385964912359 57
33.122807017544645 11
33.14035087719377 9
33.21929824561482 11
33.228070175439385 44
33.228070175439385 46
33.27192982456219 7
33.30701754386044 34
33.315789473685 11
33.315789473685 53
33.35964912280781 10
33.394736842106056 25
33.41228070175518 11
33.47368421052711 6
33.48245614035167 12
33.50877192982536 11
33.50877192982536 27
33.56140350877273 36
33.596491228070974 33
33.605263157895536 11
33.605263157895536 32
33.67543859649203 17
33.69298245614115 23
33.701754385965714 11
33.710526315790275 19
33.79824561403589 11
33.807017543860454 24
33.87719298245695 39
33.89473684210607 11
33.92982456140432 47
33.99122807017625 11
34.00877192982537 42
34.08771929824643 11
34.10526315789555 7
34.11403508772011 30
34.12280701754467 8
34.14912280701836 16
34.184210526316605 11
34.20175438596573 6
34.21929824561485 15
34.28070175438678 11
34.31578947368503 3
34.342105263158714 55
34.350877192983276 48
34.37719298245696 11
34.47368421052714 11
34.47368421052714 17
34.52631578947451 12
34.57017543859732 4
34.57017543859732 11
34.605263157895564 24
34.605263157895564 36
34.666666666667496 11
34.70175438596574 25
34.72807017543943 1
34.73684210526399 28
34.763157894737674 11
34.84210526315873 9
34.85964912280785 11
34.929824561404345 6
34.929824561404345 7
34.95614035087803 11
35.00000000000084 22
35.05263157894821 11
35.14912280701839 11
35.14912280701839 37
35.14912280701839 42
35.236842105264 44
35.245614035088565 11
35.26315789473769 2
35.27192982456225 17
35.32456140350962 20
35.32456140350962 58
35.34210526315874 11
35.36842105263243 35
35.403508771930674 24
35.43859649122892 11
35.48245614035173 15
35.5350877192991 11
35.54385964912366 52
35.570175438597346 12
35.570175438597346 46
35.59649122807103 26
35.63157894736928 11
35.6491228070184 3
35.6491228070184 36
35.65789473684296 6
35.728070175439456 11
35.75438596491314 7
35.7631578947377 14
35.79824561403595 47
35.824561403509634 11
35.92105263157981 11
35.95614035087806 27
36.00877192982543 25
36.01754385964999 11
36.07017543859736 17
36.11403508772017 11
36.201754385965785 1
36.201754385965785 24
36.21052631579035 11
36.22807017543947 57
36.307017543860525 11
36.32456140350965 44
36.38596491228158 6
36.4035087719307 11
36.4035087719307 19
36.48245614035176 48
36.50000000000088 11
36.55263157894825 9
36.5877192982465 7
36.59649122807106 8
36.59649122807106 11
36.61403508772018 12
36.69298245614124 11
36.69298245614124 36
36.7017543859658 4
36.74561403508861 15
36.780701754386854 30
36.789473684211416 11
36.86842105263247 17
36.885964912281594 11
36.885964912281594 42
36.947368421053525 16
36.98245614035177 3
36.98245614035177 11
37.000000000000895 24
37.000000000000895 43
37.02631578947458 19
37.07894736842195 11
37.1140350877202 6
37.12280701754476 39
37.17543859649213 11
37.210526315790375 10
37.27192982456231 11
37.315789473685115 25
37.324561403509676 41
37.368421052632485 11
37.41228070175529 7
37.46491228070266 11
37.56140350877284 11
37.578947368421964 34
37.640350877193896 23
37.640350877193896 32
37.65789473684302 11
37.65789473684302 12
37.66666666666758 17
37.66666666666758 47
37.736842105264074 36
37.7543859649132 11
37.7543859649132 20
37.798245614036006 24
37.842105263158814 6
37.850877192983376 11
37.85964912280794 55
37.947368421053554 11
38.008771929825485 15
38.04385964912373 11
38.08771929824654 40
38.0964912280711 1
38.14035087719391 11
38.23684210526409 7
38.23684210526409 11
38.25438596491321 9
38.25438596491321 19
38.31578947368514 3
38.33333333333427 11
38.33333333333427 38
38.40350877193076 27
38.429824561404445 11
38.46491228070269 17
38.47368421052725 48
38.52631578947462 11
38.57017543859743 6
38.596491228071116 24
38.60526315789568 52
38.6228070175448 11
38.6228070175448 25
38.701754385965856 12
38.71929824561498 11
38.754385964913226 2
38.78070175438691 36
38.81578947368516 11
38.82456140350972 19
38.83333333333428 4
38.912280701755336 11
39.008771929825514 11
39.070175438597445 7
39.08771929824657 44
39.10526315789569 11
39.10526315789569 30
39.20175438596587 11
39.24561403508868 1
39.2631578947378 14
39.2631578947378 17
39.27192982456236 15
39.29824561403605 6
39.29824561403605 11
39.31578947368517 22
39.39473684210623 11
39.39473684210623 24
39.491228070176405 11
39.53508771929921 39
39.53508771929921 47
39.5614035087729 58
39.58771929824658 11
39.649122807018514 3
39.657894736843076 28
39.68421052631676 11
39.74561403508869 12
39.74561403508869 16
39.754385964913254 5
39.78070175438694 11
39.82456140350975 36
39.87719298245712 11
39.9035087719308 7
39.92982456140449 25
39.964912280702734 9
39.973684210527296 11
40.026315789474666 6
40.06140350877291 17
40.070175438597474 11
40.078947368422035 33
40.122807017544844 37
40.14912280701853 43
40.16666666666765 11
40.184210526316775 20
40.19298245614134 24
40.2017543859659 19
40.24561403508871 44
40.26315789473783 11
40.35964912280801 11
40.41228070175538 1
40.45614035087819 11
40.46491228070275 29
40.46491228070275 48
40.47368421052731 57
40.53508771929924 15
40.552631578948365 11
40.64912280701854 11
40.70175438596591 53
40.719298245615036 42
40.7280701754396 35
40.73684210526416 7
40.74561403508872 8
40.74561403508872 11
40.75438596491328 6
40.78947368421153 12
40.8421052631589 11
40.85087719298346 27
40.85964912280802 17
40.868421052632584 36
40.93859649122908 11
40.96491228070276 4
40.973684210527324 26
40.982456140351886 3
40.99122807017645 24
41.00877192982557 56
41.035087719299256 11
41.06140350877294 10
41.131578947369434 11
41.22807017543961 11
41.236842105264174 25
41.236842105264174 25
41.32456140350979 11
41.350877192983475 44
41.403508771930845 47
41.41228070175541 30
41.42105263157997 11
41.44736842105365 5
41.4824561403519 6
41.51754385965015 11
41.54385964912383 23
41.561403508772955 7
41.614035087720325 11
41.65789473684313 17
41.65789473684313 19
41.666666666667695 9
41.675438596492256 32
41.7105263157905 11
41.78947368421156 24
41.79824561403612 1
41.79824561403612 15
41.80701754386068 11
41.833333333334366 12
41.85087719298349 34
41.85964912280805 42
41.90350877193086 11
41.91228070175542 36
41.94736842105367 52
41.982456140351914 43
42.00000000000104 11
42.035087719299284 46
42.096491228071216 11
42.192982456141394 11
42.21052631579052 6
42.245614035088764 2
42.28947368421157 11
42.31578947368526 3
42.38596491228175 7
42.38596491228175 11
42.45614035087824 17
42.48245614035193 11
42.54385964912386 16
42.54385964912386 25
42.570175438597545 44
42.57894736842211 11
42.58771929824667 24
42.61403508772035 20
42.675438596492285 11
42.7631578947379 14
42.77192982456246 11
42.86842105263264 11
42.8771929824572 12
42.938596491229134 6
42.95614035087826 36
42.96491228070282 11
42.97368421052738 39
43.061403508773 11
43.061403508773 15
43.096491228071244 4
43.12280701754493 19
43.157894736843176 11
43.21929824561511 7
43.254385964913354 11
43.254385964913354 17
43.27192982456248 47
43.29824561403616 27
43.35087719298353 11
43.35087719298353 46
43.37719298245722 9
43.38596491228178 24
43.44736842105371 11
43.54385964912389 11
43.5877192982467 43
43.631578947369505 22
43.64035087719407 11
43.64912280701863 3
43.66666666666775 6
43.736842105264245 11
43.83333333333442 11
43.850877192983546 25
43.88596491228179 48
43.92105263158004 12
43.9298245614046 11
43.97368421052741 5
44.000000000001094 36
44.008771929825656 58
44.02631578947478 11
44.02631578947478 19
44.03508771929934 57
44.052631578948464 7
44.052631578948464 17
44.12280701754496 11
44.18421052631689 24
44.219298245615136 11
44.25438596491338 38
44.29824561403619 30
44.315789473685314 11
44.324561403509875 15
44.39473684210637 6
44.41228070175549 11
44.50877192982567 11
44.50877192982567 42
44.57894736842216 28
44.60526315789585 11
44.70175438596603 11
44.78070175438708 33
44.798245614036205 11
44.83333333333445 41
44.850877192983575 1
44.850877192983575 17
44.8684210526327 53
44.88596491228182 7
44.89473684210638 11
44.912280701755506 10
44.964912280702876 12
44.982456140352 3
44.982456140352 24
44.99122807017656 11
45.04385964912393 20
45.04385964912393 36
45.08771929824674 9
45.08771929824674 11
45.0964912280713 37
45.10526315789586 55
45.122807017544986 6
45.14035087719411 47
45.15789473684323 25
45.18421052631692 11
45.228070175439726 4
45.280701754387096 11
45.34210526315903 16
45.377192982457274 11
45.429824561404644 19
45.438596491229205 23
45.47368421052745 11
45.5087719298257 39
45.57017543859763 11
45.58771929824675 15
45.649122807018685 17
45.65789473684325 52
45.66666666666781 11
45.68421052631693 26
45.71929824561518 7
45.7368421052643 2
45.74561403508886 27
45.76315789473799 11
45.78070175438711 24
45.83333333333448 32
45.8508771929836 6
45.859649122808165 11
45.95614035087834 11
45.98245614035203 46
46.00877192982571 12
46.026315789474836 48
46.05263157894852 11
46.05263157894852 44
46.08771929824677 36
46.1491228070187 11
46.24561403508888 11
46.263157894738 14
46.31578947368537 3
46.342105263159056 11
46.394736842106425 42
46.41228070175555 34
46.438596491229234 11
46.447368421053795 17
46.46491228070292 25
46.53508771929941 11
46.53508771929941 57
46.543859649123974 43
46.552631578948535 7
46.57894736842222 6
46.57894736842222 24
46.58771929824678 30
46.63157894736959 11
46.72807017543977 11
46.73684210526433 49
46.73684210526433 50
46.78070175438714 44
46.79824561403626 9
46.824561403509946 11
46.85087719298363 15
46.921052631580125 11
46.921052631580125 19
46.93859649122925 5
47.00877192982574 47
47.0175438596503 11
47.05263157894855 12
47.09649122807136 1
47.10526315789592 41
47.11403508772048 11
47.131578947369604 36
47.15789473684329 5
47.21052631579066 11
47.245614035088906 17
47.26315789473803 44
47.30701754386084 6
47.30701754386084 11
47.33333333333452 40
47.35964912280821 4
47.37719298245733 24
47.37719298245733 58
47.38596491228189 7
47.403508771931016 11
47.47368421052751 20
47.500000000001194 11
47.500000000001194 19
47.508771929825755 42
47.59649122807137 11
47.63157894736962 45
47.64912280701874 3
47.69298245614155 11
47.771929824562605 25
47.78947368421173 11
47.86842105263278 46
47.885964912281906 11
47.89473684210647 56
47.94736842105384 22
47.982456140352085 11
48.00000000000121 48
48.035087719299455 6
48.043859649124016 17
48.06140350877314 19
48.07894736842226 11
48.096491228071386 12
48.11403508772051 15
48.140350877194194 16
48.17543859649244 11
48.17543859649244 24
48.17543859649244 36
48.192982456141564 27
48.21929824561525 7
48.22807017543981 1
48.27192982456262 11
48.307017543860866 19
48.3684210526328 11
48.3684210526328 39
48.38596491228192 35
48.464912280702976 11
48.508771929825784 9
48.55263157894859 19
48.561403508773154 11
48.65789473684333 11
48.66666666666789 44
48.75438596491351 11
48.75438596491351 42
48.76315789473807 6
48.76315789473807 10
48.79824561403632 19
48.81578947368544 53
48.84210526315913 17
48.85087719298369 11
48.87719298245737 30
48.87719298245737 47
48.947368421053866 11
48.97368421052755 24
48.98245614035211 3
49.043859649124045 11
49.043859649124045 19
49.052631578948606 7
49.07894736842229 25
49.14035087719422 11
49.14035087719422 12
49.149122807018784 50
49.157894736843346 44
49.157894736843346 46
49.21929824561528 36
49.22807017543984 2
49.2368421052644 11
49.28947368421177 19
49.307017543860894 52
49.33333333333458 11
49.33333333333458 23
49.3508771929837 55
49.359649122808264 1
49.37719298245739 15
49.42982456140476 11
49.49122807017669 4
49.49122807017669 6
49.50000000000125 28
49.526315789474936 11
49.5350877192995 19
49.622807017545114 11
49.64035087719424 17
49.64035087719424 57
49.65789473684336 38
49.71929824561529 11
49.7631578947381 14
49.77192982456266 24
49.78070175438722 19
49.81578947368547 11
49.88596491228196 7
49.90350877193109 20
49.91228070175565 11
49.98245614035214 48
50.000000000001265 42
50.008771929825826 11
50.008771929825826 43
50.02631578947495 19
50.07017543859776 37
50.09649122807144 8
50.105263157896005 11
50.13157894736969 26
50.18421052631706 12
50.20175438596618 11
50.210526315790744 9
50.210526315790744 32
50.219298245615306 6
50.263157894738114 36
50.271929824562676 19
50.29824561403636 11
50.315789473685484 3
50.38596491228198 25
50.39473684210654 11
50.43859649122935 17
50.49122807017672 11
50.5175438596504 19
50.54385964912409 41
50.56140350877321 49
50.57017543859777 24
50.587719298246896 11
50.640350877194265 15
50.640350877194265 27
50.684210526317074 11
50.684210526317074 34
50.71052631579076 7
50.745614035089005 47
50.75438596491357 46
50.76315789473813 19
50.76315789473813 33
50.78070175438725 11
50.82456140351006 58
50.83333333333462 5
50.87719298245743 11
50.93859649122936 16
50.94736842105392 6
50.97368421052761 11
51.008771929825855 19
51.070175438597786 11
51.114035087720595 42
51.166666666667965 11
51.166666666667965 30
51.228070175439896 12
51.23684210526446 17
51.25438596491358 19
51.26315789473814 11
51.30701754386095 36
51.35964912280832 11
51.36842105263288 24
51.4561403508785 11
51.50000000000131 19
51.535087719299554 7
51.55263157894868 11
51.56140350877324 50
51.62280701754517 4
51.649122807018855 3
51.649122807018855 11
51.66666666666798 43
51.67543859649254 6
51.6842105263171 1
51.692982456141664 25
51.692982456141664 40
51.745614035089034 11
51.745614035089034 19
51.745614035089034 44
51.77192982456272 56
51.84210526315921 11
51.90350877193114 15
51.912280701755705 9
51.93859649122939 11
51.95614035087851 48
51.99122807017676 19
52.03508771929957 11
52.03508771929957 17
52.131578947369746 11
52.16666666666799 24
52.175438596492555 57
52.228070175439925 11
52.228070175439925 42
52.236842105264486 19
52.26315789473817 22
52.27192982456273 12
52.3245614035101 11
52.333333333334664 20
52.35087719298379 36
52.36842105263291 7
52.40350877193116 6
52.42105263158028 11
52.48245614035221 19
52.51754385965046 11
52.61403508772064 10
52.61403508772064 11
52.63157894736976 47
52.710526315790815 11
52.71929824561538 2
52.72807017543994 19
52.7368421052645 44
52.807017543860994 11
52.82456140351012 55
52.83333333333468 17
52.90350877193117 11
52.9649122807031 24
52.973684210527665 19
52.98245614035223 3
53.00000000000135 11
53.00000000000135 25
53.08771929824697 27
53.09649122807153 11
53.11403508772065 29
53.11403508772065 44
53.131578947369775 6
53.16666666666802 15
53.192982456141706 11
53.20175438596627 7
53.21929824561539 19
53.22807017543995 23
53.2631578947382 14
53.289473684211885 11
53.31578947368557 12
53.32456140351013 35
53.38596491228206 11
53.394736842106624 36
53.43859649122943 45
53.447368421053994 30
53.46491228070312 19
53.48245614035224 11
53.57894736842242 11
53.62280701754523 9
53.63157894736979 17
53.666666666668036 49
53.6754385964926 11
53.710526315790844 19
53.73684210526453 16
53.75438596491365 4
53.763157894738214 24
53.771929824562775 11
53.85964912280839 6
53.868421052632954 11
53.868421052632954 11
53.929824561404885 48
53.95614035087857 19
53.96491228070313 11
53.97368421052769 50
54.035087719299625 7
54.06140350877331 11
54.11403508772068 39
54.15789473684349 11
54.2017543859663 19
54.245614035089105 32
54.254385964913666 11
54.26315789473823 1
54.307017543861036 25
54.3157894736856 3
54.350877192983845 11
54.359649122808406 12
54.42105263158034 28
54.4298245614049 15
54.4298245614049 17
54.43859649122946 36
54.44736842105402 11
54.44736842105402 19
54.456140350878584 58
54.47368421052771 38
54.50000000000139 47
54.53508771929964 29
54.53508771929964 43
54.5438596491242 11
54.55263157894876 42
54.561403508773324 24
54.561403508773324 26
54.58771929824701 6
54.58771929824701 57
54.60526315789613 41
54.64035087719438 11
54.69298245614175 19
54.73684210526456 11
54.74561403508912 52
54.76315789473824 20
54.833333333334735 11
54.86842105263298 7
54.929824561404914 11
54.938596491229475 19
54.9561403508786 34
55.02631578947509 11
55.043859649124215 37
55.12280701754527 11
55.1842105263172 19
55.21929824561545 11
55.22807017544001 17
55.22807017544001 44
55.28947368421194 46
55.307017543861065 33
55.307017543861065 33
55.315789473685626 6
55.315789473685626 11
55.33333333333475 9
55.359649122808435 24
55.40350877193124 12
55.412280701755805 11
55.42982456140493 19
55.4824561403523 36
55.50877192982598 11
55.53508771929967 27
55.60526315789616 11
55.61403508772072 25
55.64912280701897 3
55.66666666666809 42
55.675438596492654 19
55.69298245614178 15
55.70175438596634 7
55.70175438596634 11
55.728070175440024 30
55.79824561403652 11
55.81578947368564 1
55.87719298245757 56
55.885964912282134 4
55.885964912282134 40
55.894736842106695 11
55.90350877193126 48
55.92105263158038 19
55.991228070176874 11
56.02631578947512 17
56.043859649124244 6
56.08771929824705 11
56.157894736843545 24
56.16666666666811 19
56.18421052631723 11
56.210526315790915 2
56.28070175438741 11
56.368421052633025 47
56.377192982457586 11
56.38596491228215 50
56.39473684210671 53
56.41228070175583 19
56.44736842105408 12
56.4649122807032 10
56.473684210527765 11
56.526315789475134 36
56.535087719299696 7
56.535087719299696 16
56.57017543859794 11
56.578947368422504 22
56.578947368422504 39
56.631578947369874 44
56.65789473684356 19
56.66666666666812 11
56.72807017544005 49
56.7631578947383 11
56.7631578947383 14
56.77192982456286 6
56.82456140351023 17
56.85964912280848 11
56.903508771931286 19
56.92105263158041 25
56.956140350878655 11
56.956140350878655 15
56.956140350878655 24
56.97368421052778 43
56.98245614035234 3
56.9912280701769 42
57.04385964912427 9
57.052631578948834 11
57.061403508773395 29
57.07894736842252 57
57.12280701754533 23
57.14912280701901 11
57.14912280701901 19
57.19298245614182 20
57.24561403508919 11
57.34210526315937 11
57.36842105263305 7
57.39473684210674 19
57.438596491229546 11
57.491228070176916 12
57.50000000000148 6
57.535087719299725 11
57.543859649124286 55
57.57017543859797 36
57.57894736842253 46
57.61403508772078 44
57.62280701754534 17
57.6315789473699 11
57.640350877194464 19
57.72807017544008 11
57.754385964913766 24
57.82456140351026 11
57.87719298245763 48
57.88596491228219 19
57.92105263158044 11
57.98245614035237 27
58.008771929826054 1
58.008771929826054 30
58.017543859650615 4
58.017543859650615 11
58.10526315789623 42
58.114035087720794 11
58.13157894736992 19
58.20175438596641 7
58.21052631579097 11
58.21929824561553 15
58.228070175440095 6
58.228070175440095 25
58.23684210526466 47
58.2719298245629 58
58.280701754387465 32
58.30701754386115 11
58.31578947368571 3
58.37719298245764 19
58.40350877193133 11
58.42105263158045 17
58.491228070176945 31
58.500000000001506 11
58.53508771929975 12
58.552631578948876 24
58.596491228071685 11
58.61403508772081 36
58.62280701754537 19
58.69298245614186 11
58.754385964913794 9
58.78947368421204 11
58.78947368421204 41
58.7982456140366 50
58.868421052633096 19
58.88596491228222 11
58.95614035087871 6
58.9824561403524 11
58.99122807017696 26
59.00877192982608 52
59.026315789475206 35
59.03508771929977 7
59.078947368422575 11
59.11403508772082 19
59.175438596492754 11
59.21929824561556 17
59.21929824561556 42
59.22807017544012 34
59.27192982456293 11
59.33333333333486 16
59.342105263159425 28
59.35087719298399 24
59.35964912280855 19
59.36842105263311 11
59.394736842106795 46
59.46491228070329 11
59.48245614035241 15
59.48245614035241 39
59.51754385965066 38
59.53508771929978 25
59.561403508773466 11
59.57894736842259 12
59.605263157896275 19
59.6228070175454 20
59.64912280701908 3
59.657894736843645 11
59.657894736843645 36
59.68421052631733 6
59.70175438596645 2
59.75438596491382 11
59.78947368421207 49
59.83333333333488 33
59.850877192984 11
59.850877192984 19
59.850877192984 48
59.868421052633124 7
59.89473684210681 44
59.91228070175593 43
59.94736842105418 11
