0.017543859649122806 58
0.03508771929824561 29
0.07894736842105263 37
0.09649122807017543 15
0.09649122807017543 43
0.13157894736842105 41
0.14912280701754385 11
0.16666666666666666 45
0.17543859649122806 28
0.19298245614035087 36
0.20175438596491227 35
0.22807017543859648 25
0.2719298245614036 55
0.28947368421052644 5
0.32456140350877216 4
0.342105263157895 39
0.342105263157895 40
0.3596491228070179 42
0.3596491228070179 53
0.3859649122807022 48
0.40350877192982504 47
0.4210526315789479 17
0.4561403508771936 50
0.5000000000000008 0
0.5263157894736851 7
0.5263157894736851 54
0.6578947368421065 44
0.728070175438598 1
0.7543859649122823 57
0.8333333333333351 27
0.9561403508771952 44
0.9912280701754409 36
1.1754385964912308 23
1.2017543859649151 24
1.2719298245614066 7
1.2982456140350909 8
1.3070175438596523 16
1.3157894736842137 11
1.3245614035087752 20
1.4122807017543895 44
1.421052631578951 15
1.4473684210526352 5
1.526315789473688 14
1.543859649122811 6
1.587719298245618 22
1.5964912280701795 11
1.6140350877193024 25
1.6403508771929867 43
1.789473684210531 36
2.0000000000000053 7
2.0000000000000053 34
2.070175438596495 24
2.1403508771929847 5
2.157894736842107 26
2.1666666666666683 2
2.1754385964912295 3
2.192982456140352 47
2.2543859649122804 17
2.280701754385964 6
2.32456140350877 1
2.368421052631576 41
2.5877192982456063 36
2.736842105263147 7
2.736842105263147 15
2.7719298245613917 5
2.789473684210514 4
2.90350877192981 11
2.9385964912280547 24
3.0087719298245443 29
3.0087719298245443 42
3.0175438596491055 6
3.166666666666646 5
3.245614035087697 25
3.3508771929824315 50
3.3859649122806763 27
3.3859649122806763 36
3.3947368421052375 43
3.421052631578921 11
3.4736842105262884 7
3.6491228070175126 55
3.657894736842074 20
3.675438596491196 3
3.754385964912247 6
3.8070175438596143 24
3.8157894736841755 58
3.92105263157891 1
3.9385964912280325 45
3.956140350877155 11
4.026315789473646 47
4.043859649122769 15
4.149122807017509 53
4.184210526315756 36
4.210526315789441 7
4.280701754385934 39
4.324561403508742 33
4.350877192982427 11
4.429824561403482 5
4.4912280701754135 6
4.543859649122783 41
4.57894736842103 25
4.614035087719277 44
4.675438596491208 24
4.6929824561403315 57
4.7192982456140165 5
4.754385964912263 17
4.771929824561386 16
4.912280701754373 8
4.929824561403496 48
4.938596491228058 7
4.947368421052619 43
4.982456140350866 36
5.052631578947359 11
5.052631578947359 37
5.070175438596483 4
5.157894736842099 28
5.175438596491222 3
5.184210526315784 14
5.228070175438592 6
5.228070175438592 23
5.263157894736839 0
5.289473684210524 5
5.342105263157894 11
5.342105263157894 40
5.3508771929824555 15
5.421052631578949 5
5.543859649122812 24
5.58771929824562 42
5.666666666666675 7
5.69298245614036 11
5.701754385964922 2
5.7280701754386065 17
5.780701754385976 36
5.807017543859661 22
5.824561403508785 47
5.912280701754401 25
5.912280701754401 44
5.964912280701771 6
5.964912280701771 50
6.096491228070196 54
6.219298245614059 1
6.219298245614059 29
6.228070175438621 35
6.254385964912306 34
6.271929824561429 20
6.394736842105292 7
6.4122807017544154 24
6.578947368421087 36
6.59649122807021 41
6.605263157894772 17
6.657894736842142 15
6.675438596491265 3
6.70175438596495 6
6.80701754385969 5
6.885964912280745 27
6.947368421052676 48
7.122807017543909 7
7.166666666666718 39
7.2456140350877725 25
7.280701754386019 24
7.307017543859704 8
7.315789473684266 1
7.333333333333389 44
7.377192982456197 36
7.438596491228129 6
7.482456140350937 58
7.55263157894743 55
7.614035087719362 47
7.76315789473691 16
7.771929824561472 17
7.798245614035157 53
7.8508771929825265 7
7.859649122807088 42
7.964912280701828 15
8.149122807017623 24
8.175438596491308 6
8.175438596491308 36
8.342105263157979 11
8.500000000000089 43
8.56140350877202 0
8.578947368421144 7
8.578947368421144 25
8.596491228070267 57
8.631578947368514 11
8.631578947368514 29
8.7719298245615 5
8.7719298245615 45
8.780701754386062 4
8.789473684210623 3
8.815789473684308 14
8.912280701754487 6
8.947368421052733 48
8.973684210526418 10
8.973684210526418 36
9.017543859649226 24
9.026315789473788 17
9.096491228070281 5
9.122807017543966 1
9.14035087719309 9
9.219298245614144 42
9.236842105263268 2
9.24561403508783 11
9.271929824561514 15
9.30701754385976 7
9.394736842105377 47
9.491228070175556 27
9.51754385964924 26
9.526315789473802 50
9.561403508772049 11
9.649122807017665 6
9.692982456140474 29
9.771929824561528 36
9.815789473684337 5
9.88596491228083 24
9.912280701754515 25
9.912280701754515 25
9.956140350877323 20
10.026315789473816 37
10.035087719298378 7
10.04385964912294 23
10.070175438596625 22
10.078947368421186 41
10.131578947368556 28
10.289473684210666 3
10.289473684210666 33
10.385964912280844 6
10.394736842105406 8
10.491228070175584 44
10.517543859649269 34
10.570175438596639 36
10.570175438596639 39
10.5789473684212 15
10.754385964912434 16
10.754385964912434 24
10.763157894736995 7
10.771929824561557 43
10.868421052631735 4
10.94736842105279 17
10.973684210526475 0
11.043859649122968 9
11.078947368421215 29
11.122807017544023 6
11.15789473684227 11
11.21052631578964 47
11.245614035087886 25
11.298245614035256 55
11.36842105263175 36
11.491228070175612 7
11.570175438596667 53
11.614035087719476 40
11.622807017544037 24
11.789473684210709 3
11.859649122807202 6
11.885964912280887 15
12.16666666666686 36
12.201754385965106 11
12.201754385965106 48
12.210526315789668 17
12.21929824561423 7
12.307017543859846 44
12.350877192982654 27
12.403508771930024 5
12.421052631579148 11
12.42982456140371 35
12.447368421052833 14
12.49122807017564 24
12.54385964912301 41
12.578947368421257 25
12.59649122807038 6
12.614035087719504 42
12.728070175438805 20
12.771929824561614 2
12.771929824561614 2
12.798245614035299 43
12.877192982456354 11
12.921052631579162 8
12.929824561403723 44
12.947368421052847 4
12.947368421052847 7
12.96491228070197 36
12.991228070175655 57
13.026315789473902 47
13.096491228070395 11
13.105263157894957 17
13.192982456140573 15
13.236842105263381 9
13.289473684210751 3
13.324561403508998 1
13.33333333333356 6
13.342105263158121 5
13.359649122807244 24
13.412280701754614 50
13.464912280701984 29
13.500000000000231 39
13.675438596491464 7
13.745614035087957 16
13.76315789473708 36
13.86842105263182 45
13.912280701754629 25
13.92105263157919 0
14.017543859649368 17
14.070175438596738 6
14.18421052631604 11
14.219298245614286 58
14.228070175438848 24
14.254385964912533 23
14.280701754386218 22
14.280701754386218 48
14.350877192982711 26
14.403508771930081 7
14.50000000000026 15
14.561403508772191 36
14.684210526316054 29
14.789473684210794 3
14.807017543859917 6
14.815789473684479 43
14.815789473684479 47
14.850877192982725 17
15.000000000000274 34
15.000000000000274 37
15.017543859649397 33
15.026315789473959 1
15.026315789473959 4
15.096491228070452 24
15.122807017544137 28
15.131578947368698 7
15.245614035088 25
15.245614035088 25
15.359649122807301 36
15.438596491228356 41
15.535087719298534 20
15.543859649123096 6
15.578947368421343 55
15.631578947368713 8
15.754385964912576 11
15.754385964912576 54
15.807017543859946 15
15.859649122807316 7
15.947368421052932 39
15.964912280702055 24
16.04385964912311 27
16.078947368421357 14
16.122807017544165 11
16.15789473684241 36
16.280701754386275 6
16.289473684210837 3
16.289473684210837 48
16.30701754385996 2
16.30701754385996 53
16.385964912281015 40
16.47368421052663 50
16.51754385964944 17
16.526315789474 29
16.57894736842137 25
16.587719298245933 7
16.587719298245933 9
16.596491228070494 47
16.666666666666988 1
16.73684210526348 16
16.763157894737166 11
16.83333333333366 24
16.956140350877522 36
17.017543859649454 6
17.10526315789507 4
17.114035087719632 15
17.26315789473718 5
17.289473684210865 11
17.31578947368455 7
17.32456140350911 17
17.456140350877536 35
17.701754385965263 24
17.710526315789824 11
17.754385964912633 6
17.754385964912633 36
17.78947368421088 3
17.859649122807372 58
17.877192982456496 0
17.90350877193018 43
17.912280701754742 25
18.00877192982492 1
18.043859649123167 7
18.122807017544222 17
18.298245614035455 11
18.32456140350914 8
18.412280701754757 47
18.421052631579318 15
18.421052631579318 45
18.42982456140388 5
18.456140350877565 23
18.48245614035125 9
18.48245614035125 22
18.49122807017581 6
18.54385964912318 44
18.552631578947743 36
18.570175438596866 24
18.622807017544236 10
18.763157894737223 5
18.771929824561784 7
18.789473684210908 27
18.80701754386003 11
18.877192982456524 41
18.921052631579332 17
19.11403508771969 5
19.184210526316182 4
19.22807017543899 6
19.245614035088114 25
19.263157894737237 20
19.289473684210922 3
19.32456140350917 34
19.350877192982853 36
19.421052631579347 33
19.43859649122847 24
19.5000000000004 7
19.70175438596532 14
19.70175438596532 43
19.719298245614443 17
19.728070175439004 15
19.728070175439004 16
19.736842105263566 44
19.789473684210936 11
19.789473684210936 26
19.842105263158306 2
19.938596491228484 39
19.96491228070217 6
19.97368421052673 37
20.008771929824977 50
20.061403508772347 1
20.07894736842147 57
20.096491228070594 53
20.105263157895156 28
20.12280701754428 48
20.149122807017964 36
20.201754385965334 47
20.22807017543902 7
20.307017543860074 24
20.350877192982882 9
20.38596491228113 54
20.464912280702183 55
20.517543859649553 17
20.543859649123238 8
20.56140350877236 5
20.56140350877236 42
20.578947368421485 25
20.649122807017978 0
20.701754385965348 6
20.789473684210964 3
20.903508771930266 40
20.947368421053074 36
20.956140350877636 7
21.03508771929869 11
21.03508771929869 15
21.175438596491677 24
21.263157894737294 4
21.280701754386417 5
21.315789473684664 17
21.41228070175484 41
21.438596491228527 6
21.44736842105309 44
21.684210526316253 7
21.710526315789938 20
21.72807017543906 11
21.745614035088185 36
21.912280701754856 25
21.964912280702226 29
21.98245614035135 47
22.04385964912328 24
22.114035087719774 17
22.114035087719774 43
22.175438596491706 6
22.184210526316267 27
22.19298245614083 48
22.219298245614514 9
22.289473684211007 3
22.342105263158377 15
22.368421052632062 42
22.394736842105747 58
22.41228070175487 7
22.543859649123295 36
22.605263157895227 57
22.719298245614528 16
22.719298245614528 22
22.745614035088213 45
22.754385964912775 44
22.754385964912775 50
22.84210526315839 39
22.912280701754884 6
22.912280701754884 17
22.912280701754884 24
23.114035087719802 23
23.14912280701805 7
23.166666666667172 5
23.175438596491734 11
23.228070175439104 44
23.245614035088227 25
23.324561403509282 14
23.342105263158405 4
23.342105263158405 36
23.377192982456652 2
23.57017543859701 1
23.649122807018063 6
23.649122807018063 15
23.666666666667187 42
23.701754385965433 0
23.701754385965433 35
23.710526315789995 17
23.710526315789995 34
23.719298245614556 8
23.719298245614556 41
23.754385964912803 5
23.763157894737365 47
23.780701754386488 24
23.78947368421105 3
23.79824561403561 10
23.877192982456666 7
23.885964912281228 44
23.938596491228598 53
24.087719298246146 9
24.140350877193516 36
24.385964912281242 6
24.394736842105804 20
24.403508771930365 11
24.447368421053174 5
24.508771929825105 17
24.5789473684216 25
24.5789473684216 44
24.605263157895283 7
24.605263157895283 33
24.64912280701809 24
24.710526315790023 11
24.75438596491283 1
24.877192982456695 27
24.90350877193038 26
24.938596491228626 36
24.947368421053188 37
24.95614035087775 15
25.035087719298804 42
25.087719298246174 28
25.096491228070736 11
25.12280701754442 6
25.210526315790037 39
25.254385964912846 55
25.289473684211092 3
25.307017543860216 17
25.3333333333339 7
25.421052631579517 4
25.517543859649695 24
25.561403508772504 47
25.64035087719356 29
25.64912280701812 40
25.666666666667243 5
25.70175438596549 54
25.71052631579005 16
25.736842105263737 36
25.780701754386545 48
25.833333333333915 50
25.850877192983038 41
25.8596491228076 6
25.91228070175497 25
25.96491228070234 9
25.991228070176025 58
26.07017543859708 7
26.105263157895326 17
26.105263157895326 44
26.245614035088312 11
26.263157894737436 15
26.307017543860244 45
26.3859649122813 24
26.473684210526915 0
26.535087719298847 36
26.570175438597094 44
26.59649122807078 6
26.70175438596552 1
26.789473684211135 3
26.798245614035697 7
26.80701754386026 43
26.903508771930436 17
26.903508771930436 57
26.912280701754998 2
26.92105263157956 22
26.947368421053245 14
27.07894736842167 23
27.122807017544478 8
27.23684210526378 29
27.24561403508834 25
27.254385964912903 24
27.333333333333957 6
27.333333333333957 36
27.34210526315852 47
27.35087719298308 5
27.438596491228697 5
27.50000000000063 4
27.50000000000063 11
27.526315789474314 7
27.570175438597122 15
27.701754385965547 17
27.736842105263793 48
27.77192982456204 53
27.81578947368485 11
27.842105263158533 9
27.894736842105903 1
27.912280701755027 34
28.017543859649766 27
28.070175438597136 6
28.122807017544506 24
28.131578947369068 36
28.192982456141 5
28.25438596491293 7
28.289473684211178 3
28.3070175438603 29
28.421052631579602 41
28.447368421053287 50
28.46491228070241 42
28.473684210526972 35
28.500000000000657 17
28.57017543859715 20
28.578947368421712 25
28.605263157895397 43
28.701754385965575 16
28.763157894737507 5
28.807017543860315 6
28.84210526315856 0
28.87719298245681 15
28.92982456140418 36
28.92982456140418 55
28.982456140351548 7
28.99122807017611 24
29.122807017544535 47
29.298245614035768 17
29.298245614035768 33
29.30701754386033 44
29.543859649123494 6
29.57894736842174 4
29.596491228070864 11
29.666666666667357 42
29.67543859649192 48
29.710526315790165 7
29.719298245614727 44
29.72807017543929 36
29.754385964912974 9
29.78947368421122 3
29.850877192983152 8
29.859649122807713 24
29.868421052632275 58
29.912280701755083 25
29.921052631579645 37
29.94736842105333 39
30.05263157894807 1
30.06140350877263 28
30.078947368421755 5
30.087719298246316 29
30.096491228070878 17
30.16666666666737 11
30.184210526316495 15
30.280701754386673 6
30.280701754386673 44
30.333333333334043 45
30.412280701755098 10
30.438596491228783 7
30.447368421053344 2
30.5263157894744 36
30.570175438597207 14
30.596491228070892 26
30.666666666667385 54
30.728070175439317 24
30.728070175439317 40
30.89473684210599 17
30.89473684210599 27
30.90350877193055 47
30.94736842105336 57
30.991228070176167 11
31.00000000000073 41
31.01754385964985 6
31.01754385964985 23
31.12280701754459 22
31.1666666666674 7
31.245614035088455 25
31.289473684211263 3
31.298245614035825 20
31.32456140350951 36
31.342105263158633 53
31.49122807017618 1
31.49122807017618 15
31.53508771929899 29
31.59649122807092 24
31.605263157895482 48
31.622807017544606 9
31.657894736842852 4
31.6929824561411 16
31.6929824561411 17
31.75438596491303 6
31.877192982456894 50
31.894736842106017 7
31.947368421053387 43
32.10526315789549 34
32.122807017544616 36
32.175438596491986 44
32.46491228070252 24
32.491228070176206 6
32.491228070176206 17
32.5614035087727 39
32.57894736842182 25
32.60526315789551 0
32.62280701754463 7
32.68421052631656 47
32.78070175438674 1
32.7894736842113 3
32.798245614035864 15
32.92105263157973 36
33.00000000000078 8
33.184210526316576 44
33.228070175439385 6
33.289473684211316 17
33.333333333334124 24
33.35087719298325 7
33.35087719298325 29
33.35087719298325 35
33.36842105263237 5
33.394736842106056 42
33.47368421052711 55
33.491228070176234 9
33.53508771929904 48
33.67543859649203 45
33.71929824561484 36
33.7280701754394 11
33.73684210526396 4
33.78070175438677 33
33.90350877193063 43
33.91228070175519 25
33.96491228070256 6
33.973684210527125 27
33.98245614035169 2
33.98245614035169 20
34.078947368421865 7
34.08771929824643 17
34.10526315789555 15
34.192982456141166 14
34.20175438596573 24
34.245614035088536 44
34.289473684211345 3
34.46491228070258 47
34.51754385964995 36
34.52631578947451 11
34.552631578948194 50
34.657894736842934 29
34.68421052631662 16
34.70175438596574 6
34.719298245614866 1
34.7807017543868 42
34.80701754386048 7
34.88596491228154 17
34.8947368421061 37
34.91228070175522 23
34.95614035087803 54
35.035087719299085 28
35.05263157894821 57
35.07017543859733 24
35.15789473684295 58
35.18421052631663 41
35.245614035088565 25
35.28070175438681 8
35.31578947368506 36
35.32456140350962 22
35.350877192983305 0
35.359649122807866 40
35.36842105263243 9
35.412280701755236 15
35.42982456140436 26
35.43859649122892 6
35.456140350878044 48
35.5350877192991 7
35.570175438597346 53
35.68421052631665 17
35.78947368421139 3
35.81578947368507 4
35.824561403509634 39
35.938596491228935 24
36.05263157894824 11
36.096491228071045 5
36.11403508772017 36
36.1754385964921 6
36.18421052631666 1
36.201754385965785 29
36.24561403508859 47
36.263157894737716 7
36.29824561403596 34
36.48245614035176 17
36.578947368421936 25
36.5877192982465 44
36.675438596492114 20
36.71929824561492 15
36.80701754386054 24
36.87719298245703 11
36.91228070175528 6
36.91228070175528 36
36.991228070176334 7
37.13157894736932 50
37.23684210526406 45
37.24561403508862 9
37.263157894737745 55
37.28070175438687 17
37.28947368421143 3
37.315789473685115 43
37.377192982457046 48
37.51754385965003 2
37.62280701754477 27
37.64912280701846 6
37.67543859649214 16
37.67543859649214 24
37.70175438596583 29
37.71052631579039 36
37.72807017543951 7
37.81578947368513 14
37.894736842106184 4
37.91228070175531 25
37.99122807017636 5
38.02631578947461 15
38.02631578947461 47
38.07894736842198 17
38.07894736842198 42
38.2105263157904 41
38.24561403508865 1
38.34210526315883 0
38.35964912280795 33
38.35964912280795 39
38.385964912281636 6
38.45614035087813 7
38.5087719298255 36
38.543859649123746 24
38.66666666666761 58
38.78947368421147 3
38.81578947368516 23
38.859649122807966 29
38.87719298245709 17
39.08771929824657 20
39.122807017544815 6
39.15789473684306 9
39.18421052631675 7
39.20175438596587 5
39.24561403508868 25
39.25438596491324 11
39.28947368421149 48
39.28947368421149 53
39.30701754386061 36
39.333333333334295 15
39.41228070175535 24
39.52631578947465 22
39.6754385964922 17
39.6754385964922 43
39.68421052631676 8
39.72807017543957 1
39.807017543860624 47
39.82456140350975 44
39.859649122807994 6
39.868421052632556 37
39.912280701755364 7
39.912280701755364 42
39.973684210527296 4
39.973684210527296 11
40.00877192982554 28
40.0877192982466 5
40.10526315789572 36
40.28070175438695 24
40.289473684211515 3
40.47368421052731 17
40.53508771929924 40
40.57894736842205 25
40.58771929824661 11
40.59649122807117 6
40.64035087719398 7
40.64035087719398 15
40.666666666667666 16
40.70175438596591 5
40.710526315790474 27
40.75438596491328 1
40.771929824562406 0
40.824561403509776 39
40.89473684210627 57
40.90350877193083 36
40.99122807017645 50
41.035087719299256 9
41.05263157894838 2
41.14912280701856 24
41.15789473684312 44
41.184210526316804 45
41.192982456141365 41
41.27192982456242 17
41.33333333333435 6
41.33333333333435 48
41.350877192983475 54
41.35964912280804 34
41.3684210526326 7
41.37719298245716 11
41.43859649122909 14
41.50000000000102 55
41.52631578947471 42
41.58771929824664 47
41.675438596492256 26
41.70175438596594 36
41.780701754386996 44
41.78947368421156 3
41.885964912281736 43
41.90350877193086 20
41.91228070175542 25
41.938596491229106 5
41.94736842105367 15
41.97368421052735 1
42.00000000000104 58
42.01754385965016 24
42.05263157894841 4
42.07017543859753 6
42.07017543859753 17
42.096491228071216 7
42.307017543860695 8
42.307017543860695 29
42.50000000000105 36
42.60526315789579 5
42.71929824561509 23
42.80701754386071 6
42.81578947368527 5
42.82456140350983 7
42.86842105263264 17
42.885964912281764 24
42.90350877193089 5
42.91228070175545 9
43.000000000001066 44
43.03508771929931 33
43.13157894736949 53
43.24561403508879 25
43.24561403508879 48
43.254385964913354 15
43.2894736842116 3
43.29824561403616 36
43.315789473685285 1
43.315789473685285 42
43.368421052632655 47
43.39473684210634 43
43.50877192982564 39
43.5175438596502 35
43.54385964912389 6
43.55263157894845 7
43.59649122807126 50
43.60526315789582 57
43.62280701754494 29
43.631578947369505 44
43.65789473684319 16
43.66666666666775 17
43.692982456141436 27
43.72807017543968 22
43.75438596491337 24
43.86842105263267 11
44.09649122807127 36
44.105263157895834 41
44.13157894736952 4
44.28070175438707 6
44.28070175438707 7
44.342105263159 44
44.46491228070286 17
44.56140350877304 15
44.57894736842216 25
44.587719298246725 2
44.587719298246725 45
44.62280701754497 24
44.63157894736953 0
44.73684210526427 29
44.78947368421164 3
44.82456140350989 9
44.82456140350989 42
44.84210526315901 37
44.89473684210638 36
44.912280701755506 1
44.982456140352 28
45.008771929825684 7
45.017543859650246 6
45.061403508773054 14
45.13157894736955 44
45.14912280701867 47
45.26315789473797 17
45.3947368421064 5
45.491228070176575 24
45.55263157894851 34
45.67543859649237 54
45.69298245614149 36
45.7368421052643 7
45.754385964913425 6
45.76315789473799 58
45.868421052632726 15
45.912280701755535 25
45.92982456140466 11
45.95614035087834 8
46.06140350877308 17
46.10526315789589 27
46.131578947369576 50
46.21052631579063 4
46.25438596491344 48
46.27192982456256 41
46.289473684211686 3
46.289473684211686 42
46.35964912280818 24
46.394736842106425 57
46.41228070175555 11
46.46491228070292 7
46.491228070176604 6
46.491228070176604 36
46.53508771929941 40
46.605263157895905 43
46.62280701754503 23
46.64912280701871 16
46.66666666666784 29
46.70175438596608 9
46.80701754386082 44
46.85964912280819 17
46.868421052632755 1
46.929824561404686 47
47.035087719299426 39
47.11403508772048 26
47.17543859649241 5
47.17543859649241 15
47.17543859649241 15
47.192982456141536 7
47.22807017543978 6
47.22807017543978 24
47.245614035088906 0
47.245614035088906 25
47.289473684211714 36
47.3157894736854 5
47.33333333333452 44
47.41228070175558 5
47.48245614035207 53
47.59649122807137 10
47.62280701754506 33
47.6578947368433 17
47.70175438596611 42
47.78947368421173 3
47.8421052631591 44
47.85964912280822 20
47.91228070175559 45
47.92105263158015 7
47.929824561404715 22
47.96491228070296 6
48.02631578947489 55
48.087719298246824 36
48.096491228071386 24
48.12280701754507 2
48.16666666666788 48
48.28947368421174 4
48.33333333333455 29
48.456140350878414 17
48.4824561403521 15
48.49122807017666 41
48.52631578947491 27
48.561403508773154 43
48.57894736842228 9
48.57894736842228 25
48.57894736842228 50
48.60526315789596 1
48.60526315789596 11
48.64912280701877 7
48.68421052631702 14
48.70175438596614 6
48.7105263157907 47
48.885964912281935 36
48.96491228070299 24
48.97368421052755 57
49.03508771929948 11
49.254385964913524 17
49.28947368421177 3
49.34210526315914 29
49.37719298245739 7
49.40350877193107 8
49.43859649122932 6
49.54385964912406 11
49.60526315789599 35
49.64035087719424 16
49.684210526317045 36
49.71929824561529 42
49.736842105264415 1
49.74561403508898 34
49.74561403508898 34
49.789473684211785 15
49.81578947368547 37
49.83333333333459 24
49.91228070175565 25
49.95614035087846 28
50.008771929825826 39
50.052631578948635 17
50.07894736842232 48
50.105263157896005 7
50.114035087720566 44
50.1754385964925 6
50.368421052632854 4
50.368421052632854 58
50.44736842105391 9
50.482456140352156 36
50.49122807017672 29
50.49122807017672 47
50.526315789474964 23
50.55263157894865 43
50.631578947369704 44
50.7017543859662 24
50.78947368421181 3
50.83333333333462 7
50.850877192983745 17
50.86842105263287 41
50.86842105263287 42
50.91228070175568 6
50.93859649122936 27
51.03508771929954 54
51.09649122807147 15
51.114035087720595 1
51.13157894736972 53
51.14035087719428 50
51.166666666667965 0
51.219298245615335 5
51.24561403508902 25
51.280701754387266 36
51.56140350877324 7
51.56140350877324 55
51.5701754385978 24
51.63157894736973 57
51.649122807018855 6
51.649122807018855 17
51.65789473684342 2
51.66666666666798 40
51.807017543860965 29
51.83333333333465 8
51.8684210526329 20
51.99122807017676 48
52.07894736842238 36
52.07894736842238 43
52.0964912280715 42
52.131578947369746 22
52.236842105264486 11
52.27192982456273 47
52.289473684211856 3
52.289473684211856 7
52.30701754386098 14
52.3245614035101 9
52.385964912282034 6
52.40350877193116 10
52.40350877193116 15
52.438596491229404 24
52.447368421053966 4
52.447368421053966 17
52.500000000001336 39
52.57894736842239 25
52.58771929824695 1
52.63157894736976 16
52.78947368421187 11
52.8508771929838 41
52.87719298245749 36
53.01754385965047 7
53.12280701754521 6
53.236842105264515 44
53.245614035089076 17
53.245614035089076 42
53.27192982456276 11
53.30701754386101 24
53.3771929824575 45
53.394736842106624 5
53.605263157896104 44
53.657894736843474 11
53.6754385964926 36
53.710526315790844 15
53.74561403508909 7
53.74561403508909 43
53.78070175438734 29
53.7894736842119 3
53.85087719298383 50
53.85964912280839 6
53.88596491228208 27
53.9035087719312 48
53.91228070175576 25
53.95614035087857 34
53.95614035087857 34
53.982456140352255 0
53.99122807017682 8
54.04385964912419 11
54.04385964912419 17
54.05263157894875 47
54.15789473684349 1
54.17543859649261 24
54.192982456141735 9
54.2017543859663 58
54.307017543861036 57
54.32456140351016 11
54.34210526315928 5
54.39473684210665 42
54.4298245614049 23
54.44736842105402 44
54.47368421052771 7
54.47368421052771 36
54.52631578947508 4
54.53508771929964 26
54.59649122807157 6
54.64912280701894 11
54.719298245615434 33
54.78947368421193 37
54.8421052631593 17
54.938596491229475 28
54.938596491229475 55
55.01754385965053 15
55.043859649124215 24
55.13157894736983 20
55.16666666666808 43
55.19298245614176 2
55.201754385966325 7
55.24561403508913 25
55.27192982456282 36
55.28947368421194 3
55.315789473685626 5
55.33333333333475 6
55.421052631580366 11
55.464912280703174 35
55.54385964912423 42
55.622807017545284 16
55.64035087719441 17
55.81578947368564 48
55.85087719298389 47
55.85964912280845 11
55.91228070175582 24
55.92982456140494 7
55.92982456140494 14
55.96491228070319 29
56.06140350877337 9
56.07017543859793 6
56.07017543859793 36
56.157894736843545 39
56.19298245614179 50
56.22807017544004 5
56.22807017544004 44
56.29824561403653 27
56.29824561403653 40
56.32456140351022 15
56.33333333333478 22
56.43859649122952 17
56.578947368422504 25
56.59649122807163 54
56.60526315789619 4
56.62280701754531 0
56.65789473684356 7
56.78070175438742 24
56.789473684211984 3
56.80701754386111 6
56.80701754386111 41
56.81578947368567 1
56.83333333333479 42
56.86842105263304 36
56.96491228070322 57
57.04385964912427 45
57.07017543859796 53
57.23684210526463 17
57.23684210526463 43
57.26315789473831 8
57.35964912280849 29
57.385964912282176 7
57.429824561404985 58
57.47368421052779 10
57.50877192982604 5
57.543859649124286 6
57.6315789473699 15
57.6315789473699 47
57.649122807019026 24
57.66666666666815 36
57.72807017544008 48
57.745614035089204 5
57.912280701755876 25
57.929824561405 9
57.98245614035237 42
58.03508771929974 17
58.114035087720794 7
58.14912280701904 34
58.280701754387465 6
58.28947368421203 3
58.31578947368571 11
58.333333333334835 23
58.35964912280852 29
58.37719298245764 44
58.39473684210677 20
58.46491228070326 36
58.51754385965063 24
58.53508771929975 50
58.61403508772081 16
58.63157894736993 55
58.6842105263173 4
58.710526315790986 27
58.72807017544011 2
58.74561403508923 43
58.83333333333485 17
58.84210526315941 7
58.921052631580466 11
58.93859649122959 15
59.017543859650644 6
59.131578947369945 42
59.15789473684363 5
59.210526315791 41
59.24561403508925 25
59.26315789473837 36
59.38596491228223 24
59.41228070175592 47
59.49122807017697 39
59.54385964912434 33
59.552631578948905 14
59.57894736842259 7
59.58771929824715 57
59.63157894736996 17
59.64035087719452 48
59.64912280701908 8
59.7368421052647 11
59.75438596491382 6
59.763157894738384 37
59.78947368421207 3
59.78947368421207 5
59.79824561403663 9
59.88596491228225 0
59.91228070175593 28
59.973684210527864 5
