0.0 27
0.008771929824561403 20
0.017543859649122806 23
0.02631578947368421 42
0.02631578947368421 53
0.043859649122807015 18
0.043859649122807015 44
0.043859649122807015 47
0.05263157894736842 28
0.05263157894736842 29
0.05263157894736842 36
0.05263157894736842 37
0.13157894736842105 50
0.15789473684210525 16
0.16666666666666666 1
0.16666666666666666 15
0.16666666666666666 24
0.17543859649122806 54
0.21929824561403508 34
0.23684210526315788 14
0.29824561403508787 22
0.31578947368421073 35
0.3596491228070179 7
0.3684210526315793 6
0.3684210526315793 11
0.41228070175438647 31
0.4473684210526322 39
0.5438596491228079 5
0.5438596491228079 8
0.5877192982456151 10
0.6315789473684222 45
0.7368421052631594 17
0.7719298245614051 44
0.9298245614035109 55
0.9473684210526337 36
0.973684210526318 0
0.973684210526318 38
1.035087719298248 30
1.0438596491228094 24
1.096491228070178 7
1.1228070175438623 6
1.2719298245614066 40
1.2982456140350909 41
1.3508771929824595 48
1.4736842105263195 18
1.482456140350881 15
1.5087719298245652 26
1.5526315789473724 11
1.5964912280701795 58
1.6228070175438638 29
1.7105263157894781 43
1.8245614035087767 7
1.8333333333333381 47
1.8421052631578996 1
1.8421052631578996 36
1.850877192982461 11
1.8771929824561453 6
1.8859649122807067 44
1.9035087719298296 59
1.9210526315789525 24
2.0526315789473726 5
2.0526315789473726 25
2.236842105263158 18
2.359649122807015 20
2.368421052631576 57
2.5526315789473615 7
2.6315789473684124 6
2.6315789473684124 44
2.736842105263147 36
2.7543859649122693 2
2.789473684210514 24
2.7982456140350753 15
2.8070175438596365 8
2.9824561403508607 17
2.991228070175422 11
3.070175438596473 9
3.1403508771929625 29
3.1491228070175237 16
3.280701754385942 7
3.289473684210503 42
3.333333333333309 30
3.3508771929824315 0
3.3859649122806763 6
3.4035087719297987 59
3.63157894736839 36
3.657894736842074 24
3.666666666666635 47
3.6929824561403186 5
3.6929824561403186 41
3.7368421052631247 18
3.789473684210492 39
3.789473684210492 44
3.8157894736841755 31
3.8596491228069816 14
3.956140350877155 25
4.008771929824523 1
4.008771929824523 7
4.008771929824523 48
4.0350877192982075 27
4.114035087719262 15
4.140350877192947 6
4.201754385964879 23
4.210526315789441 11
4.499999999999975 22
4.52631578947366 24
4.52631578947366 36
4.52631578947366 54
4.57894736842103 50
4.587719298245592 34
4.73684210526314 7
4.73684210526314 44
4.877192982456126 45
4.8947368421052495 6
5.026315789473674 37
5.114035087719291 28
5.394736842105264 24
5.421052631578949 15
5.421052631578949 36
5.456140350877195 47
5.464912280701757 7
5.491228070175442 20
5.508771929824565 57
5.561403508771935 17
5.596491228070182 8
5.622807017543867 30
5.649122807017552 6
5.885964912280716 11
5.991228070175456 40
6.017543859649141 58
6.140350877193004 16
6.1842105263158125 48
6.192982456140374 7
6.219298245614059 35
6.263157894736867 24
6.315789473684237 36
6.403508771929854 6
6.429824561403539 0
6.482456140350909 59
6.692982456140388 2
6.710526315789512 41
6.728070175438635 15
6.833333333333375 27
6.833333333333375 44
6.91228070175443 17
6.921052631578991 7
6.9649122807018 11
7.0175438596491695 55
7.105263157894786 1
7.131578947368471 24
7.157894736842156 6
7.210526315789526 36
7.254385964912334 47
7.280701754386019 31
7.289473684210581 5
7.315789473684266 11
7.324561403508827 4
7.377192982456197 39
7.50000000000006 14
7.508771929824622 18
7.6491228070176085 7
7.684210526315855 5
7.798245614035157 26
7.8508771929825265 53
7.912280701754458 6
7.912280701754458 59
7.964912280701828 30
8.000000000000075 24
8.035087719298321 15
8.043859649122883 17
8.105263157894814 36
8.28947368421061 23
8.324561403508856 57
8.377192982456226 7
8.394736842105349 43
8.412280701754472 8
8.412280701754472 25
8.45614035087728 29
8.473684210526404 1
8.605263157894829 45
8.66666666666676 6
8.701754385965007 22
8.780701754386062 42
8.82456140350887 38
8.868421052631678 24
8.964912280701856 18
9.000000000000103 36
9.03508771929835 54
9.061403508772035 47
9.105263157894843 7
9.131578947368528 16
9.14035087719309 5
9.157894736842213 50
9.24561403508783 20
9.271929824561514 11
9.342105263158007 15
9.421052631579062 6
9.456140350877309 29
9.596491228070295 27
9.736842105263282 24
9.745614035087844 17
9.745614035087844 25
9.771929824561528 41
9.83333333333346 7
9.859649122807145 48
9.894736842105392 36
9.912280701754515 59
10.000000000000131 37
10.017543859649255 1
10.131578947368556 42
10.14912280701768 28
10.175438596491365 6
10.245614035087858 30
10.36842105263172 43
10.491228070175584 8
10.561403508772077 7
10.605263157894885 24
10.640350877193132 55
10.649122807017694 15
10.649122807017694 15
10.692982456140502 31
10.73684210526331 57
10.78947368421068 36
10.815789473684365 0
10.833333333333488 44
10.850877192982612 47
10.929824561403667 6
10.956140350877352 5
10.973684210526475 29
11.00000000000016 35
11.017543859649283 40
11.05263157894753 39
11.061403508772091 58
11.131578947368585 14
11.149122807017708 11
11.15789473684227 5
11.175438596491393 4
11.245614035087886 34
11.289473684210694 7
11.47368421052649 24
11.508771929824736 17
11.53508771929842 42
11.684210526315969 6
11.684210526315969 36
11.763157894737024 25
11.815789473684394 41
11.824561403508955 20
11.921052631579133 43
11.95614035087738 15
12.00877192982475 27
12.017543859649312 7
12.096491228070366 2
12.105263157894928 29
12.122807017544051 16
12.16666666666686 18
12.175438596491421 23
12.263157894737038 44
12.298245614035284 17
12.342105263158093 24
12.42982456140371 59
12.438596491228271 6
12.49122807017564 53
12.517543859649326 30
12.578947368421257 36
12.640350877193189 47
12.745614035087929 1
12.745614035087929 7
12.745614035087929 18
12.75438596491249 48
12.824561403508984 26
12.903508771930039 22
13.192982456140573 6
13.210526315789696 24
13.263157894737066 15
13.473684210526546 36
13.482456140351108 7
13.500000000000231 17
13.500000000000231 18
13.500000000000231 25
13.587719298245847 42
13.596491228070409 11
13.798245614035327 44
13.824561403509012 45
13.842105263158135 8
13.842105263158135 18
13.86842105263182 59
13.938596491228314 1
13.947368421052875 6
13.964912280701999 39
13.97368421052656 0
14.070175438596738 55
14.0789473684213 24
14.166666666666917 57
14.210526315789725 7
14.254385964912533 29
14.28947368421078 49
14.28947368421078 50
14.368421052631835 36
14.403508771930081 58
14.429824561403766 47
14.570175438596753 15
14.622807017544122 18
14.657894736842369 41
14.692982456140616 11
14.701754385965177 6
14.754385964912547 48
14.763157894737109 14
14.833333333333602 25
14.938596491228342 7
14.947368421052904 24
14.973684210526589 37
14.991228070175712 1
15.008771929824835 17
15.043859649123082 43
15.061403508772205 59
15.070175438596767 44
15.114035087719575 16
15.114035087719575 54
15.14035087719326 31
15.184210526316068 30
15.201754385965192 28
15.263157894737123 36
15.342105263158178 11
15.377192982456425 27
15.45614035087748 6
15.543859649123096 11
15.56140350877222 5
15.56140350877222 18
15.578947368421343 4
15.578947368421343 38
15.66666666666696 7
15.710526315789767 5
15.719298245614329 42
15.798245614035384 18
15.815789473684507 24
15.877192982456439 2
15.877192982456439 15
15.894736842105562 29
15.929824561403809 35
16.052631578947672 23
16.114035087719603 11
16.15789473684241 36
16.166666666666973 25
16.21052631578978 6
16.21052631578978 17
16.21052631578978 47
16.219298245614343 40
16.24561403508803 20
16.350877192982768 44
16.403508771930138 7
16.4122807017547 18
16.429824561403823 11
16.456140350877508 39
16.561403508772248 1
16.640350877193303 8
16.68421052631611 24
16.719298245614358 57
16.72807017543892 48
16.745614035088042 50
16.754385964912604 53
16.868421052631906 44
16.903508771930152 0
16.903508771930152 59
16.912280701754714 5
16.94736842105296 42
16.964912280702084 6
17.0526315789477 5
17.0526315789477 36
17.09649122807051 22
17.114035087719632 29
17.131578947368755 7
17.166666666667002 5
17.184210526316125 15
17.21052631578981 18
17.403508771930166 17
17.42105263157929 34
17.456140350877536 30
17.500000000000345 25
17.552631578947715 24
17.622807017544208 26
17.719298245614386 6
17.74561403508807 10
17.763157894737194 58
17.780701754386318 41
17.79824561403544 9
17.859649122807372 7
17.938596491228427 43
17.938596491228427 45
17.94736842105299 36
17.991228070175797 47
18.05263157894773 5
18.06140350877229 18
18.078947368421414 1
18.078947368421414 11
18.096491228070537 4
18.1052631578951 16
18.11403508771966 3
18.192982456140715 59
18.2192982456144 42
18.236842105263523 17
18.245614035088085 55
18.298245614035455 5
18.394736842105633 14
18.421052631579318 24
18.473684210526688 6
18.48245614035125 27
18.49122807017581 15
18.58771929824599 7
18.736842105263538 48
18.815789473684593 8
18.815789473684593 20
18.833333333333716 25
18.842105263158277 36
18.8596491228074 39
18.929824561403894 5
19.000000000000387 18
19.035087719298634 17
19.06140350877232 50
19.131578947368812 44
19.22807017543899 6
19.289473684210922 5
19.289473684210922 24
19.315789473684607 7
19.32456140350917 1
19.412280701754785 2
19.535087719298648 29
19.59649122807058 43
19.614035087719703 3
19.666666666667073 59
19.71052631578988 9
19.736842105263566 36
19.745614035088128 30
19.780701754386374 47
19.798245614035498 15
19.833333333333744 11
19.842105263158306 17
19.92105263157936 31
19.938596491228484 23
19.947368421053046 37
19.982456140351292 5
19.982456140351292 6
20.043859649123224 7
20.157894736842525 24
20.166666666667087 25
20.23684210526358 28
20.40350877193025 41
20.482456140351307 44
20.56140350877236 40
20.56140350877236 57
20.631578947368855 36
20.640350877193416 0
20.640350877193416 17
20.692982456140786 38
20.736842105263595 6
20.736842105263595 29
20.745614035088156 48
20.77192982456184 7
20.842105263158334 18
20.947368421053074 35
21.02631578947413 24
21.052631578947814 53
21.096491228070622 16
21.105263157895184 15
21.114035087719746 3
21.14035087719343 27
21.149122807017992 44
21.219298245614485 11
21.228070175439047 4
21.28947368421098 22
21.41228070175484 8
21.429824561403965 43
21.438596491228527 17
21.482456140351335 45
21.491228070175897 6
21.50000000000046 7
21.50000000000046 25
21.50000000000046 59
21.526315789474143 36
21.552631578947828 18
21.57017543859695 39
21.57017543859695 47
21.578947368421513 44
21.605263157895198 1
21.631578947368883 9
21.72807017543906 18
21.815789473684678 10
21.894736842105733 24
22.017543859649596 14
22.017543859649596 30
22.061403508772404 18
22.061403508772404 50
22.14912280701802 54
22.210526315789952 42
22.228070175439075 7
22.236842105263637 17
22.2456140350882 6
22.29824561403557 44
22.30701754386013 18
22.35087719298294 5
22.368421052632062 20
22.41228070175487 15
22.421052631579432 36
22.482456140351363 5
22.482456140351363 18
22.605263157895227 26
22.614035087719788 3
22.745614035088213 29
22.763157894737336 24
22.798245614035583 34
22.83333333333383 25
22.850877192982953 55
22.921052631579446 48
22.94736842105313 2
22.956140350877693 7
23.0000000000005 6
23.035087719298748 17
23.035087719298748 59
23.122807017544364 5
23.175438596491734 43
23.30701754386016 1
23.31578947368472 36
23.350877192982967 47
23.543859649123323 9
23.63157894736894 24
23.69298245614087 7
23.719298245614556 15
23.754385964912803 6
23.771929824561926 18
23.824561403509296 17
23.84210526315842 23
23.868421052632105 31
23.938596491228598 8
24.087719298246146 16
24.10526315789527 11
24.11403508771983 3
24.11403508771983 4
24.11403508771983 18
24.122807017544392 39
24.140350877193516 29
24.140350877193516 41
24.1666666666672 25
24.21052631579001 36
24.289473684211064 30
24.36842105263212 57
24.37719298245668 1
24.42105263157949 7
24.500000000000544 24
24.508771929825105 6
24.517543859649667 44
24.622807017544407 17
24.771929824561955 27
24.885964912281256 48
24.921052631579503 37
25.026315789474243 15
25.105263157895298 36
25.131578947368983 47
25.149122807018106 7
25.157894736842668 11
25.16666666666723 53
25.263157894737407 6
25.28070175438653 28
25.350877192983024 40
25.368421052632147 24
25.421052631579517 17
25.447368421053202 9
25.447368421053202 44
25.48245614035145 22
25.500000000000572 25
25.614035087719873 3
25.64035087719356 14
25.70175438596549 38
25.771929824561983 45
25.780701754386545 11
25.850877192983038 50
25.8596491228076 59
25.877192982456723 7
25.956140350877778 58
26.000000000000586 36
26.01754385964971 6
26.02631578947427 1
26.157894736842696 0
26.210526315790066 8
26.219298245614628 17
26.22807017543919 35
26.23684210526375 24
26.28070175438656 43
26.33333333333393 15
26.368421052632176 41
26.412280701754984 20
26.482456140351477 2
26.517543859649724 11
26.526315789474285 4
26.561403508772532 30
26.570175438597094 29
26.60526315789534 7
26.60526315789534 18
26.77192982456201 6
26.789473684211135 55
26.833333333333943 25
26.859649122807628 48
26.894736842105875 36
26.92982456140412 39
26.92982456140412 47
27.017543859649738 17
27.03508771929886 59
27.07894736842167 16
27.096491228070793 49
27.105263157895354 24
27.114035087719916 3
27.122807017544478 42
27.175438596491848 26
27.333333333333957 7
27.35087719298308 9
27.39473684210589 18
27.421052631579574 27
27.50877192982519 34
27.526315789474314 6
27.640350877193615 15
27.745614035088355 23
27.789473684211163 36
27.81578947368485 17
27.921052631579588 5
27.92982456140415 31
27.973684210526958 24
28.061403508772575 1
28.061403508772575 7
28.166666666667314 25
28.166666666667314 50
28.280701754386616 6
28.46491228070241 11
28.57017543859715 42
28.605263157895397 4
28.61403508771996 3
28.61403508771996 17
28.657894736842767 41
28.684210526316452 36
28.710526315790137 47
28.7192982456147 5
28.798245614035753 7
28.815789473684877 48
28.833333333334 30
28.84210526315856 24
28.88596491228137 8
28.9473684210533 15
28.9473684210533 20
29.035087719298918 6
29.035087719298918 44
29.228070175439274 58
29.25438596491296 9
29.26315789473752 14
29.26315789473752 43
29.3596491228077 11
29.41228070175507 1
29.41228070175507 17
29.500000000000686 25
29.52631578947437 7
29.552631578948056 11
29.57894736842174 36
29.67543859649192 22
29.710526315790165 24
29.719298245614727 42
29.763157894737535 18
29.78947368421122 6
29.78947368421122 40
29.815789473684905 29
29.824561403509467 53
29.89473684210596 37
30.0000000000007 57
30.017543859649823 2
30.05263157894807 54
30.070175438597193 16
30.11403508772 3
30.201754385965618 45
30.21052631579018 17
30.254385964912988 15
30.26315789473755 7
30.32456140350948 28
30.394736842105974 11
30.47368421052703 36
30.48245614035159 50
30.491228070176152 47
30.508771929825276 39
30.543859649123522 6
30.57894736842177 24
30.614035087720016 0
30.68421052631651 4
30.815789473684934 5
30.833333333334057 25
30.938596491228797 29
30.94736842105336 11
30.973684210527043 41
30.991228070176167 7
31.00877192982529 17
31.096491228070906 10
31.11403508772003 30
31.157894736842838 9
31.245614035088455 35
31.289473684211263 5
31.298245614035825 6
31.368421052632318 36
31.394736842106003 59
31.447368421053373 24
31.48245614035162 1
31.552631578948112 44
31.561403508772674 15
31.561403508772674 31
31.614035087720044 3
31.614035087720044 23
31.622807017544606 27
31.719298245614784 7
31.8070175438604 17
31.8070175438604 18
31.833333333334085 38
31.91228070175514 26
31.921052631579702 5
32.05263157894812 6
32.166666666667425 25
32.175438596491986 48
32.24561403508848 34
32.25438596491304 18
32.2631578947376 36
32.271929824562164 47
32.31578947368497 24
32.333333333334096 55
32.34210526315866 11
32.4473684210534 7
32.45614035087796 43
32.46491228070252 42
32.60526315789551 17
32.61403508772007 20
32.71929824561481 1
32.76315789473762 4
32.807017543860425 6
32.86842105263236 15
32.88596491228148 14
32.912280701755165 11
32.94736842105341 18
33.06140350877271 9
33.06140350877271 16
33.11403508772008 3
33.11403508772008 8
33.15789473684289 36
33.175438596492015 7
33.184210526316576 24
33.24561403508851 29
33.25438596491307 11
33.32456140350956 5
33.36842105263237 41
33.37719298245693 18
33.385964912281494 30
33.394736842106056 17
33.500000000000796 25
33.552631578948166 2
33.56140350877273 6
33.68421052631659 11
33.68421052631659 59
33.71929824561484 5
33.763157894737645 1
33.868421052632385 22
33.87719298245695 39
33.90350877193063 7
33.96491228070256 42
34.05263157894818 24
34.05263157894818 36
34.05263157894818 40
34.05263157894818 47
34.1403508771938 48
34.17543859649204 15
34.192982456141166 17
34.31578947368503 6
34.31578947368503 57
34.342105263158714 50
34.42105263157977 54
34.49122807017626 11
34.508771929825386 49
34.552631578948194 58
34.596491228071 29
34.614035087720126 3
34.63157894736925 7
34.67543859649206 59
34.73684210526399 53
34.74561403508855 0
34.83333333333417 25
34.84210526315873 4
34.868421052632414 37
34.921052631579784 24
34.94736842105347 36
34.95614035087803 9
34.99122807017628 17
35.00000000000084 11
35.01754385964996 27
35.05263157894821 45
35.07017543859733 6
35.21929824561488 44
35.28947368421137 43
35.298245614035935 31
35.298245614035935 42
35.34210526315874 1
35.359649122807866 7
35.359649122807866 28
35.48245614035173 15
35.49122807017629 23
35.64035087719384 8
35.65789473684296 30
35.675438596492086 44
35.78947368421139 17
35.78947368421139 24
35.824561403509634 6
35.833333333334195 47
35.84210526315876 36
36.05263157894824 16
36.05263157894824 55
36.08771929824648 7
36.08771929824648 48
36.11403508772017 3
36.15789473684298 59
36.16666666666754 25
36.29824561403596 11
36.4035087719307 26
36.50877192982544 14
36.56140350877281 35
36.578947368421936 6
36.5877192982465 17
36.65789473684299 24
36.65789473684299 50
36.675438596492114 29
36.71929824561492 43
36.736842105264046 36
36.789473684211416 15
36.80701754386054 1
36.8157894736851 7
36.85964912280791 9
36.894736842106155 5
36.894736842106155 18
36.91228070175528 34
36.91228070175528 57
36.92105263157984 4
36.9298245614044 42
37.08771929824651 2
37.210526315790375 11
37.25438596491318 59
37.33333333333424 6
37.38596491228161 17
37.43859649122898 18
37.50000000000091 25
37.526315789474594 24
37.54385964912372 7
37.61403508772021 3
37.61403508772021 47
37.631578947369334 36
37.631578947369334 41
37.736842105264074 5
37.93859649122899 30
37.96491228070268 39
38.02631578947461 5
38.02631578947461 27
38.04385964912373 18
38.04385964912373 48
38.061403508772855 1
38.061403508772855 22
38.07894736842198 42
38.08771929824654 6
38.0964912280711 15
38.17543859649216 8
38.18421052631672 17
38.271929824562335 7
38.271929824562335 58
38.3947368421062 24
38.50000000000094 45
38.52631578947462 36
38.60526315789568 0
38.61403508772024 59
38.745614035088664 40
38.76315789473779 9
38.798245614036034 20
38.83333333333428 25
38.84210526315884 6
38.87719298245709 53
38.964912280702706 38
38.97368421052727 50
38.98245614035183 17
39.00000000000095 4
39.00000000000095 7
39.04385964912376 16
39.114035087720254 3
39.15789473684306 31
39.228070175439555 42
39.23684210526412 11
39.23684210526412 29
39.2631578947378 24
39.30701754386061 54
39.34210526315886 5
39.35964912280798 23
39.39473684210623 47
39.40350877193079 15
39.42105263157991 36
39.42982456140447 18
39.45614035087816 43
39.491228070176405 44
39.57894736842202 59
39.596491228071145 6
39.72807017543957 7
39.754385964913254 57
39.78070175438694 17
39.84210526315887 37
39.9035087719308 10
39.93859649122905 41
40.09649122807116 48
40.131578947369405 14
40.131578947369405 24
40.16666666666765 25
40.21052631579046 30
40.27192982456239 55
40.3157894736852 36
40.32456140350976 11
40.35087719298345 6
40.37719298245713 42
40.394736842106255 28
40.43859649122906 27
40.45614035087819 7
40.508771929825556 18
40.51754385965012 1
40.552631578948365 8
40.561403508772926 44
40.57017543859749 17
40.614035087720296 3
40.62280701754486 2
40.64912280701854 18
40.657894736843105 9
40.710526315790474 15
41.00000000000101 24
41.078947368422064 4
41.10526315789575 6
41.131578947369434 43
41.17543859649224 47
41.184210526316804 7
41.21052631579049 36
41.22807017543961 20
41.28947368421154 50
41.3684210526326 17
41.39473684210628 18
41.39473684210628 34
41.41228070175541 39
41.50000000000102 25
41.52631578947471 42
41.7105263157905 58
41.728070175439626 44
41.771929824562434 1
41.80701754386068 29
41.85964912280805 6
41.86842105263261 24
41.91228070175542 7
41.982456140351914 5
42.01754385965016 15
42.035087719299284 16
42.05263157894841 41
42.05263157894841 48
42.096491228071216 26
42.10526315789578 36
42.11403508772034 3
42.16666666666771 11
42.16666666666771 17
42.16666666666771 18
42.254385964913325 22
42.359649122808065 59
42.48245614035193 30
42.54385964912386 57
42.55263157894842 9
42.55263157894842 43
42.61403508772035 6
42.6491228070186 7
42.675438596492285 42
42.70175438596597 31
42.736842105264216 24
42.79824561403615 53
42.833333333334394 25
42.95614035087826 47
42.95614035087826 47
42.96491228070282 17
43.000000000001066 36
43.052631578948436 45
43.157894736843176 4
43.22807017543967 23
43.24561403508879 40
43.27192982456248 18
43.29824561403616 35
43.32456140350985 15
43.368421052632655 6
43.368421052632655 27
43.38596491228178 7
43.46491228070283 5
43.48245614035196 0
43.55263157894845 18
43.5877192982467 54
43.60526315789582 24
43.60526315789582 50
43.61403508772038 3
43.692982456141436 59
43.75438596491337 14
43.76315789473793 17
43.82456140350986 42
43.87719298245723 18
43.894736842106354 36
43.947368421053724 55
43.96491228070285 29
44.008771929825656 48
44.03508771929934 5
44.114035087720396 7
44.114035087720396 20
44.12280701754496 6
44.13157894736952 39
44.14912280701864 8
44.157894736843204 2
44.166666666667766 18
44.166666666667766 25
44.35087719298356 11
44.4561403508783 9
44.47368421052742 24
44.52631578947479 5
44.52631578947479 41
44.52631578947479 43
44.56140350877304 17
44.63157894736953 15
44.73684210526427 47
44.76315789473796 30
44.78947368421164 1
44.78947368421164 36
44.81578947368533 37
44.84210526315901 7
44.8684210526327 11
44.87719298245726 6
44.88596491228182 44
44.97368421052744 42
45.02631578947481 16
45.114035087720424 3
45.166666666667794 59
45.23684210526429 4
45.34210526315903 24
45.35964912280815 17
45.40350877193096 58
45.429824561404644 28
45.50000000000114 25
45.55263157894851 5
45.56140350877307 44
45.57017543859763 7
45.596491228071315 34
45.63157894736956 6
45.68421052631693 36
45.78070175438711 27
45.93859649122922 15
45.964912280702904 48
46.00877192982571 1
46.06140350877308 5
46.1491228070187 38
46.15789473684326 17
46.184210526316946 18
46.20175438596607 11
46.21052631579063 24
46.29824561403625 43
46.30701754386081 7
46.30701754386081 42
46.333333333334494 8
46.35964912280818 9
46.385964912281864 6
46.447368421053795 22
46.46491228070292 0
46.491228070176604 11
46.51754385965029 47
46.52631578947485 20
46.57017543859766 41
46.57894736842222 36
46.58771929824678 29
46.605263157895905 31
46.61403508772047 3
46.71929824561521 45
46.73684210526433 18
46.80701754386082 57
46.824561403509946 50
46.83333333333451 25
46.95614035087837 17
46.99122807017662 11
47.035087719299426 7
47.035087719299426 30
47.035087719299426 49
47.078947368422234 24
47.09649122807136 23
47.140350877194166 6
47.245614035088906 15
47.3157894736854 4
47.3157894736854 39
47.37719298245733 14
47.456140350878385 42
47.47368421052751 36
47.60526315789593 40
47.64035087719418 1
47.69298245614155 2
47.75438596491348 17
47.76315789473804 7
47.885964912281906 55
47.89473684210647 6
47.91228070175559 48
47.94736842105384 24
47.991228070176646 11
48.01754385965033 16
48.02631578947489 29
48.11403508772051 3
48.11403508772051 26
48.16666666666788 25
48.21052631579069 35
48.21929824561525 27
48.26315789473806 9
48.26315789473806 43
48.27192982456262 59
48.298245614036304 47
48.33333333333455 54
48.3684210526328 36
48.3684210526328 53
48.412280701755606 44
48.49122807017666 7
48.55263157894859 15
48.55263157894859 17
48.570175438597715 5
48.60526315789596 42
48.64035087719421 41
48.64912280701877 6
48.81578947368544 24
48.84210526315913 58
49.14035087719422 50
49.201754385966154 11
49.22807017543984 7
49.263157894738086 36
49.307017543860894 30
49.307017543860894 59
49.3508771929837 17
49.39473684210651 4
49.40350877193107 6
49.421052631580196 10
49.50000000000125 20
49.50000000000125 25
49.50877192982581 0
49.61403508772055 3
49.684210526317045 24
49.75438596491354 42
49.789473684211785 34
49.789473684211785 37
49.79824561403635 18
49.85964912280828 15
49.85964912280828 48
49.88596491228196 39
49.894736842106525 11
49.95614035087846 7
50.01754385965039 18
50.01754385965039 29
50.07894736842232 43
50.07894736842232 47
50.13157894736969 18
50.14035087719425 17
50.157894736843375 6
50.157894736843375 36
50.166666666667936 9
50.46491228070303 28
50.55263157894865 24
50.56140350877321 5
50.61403508772058 1
50.631578947369704 27
50.640350877194265 22
50.684210526317074 7
50.78947368421181 49
50.8157894736855 41
50.82456140351006 18
50.83333333333462 25
50.89473684210655 11
50.903508771931115 42
50.91228070175568 6
50.93859649122936 17
50.956140350878485 23
50.98245614035217 5
51.00000000000129 14
51.008771929825855 16
51.0438596491241 44
51.05263157894866 36
51.114035087720595 3
51.13157894736972 29
51.166666666667965 15
51.21052631579077 45
51.228070175439896 2
51.23684210526446 38
51.29824561403639 55
51.41228070175569 7
51.42105263158025 24
51.44736842105394 18
51.4561403508785 50
51.47368421052762 4
51.543859649124116 18
51.56140350877324 59
51.587719298246924 30
51.66666666666798 6
51.72807017543991 43
51.73684210526447 17
51.77192982456272 8
51.807017543860965 48
51.859649122808335 47
51.88596491228202 31
51.90350877193114 5
51.92105263158027 40
51.92105263158027 44
51.94736842105395 36
52.05263157894869 42
52.06140350877325 9
52.14035087719431 7
52.16666666666799 25
52.21929824561536 58
52.289473684211856 24
52.333333333334664 18
52.42105263158028 6
52.47368421052765 15
52.48245614035221 44
52.53508771929958 17
52.61403508772064 3
52.68421052631713 53
52.84210526315924 36
52.868421052632925 7
52.87719298245749 44
52.88596491228205 1
52.88596491228205 29
52.95614035087854 59
53.00000000000135 11
53.078947368422405 35
53.15789473684346 24
53.17543859649258 6
53.21929824561539 41
53.31578947368557 42
53.31578947368557 43
53.33333333333469 17
53.500000000001364 25
53.552631578948734 4
53.57894736842242 11
53.59649122807154 7
53.657894736843474 47
53.657894736843474 47
53.73684210526453 36
53.75438596491365 48
53.771929824562775 50
53.78070175438734 15
53.815789473685584 27
53.85964912280839 30
53.929824561404885 6
53.982456140352255 59
54.00000000000138 9
54.00000000000138 16
54.00000000000138 49
54.02631578947506 24
54.05263157894875 34
54.11403508772068 3
54.1315789473698 17
54.28947368421191 8
54.32456140351016 7
54.34210526315928 20
54.36842105263297 1
54.403508771931214 10
54.4298245614049 39
54.464912280703146 42
54.57894736842245 11
54.60526315789613 29
54.622807017545256 14
54.63157894736982 36
54.6578947368435 0
54.68421052631719 6
54.76315789473824 2
54.76315789473824 37
54.824561403510174 23
54.833333333334735 22
54.833333333334735 25
54.89473684210667 24
54.929824561404914 17
55.05263157894878 7
55.08771929824702 15
55.21929824561545 54
55.22807017544001 43
55.23684210526457 55
55.34210526315931 59
55.412280701755805 5
55.43859649122949 6
55.43859649122949 47
55.473684210527736 26
55.4824561403523 11
55.50000000000142 28
55.526315789475106 36
55.58771929824704 58
55.61403508772072 3
55.61403508772072 42
55.631578947369846 4
55.70175438596634 48
55.728070175440024 1
55.728070175440024 17
55.728070175440024 29
55.76315789473827 24
55.780701754387394 7
55.81578947368564 41
55.85964912280845 11
55.86842105263301 45
55.894736842106695 9
55.98245614035231 31
56.043859649124244 44
56.08771929824705 50
56.14035087719442 30
56.16666666666811 25
56.17543859649267 18
56.19298245614179 6
56.22807017544004 27
56.29824561403653 5
56.34210526315934 40
56.39473684210671 15
56.421052631580395 36
56.50877192982601 7
56.526315789475134 17
56.631578947369874 24
56.649122807019 59
56.736842105264614 8
56.736842105264614 43
56.7631578947383 42
56.78070175438742 11
56.92105263158041 5
56.947368421054094 6
56.956140350878655 18
56.9912280701769 16
57.01754385965059 38
57.02631578947515 11
57.114035087720765 3
57.15789473684357 0
57.1754385964927 1
57.20175438596638 49
57.219298245615505 47
57.23684210526463 7
57.31578947368568 36
57.324561403510245 17
57.482456140352355 29
57.50000000000148 24
57.50000000000148 25
57.6315789473699 18
57.649122807019026 48
57.701754385966396 6
57.701754385966396 15
57.71052631579096 4
57.76315789473833 5
57.78947368421201 9
57.912280701755876 42
57.956140350878684 20
57.964912280703246 7
58.05263157894886 35
58.122807017545355 17
58.21052631579097 36
58.228070175440095 5
58.24561403508922 14
58.24561403508922 34
58.29824561403659 2
58.29824561403659 53
58.36842105263308 24
58.385964912282205 39
58.40350877193133 50
58.41228070175589 30
58.4561403508787 6
58.52631578947519 11
58.61403508772081 3
58.64035087719449 27
58.69298245614186 7
58.69298245614186 23
58.78947368421204 11
58.83333333333485 25
58.921052631580466 17
58.99122807017696 5
59.00000000000152 47
59.00877192982608 15
59.026315789475206 22
59.070175438598014 10
59.10526315789626 8
59.10526315789626 36
59.16666666666819 11
59.210526315791 6
59.236842105264685 24
59.30701754386118 41
59.394736842106795 1
59.42105263158048 7
59.51754385965066 42
59.53508771929978 59
59.54385964912434 57
59.605263157896275 48
59.666666666668206 11
59.67543859649277 54
59.68421052631733 9
59.719298245615576 17
59.7368421052647 0
59.7368421052647 37
59.75438596491382 29
59.75438596491382 58
59.78947368421207 4
59.815789473685754 55
59.850877192984 44
59.94736842105418 43
59.9649122807033 6
59.982456140352426 16
