0.07894736842105263 43
0.07894736842105263 48
0.09649122807017543 27
0.15789473684210525 47
0.17543859649122806 35
0.22807017543859648 1
0.22807017543859648 28
0.22807017543859648 36
0.35087719298245645 15
0.3859649122807022 42
0.43859649122807076 5
0.43859649122807076 23
0.4561403508771936 40
0.49122807017543935 54
0.5438596491228079 20
0.5614035087719308 41
0.5701754385964922 25
0.5789473684210537 7
0.5877192982456151 44
0.605263157894738 24
0.6315789473684222 58
0.6491228070175451 8
0.6491228070175451 16
0.6578947368421065 17
0.666666666666668 45
0.6842105263157908 37
0.7017543859649137 5
0.7807017543859666 50
0.7807017543859666 57
0.7982456140350894 14
0.8157894736842123 6
0.8421052631578966 22
0.8596491228070194 5
0.9210526315789495 10
0.9210526315789495 55
1.0087719298245637 36
1.096491228070178 53
1.1228070175438623 26
1.1228070175438623 34
1.1842105263157923 33
1.3157894736842137 7
1.4122807017543895 11
1.4736842105263195 24
1.4912280701754423 39
1.5526315789473724 6
1.6315789473684252 11
1.666666666666671 15
1.7368421052631624 1
1.789473684210531 36
1.8859649122807067 42
1.9473684210526367 47
2.03508771929825 0
2.0438596491228114 7
2.078947368421056 17
2.10526315789474 25
2.192982456140352 44
2.289473684210525 6
2.3070175438596476 11
2.3421052631578925 24
2.4649122807017494 43
2.570175438596484 36
2.780701754385953 7
2.8157894736841977 27
2.9385964912280547 41
2.9824561403508607 15
3.0263157894736668 6
3.1754385964912073 48
3.210526315789452 24
3.2368421052631358 44
3.3508771929824315 36
3.377192982456115 20
3.4385964912280436 25
3.491228070175411 17
3.5087719298245332 7
3.5526315789473393 50
3.5701754385964617 42
3.6052631578947065 57
3.6403508771929514 16
3.7368421052631247 47
3.7631578947368083 6
3.8070175438596143 58
3.8947368421052264 45
4.078947368421016 24
4.114035087719262 2
4.122807017543824 3
4.131578947368386 36
4.2368421052631255 7
4.2894736842104955 15
4.31578947368418 17
4.31578947368418 44
4.412280701754359 55
4.456140350877167 14
4.456140350877167 39
4.4912280701754135 11
4.4912280701754135 43
4.499999999999975 6
4.52631578947366 4
4.754385964912263 42
4.771929824561386 25
4.8684210526315645 0
4.912280701754373 36
4.947368421052619 24
4.964912280701743 7
4.991228070175428 23
5.061403508771921 22
5.061403508771921 41
5.1228070175438525 11
5.166666666666661 8
5.210526315789469 28
5.236842105263154 6
5.289473684210524 35
5.3245614035087705 34
5.333333333333332 17
5.385964912280702 40
5.421052631578949 1
5.570175438596497 47
5.596491228070182 15
5.622807017543867 3
5.622807017543867 53
5.657894736842113 37
5.69298245614036 7
5.69298245614036 36
5.7280701754386065 11
5.815789473684223 24
5.85087719298247 44
5.947368421052648 20
5.973684210526333 6
6.052631578947388 48
6.061403508771949 11
6.201754385964936 43
6.219298245614059 57
6.245614035087744 42
6.421052631578977 7
6.4385964912281 27
6.473684210526347 36
6.535087719298279 5
6.605263157894772 4
6.631578947368457 16
6.684210526315827 24
6.710526315789512 6
6.736842105263197 5
6.7894736842105665 50
6.798245614035128 33
6.798245614035128 44
6.842105263157936 25
6.850877192982498 39
6.903508771929868 15
6.9649122807018 1
7.114035087719348 10
7.122807017543909 3
7.149122807017594 7
7.2192982456140875 17
7.254385964912334 36
7.289473684210581 44
7.368421052631636 47
7.438596491228129 45
7.4473684210526905 6
7.55263157894743 24
7.631578947368485 41
7.6491228070176085 2
7.6754385964912935 0
7.701754385964978 58
7.719298245614102 42
7.8771929824562115 7
7.894736842105335 26
7.982456140350951 54
8.035087719298321 36
8.087719298245691 14
8.140350877193061 17
8.157894736842184 8
8.175438596491308 25
8.18421052631587 6
8.210526315789554 15
8.23684210526324 9
8.307017543859732 20
8.421052631579034 24
8.605263157894829 7
8.622807017543952 3
8.754385964912377 55
8.815789473684308 5
8.815789473684308 36
8.833333333333432 4
8.850877192982555 44
8.921052631579048 6
8.964912280701856 5
8.98245614035098 17
9.131578947368528 1
9.166666666666774 47
9.289473684210638 24
9.333333333333446 7
9.438596491228186 44
9.473684210526432 50
9.508771929824679 5
9.508771929824679 22
9.508771929824679 25
9.508771929824679 53
9.51754385964924 15
9.51754385964924 34
9.596491228070295 36
9.62280701754398 16
9.657894736842227 6
9.701754385965035 42
9.763157894736967 23
9.789473684210652 41
9.807017543859775 43
9.824561403508898 17
9.850877192982583 57
9.921052631579077 39
9.973684210526446 40
10.061403508772063 7
10.078947368421186 35
10.09649122807031 48
10.122807017543995 3
10.140350877193118 9
10.157894736842241 24
10.20175438596505 0
10.20175438596505 28
10.20175438596505 44
10.280701754386104 5
10.377192982456283 36
10.394736842105406 6
10.464912280701899 27
10.508771929824707 1
10.63157894736857 37
10.657894736842255 8
10.78947368421068 7
10.824561403508927 15
10.84210526315805 25
10.859649122807173 17
10.94736842105279 47
10.973684210526475 4
11.026315789473845 24
11.078947368421215 45
11.131578947368585 6
11.15789473684227 36
11.175438596491393 44
11.184210526315955 2
11.289473684210694 58
11.456140350877366 11
11.517543859649297 7
11.596491228070352 1
11.622807017544037 3
11.710526315789654 17
11.719298245614215 14
11.780701754386147 33
11.842105263158079 50
11.868421052631764 6
11.894736842105448 24
11.938596491228257 36
12.000000000000188 43
12.000000000000188 48
12.078947368421243 9
12.131578947368613 15
12.175438596491421 11
12.175438596491421 25
12.175438596491421 55
12.245614035087915 7
12.263157894737038 41
12.359649122807216 5
12.359649122807216 54
12.49122807017564 42
12.526315789473887 17
12.54385964912301 26
12.578947368421257 39
12.605263157894942 0
12.605263157894942 6
12.614035087719504 16
12.710526315789682 20
12.719298245614244 36
12.728070175438805 47
12.763157894737052 24
12.798245614035299 8
12.833333333333545 57
12.868421052631792 5
12.973684210526532 7
13.061403508772148 4
13.12280701754408 3
13.192982456140573 11
13.254385964912505 44
13.33333333333356 17
13.342105263158121 6
13.38596491228093 10
13.412280701754614 5
13.4385964912283 15
13.500000000000231 36
13.508771929824793 25
13.578947368421286 11
13.631578947368656 24
13.701754385965149 7
13.780701754386204 1
13.780701754386204 34
13.798245614035327 22
13.956140350877437 9
14.061403508772177 5
14.070175438596738 53
14.0789473684213 6
14.114035087719547 48
14.13157894736867 17
14.219298245614286 11
14.280701754386218 36
14.307017543859903 40
14.315789473684465 23
14.324561403509026 43
14.429824561403766 7
14.50000000000026 24
14.508771929824821 47
14.622807017544122 3
14.7192982456143 2
14.745614035087986 15
14.815789473684479 6
14.842105263158164 25
14.842105263158164 45
14.92982456140378 17
14.956140350877465 50
15.061403508772205 35
15.061403508772205 36
15.14035087719326 4
15.166666666666945 7
15.210526315789753 28
15.228070175438877 20
15.333333333333616 27
15.35087719298274 14
15.35087719298274 42
15.368421052631863 24
15.429824561403795 1
15.491228070175726 0
15.526315789473973 5
15.535087719298534 57
15.552631578947658 6
15.605263157895028 16
15.605263157895028 37
15.72807017543889 17
15.842105263158192 8
15.842105263158192 9
15.842105263158192 36
15.894736842105562 7
15.921052631579247 41
16.052631578947672 15
16.122807017544165 3
16.175438596491535 25
16.236842105263467 24
16.24561403508803 11
16.280701754386275 55
16.289473684210837 6
16.324561403509083 47
16.377192982456453 33
16.403508771930138 58
16.491228070175755 43
16.526315789474 17
16.62280701754418 7
16.62280701754418 36
16.692982456140673 39
17.026315789474015 6
17.0526315789477 1
17.061403508772262 11
17.078947368421385 26
17.10526315789507 24
17.21929824561437 4
17.21929824561437 48
17.27192982456174 54
17.32456140350911 17
17.350877192982797 7
17.359649122807358 15
17.37719298245648 42
17.403508771930166 36
17.42982456140385 10
17.500000000000345 11
17.508771929824906 25
17.561403508772276 5
17.622807017544208 3
17.666666666667016 20
17.701754385965263 53
17.710526315789824 9
17.763157894737194 6
17.885964912281057 44
17.973684210526674 24
17.973684210526674 34
17.982456140351236 11
18.00877192982492 22
18.026315789474044 41
18.087719298245975 7
18.1052631578951 47
18.122807017544222 8
18.122807017544222 17
18.15789473684247 27
18.184210526316154 36
18.184210526316154 50
18.254385964912647 2
18.27192982456177 44
18.298245614035455 45
18.500000000000373 6
18.526315789474058 42
18.59649122807055 16
18.64035087719336 1
18.666666666667044 15
18.710526315789853 23
18.79824561403547 40
18.815789473684593 7
18.842105263158277 24
18.842105263158277 25
18.921052631579332 17
18.96491228070214 36
18.973684210526702 14
19.07017543859688 43
19.12280701754425 3
19.16666666666706 48
19.236842105263552 6
19.298245614035483 4
19.421052631579347 5
19.42982456140391 57
19.54385964912321 7
19.578947368421456 9
19.675438596491635 44
19.71052631578988 24
19.719298245614443 17
19.745614035088128 36
19.86842105263199 0
19.894736842105676 47
19.9122807017548 1
19.97368421052673 6
19.97368421052673 15
20.035087719298662 42
20.043859649123224 39
20.087719298246032 44
20.17543859649165 25
20.17543859649165 58
20.201754385965334 5
20.201754385965334 28
20.271929824561827 7
20.28947368421095 8
20.368421052632005 5
20.412280701754813 11
20.45614035087762 41
20.517543859649553 17
20.526315789474115 36
20.578947368421485 24
20.578947368421485 37
20.622807017544293 3
20.684210526316225 55
20.71052631578991 6
21.000000000000444 7
21.008771929825006 50
21.157894736842554 48
21.280701754386417 15
21.280701754386417 42
21.29824561403554 1
21.307017543860102 36
21.315789473684664 17
21.359649122807472 53
21.377192982456595 4
21.44736842105309 6
21.44736842105309 24
21.45614035087765 9
21.50877192982502 25
21.587719298246075 16
21.61403508771976 26
21.684210526316253 47
21.72807017543906 7
21.789473684210993 2
21.903508771930294 43
21.912280701754856 20
21.964912280702226 54
22.061403508772404 35
22.08771929824609 36
22.114035087719774 17
22.122807017544336 3
22.175438596491706 34
22.184210526316267 6
22.210526315789952 22
22.315789473684692 24
22.41228070175487 45
22.46491228070224 7
22.51754385964961 1
22.52631578947417 5
22.587719298246103 15
22.605263157895227 14
22.666666666667158 41
22.771929824561898 39
22.824561403509268 57
22.84210526315839 25
22.859649122807514 11
22.868421052632076 36
22.912280701754884 17
22.921052631579446 6
22.956140350877693 23
22.964912280702254 0
23.0000000000005 10
23.026315789474186 27
23.10526315789524 42
23.184210526316296 24
23.192982456140857 7
23.271929824561912 8
23.324561403509282 9
23.403508771930337 40
23.456140350877707 4
23.46491228070227 47
23.614035087719817 43
23.62280701754438 3
23.649122807018063 36
23.657894736842625 6
23.666666666667187 48
23.68421052631631 11
23.710526315789995 17
23.833333333333858 5
23.89473684210579 15
23.921052631579474 7
23.982456140351406 1
24.0526315789479 24
24.070175438597023 50
24.175438596491762 25
24.21929824561457 5
24.307017543860187 55
24.394736842105804 6
24.42982456140405 36
24.47368421052686 44
24.491228070175982 20
24.508771929825105 17
24.5789473684216 16
24.5789473684216 33
24.64912280701809 7
24.763157894737393 11
24.771929824561955 44
24.921052631579503 24
25.052631578947928 11
25.078947368421613 44
25.12280701754442 3
25.131578947368983 6
25.184210526316352 28
25.192982456140914 9
25.201754385965476 15
25.201754385965476 41
25.210526315790037 36
25.245614035088284 47
25.245614035088284 58
25.307017543860216 17
25.32456140350934 2
25.342105263158462 39
25.368421052632147 1
25.38596491228127 7
25.508771929825134 25
25.53508771929882 4
25.552631578947942 37
25.622807017544435 8
25.666666666667243 27
25.69298245614093 48
25.76315789473742 11
25.789473684211107 24
25.842105263158476 53
25.86842105263216 6
25.9736842105269 0
25.991228070176025 36
25.991228070176025 44
26.043859649123394 11
26.043859649123394 57
26.105263157895326 17
26.114035087719888 7
26.18421052631638 26
26.22807017543919 14
26.377192982456737 34
26.3859649122813 42
26.412280701754984 22
26.429824561404107 43
26.508771929825162 15
26.60526315789534 6
26.622807017544464 3
26.65789473684271 24
26.684210526316395 5
26.77192982456201 36
26.798245614035697 50
26.842105263158505 7
26.842105263158505 25
26.903508771930436 17
27.0263157894743 47
27.061403508772546 23
27.070175438597108 9
27.07894736842167 54
27.307017543860272 20
27.34210526315852 6
27.438596491228697 1
27.491228070176067 44
27.517543859649752 41
27.526315789474314 24
27.552631578948 36
27.570175438597122 7
27.570175438597122 16
27.61403508771993 4
27.692982456140985 40
27.701754385965547 17
27.71052631579011 48
27.81578947368485 8
27.81578947368485 15
27.850877192983095 10
28.078947368421698 6
28.122807017544506 3
28.175438596491876 25
28.184210526316438 43
28.271929824562054 35
28.29824561403574 7
28.315789473684863 39
28.333333333333986 36
28.394736842105917 24
28.41228070175504 5
28.500000000000657 17
28.526315789474342 44
28.56140350877259 27
28.596491228070835 5
28.640350877193644 57
28.736842105263822 5
28.807017543860315 47
28.815789473684877 6
28.859649122807685 2
28.93859649122874 9
28.964912280702425 55
28.982456140351548 0
29.026315789474356 7
29.114035087719973 5
29.114035087719973 36
29.122807017544535 15
29.166666666667343 58
29.26315789473752 24
29.298245614035768 17
29.342105263158576 11
29.508771929825247 25
29.552631578948056 6
29.62280701754455 3
29.68421052631648 48
29.692982456141042 4
29.701754385965604 42
29.701754385965604 45
29.72807017543929 11
29.754385964912974 7
29.84210526315859 1
29.850877192983152 14
29.868421052632275 50
29.89473684210596 36
29.99122807017614 33
30.00877192982526 44
30.096491228070878 17
30.131578947369125 24
30.16666666666737 28
30.289473684211234 6
30.333333333334043 41
30.36842105263229 20
30.42982456140422 15
30.48245614035159 7
30.5263157894744 37
30.561403508772646 16
30.561403508772646 43
30.570175438597207 34
30.58771929824633 47
30.614035087720016 22
30.675438596491947 36
30.815789473684934 9
30.84210526315862 25
30.85087719298318 42
30.89473684210599 17
30.94736842105336 23
31.00000000000073 24
31.026315789474413 6
31.105263157895468 44
31.12280701754459 3
31.140350877193715 5
31.149122807018276 11
31.210526315790208 7
31.254385964913016 1
31.298245614035825 26
31.298245614035825 39
31.42982456140425 0
31.456140350877934 36
31.53508771929899 57
31.58771929824636 8
31.605263157895482 11
31.64035087719373 48
31.6929824561411 17
31.6929824561411 53
31.736842105263907 15
31.763157894737592 6
31.771929824562154 4
31.868421052632332 24
31.938596491228825 7
32.04385964912356 44
32.175438596491986 25
32.23684210526392 36
32.36842105263234 47
32.39473684210603 2
32.429824561404274 44
32.438596491228836 55
32.491228070176206 17
32.50000000000077 6
32.596491228070946 5
32.62280701754463 3
32.63157894736919 42
32.66666666666744 7
32.692982456141124 9
32.72807017543937 41
32.73684210526393 24
32.89473684210604 54
32.94736842105341 44
32.98245614035166 27
33.017543859649905 36
33.04385964912359 5
33.04385964912359 15
33.09649122807096 35
33.236842105263946 6
33.280701754386754 40
33.289473684211316 17
33.342105263158686 50
33.385964912281494 5
33.394736842106056 7
33.47368421052711 14
33.50877192982536 25
33.51754385964992 20
33.552631578948166 16
33.57894736842185 48
33.605263157895536 24
33.78070175438677 0
33.79824561403589 36
33.807017543860454 8
33.85087719298326 4
33.85087719298326 58
33.973684210527125 6
33.98245614035169 43
33.99122807017625 42
34.00877192982537 45
34.08771929824643 17
34.10526315789555 39
34.12280701754467 3
34.12280701754467 7
34.131578947369235 11
34.14912280701836 47
34.350877192983276 15
34.47368421052714 24
34.57017543859732 9
34.57894736842188 36
34.62280701754469 33
34.710526315790304 6
34.763157894737674 34
34.7807017543868 5
34.824561403509605 22
34.83333333333417 10
34.84210526315873 25
34.85087719298329 7
34.88596491228154 17
34.921052631579784 5
35.13157894736926 23
35.140350877193825 28
35.28947368421137 5
35.31578947368506 41
35.33333333333418 42
35.34210526315874 24
35.359649122807866 36
35.38596491228155 57
35.44736842105348 6
35.50000000000085 37
35.508771929825414 48
35.57894736842191 7
35.622807017544716 3
35.65789473684296 15
35.68421052631665 17
35.68421052631665 50
35.728070175439456 44
35.79824561403595 26
35.86842105263244 43
35.929824561404374 2
35.929824561404374 4
35.929824561404374 47
36.14035087719385 36
36.1754385964921 8
36.1754385964921 25
36.18421052631666 6
36.19298245614122 20
36.21052631579035 24
36.307017543860525 7
36.315789473685086 55
36.43859649122895 9
36.48245614035176 17
36.48245614035176 42
36.54385964912369 16
36.86842105263247 11
36.86842105263247 44
36.92105263157984 6
36.92105263157984 36
36.96491228070265 15
37.03508771929914 7
37.07894736842195 24
37.09649122807107 14
37.1140350877202 11
37.12280701754476 3
37.17543859649213 58
37.18421052631669 54
37.27192982456231 0
37.28070175438687 17
37.30701754386055 44
37.40350877193073 39
37.43859649122898 48
37.44736842105354 45
37.50877192982547 25
37.65789473684302 6
37.66666666666758 43
37.66666666666758 53
37.684210526316704 42
37.70175438596583 36
37.71052631579039 47
37.76315789473776 7
37.850877192983376 57
37.88596491228162 35
37.947368421053554 24
37.96491228070268 41
38.008771929825485 4
38.02631578947461 50
38.07894736842198 17
38.14912280701847 11
38.271929824562335 15
38.271929824562335 40
38.31578947368514 9
38.3947368421062 6
38.429824561404445 5
38.482456140351815 36
38.491228070176376 7
38.55263157894831 11
38.60526315789568 20
38.6228070175448 3
38.754385964913226 8
38.807017543860596 5
38.81578947368516 24
38.83333333333428 10
38.83333333333428 42
38.84210526315884 25
38.87719298245709 17
38.89473684210621 44
38.956140350878144 34
39.05263157894832 22
39.13157894736938 5
39.13157894736938 6
39.21929824561499 7
39.2631578947378 36
39.28947368421149 1
39.30701754386061 23
39.35964912280798 48
39.447368421053596 33
39.46491228070272 2
39.491228070176405 47
39.53508771929921 16
39.57894736842202 15
39.6754385964922 17
39.68421052631676 24
39.868421052632556 6
39.94736842105361 7
40.017543859650104 44
40.04385964912379 36
40.0877192982466 4
40.122807017544844 3
40.122807017544844 28
40.175438596492214 25
40.184210526316775 9
40.184210526316775 42
40.21929824561502 5
40.29824561403608 43
40.36842105263257 27
40.37719298245713 50
40.43859649122906 1
40.46491228070275 5
40.47368421052731 17
40.47368421052731 37
40.552631578948365 24
40.605263157895735 6
40.63157894736942 41
40.67543859649223 7
40.719298245615036 14
40.78070175438697 57
40.824561403509776 36
40.83333333333434 44
40.868421052632584 39
40.88596491228171 15
41.05263157894838 5
41.06140350877294 55
41.236842105264174 0
41.236842105264174 11
41.27192982456242 17
41.27192982456242 47
41.28070175438698 26
41.28947368421154 48
41.33333333333435 42
41.34210526315891 6
41.35964912280804 20
41.403508771930845 7
41.42105263157997 24
41.508771929825585 25
41.60526315789576 36
41.622807017544886 3
41.728070175439626 11
41.780701754386996 43
41.90350877193086 1
41.94736842105367 53
42.06140350877297 9
42.07017543859753 17
42.07894736842209 6
42.13157894736946 7
42.16666666666771 4
42.192982456141394 15
42.201754385965955 5
42.28947368421157 24
42.38596491228175 36
42.39473684210631 8
42.48245614035193 42
42.52631578947474 16
42.57894736842211 5
42.60526315789579 45
42.64035087719404 41
42.684210526316846 35
42.69298245614141 11
42.71929824561509 50
42.75438596491334 40
42.81578947368527 6
42.842105263158956 25
42.85964912280808 7
42.86842105263264 17
43.000000000001066 2
43.043859649123874 1
43.052631578948436 47
43.12280701754493 3
43.149122807018614 27
43.149122807018614 34
43.157894736843176 24
43.16666666666774 36
43.201754385965984 48
43.263157894737915 44
43.28070175438704 11
43.28070175438704 22
43.4035087719309 23
43.50000000000108 15
43.54385964912389 11
43.55263157894845 6
43.56140350877301 5
43.5877192982467 7
43.631578947369505 42
43.66666666666775 17
43.71052631579056 0
43.93859649122916 9
43.947368421053724 36
44.02631578947478 24
44.157894736843204 20
44.17543859649233 25
44.24561403508882 4
44.25438596491338 57
44.271929824562505 54
44.28947368421163 6
44.315789473685314 7
44.342105263159 14
44.46491228070286 17
44.56140350877304 58
44.57894736842216 11
44.62280701754497 3
44.72807017543971 36
44.754385964913396 43
44.78070175438708 42
44.807017543860766 15
44.83333333333445 47
44.89473684210638 24
44.982456140352 41
45.017543859650246 11
45.02631578947481 6
45.03508771929937 8
45.04385964912393 7
45.061403508773054 50
45.0964912280713 28
45.23684210526429 39
45.24561403508885 48
45.26315789473797 17
45.30701754386078 5
45.44736842105377 37
45.482456140352014 33
45.5087719298257 25
45.5087719298257 36
45.51754385965026 16
45.52631578947482 1
45.56140350877307 27
45.701754385966055 5
45.71929824561518 55
45.76315789473799 6
45.76315789473799 24
45.77192982456255 7
45.815789473685356 9
45.82456140350992 44
45.912280701755535 45
45.92982456140466 42
46.017543859650274 5
46.04385964912396 53
46.06140350877308 17
46.11403508772045 15
46.122807017545014 3
46.289473684211686 36
46.32456140350993 4
46.394736842106425 11
46.447368421053795 5
46.500000000001165 6
46.500000000001165 7
46.53508771929941 2
46.61403508772047 47
46.63157894736959 24
46.657894736843275 0
46.77192982456258 20
46.815789473685385 5
46.824561403509946 1
46.84210526315907 25
46.85964912280819 17
47.035087719299426 40
47.07017543859767 36
47.07017543859767 36
47.11403508772048 26
47.14912280701873 5
47.15789473684329 48
47.192982456141536 11
47.21929824561522 42
47.22807017543978 7
47.236842105264344 6
47.32456140350996 23
47.342105263159084 34
47.42105263158014 15
47.48245614035207 22
47.48245614035207 57
47.500000000001194 24
47.561403508773125 50
47.62280701754506 3
47.6578947368433 17
47.70175438596611 11
47.7280701754398 9
47.85087719298366 36
47.85087719298366 36
47.91228070175559 1
47.91228070175559 39
47.9561403508784 7
47.96491228070296 14
47.97368421052752 6
48.035087719299455 43
48.096491228071386 35
48.10526315789595 27
48.17543859649244 25
48.298245614036304 41
48.32456140350999 8
48.3684210526328 24
48.3684210526328 42
48.37719298245736 11
48.39473684210648 47
48.403508771931044 4
48.456140350878414 17
48.50000000000122 54
48.508771929825784 16
48.63157894736965 36
48.68421052631702 7
48.7105263157907 6
48.728070175439825 15
48.97368421052755 58
49.0087719298258 1
49.096491228071415 55
49.11403508772054 48
49.1228070175451 3
49.157894736843346 0
49.16666666666791 5
49.2368421052644 24
49.24561403508896 10
49.254385964913524 17
49.412280701755634 7
49.412280701755634 36
49.421052631580196 5
49.44736842105388 6
49.50877192982581 25
49.517543859650374 42
49.54385964912406 45
49.59649122807143 9
49.675438596492484 11
49.736842105264415 44
49.75438596491354 5
49.95614035087846 57
50.03508771929951 15
50.04385964912407 5
50.052631578948635 17
50.07017543859776 2
50.07017543859776 44
50.07017543859776 50
50.07894736842232 28
50.105263157896005 24
50.14035087719425 7
50.166666666667936 20
50.1754385964925 47
50.18421052631706 6
50.19298245614162 36
50.38596491228198 33
50.41228070175566 53
50.421052631580224 37
50.482456140352156 4
50.5175438596504 27
50.535087719299526 5
50.54385964912409 11
50.62280701754514 3
50.684210526317074 8
50.84210526315918 25
50.850877192983745 17
50.850877192983745 17
50.86842105263287 7
50.88596491228199 43
50.92105263158024 6
50.9298245614048 5
50.94736842105392 39
50.94736842105392 42
50.97368421052761 24
50.97368421052761 36
51.02631578947498 48
51.20175438596621 11
51.228070175439896 23
51.24561403508902 41
51.280701754387266 5
51.3421052631592 15
51.46491228070306 9
51.50000000000131 16
51.535087719299554 34
51.587719298246924 1
51.587719298246924 11
51.587719298246924 14
51.596491228071486 7
51.649122807018855 17
51.65789473684342 6
51.6842105263171 22
51.754385964913595 36
51.78947368421184 26
51.84210526315921 24
51.87719298245746 11
51.912280701755705 0
51.92982456140483 5
51.95614035087851 47
52.04385964912413 40
52.0964912280715 42
52.122807017545185 3
52.131578947369746 5
52.175438596492555 25
52.2105263157908 44
52.3245614035101 7
52.394736842106596 6
52.42982456140484 43
52.447368421053966 17
52.53508771929958 36
52.56140350877327 4
52.649122807018884 15
52.710526315790815 24
52.868421052632925 5
52.868421052632925 35
52.868421052632925 45
52.92982456140486 27
52.95614035087854 44
53.00877192982591 48
53.05263157894872 7
53.07017543859784 50
53.131578947369775 6
53.236842105264515 41
53.245614035089076 17
53.245614035089076 42
53.31578947368557 36
53.3771929824575 9
53.508771929825926 25
53.561403508773296 5
53.561403508773296 55
53.57894736842242 24
53.605263157896104 2
53.614035087720666 1
53.62280701754523 3
53.710526315790844 39
53.73684210526453 47
53.78070175438734 7
53.7894736842119 5
53.7894736842119 20
53.868421052632954 6
53.91228070175576 43
53.94736842105401 5
53.95614035087857 15
53.95614035087857 44
54.04385964912419 17
54.09649122807156 36
54.14912280701893 58
54.28947368421191 54
54.298245614036475 57
54.39473684210665 42
54.44736842105402 24
54.47368421052771 8
54.49122807017683 16
54.508771929825954 7
54.60526315789613 6
54.64035087719438 4
54.75438596491368 44
54.8421052631593 17
54.8421052631593 25
54.877192982457544 36
54.92105263158035 48
55.03508771929965 0
55.05263157894878 28
55.12280701754527 3
55.13157894736983 23
55.19298245614176 1
55.21052631579089 14
55.23684210526457 7
55.254385964913695 9
55.26315789473826 15
55.315789473685626 24
55.34210526315931 6
55.34210526315931 27
55.39473684210668 37
55.412280701755805 50
55.517543859650544 47
55.570175438597914 44
55.5964912280716 43
55.64035087719441 17
55.65789473684353 36
55.728070175440024 34
55.780701754387394 42
55.885964912282134 22
55.96491228070319 7
55.97368421052775 44
56.043859649124244 5
56.07894736842249 6
56.17543859649267 25
56.18421052631723 24
56.38596491228215 44
56.43859649122952 17
56.43859649122952 36
56.55263157894882 5
56.57017543859794 15
56.578947368422504 40
56.587719298247066 1
56.62280701754531 3
56.640350877194436 39
56.640350877194436 53
56.692982456141806 7
56.71929824561549 4
56.798245614036546 20
56.81578947368567 6
56.83333333333479 48
56.88596491228216 5
56.92982456140497 42
56.98245614035234 45
57.052631578948834 24
57.14035087719445 2
57.166666666668135 9
57.219298245615505 36
57.23684210526463 17
57.24561403508919 55
57.29824561403656 47
57.429824561404985 7
57.438596491229546 58
57.482456140352355 16
57.50877192982604 25
57.535087719299725 8
57.543859649124286 11
57.55263157894885 6
57.71052631579096 41
57.82456140351026 5
57.87719298245763 15
57.903508771931314 0
57.92105263158044 24
58.00000000000149 36
58.02631578947518 5
58.03508771929974 17
58.09649122807167 50
58.10526315789623 42
58.122807017545355 3
58.14035087719448 35
58.1578947368436 7
58.28947368421203 6
58.32456140351027 44
58.52631578947519 5
58.570175438598 1
58.61403508772081 33
58.64035087719449 11
58.74561403508923 48
58.754385964913794 43
58.754385964913794 57
58.78070175438748 36
58.78947368421204 24
58.7982456140366 4
58.83333333333485 14
58.83333333333485 17
58.84210526315941 25
58.859649122808534 27
58.88596491228222 7
58.92982456140503 44
58.964912280703274 11
59.026315789475206 6
59.03508771929977 23
59.04385964912433 9
59.0964912280717 47
59.15789473684363 5
59.184210526317315 15
59.184210526317315 26
59.25438596491381 42
59.38596491228223 20
59.52631578947522 54
59.561403508773466 36
59.614035087720836 7
59.6228070175454 3
59.63157894736996 17
59.657894736843645 24
59.763157894738384 6
59.771929824562946 41
59.921052631580494 34
