0.07017543859649122 33
0.07017543859649122 54
0.07894736842105263 35
0.07894736842105263 51
0.13157894736842105 26
0.15789473684210525 47
0.20175438596491227 7
0.21052631578947367 11
0.21052631578947367 29
0.2543859649122807 15
0.2719298245614036 53
0.29824561403508787 16
0.3333333333333336 48
0.37719298245614075 28
0.3947368421052636 36
0.40350877192982504 37
0.40350877192982504 57
0.5087719298245622 58
0.5789473684210537 11
0.6842105263157908 23
0.7017543859649137 20
0.7192982456140365 24
0.728070175438598 25
0.7368421052631594 1
0.8333333333333351 34
0.850877192982458 55
0.9649122807017566 39
1.1228070175438623 11
1.1754385964912308 36
1.1842105263157923 0
1.1929824561403537 17
1.2105263157894766 7
1.2456140350877223 10
1.5000000000000038 11
1.5789473684210567 15
1.5789473684210567 29
1.587719298245618 24
1.6228070175438638 45
1.912280701754391 1
1.9385964912280753 41
1.9473684210526367 11
1.9473684210526367 47
1.9561403508771982 36
2.026315789473689 50
2.0438596491228114 7
2.157894736842107 14
2.1842105263157907 6
2.2105263157894743 22
2.368421052631576 52
2.4649122807017494 11
2.4649122807017494 24
2.5175438596491166 48
2.6403508771929736 25
2.736842105263147 36
2.868421052631565 7
2.868421052631565 57
2.8947368421052486 15
2.9210526315789322 6
3.166666666666646 44
3.2719298245613806 11
3.333333333333309 17
3.3421052631578703 24
3.3596491228069927 16
3.4824561403508496 39
3.5175438596490944 36
3.5175438596490944 36
3.657894736842074 6
3.6929824561403186 7
3.7368421052631247 47
3.7807017543859307 0
3.8245614035087367 11
3.833333333333298 44
3.9736842105262773 25
4.114035087719262 11
4.122807017543824 53
4.201754385964879 15
4.210526315789441 24
4.298245614035057 36
4.377192982456112 29
4.394736842105235 6
4.429824561403482 55
4.438596491228044 17
4.438596491228044 41
4.447368421052605 11
4.508771929824537 7
4.640350877192962 48
4.728070175438578 20
4.728070175438578 33
4.73684210526314 26
4.84210526315788 51
4.938596491228058 50
5.078947368421044 1
5.078947368421044 24
5.078947368421044 36
5.131578947368414 6
5.271929824561401 58
5.307017543859647 25
5.3245614035087705 7
5.359649122807017 28
5.37719298245614 29
5.421052631578949 45
5.42982456140351 37
5.464912280701757 35
5.5000000000000036 17
5.517543859649127 15
5.53508771929825 47
5.631578947368428 34
5.815789473684223 14
5.842105263157908 23
5.859649122807031 36
5.868421052631593 6
5.947368421052648 24
6.000000000000018 39
6.149122807017566 0
6.149122807017566 7
6.149122807017566 11
6.350877192982484 16
6.429824561403539 22
6.447368421052662 10
6.605263157894772 6
6.605263157894772 41
6.6140350877193335 44
6.640350877193018 25
6.640350877193018 36
6.675438596491265 57
6.8157894736842515 24
6.824561403508813 15
6.885964912280745 29
6.9649122807018 7
7.0175438596491695 17
7.105263157894786 52
7.114035087719348 11
7.2192982456140875 54
7.333333333333389 47
7.342105263157951 6
7.4210526315790055 36
7.543859649122869 44
7.684210526315855 24
7.780701754386033 7
7.8245614035088416 17
7.86842105263165 53
7.8771929824562115 1
7.97368421052639 25
8.070175438596568 51
8.07894736842113 6
8.1315789473685 15
8.166666666666746 48
8.201754385964993 36
8.552631578947459 24
8.596491228070267 7
8.71929824561413 29
8.780701754386062 44
8.815789473684308 6
8.98245614035098 36
8.98245614035098 55
9.017543859649226 41
9.08771929824572 11
9.122807017543966 47
9.175438596491336 33
9.236842105263268 44
9.30701754385976 25
9.342105263158007 16
9.4122807017545 7
9.421052631579062 24
9.438596491228186 15
9.438596491228186 39
9.456140350877309 14
9.500000000000117 1
9.552631578947487 6
9.587719298245734 0
9.684210526315912 44
9.763157894736967 29
9.763157894736967 36
9.859649122807145 34
9.9385964912282 11
10.087719298245748 48
10.219298245614173 52
10.228070175438734 7
10.245614035087858 20
10.25438596491242 11
10.289473684210666 6
10.289473684210666 24
10.289473684210666 57
10.30701754385979 44
10.342105263158036 17
10.342105263158036 28
10.403508771929967 26
10.456140350877337 37
10.52631578947383 50
10.543859649122954 36
10.596491228070324 35
10.640350877193132 25
10.692982456140502 11
10.728070175438749 30
10.745614035087872 1
10.745614035087872 15
10.745614035087872 22
10.903508771929982 47
11.026315789473845 6
11.043859649122968 7
11.114035087719461 58
11.15789473684227 24
11.324561403508941 36
11.412280701754558 45
11.763157894737024 6
11.763157894737024 41
11.85087719298264 17
11.859649122807202 7
11.921052631579133 23
11.938596491228257 0
11.973684210526503 25
12.026315789473873 24
12.026315789473873 53
12.052631578947558 15
12.078947368421243 39
12.105263157894928 36
12.333333333333531 16
12.342105263158093 48
12.500000000000203 6
12.622807017544066 1
12.666666666666874 10
12.675438596491436 7
12.692982456140559 47
12.885964912280915 36
12.894736842105477 24
13.026315789473902 17
13.087719298245833 14
13.114035087719518 55
13.236842105263381 6
13.307017543859875 25
13.359649122807244 15
13.359649122807244 20
13.394736842105491 54
13.49122807017567 7
13.526315789473916 52
13.666666666666902 36
13.692982456140587 11
13.76315789473708 24
13.789473684210765 50
13.97368421052656 6
14.0789473684213 29
14.105263157894985 33
14.307017543859903 7
14.368421052631835 48
14.44736842105289 36
14.482456140351136 47
14.50000000000026 11
14.587719298245876 17
14.631578947368684 24
14.640350877193246 25
14.657894736842369 1
14.66666666666693 15
14.710526315789739 6
14.736842105263424 0
14.745614035087986 58
14.789473684210794 30
14.947368421052904 22
15.122807017544137 7
15.149122807017822 29
15.175438596491507 51
15.184210526316068 26
15.228070175438877 36
15.324561403509055 16
15.324561403509055 28
15.412280701754671 44
15.447368421052918 6
15.482456140351164 37
15.491228070175726 17
15.500000000000288 24
15.83333333333363 41
15.93859649122837 7
15.973684210526617 15
15.973684210526617 25
16.008771929824864 36
16.03508771929855 57
16.184210526316097 6
16.19298245614066 35
16.219298245614343 23
16.228070175438905 39
16.26315789473715 47
16.289473684210837 45
16.36842105263189 24
16.42105263157926 29
16.482456140351193 53
16.587719298245933 1
16.710526315789796 14
16.754385964912604 7
16.78947368421085 36
16.824561403509097 11
16.921052631579276 6
16.964912280702084 48
17.008771929824892 17
17.15789473684244 50
17.166666666667002 34
17.236842105263495 24
17.280701754386303 15
17.30701754385999 20
17.30701754385999 25
17.570175438596838 7
17.570175438596838 36
17.657894736842454 6
17.780701754386318 0
17.78947368421088 52
17.89473684210562 54
18.043859649123167 47
18.070175438596852 55
18.1052631578951 24
18.21052631578984 11
18.31578947368458 16
18.32456140350914 17
18.350877192982825 36
18.38596491228107 7
18.394736842105633 6
18.58771929824599 15
18.64035087719336 25
18.675438596491606 29
18.736842105263538 51
18.96491228070214 44
18.973684210526702 24
18.982456140351264 48
19.131578947368812 6
19.131578947368812 36
19.157894736842497 22
19.192982456140744 17
19.201754385965305 7
19.236842105263552 33
19.254385964912675 57
19.289473684210922 58
19.64912280701795 44
19.75438596491269 45
19.833333333333744 47
19.842105263158306 10
19.842105263158306 24
19.86842105263199 6
19.894736842105676 15
19.894736842105676 26
19.9122807017548 36
19.97368421052673 25
20.01754385964954 7
20.043859649123224 20
20.061403508772347 50
20.23684210526358 53
20.307017543860074 28
20.33333333333376 14
20.45614035087762 41
20.50000000000043 52
20.50877192982499 37
20.60526315789517 6
20.6666666666671 1
20.692982456140786 36
20.71052631578991 24
20.833333333333773 7
20.86842105263202 23
21.201754385965362 15
21.280701754386417 44
21.28947368421098 39
21.307017543860102 16
21.307017543860102 25
21.34210526315835 6
21.44736842105309 17
21.46491228070221 48
21.473684210526773 36
21.473684210526773 36
21.50000000000046 0
21.578947368421513 24
21.61403508771976 47
21.640350877193445 44
21.649122807018006 7
21.789473684210993 34
21.894736842105733 11
22.052631578947842 55
22.078947368421527 6
22.25438596491276 36
22.385964912281185 29
22.447368421053117 24
22.46491228070224 7
22.50877192982505 15
22.640350877193473 25
22.67543859649172 54
22.68421052631628 17
22.815789473684706 6
22.956140350877693 45
23.035087719298748 36
23.05263157894787 57
23.122807017544364 11
23.166666666667172 1
23.280701754386474 7
23.280701754386474 50
23.31578947368472 11
23.31578947368472 24
23.324561403509282 58
23.35964912280753 22
23.394736842105775 47
23.429824561404022 20
23.552631578947885 6
23.649122807018063 11
23.657894736842625 17
23.815789473684735 15
23.815789473684735 36
23.912280701754913 29
23.938596491228598 48
23.94736842105316 0
23.95614035087772 14
23.973684210526844 25
24.096491228070708 7
24.10526315789527 41
24.184210526316324 24
24.236842105263694 1
24.289473684211064 6
24.298245614035626 16
24.36842105263212 33
24.48245614035142 39
24.543859649123352 51
24.59649122807072 36
24.666666666667215 11
24.68421052631634 44
24.833333333333886 17
24.868421052632133 11
24.877192982456695 53
24.91228070175494 7
25.00877192982512 23
25.026315789474243 6
25.052631578947928 24
25.12280701754442 15
25.17543859649179 47
25.289473684211092 28
25.307017543860216 25
25.37719298245671 36
25.48245614035145 55
25.53508771929882 37
25.64912280701812 44
25.728070175439175 1
25.728070175439175 7
25.76315789473742 6
25.789473684211107 52
25.92105263157953 24
26.043859649123394 20
26.087719298246203 48
26.157894736842696 36
26.192982456140943 57
26.307017543860244 26
26.3859649122813 11
26.429824561404107 15
26.482456140351477 29
26.5000000000006 6
26.526315789474285 50
26.535087719298847 34
26.54385964912341 7
26.640350877193587 25
26.70175438596552 58
26.71052631579008 44
26.789473684211135 24
26.885964912281313 0
26.938596491228683 36
26.97368421052693 17
26.97368421052693 47
26.98245614035149 1
26.991228070176053 39
27.061403508772546 45
27.19298245614097 35
27.23684210526378 6
27.23684210526378 11
27.28947368421115 16
27.333333333333957 41
27.359649122807642 7
27.429824561404136 54
27.56140350877256 22
27.578947368421684 14
27.65789473684274 24
27.71929824561467 36
27.736842105263793 15
27.973684210526958 6
27.973684210526958 25
28.078947368421698 17
28.14035087719363 29
28.175438596491876 7
28.219298245614684 1
28.368421052632232 11
28.368421052632232 48
28.429824561404164 51
28.438596491228726 20
28.500000000000657 36
28.526315789474342 24
28.596491228070835 11
28.605263157895397 57
28.710526315790137 6
28.754385964912945 47
28.815789473684877 33
28.99122807017611 7
29.04385964912348 15
29.131578947369096 23
29.175438596491905 44
29.280701754386644 36
29.289473684211206 50
29.30701754386033 25
29.36842105263226 55
29.394736842105946 24
29.447368421053316 6
29.640350877193672 1
29.68421052631648 39
29.72807017543929 52
29.807017543860344 7
29.83333333333403 53
29.95614035087789 58
30.0000000000007 11
30.035087719298946 41
30.06140350877263 36
30.078947368421755 17
30.184210526316495 6
30.26315789473755 24
30.27192982456211 28
30.280701754386673 16
30.350877192983166 15
30.464912280702467 45
30.53508771929896 47
30.543859649123522 0
30.561403508772646 37
30.622807017544577 7
30.6403508771937 25
30.69298245614107 48
30.763157894737564 1
30.771929824562125 11
30.833333333334057 44
30.84210526315862 36
30.90350877193055 17
30.921052631579673 6
30.96491228070248 11
31.01754385964985 34
31.131578947369153 24
31.192982456141085 11
31.201754385965646 14
31.43859649122881 7
31.43859649122881 7
31.48245614035162 20
31.622807017544606 36
31.64035087719373 50
31.657894736842852 6
31.657894736842852 15
31.728070175439345 44
31.763157894737592 22
31.877192982456894 54
31.95614035087795 17
31.97368421052707 25
32.00000000000075 24
32.02631578947444 11
32.25438596491304 7
32.280701754386726 39
32.28947368421129 10
32.31578947368497 47
32.324561403509534 51
32.39473684210603 6
32.40350877193059 36
32.438596491228836 35
32.45614035087796 57
32.50000000000077 26
32.649122807018315 29
32.73684210526393 48
32.86842105263236 24
32.92105263157973 41
32.964912280702535 15
32.98245614035166 52
33.03508771929903 23
33.070175438597275 7
33.131578947369206 6
33.184210526316576 36
33.21929824561482 33
33.27192982456219 16
33.30701754386044 25
33.657894736842906 0
33.701754385965714 55
33.7280701754394 11
33.73684210526396 24
33.868421052632385 6
33.88596491228151 7
33.91228070175519 20
33.91228070175519 29
33.92982456140432 11
33.96491228070256 36
33.98245614035169 50
34.09649122807099 47
34.1403508771938 53
34.184210526316605 45
34.27192982456222 15
34.51754385964995 17
34.52631578947451 1
34.605263157895564 6
34.605263157895564 24
34.614035087720126 11
34.64035087719381 25
34.70175438596574 7
34.74561403508855 36
34.824561403509605 14
34.97368421052715 41
35.07894736842189 39
35.10526315789558 57
35.254385964913126 28
35.34210526315874 6
35.47368421052717 24
35.517543859649976 7
35.52631578947454 36
35.57894736842191 15
35.58771929824647 37
35.771929824562264 58
35.877192982457004 47
35.90350877193069 29
35.96491228070262 22
35.97368421052718 25
36.07017543859736 44
36.07894736842192 6
36.07894736842192 52
36.15789473684298 51
36.24561403508859 34
36.263157894737716 16
36.307017543860525 0
36.307017543860525 36
36.33333333333421 7
36.34210526315877 24
36.42982456140439 48
36.43859649122895 50
36.517543859650004 54
36.8157894736851 6
36.885964912281594 15
36.938596491228964 10
36.95614035087809 23
37.02631578947458 11
37.052631578948265 26
37.08771929824651 36
37.1140350877202 17
37.14912280701844 7
37.210526315790375 24
37.30701754386055 25
37.38596491228161 20
37.421052631579855 11
37.55263157894828 6
37.65789473684302 47
37.8684210526325 36
37.93859649122899 53
37.96491228070268 7
38.03508771929917 1
38.07894736842198 24
38.12280701754479 29
38.13157894736935 39
38.18421052631672 35
38.19298245614128 15
38.2807017543869 57
38.28947368421146 6
38.29824561403602 17
38.44736842105357 14
38.56140350877287 41
38.596491228071116 11
38.640350877193924 25
38.649122807018486 36
38.7368421052641 0
38.7368421052641 45
38.78070175438691 7
38.89473684210621 48
38.94736842105358 24
39.02631578947464 6
39.08771929824657 1
39.09649122807113 33
39.175438596492185 29
39.25438596491324 16
39.28947368421149 58
39.42982456140447 36
39.438596491229035 47
39.500000000000966 15
39.51754385965009 55
39.596491228071145 7
39.61403508772027 50
39.6754385964922 51
39.763157894737816 6
39.815789473685186 24
39.973684210527296 25
40.16666666666765 22
40.21052631579046 36
40.26315789473783 28
40.41228070175538 7
40.500000000000995 6
40.561403508772926 1
40.614035087720296 37
40.63157894736942 11
40.68421052631679 24
40.70175438596591 41
40.80701754386065 15
40.85964912280802 23
40.88596491228171 54
40.94736842105364 10
40.99122807017645 36
40.99122807017645 57
41.078947368422064 44
41.10526315789575 48
41.21929824561505 47
41.22807017543961 7
41.236842105264174 6
41.28070175438698 39
41.30701754386067 25
41.35964912280804 0
41.39473684210628 52
41.55263157894839 24
41.570175438597516 11
41.63157894736945 53
41.771929824562434 36
41.81578947368524 29
41.96491228070279 44
41.97368421052735 6
42.043859649123846 7
42.07017543859753 11
42.07017543859753 14
42.07894736842209 26
42.10526315789578 20
42.11403508772034 15
42.17543859649227 50
42.245614035088764 16
42.298245614036134 44
42.39473684210631 34
42.42105263158 24
42.55263157894842 36
42.64035087719404 25
42.71052631579053 6
42.82456140350983 11
42.82456140350983 45
42.85964912280808 7
43.000000000001066 47
43.08771929824668 17
43.096491228071244 35
43.16666666666774 29
43.28070175438704 58
43.2894736842116 24
43.33333333333441 36
43.421052631580025 15
43.421052631580025 48
43.44736842105371 6
43.67543859649231 7
43.72807017543968 41
43.96491228070285 33
43.97368421052741 25
44.105263157895834 17
44.114035087720396 36
44.157894736843204 11
44.157894736843204 24
44.166666666667766 44
44.18421052631689 6
44.18421052631689 29
44.368421052632684 22
44.49122807017655 7
44.535087719299355 57
44.61403508772041 50
44.62280701754497 11
44.692982456141465 55
44.72807017543971 15
44.78070175438708 47
44.78947368421164 23
44.850877192983575 51
44.8684210526327 39
44.89473684210638 36
44.92105263158007 6
45.02631578947481 24
45.14035087719411 44
45.14912280701867 20
45.175438596492356 0
45.23684210526429 16
45.24561403508885 28
45.28947368421166 17
45.30701754386078 7
45.30701754386078 25
45.438596491229205 1
45.45614035087833 10
45.50000000000114 11
45.622807017545 54
45.64035087719412 37
45.65789473684325 6
45.67543859649237 36
45.69298245614149 14
45.74561403508886 41
45.78070175438711 48
45.89473684210641 24
46.0350877192994 15
46.078947368422206 17
46.10526315789589 11
46.122807017545014 7
46.394736842106425 6
46.45614035087836 36
46.543859649123974 53
46.5614035087731 47
46.5614035087731 52
46.64035087719415 25
46.64035087719415 45
46.763157894738015 24
46.85964912280819 11
46.877192982457316 29
46.88596491228188 34
46.93859649122925 7
46.96491228070293 50
46.973684210527495 17
47.07017543859767 26
47.131578947369604 6
47.140350877194166 11
47.236842105264344 36
47.289473684211714 39
47.342105263159084 15
47.57894736842225 57
47.63157894736962 24
47.6578947368433 0
47.75438596491348 7
47.79824561403629 17
47.86842105263278 6
47.9561403508784 29
47.97368421052752 25
48.01754385965033 36
48.13157894736963 55
48.192982456141564 35
48.22807017543981 16
48.34210526315911 47
48.50000000000122 24
48.570175438597715 7
48.570175438597715 22
48.60526315789596 6
48.64912280701877 15
48.65789473684333 33
48.69298245614158 23
48.7105263157907 41
48.79824561403632 36
48.8947368421065 20
48.92105263158018 17
49.08771929824685 48
49.11403508772054 1
49.201754385966154 58
49.307017543860894 25
49.315789473685456 14
49.34210526315914 6
49.34210526315914 52
49.359649122808264 50
49.359649122808264 51
49.368421052632826 24
49.38596491228195 7
49.38596491228195 7
49.578947368422305 36
49.58771929824687 29
49.71052631579073 44
49.736842105264415 11
49.95614035087846 15
49.98245614035214 17
50.07894736842232 6
50.14035087719425 47
50.14912280701881 1
50.18421052631706 57
50.20175438596618 7
50.219298245615306 28
50.23684210526443 24
50.35964912280829 36
50.50877192982584 53
50.640350877194265 25
50.66666666666795 37
50.78947368421181 11
50.8157894736855 6
50.85964912280831 29
51.01754385965042 7
51.05263157894866 17
51.10526315789603 24
51.14035087719428 36
51.21052631579077 45
51.219298245615335 16
51.26315789473814 15
51.3421052631592 20
51.40350877193113 48
51.55263157894868 6
51.5701754385978 34
51.83333333333465 7
51.83333333333465 55
51.87719298245746 11
51.92105263158027 36
51.93859649122939 47
51.97368421052764 24
51.97368421052764 25
52.00877192982588 50
52.11403508772062 26
52.184210526317116 17
52.289473684211856 6
52.36842105263291 39
52.447368421053966 54
52.57017543859783 15
52.6228070175452 23
52.649122807018884 7
52.701754385966254 36
52.77192982456275 22
52.84210526315924 24
52.90350877193117 58
52.93859649122942 14
52.98245614035223 41
53.026315789475035 1
53.026315789475035 6
53.078947368422405 51
53.11403508772065 17
53.12280701754521 52
53.192982456141706 11
53.30701754386101 25
53.41228070175575 57
53.42105263158031 29
53.46491228070312 7
53.48245614035224 36
53.614035087720666 44
53.710526315790844 24
53.719298245615406 47
53.72807017543997 20
53.763157894738214 6
53.877192982457515 15
53.99122807017682 17
54.00000000000138 35
54.00877192982594 33
54.0175438596505 11
54.21052631579086 16
54.26315789473823 36
54.28070175438735 7
54.33333333333472 48
54.456140350878584 1
54.50000000000139 6
54.57894736842245 24
54.64035087719438 25
54.68421052631719 45
54.8421052631593 17
54.89473684210667 0
54.929824561404914 53
55.043859649124215 36
55.096491228071585 7
55.096491228071585 50
55.1842105263172 15
55.201754385966325 28
55.23684210526457 6
55.35087719298387 11
55.44736842105405 24
55.4824561403523 29
55.50000000000142 47
55.517543859650544 1
55.69298245614178 17
55.69298245614178 37
55.8245614035102 36
55.91228070175582 7
55.91228070175582 41
55.97368421052775 6
55.97368421052775 25
55.97368421052775 25
56.19298245614179 58
56.315789473685655 24
56.3508771929839 52
56.368421052633025 51
56.49122807017689 15
56.50877192982601 17
56.55263157894882 23
56.56140350877338 14
56.60526315789619 36
56.71052631579093 6
56.72807017544005 7
56.947368421054094 34
56.97368421052778 22
56.98245614035234 26
57.01754385965059 48
57.052631578948834 57
57.114035087720765 44
57.18421052631726 24
57.20175438596638 16
57.22807017544007 20
57.289473684212 39
57.289473684212 47
57.30701754386112 25
57.35964912280849 17
57.385964912282176 36
57.44736842105411 6
57.491228070176916 50
57.50877192982604 55
57.543859649124286 7
57.596491228071656 1
57.640350877194464 11
57.649122807019026 29
57.798245614036574 15
57.807017543861136 10
57.850877192983944 54
58.05263157894886 24
58.16666666666816 36
58.18421052631729 6
58.21052631579097 17
58.21929824561553 41
58.35964912280852 7
58.4561403508787 11
58.51754385965063 33
58.64035087719449 25
58.66666666666818 29
58.69298245614186 1
58.71929824561555 53
58.90350877193134 11
58.921052631580466 6
58.921052631580466 24
58.94736842105415 36
59.04385964912433 48
59.06140350877345 17
59.070175438598014 47
59.10526315789626 15
59.175438596492754 7
59.342105263159425 52
59.41228070175592 58
59.657894736843645 6
59.67543859649277 39
59.72807017544014 36
59.78070175438751 29
59.78070175438751 35
59.78947368421207 1
59.78947368421207 24
59.877192982457686 57
59.91228070175593 17
59.921052631580494 50
59.973684210527864 25
59.99122807017699 7
