0.0 35
0.008771929824561403 22
0.008771929824561403 27
0.017543859649122806 52
0.03508771929824561 7
0.03508771929824561 53
0.07017543859649122 36
0.07894736842105263 32
0.09649122807017543 28
0.14912280701754385 15
0.14912280701754385 57
0.15789473684210525 23
0.16666666666666666 12
0.20175438596491227 24
0.22807017543859648 30
0.26315789473684215 1
0.3070175438596493 55
0.46491228070175505 54
0.5438596491228079 47
0.6140350877192994 40
0.6578947368421065 2
0.7807017543859666 26
0.789473684210528 42
0.7982456140350894 41
0.8771929824561423 48
0.9210526315789495 20
0.9210526315789495 46
0.9385964912280723 7
0.9649122807017566 33
0.9912280701754409 34
1.0087719298245637 24
1.035087719298248 39
1.1052631578947394 0
1.1140350877193008 36
1.1315789473684237 38
1.1666666666666694 3
1.3596491228070209 44
1.3859649122807052 15
1.4912280701754423 37
1.5614035087719338 29
1.6754385964912324 31
1.7631578947368467 7
1.7719298245614081 1
1.7982456140350924 9
1.8157894736842153 24
1.8596491228070224 49
1.8684210526315839 43
1.8684210526315839 50
1.912280701754391 56
1.9473684210526367 25
1.9824561403508825 14
2.0087719298245665 6
2.157894736842107 36
2.2105263157894743 46
2.412280701754382 47
2.5526315789473615 30
2.578947368421045 7
2.6052631578947287 15
2.61403508771929 24
2.692982456140341 45
2.736842105263147 6
2.7719298245613917 57
2.780701754385953 41
2.9298245614034935 48
3.201754385964891 36
3.210526315789452 42
3.3157894736841866 1
3.3947368421052375 7
3.41228070175436 24
3.464912280701727 6
3.7807017543859307 43
3.8245614035087367 15
3.92105263157891 25
4.017543859649084 23
4.0877192982455774 39
4.114035087719262 32
4.140350877192947 3
4.149122807017509 2
4.192982456140317 6
4.201754385964879 55
4.210526315789441 7
4.210526315789441 24
4.2368421052631255 19
4.245614035087687 36
4.280701754385934 50
4.2894736842104955 47
4.31578947368418 16
4.31578947368418 27
4.324561403508742 46
4.342105263157865 22
4.4649122807017285 1
4.482456140350852 5
4.535087719298222 8
4.552631578947345 0
4.850877192982441 30
4.9210526315789345 6
5.008771929824551 24
5.017543859649113 7
5.035087719298236 15
5.061403508771921 35
5.105263157894729 28
5.149122807017537 54
5.184210526315784 48
5.192982456140346 9
5.210526315789469 26
5.271929824561401 25
5.289473684210524 36
5.289473684210524 42
5.3245614035087705 34
5.3245614035087705 57
5.508771929824565 1
5.5263157894736885 14
5.543859649122812 56
5.649122807017552 6
5.666666666666675 33
5.675438596491237 44
5.807017543859661 24
5.824561403508785 7
5.973684210526333 41
5.991228070175456 49
6.166666666666689 47
6.236842105263182 12
6.245614035087744 15
6.333333333333361 36
6.377192982456169 6
6.4385964912281 37
6.464912280701785 5
6.508771929824594 3
6.605263157894772 24
6.622807017543895 25
6.631578947368457 7
6.684210526315827 38
6.692982456140388 50
6.70175438596495 46
6.7894736842105665 44
6.798245614035128 39
6.798245614035128 52
6.833333333333375 4
6.921052631578991 42
7.000000000000046 53
7.070175438596539 1
7.087719298245663 20
7.105263157894786 6
7.166666666666718 9
7.315789473684266 30
7.350877192982512 48
7.359649122807074 43
7.377192982456197 36
7.403508771929882 24
7.4473684210526905 7
7.456140350877252 15
7.482456140350937 16
7.491228070175499 12
7.640350877193047 2
7.728070175438663 0
7.76315789473691 11
7.833333333333403 6
7.842105263157965 3
7.97368421052639 25
8.035087719298321 47
8.149122807017623 55
8.201754385964993 24
8.254385964912363 7
8.263157894736924 23
8.342105263157979 41
8.385964912280787 5
8.421052631579034 29
8.421052631579034 36
8.473684210526404 10
8.473684210526404 42
8.56140350877202 6
8.66666666666676 15
8.66666666666676 22
8.850877192982555 12
8.894736842105363 32
8.903508771929925 44
8.912280701754487 57
8.921052631579048 27
9.000000000000103 24
9.008771929824665 45
9.017543859649226 46
9.03508771929835 14
9.03508771929835 14
9.052631578947473 49
9.061403508772035 7
9.105263157894843 50
9.149122807017651 43
9.175438596491336 3
9.289473684210638 6
9.324561403508884 25
9.385964912280816 48
9.447368421052747 5
9.46491228070187 36
9.508771929824679 52
9.51754385964924 34
9.535087719298364 4
9.596491228070295 40
9.657894736842227 30
9.754385964912405 54
9.798245614035213 24
9.868421052631707 7
9.877192982456268 15
9.903508771929953 39
9.903508771929953 47
9.956140350877323 12
10.017543859649255 6
10.105263157894871 28
10.114035087719433 9
10.131578947368556 5
10.131578947368556 33
10.25438596491242 42
10.280701754386104 16
10.508771929824707 3
10.508771929824707 36
10.570175438596639 26
10.596491228070324 24
10.675438596491379 25
10.68421052631594 7
10.719298245614187 5
10.73684210526331 43
10.745614035087872 6
10.956140350877352 56
11.087719298245776 15
11.114035087719461 46
11.131578947368585 2
11.236842105263324 35
11.307017543859818 20
11.377192982456311 1
11.385964912280873 0
11.385964912280873 37
11.385964912280873 48
11.394736842105434 24
11.403508771929996 53
11.447368421052804 12
11.47368421052649 6
11.491228070175612 7
11.552631578947544 36
11.771929824561585 47
11.842105263158079 3
11.894736842105448 41
12.026315789473873 25
12.070175438596682 11
12.11403508771949 4
12.192982456140545 9
12.192982456140545 24
12.201754385965106 6
12.21929824561423 38
12.228070175438791 55
12.245614035087915 11
12.307017543859846 7
12.307017543859846 15
12.307017543859846 30
12.359649122807216 11
12.394736842105463 43
12.54385964912301 14
12.59649122807038 36
12.631578947368627 44
12.868421052631792 23
12.877192982456354 12
12.903508771930039 1
12.929824561403723 6
12.929824561403723 32
12.991228070175655 22
12.991228070175655 24
13.061403508772148 44
13.078947368421272 16
13.096491228070395 46
13.114035087719518 7
13.17543859649145 3
13.28070175438619 42
13.377192982456368 25
13.412280701754614 48
13.447368421052861 11
13.517543859649354 15
13.640350877193217 36
13.640350877193217 47
13.65789473684234 6
13.71052631578971 34
13.76315789473708 5
13.789473684210765 24
13.86842105263182 27
13.929824561403752 7
14.017543859649368 44
14.114035087719547 9
14.315789473684465 20
14.333333333333588 57
14.359649122807273 50
14.385964912280958 6
14.39473684210552 1
14.421052631579204 49
14.464912280702013 41
14.587719298245876 24
14.605263157895 3
14.605263157895 30
14.622807017544122 2
14.66666666666693 0
14.684210526316054 36
14.728070175438862 15
14.728070175438862 15
14.728070175438862 25
14.736842105263424 7
14.780701754386232 52
14.903508771930095 39
14.938596491228342 26
14.947368421052904 42
15.105263157895013 28
15.105263157895013 28
15.114035087719575 6
15.219298245614315 44
15.385964912280986 24
15.40350877193011 48
15.517543859649411 47
15.543859649123096 7
15.692982456140644 5
15.701754385965206 4
15.701754385965206 12
15.72807017543889 36
15.736842105263452 1
15.842105263158192 6
15.850877192982754 11
15.877192982456439 9
15.877192982456439 16
15.921052631579247 5
15.93859649122837 3
15.93859649122837 15
16.03508771929855 53
16.04385964912311 14
16.078947368421357 25
16.105263157895042 43
16.114035087719603 42
16.14912280701785 44
16.184210526316097 24
16.236842105263467 33
16.324561403509083 46
16.324561403509083 54
16.333333333333645 37
16.350877192982768 7
16.47368421052663 35
16.526315789474 27
16.57017543859681 6
16.771929824561727 36
16.771929824561727 50
16.824561403509097 57
16.89473684210559 30
16.89473684210559 30
16.929824561403837 41
16.973684210526645 32
16.982456140351207 24
17.035087719298577 12
17.061403508772262 38
17.14912280701788 15
17.166666666667002 7
17.21929824561437 5
17.228070175438933 42
17.27192982456174 3
17.298245614035427 6
17.31578947368455 22
17.394736842105605 47
17.403508771930166 48
17.42982456140385 25
17.491228070175783 49
17.780701754386318 24
17.815789473684564 36
17.824561403509126 0
17.85087719298281 39
17.90350877193018 34
17.921052631579304 44
17.973684210526674 7
18.017543859649482 40
18.026315789474044 6
18.035087719298605 55
18.11403508771966 2
18.254385964912647 12
18.359649122807387 15
18.578947368421428 24
18.605263157895113 46
18.622807017544236 3
18.64035087719336 42
18.675438596491606 16
18.70175438596529 1
18.75438596491266 6
18.75438596491266 44
18.780701754386346 7
18.780701754386346 25
18.8596491228074 36
19.184210526316182 30
19.184210526316182 50
19.245614035088114 57
19.263157894737237 47
19.37719298245654 24
19.37719298245654 48
19.482456140351278 6
19.5000000000004 17
19.508771929824963 12
19.55263157894777 14
19.55263157894777 41
19.570175438596895 15
19.587719298246018 7
19.631578947368826 43
19.75438596491269 42
19.771929824561813 23
19.894736842105676 44
19.903508771930237 36
19.991228070175854 56
20.01754385964954 52
20.035087719298662 27
20.105263157895156 28
20.12280701754428 53
20.13157894736884 25
20.17543859649165 24
20.210526315789895 6
20.350877192982882 17
20.368421052632005 0
20.39473684210569 7
20.45614035087762 1
20.50000000000043 29
20.50877192982499 46
20.5526315789478 49
20.61403508771973 3
20.77192982456184 26
20.77192982456184 33
20.780701754386403 15
20.86842105263202 42
20.938596491228513 6
20.947368421053074 36
20.97368421052676 24
21.008771929825006 32
21.105263157895184 43
21.14035087719343 47
21.1929824561408 11
21.201754385965362 4
21.201754385965362 7
21.210526315789924 39
21.280701754386417 37
21.368421052632034 48
21.368421052632034 48
21.421052631579403 11
21.46491228070221 30
21.473684210526773 16
21.482456140351335 25
21.596491228070636 50
21.605263157895198 2
21.631578947368883 22
21.66666666666713 6
21.67543859649169 57
21.692982456140815 10
21.7192982456145 1
21.77192982456187 24
21.947368421053103 3
21.98245614035135 42
21.99122807017591 15
21.99122807017591 36
22.008771929825034 7
22.078947368421527 17
22.09649122807065 34
22.219298245614514 9
22.324561403509254 5
22.394736842105747 6
22.543859649123295 12
22.57017543859698 24
22.587719298246103 11
22.68421052631628 11
22.78070175438646 11
22.824561403509268 7
22.83333333333383 25
22.877192982456638 1
22.877192982456638 11
22.8859649122812 40
22.964912280702254 41
22.973684210526816 11
22.973684210526816 35
23.008771929825063 47
23.035087719298748 36
23.061403508772433 14
23.070175438596994 11
23.09649122807068 27
23.09649122807068 42
23.122807017544364 6
23.166666666667172 11
23.20175438596542 15
23.26315789473735 11
23.271929824561912 8
23.280701754386474 3
23.333333333333844 4
23.350877192982967 48
23.35964912280753 11
23.36842105263209 24
23.385964912281214 5
23.394736842105775 20
23.394736842105775 38
23.42105263157946 54
23.447368421053145 46
23.456140350877707 11
23.552631578947885 11
23.57894736842157 0
23.614035087719817 49
23.614035087719817 55
23.63157894736894 7
23.649122807018063 11
23.74561403508824 11
23.74561403508824 30
23.763157894737365 44
23.79824561403561 39
23.84210526315842 11
23.85087719298298 6
23.938596491228598 11
23.982456140351406 12
24.00877192982509 50
24.035087719298776 11
24.070175438597023 57
24.078947368421584 36
24.122807017544392 52
24.131578947368954 11
24.1666666666672 23
24.1666666666672 24
24.184210526316324 25
24.21052631579001 42
24.21929824561457 29
24.228070175439132 11
24.27192982456194 16
24.32456140350931 11
24.359649122807557 44
24.412280701754927 15
24.42105263157949 11
24.438596491228612 7
24.517543859649667 11
24.5789473684216 6
24.614035087719845 3
24.614035087719845 9
24.614035087719845 11
24.666666666667215 1
24.70175438596546 53
24.710526315790023 11
24.8070175438602 11
24.877192982456695 47
24.90350877193038 11
24.96491228070231 24
25.000000000000558 11
25.01754385964968 41
25.043859649123366 32
25.096491228070736 2
25.096491228070736 11
25.096491228070736 28
25.105263157895298 46
25.12280701754442 36
25.192982456140914 11
25.192982456140914 33
25.245614035088284 7
25.289473684211092 11
25.307017543860216 6
25.32456140350934 42
25.32456140350934 48
25.38596491228127 11
25.421052631579517 5
25.42982456140408 12
25.464912280702325 4
25.48245614035145 11
25.53508771929882 25
25.578947368421627 11
25.622807017544435 15
25.631578947368997 27
25.675438596491805 11
25.76315789473742 24
25.771929824561983 11
25.80701754386023 43
25.86842105263216 11
25.947368421053216 3
25.947368421053216 22
25.956140350877778 56
25.96491228070234 11
26.02631578947427 30
26.035087719298833 6
26.043859649123394 20
26.061403508772518 7
26.061403508772518 11
26.157894736842696 11
26.166666666667258 36
26.201754385965504 1
26.219298245614628 29
26.22807017543919 37
26.254385964912874 11
26.28947368421112 34
26.34210526315849 0
26.350877192983052 11
26.368421052632176 9
26.421052631579546 50
26.43859649122867 42
26.44736842105323 11
26.473684210526915 12
26.482456140351477 8
26.526315789474285 10
26.54385964912341 11
26.55263157894797 57
26.561403508772532 14
26.561403508772532 24
26.640350877193587 11
26.675438596491833 49
26.736842105263765 11
26.745614035088327 47
26.76315789473745 6
26.80701754386026 44
26.833333333333943 11
26.833333333333943 15
26.833333333333943 15
26.86842105263219 7
26.885964912281313 25
26.92982456140412 11
26.938596491228683 52
26.98245614035149 39
27.0263157894743 11
27.070175438597108 16
27.122807017544478 11
27.210526315790094 36
27.219298245614656 11
27.280701754386588 3
27.315789473684834 11
27.324561403509396 48
27.359649122807642 24
27.40350877193045 1
27.412280701755012 11
27.491228070176067 6
27.50877192982519 11
27.517543859649752 12
27.587719298246245 31
27.596491228070807 4
27.60526315789537 11
27.649122807018177 41
27.6666666666673 42
27.675438596491862 7
27.701754385965547 11
27.798245614035725 11
27.894736842105903 11
27.92982456140415 35
27.99122807017608 11
28.03508771929889 54
28.04385964912345 15
28.052631578948013 43
28.061403508772575 23
28.08771929824626 11
28.09649122807082 46
28.157894736842753 24
28.184210526316438 9
28.184210526316438 11
28.219298245614684 6
28.236842105263808 25
28.25438596491293 36
28.280701754386616 11
28.324561403509424 30
28.35964912280767 26
28.377192982456794 11
28.385964912281356 27
28.40350877193048 55
28.473684210526972 11
28.482456140351534 7
28.500000000000657 20
28.56140350877259 12
28.57017543859715 11
28.587719298246274 2
28.605263157895397 47
28.61403508771996 3
28.66666666666733 11
28.710526315790137 0
28.763157894737507 11
28.78070175438663 42
28.789473684211192 1
28.833333333334 50
28.859649122807685 11
28.9473684210533 6
28.956140350877863 11
28.956140350877863 24
29.05263157894804 11
29.078947368421726 32
29.14912280701822 11
29.245614035088398 11
29.25438596491296 15
29.289473684211206 7
29.298245614035768 36
29.30701754386033 48
29.342105263158576 11
29.3596491228077 40
29.394736842105946 39
29.394736842105946 46
29.438596491228754 11
29.535087719298932 11
29.587719298246302 25
29.605263157895426 12
29.605263157895426 33
29.63157894736911 11
29.67543859649192 6
29.72807017543929 4
29.72807017543929 11
29.754385964912974 24
29.754385964912974 49
29.824561403509467 11
29.859649122807713 57
29.868421052632275 16
29.921052631579645 11
29.94736842105333 3
30.017543859649823 11
30.043859649123508 52
30.06140350877263 14
30.087719298246316 28
30.096491228070878 7
30.10526315789544 1
30.11403508772 11
30.21052631579018 11
30.26315789473755 22
30.298245614035796 56
30.307017543860358 11
30.342105263158604 36
30.36842105263229 53
30.37719298245685 5
30.385964912281413 41
30.403508771930536 6
30.403508771930536 11
30.403508771930536 42
30.464912280702467 15
30.464912280702467 47
30.48245614035159 34
30.500000000000714 11
30.517543859649837 9
30.5263157894744 38
30.552631578948084 24
30.596491228070892 11
30.596491228070892 30
30.649122807018262 12
30.69298245614107 11
30.78947368421125 11
30.833333333334057 27
30.85087719298318 46
30.868421052632304 44
30.885964912281427 11
30.90350877193055 7
30.912280701755112 5
30.938596491228797 20
30.938596491228797 25
30.982456140351605 11
31.078947368421783 11
31.131578947369153 6
31.17543859649196 11
31.17543859649196 37
31.245614035088455 50
31.27192982456214 11
31.27192982456214 44
31.2807017543867 3
31.2807017543867 48
31.350877192983194 1
31.350877192983194 24
31.368421052632318 11
31.38596491228144 36
31.394736842106003 0
31.464912280702496 11
31.517543859649866 42
31.561403508772674 11
31.657894736842852 11
31.675438596491976 15
31.6929824561411 12
31.710526315790222 7
31.719298245614784 29
31.75438596491303 11
31.79824561403584 44
31.85087719298321 11
31.85964912280777 4
31.85964912280777 6
31.947368421053387 11
31.947368421053387 55
32.04385964912356 11
32.05263157894812 23
32.07894736842181 2
32.14035087719374 11
32.1491228070183 24
32.23684210526392 11
32.24561403508848 46
32.28947368421129 25
32.333333333334096 11
32.333333333334096 47
32.429824561404274 11
32.429824561404274 36
32.51754385964989 7
32.52631578947445 11
32.55263157894814 10
32.587719298246384 6
32.61403508772007 3
32.62280701754463 11
32.66666666666744 16
32.71052631579025 52
32.71929824561481 11
32.73684210526393 12
32.754385964913055 26
32.807017543860425 54
32.81578947368499 11
32.81578947368499 49
32.87719298245692 30
32.88596491228148 15
32.9035087719306 9
32.912280701755165 11
32.92982456140429 39
32.94736842105341 24
33.00000000000078 43
33.00877192982534 11
33.04385964912359 42
33.10526315789552 11
33.11403508772008 32
33.2017543859657 11
33.25438596491307 48
33.280701754386754 57
33.29824561403588 11
33.315789473685 6
33.32456140350956 7
33.37719298245693 20
33.394736842106056 11
33.42105263157974 29
33.45614035087799 44
33.47368421052711 36
33.491228070176234 11
33.552631578948166 27
33.56140350877273 14
33.58771929824641 11
33.64035087719378 25
33.649122807018344 46
33.657894736842906 50
33.68421052631659 11
33.74561403508852 24
33.78070175438677 11
33.78070175438677 12
33.807017543860454 35
33.87719298245695 11
33.94736842105344 3
33.973684210527125 11
33.99122807017625 4
34.04385964912362 6
34.04385964912362 33
34.0701754385973 11
34.09649122807099 15
34.1403508771938 7
34.15789473684292 42
34.16666666666748 11
34.17543859649204 56
34.192982456141166 47
34.26315789473766 11
34.31578947368503 0
34.35964912280784 11
34.456140350878016 11
34.51754385964995 36
34.54385964912363 24
34.552631578948194 11
34.57894736842188 22
34.605263157895564 31
34.614035087720126 43
34.64912280701837 11
34.67543859649206 34
34.74561403508855 11
34.771929824562235 6
34.824561403509605 12
34.84210526315873 11
34.93859649122891 11
34.94736842105347 7
34.99122807017628 25
35.035087719299085 11
35.07894736842189 28
35.087719298246455 41
35.13157894736926 11
35.14912280701839 30
35.21052631579032 53
35.22807017543944 11
35.27192982456225 42
35.28070175438681 3
35.28070175438681 48
35.307017543860496 15
35.32456140350962 11
35.34210526315874 24
35.350877192983305 17
35.4210526315798 11
35.43859649122892 39
35.456140350878044 9
35.464912280702606 16
35.50000000000085 6
35.517543859649976 11
35.517543859649976 46
35.52631578947454 38
35.55263157894822 55
35.561403508772784 36
35.570175438597346 2
35.614035087720154 11
35.71052631579033 11
35.75438596491314 7
35.80701754386051 11
35.80701754386051 20
35.84210526315876 1
35.86842105263244 12
35.877192982457004 49
35.90350877193069 11
35.92105263157981 23
36.00000000000087 11
36.00000000000087 27
36.05263157894824 47
36.0614035087728 40
36.07017543859736 50
36.096491228071045 11
36.12280701754473 4
36.12280701754473 37
36.14035087719385 24
36.19298245614122 11
36.22807017543947 6
36.2894736842114 11
36.34210526315877 25
36.38596491228158 11
36.38596491228158 42
36.42982456140439 5
36.44736842105351 45
36.45614035087807 43
36.48245614035176 11
36.517543859650004 15
36.56140350877281 7
36.578947368421936 11
36.60526315789562 36
36.61403508772018 3
36.675438596492114 11
36.77192982456229 11
36.86842105263247 11
36.87719298245703 57
36.91228070175528 12
36.9298245614044 46
36.938596491228964 24
36.95614035087809 6
36.96491228070265 11
37.06140350877283 11
37.06140350877283 14
37.14912280701844 32
37.157894736843005 11
37.23684210526406 17
37.25438596491318 11
37.25438596491318 48
37.35087719298336 11
37.377192982457046 7
37.421052631579855 30
37.44736842105354 11
37.482456140351786 26
37.50000000000091 42
37.535087719299156 41
37.54385964912372 11
37.640350877193896 11
37.64912280701846 36
37.684210526316704 6
37.692982456141266 25
37.72807017543951 15
37.736842105264074 11
37.736842105264074 24
37.83333333333425 11
37.85964912280794 9
37.894736842106184 52
37.92105263157987 47
37.92982456140443 11
37.947368421053554 3
37.956140350878115 12
38.02631578947461 11
38.12280701754479 11
38.18421052631672 1
38.19298245614128 7
38.2105263157904 44
38.219298245614965 11
38.23684210526409 20
38.25438596491321 4
38.26315789473777 16
38.31578947368514 11
38.35964912280795 43
38.41228070175532 6
38.41228070175532 11
38.44736842105357 27
38.44736842105357 33
38.44736842105357 39
38.482456140351815 50
38.5087719298255 11
38.535087719299185 24
38.60526315789568 11
38.61403508772024 42
38.61403508772024 46
38.692982456141294 36
38.701754385965856 11
38.798245614036034 11
38.86842105263253 34
38.89473684210621 11
38.89473684210621 22
38.93859649122902 15
38.93859649122902 31
38.93859649122902 49
38.99122807017639 11
39.00000000000095 12
39.008771929825514 7
39.04385964912376 25
39.061403508772884 2
39.08771929824657 11
39.14035087719394 6
39.1491228070185 35
39.175438596492185 44
39.18421052631675 11
39.23684210526412 48
39.280701754386925 3
39.280701754386925 10
39.280701754386925 11
39.333333333334295 24
39.3771929824571 11
39.45614035087816 54
39.47368421052728 11
39.491228070176405 41
39.57017543859746 11
39.66666666666764 11
39.69298245614132 30
39.72807017543957 42
39.73684210526413 36
39.763157894737816 11
39.78070175438694 23
39.78070175438694 47
39.7894736842115 29
39.807017543860624 9
39.815789473685186 57
39.82456140350975 7
39.83333333333431 43
39.859649122807994 11
39.868421052632556 6
39.95614035087817 11
40.03508771929923 55
40.04385964912379 12
40.05263157894835 11
40.070175438597474 28
40.078947368422035 5
40.131578947369405 0
40.131578947369405 24
40.14912280701853 11
40.14912280701853 15
40.24561403508871 11
40.342105263158885 11
40.38596491228169 4
40.394736842106255 25
40.43859649122906 11
40.53508771929924 11
40.53508771929924 40
40.561403508772926 14
40.59649122807117 6
40.614035087720296 3
40.63157894736942 7
40.63157894736942 11
40.666666666667666 20
40.70175438596591 5
40.7280701754396 11
40.763157894737844 1
40.771929824562406 29
40.78070175438697 36
40.824561403509776 11
40.8421052631589 42
40.877192982457146 46
40.89473684210627 27
40.89473684210627 50
40.921052631579954 11
40.929824561404516 24
41.01754385965013 11
41.06140350877294 16
41.0701754385975 37
41.087719298246625 12
41.11403508772031 11
41.184210526316804 32
41.21052631579049 11
41.21052631579049 48
41.236842105264174 39
41.298245614036105 44
41.30701754386067 11
41.32456140350979 6
41.35964912280804 15
41.35964912280804 56
41.403508771930845 11
41.43859649122909 7
41.44736842105365 41
41.50000000000102 11
41.5964912280712 11
41.64035087719401 47
41.675438596492256 9
41.69298245614138 11
41.728070175439626 24
41.74561403508875 25
41.78947368421156 11
41.824561403509804 36
41.885964912281736 11
41.929824561404544 44
41.929824561404544 53
41.94736842105367 3
41.95614035087823 42
41.982456140351914 11
41.982456140351914 30
42.00000000000104 49
42.05263157894841 6
42.05263157894841 26
42.07894736842209 11
42.13157894736946 12
42.17543859649227 11
42.18421052631683 57
42.245614035088764 7
42.27192982456245 11
42.36842105263263 11
42.464912280702805 11
42.517543859650175 4
42.52631578947474 24
42.55263157894842 2
42.56140350877298 11
42.570175438597545 15
42.6491228070186 52
42.65789473684316 11
42.736842105264216 0
42.75438596491334 11
42.780701754387024 6
42.85087719298352 11
42.85087719298352 33
42.86842105263264 36
42.947368421053696 11
43.043859649123874 11
43.052631578948436 7
43.061403508773 34
43.07017543859756 42
43.096491228071244 20
43.096491228071244 25
43.11403508772037 38
43.14035087719405 11
43.1754385964923 12
43.18421052631686 48
43.210526315790545 22
43.23684210526423 10
43.23684210526423 11
43.28070175438704 3
43.307017543860724 50
43.315789473685285 55
43.32456140350985 24
43.33333333333441 11
43.34210526315897 27
43.39473684210634 31
43.4035087719309 41
43.42982456140459 11
43.473684210527395 9
43.50877192982564 6
43.50877192982564 47
43.526315789474765 11
43.53508771929933 46
43.62280701754494 11
43.64035087719407 23
43.71929824561512 11
43.71929824561512 44
43.76315789473793 39
43.77192982456249 43
43.78070175438705 15
43.8157894736853 1
43.8157894736853 11
43.85964912280811 7
43.85964912280811 16
43.91228070175548 11
43.91228070175548 36
44.008771929825656 11
44.061403508773026 14
44.105263157895834 11
44.12280701754496 24
44.18421052631689 42
44.19298245614145 45
44.20175438596601 11
44.219298245615136 12
44.23684210526426 6
44.25438596491338 30
44.29824561403619 11
44.39473684210637 11
44.44736842105374 25
44.49122807017655 11
44.535087719299355 35
44.587719298246725 11
44.61403508772041 3
44.62280701754497 57
44.64912280701866 4
44.66666666666778 7
44.6842105263169 11
44.78070175438708 11
44.84210526315901 40
44.87719298245726 11
44.92105263158007 24
44.956140350878314 36
44.964912280702876 1
44.964912280702876 6
44.97368421052744 11
44.99122807017656 15
45.061403508773054 28
45.061403508773054 49
45.070175438597616 11
45.15789473684323 48
45.166666666667794 11
45.219298245615164 32
45.25438596491341 9
45.26315789473797 11
45.26315789473797 12
45.29824561403622 42
45.30701754386078 17
45.35964912280815 11
45.35964912280815 41
45.377192982457274 47
45.45614035087833 11
45.482456140352014 7
45.52631578947482 20
45.55263157894851 11
45.57894736842219 46
45.649122807018685 11
45.69298245614149 6
45.71929824561518 24
45.71929824561518 50
45.74561403508886 11
45.78947368421167 27
45.79824561403623 25
45.84210526315904 11
45.93859649122922 11
45.94736842105378 3
46.00000000000115 36
46.017543859650274 37
46.0350877192994 11
46.04385964912396 2
46.131578947369576 11
46.20175438596607 15
46.228070175439754 11
46.27192982456256 43
46.29824561403625 7
46.30701754386081 12
46.32456140350993 11
46.342105263159056 17
46.41228070175555 42
46.42105263158011 6
46.42105263158011 11
46.447368421053795 26
46.51754385965029 11
46.51754385965029 24
46.52631578947485 30
46.61403508772047 11
46.62280701754503 5
46.657894736843275 16
46.710526315790645 11
46.78070175438714 4
46.80701754386082 11
46.85087719298363 1
46.85964912280819 46
46.903508771931 11
46.903508771931 39
46.973684210527495 9
47.00000000000118 11
47.04385964912399 36
47.09649122807136 11
47.11403508772048 7
47.140350877194166 48
47.14912280701873 6
47.14912280701873 25
47.15789473684329 56
47.184210526316974 10
47.192982456141536 11
47.192982456141536 17
47.245614035088906 47
47.25438596491347 33
47.25438596491347 34
47.28070175438715 3
47.289473684211714 11
47.30701754386084 57
47.3157894736854 24
47.3157894736854 41
47.3157894736854 41
47.350877192983646 12
47.38596491228189 0
47.38596491228189 11
47.41228070175558 15
47.48245614035207 11
47.51754385965032 19
47.52631578947488 42
47.53508771929944 22
47.561403508773125 14
47.561403508773125 23
47.57894736842225 11
47.67543859649243 11
47.771929824562605 11
47.86842105263278 11
47.877192982457345 6
47.92105263158015 7
47.9561403508784 20
47.96491228070296 11
47.991228070176646 52
48.00000000000121 31
48.02631578947489 17
48.05263157894858 43
48.06140350877314 11
48.07894736842226 8
48.087719298246824 36
48.11403508772051 24
48.12280701754507 49
48.13157894736963 50
48.15789473684332 11
48.23684210526437 27
48.254385964913496 11
48.28947368421174 1
48.28947368421174 44
48.350877192983674 11
48.39473684210648 12
48.44736842105385 11
48.50000000000122 25
48.54385964912403 11
48.60526315789596 6
48.614035087720524 3
48.622807017545085 15
48.64035087719421 11
48.64035087719421 42
48.675438596492455 9
48.675438596492455 29
48.728070175439825 7
48.73684210526439 11
48.80701754386088 30
48.833333333334565 11
48.85087719298369 17
48.91228070175562 4
48.91228070175562 24
48.92982456140474 11
49.02631578947492 11
49.1228070175451 11
49.1228070175451 47
49.13157894736966 36
49.149122807018784 48
49.17543859649247 46
49.21929824561528 11
49.254385964913524 32
49.27192982456265 41
49.315789473685456 11
49.33333333333458 6
49.412280701755634 11
49.43859649122932 12
49.45614035087844 16
49.50877192982581 11
49.5350877192995 2
49.5350877192995 7
49.54385964912406 54
49.60526315789599 11
49.675438596492484 17
49.70175438596617 11
49.71052631579073 24
49.75438596491354 42
49.79824561403635 11
49.83333333333459 15
49.85087719298372 25
49.894736842106525 11
49.947368421053895 3
49.9912280701767 11
50.008771929825826 53
50.052631578948635 28
50.052631578948635 35
50.061403508773196 6
50.08771929824688 11
50.14912280701881 55
50.1754385964925 36
50.18421052631706 11
50.28070175438724 11
50.35087719298373 7
50.377192982457416 11
50.38596491228198 9
50.38596491228198 20
50.473684210527594 11
50.482456140352156 12
50.50000000000128 17
50.50877192982584 24
50.54385964912409 50
50.57017543859777 11
50.60526315789602 44
50.66666666666795 11
50.684210526317074 27
50.76315789473813 11
50.78947368421181 6
50.84210526315918 26
50.85964912280831 11
50.86842105263287 42
50.86842105263287 52
50.87719298245743 1
50.94736842105392 39
50.956140350878485 11
50.96491228070305 37
50.99122807017673 47
51.0438596491241 4
51.0438596491241 15
51.05263157894866 11
51.061403508773225 14
51.07894736842235 57
51.08771929824691 30
51.13157894736972 10
51.13157894736972 48
51.14912280701884 11
51.166666666667965 7
51.18421052631709 49
51.20175438596621 25
51.219298245615335 36
51.228070175439896 41
51.23684210526446 40
51.24561403508902 11
51.280701754387266 3
51.30701754386095 24
51.324561403510074 17
51.3421052631592 11
51.438596491229376 11
51.44736842105394 34
51.4561403508785 23
51.51754385965043 6
51.52631578947499 12
51.535087719299554 11
51.63157894736973 11
51.65789473684342 33
51.701754385966225 56
51.72807017543991 11
51.82456140351009 11
51.85087719298377 22
51.92105263158027 11
51.97368421052764 7
51.9824561403522 42
52.017543859650445 11
52.0964912280715 9
52.0964912280715 9
52.10526315789606 24
52.11403508772062 11
52.14912280701887 17
52.175438596492555 46
52.2105263157908 11
52.24561403508905 6
52.25438596491361 15
52.25438596491361 16
52.26315789473817 36
52.30701754386098 11
52.40350877193116 11
52.500000000001336 11
52.552631578948706 25
52.57017543859783 12
52.596491228071514 11
52.605263157896076 0
52.61403508772064 3
52.67543859649257 43
52.69298245614169 11
52.72807017543994 1
52.78070175438731 7
52.78947368421187 11
52.815789473685555 20
52.8508771929838 47
52.868421052632925 29
52.88596491228205 11
52.90350877193117 24
52.95614035087854 50
52.973684210527665 6
52.973684210527665 17
52.98245614035223 11
53.026315789475035 2
53.026315789475035 38
53.078947368422405 11
53.08771929824697 44
53.09649122807153 42
53.10526315789609 48
53.131578947369775 27
53.17543859649258 4
53.17543859649258 11
53.184210526317145 41
53.27192982456276 11
53.289473684211885 32
53.30701754386101 36
53.36842105263294 11
53.36842105263294 30
53.46491228070312 11
53.46491228070312 15
53.561403508773296 11
53.58771929824698 7
53.614035087720666 12
53.64035087719435 5
53.657894736843474 11
53.70175438596628 6
53.70175438596628 24
53.70175438596628 45
53.75438596491365 11
53.815789473685584 17
53.824561403510145 9
53.85087719298383 11
53.868421052632954 54
53.9035087719312 25
53.929824561404885 5
53.94736842105401 3
53.94736842105401 11
53.99122807017682 52
54.04385964912419 11
54.12280701754524 53
54.140350877194365 11
54.14912280701893 1
54.14912280701893 43
54.21052631579086 42
54.23684210526454 11
54.245614035089105 49
54.33333333333472 11
54.350877192983845 36
54.39473684210665 7
54.39473684210665 55
54.4298245614049 6
54.4298245614049 11
54.50000000000139 24
54.52631578947508 11
54.53508771929964 5
54.561403508773324 14
54.622807017545256 11
54.64035087719438 17
54.6578947368435 12
54.675438596492626 15
54.69298245614175 57
54.719298245615434 11
54.719298245615434 47
54.728070175439996 5
54.81578947368561 11
54.91228070175579 11
54.94736842105404 46
55.00877192982597 11
55.043859649124215 28
55.05263157894878 16
55.07894736842246 10
55.07894736842246 48
55.10526315789615 11
55.14035087719439 41
55.15789473684352 6
55.201754385966325 11
55.21052631579089 7
55.21052631579089 35
55.23684210526457 26
55.24561403508913 20
55.254385964913695 25
55.28070175438738 3
55.2982456140365 11
55.2982456140365 24
55.307017543861065 4
55.32456140351019 42
55.35087719298387 23
55.35087719298387 23
55.368421052632996 50
55.39473684210668 11
55.39473684210668 36
55.421052631580366 0
55.464912280703174 17
55.49122807017686 11
55.526315789475106 44
55.53508771929967 9
55.578947368422476 27
55.58771929824704 11
55.64035087719441 34
55.64912280701897 30
55.684210526317216 11
55.70175438596634 12
55.780701754387394 11
55.87719298245757 11
55.885964912282134 6
55.885964912282134 15
55.91228070175582 37
55.97368421052775 11
56.01754385965056 7
56.01754385965056 39
56.06140350877337 33
56.07017543859793 11
56.09649122807161 24
56.16666666666811 11
56.16666666666811 22
56.17543859649267 44
56.20175438596635 1
56.263157894738285 11
56.28947368421197 17
56.35964912280846 11
56.43859649122952 36
56.43859649122952 42
56.45614035087864 11
56.51754385965057 2
56.55263157894882 11
56.587719298247066 47
56.60526315789619 25
56.61403508772075 3
56.61403508772075 6
56.62280701754531 44
56.649122807019 11
56.71929824561549 52
56.745614035089176 11
56.745614035089176 12
56.82456140351023 7
56.842105263159354 11
56.894736842106724 24
56.93859649122953 11
57.03508771929971 11
57.061403508773395 48
57.09649122807164 15
57.09649122807164 41
57.114035087720765 17
57.13157894736989 11
57.22807017544007 11
57.24561403508919 9
57.30701754386112 49
57.31578947368568 1
57.324561403510245 11
57.34210526315937 6
57.42105263158042 11
57.438596491229546 4
57.482456140352355 36
57.5175438596506 11
57.55263157894885 42
57.61403508772078 11
57.6315789473699 7
57.67543859649271 20
57.692982456141834 24
57.71052631579096 11
57.78070175438745 50
57.78947368421201 12
57.807017543861136 11
57.850877192983944 16
57.903508771931314 11
57.903508771931314 44
57.93859649122956 17
57.94736842105412 3
57.94736842105412 57
57.956140350878684 0
57.956140350878684 25
58.00000000000149 11
58.02631578947518 27
58.061403508773424 14
58.070175438597985 6
58.09649122807167 11
58.19298245614185 11
58.23684210526466 38
58.2719298245629 30
58.28947368421203 11
58.30701754386115 15
58.32456140351027 32
58.385964912282205 11
58.438596491229575 7
58.47368421052782 47
58.48245614035238 11
58.491228070176945 24
58.52631578947519 36
58.57894736842256 11
58.61403508772081 54
58.66666666666818 42
58.67543859649274 11
58.710526315790986 44
58.74561403508923 55
58.763157894738356 17
58.77192982456292 11
58.7982456140366 6
58.83333333333485 12
58.84210526315941 1
58.868421052633096 11
58.87719298245766 43
58.94736842105415 39
58.95614035087871 9
58.964912280703274 11
59.026315789475206 10
59.04385964912433 48
59.05263157894889 41
59.06140350877345 11
59.15789473684363 11
59.236842105264685 56
59.24561403508925 7
59.24561403508925 23
59.25438596491381 11
59.28070175438749 3
59.289473684212055 24
59.30701754386118 25
59.31578947368574 8
59.35087719298399 11
59.447368421054165 11
59.51754385965066 15
59.52631578947522 6
59.54385964912434 11
59.57017543859803 4
59.57017543859803 36
59.58771929824715 17
59.63157894736996 26
59.64035087719452 11
59.7368421052647 11
59.78070175438751 42
59.83333333333488 11
59.83333333333488 34
59.85964912280856 44
59.877192982457686 12
59.929824561405056 11
