0.0 31
0.07017543859649122 59
0.12280701754385964 15
0.13157894736842105 47
0.21052631578947367 14
0.23684210526315788 10
0.24561403508771928 26
0.26315789473684215 25
0.3070175438596493 42
0.31578947368421073 34
0.3333333333333336 7
0.342105263157895 6
0.3684210526315793 30
0.42982456140350933 4
0.42982456140350933 22
0.4473684210526322 52
0.46491228070175505 11
0.4824561403508779 23
0.5000000000000008 24
0.5438596491228079 44
0.5701754385964922 18
0.605263157894738 55
0.6140350877192994 2
0.6140350877192994 3
0.6140350877192994 41
0.6491228070175451 27
0.6491228070175451 48
0.728070175438598 58
0.7456140350877208 18
0.7543859649122823 38
0.7631578947368437 32
0.7982456140350894 20
0.8070175438596509 9
0.8245614035087737 28
0.8421052631578966 36
1.0614035087719322 39
1.0701754385964937 6
1.0877192982456165 56
1.1052631578947394 16
1.1754385964912308 7
1.2982456140350909 24
1.3508771929824595 17
1.4561403508771966 15
1.5175438596491266 59
1.5526315789473724 19
1.6228070175438638 25
1.649122807017548 11
1.7982456140350924 6
1.8771929824561453 11
1.9473684210526367 3
1.9649122807017596 47
2.0087719298245665 7
2.0438596491228114 19
2.0964912280701786 24
2.245614035087719 1
2.3508771929824537 43
2.3947368421052597 46
2.4736842105263106 57
2.5175438596491166 17
2.526315789473678 6
2.6315789473684124 4
2.6754385964912184 30
2.692982456140341 42
2.789473684210514 15
2.8421052631578814 7
2.8947368421052486 24
2.8947368421052486 41
2.9824561403508607 25
2.9824561403508607 48
2.999999999999983 19
3.2192982456140133 18
3.254385964912258 6
3.280701754385942 3
3.3157894736841866 17
3.368421052631554 5
3.3947368421052375 19
3.41228070175436 1
3.499999999999972 31
3.5614035087719005 52
3.6140350877192677 59
3.6491228070175126 27
3.675438596491196 7
3.6929824561403186 24
3.8245614035087367 14
3.833333333333298 47
3.964912280701716 19
3.9736842105262773 16
3.9824561403508385 6
4.026315789473646 18
4.070175438596454 55
4.105263157894701 2
4.114035087719262 15
4.31578947368418 12
4.342105263157865 44
4.377192982456112 36
4.394736842105235 29
4.394736842105235 37
4.412280701754359 58
4.4912280701754135 24
4.508771929824537 7
4.52631578947366 20
4.561403508771907 10
4.605263157894715 18
4.605263157894715 19
4.614035087719277 3
4.622807017543838 1
4.622807017543838 11
4.640350877192962 43
4.6929824561403315 22
4.710526315789455 4
4.710526315789455 6
4.745614035087701 56
4.798245614035071 34
4.815789473684195 11
4.84210526315788 18
4.8947368421052495 9
4.964912280701743 30
5.017543859649113 11
5.140350877192976 19
5.210526315789469 11
5.228070175438592 44
5.2982456140350855 42
5.342105263157894 7
5.368421052631579 36
5.385964912280702 24
5.403508771929825 11
5.438596491228072 6
5.447368421052634 15
5.5000000000000036 59
5.53508771929825 41
5.561403508771935 25
5.719298245614045 5
5.7280701754386065 12
5.7280701754386065 23
5.736842105263168 11
5.7543859649122915 28
5.833333333333346 19
5.842105263157908 26
5.842105263157908 38
5.9298245614035245 11
5.947368421052648 3
5.991228070175456 44
6.096491228070196 57
6.122807017543881 11
6.1315789473684426 47
6.166666666666689 6
6.175438596491251 7
6.175438596491251 29
6.1842105263158125 24
6.236842105263182 1
6.254385964912306 32
6.315789473684237 11
6.333333333333361 17
6.3596491228070455 36
6.508771929824594 11
6.692982456140388 19
6.70175438596495 11
6.710526315789512 59
6.771929824561443 15
6.7894736842105665 4
6.842105263157936 16
6.894736842105306 6
6.894736842105306 11
6.921052631578991 25
6.982456140350923 24
7.008771929824608 7
7.008771929824608 46
7.070175438596539 27
7.078947368421101 39
7.087719298245663 11
7.175438596491279 17
7.175438596491279 52
7.280701754386019 3
7.280701754386019 11
7.307017543859704 43
7.333333333333389 30
7.342105263157951 31
7.350877192982512 36
7.377192982456197 12
7.394736842105321 14
7.4210526315790055 9
7.429824561403567 42
7.473684210526375 11
7.596491228070239 2
7.6228070175439235 6
7.666666666666732 11
7.780701754386033 24
7.842105263157965 7
7.859649122807088 11
7.92105263157902 44
7.964912280701828 47
8.008771929824636 48
8.035087719298321 55
8.052631578947445 11
8.061403508772006 1
8.096491228070253 15
8.2456140350878 11
8.254385964912363 20
8.271929824561486 40
8.280701754386047 25
8.342105263157979 36
8.35087719298254 6
8.438596491228157 11
8.578947368421144 18
8.578947368421144 24
8.587719298245705 44
8.596491228070267 19
8.61403508771939 3
8.61403508771939 17
8.622807017543952 59
8.640350877193075 11
8.66666666666676 10
8.675438596491322 7
8.684210526315884 42
8.833333333333432 11
8.868421052631678 4
8.868421052631678 41
8.921052631579048 18
8.938596491228171 22
8.947368421052733 46
9.026315789473788 11
9.078947368421158 6
9.078947368421158 12
9.219298245614144 11
9.219298245614144 19
9.263157894736953 18
9.333333333333446 36
9.368421052631692 37
9.377192982456254 24
9.4122807017545 11
9.421052631579062 15
9.508771929824679 7
9.605263157894857 11
9.614035087719419 30
9.631578947368542 49
9.640350877193104 25
9.710526315789597 16
9.763157894736967 34
9.798245614035213 11
9.798245614035213 47
9.807017543859775 6
9.824561403508898 19
9.877192982456268 18
9.88596491228083 43
9.947368421052762 3
9.99122807017557 11
10.087719298245748 48
10.175438596491365 24
10.184210526315926 11
10.20175438596505 29
10.219298245614173 39
10.324561403508913 36
10.333333333333474 42
10.342105263158036 7
10.36842105263172 18
10.377192982456283 11
10.385964912280844 32
10.42105263157909 57
10.429824561403652 19
10.438596491228214 50
10.500000000000146 58
10.535087719298392 6
10.535087719298392 46
10.561403508772077 27
10.570175438596639 11
10.675438596491379 28
10.692982456140502 44
10.73684210526331 52
10.745614035087872 15
10.763157894736995 11
10.798245614035242 18
10.798245614035242 31
10.84210526315805 12
10.921052631579105 17
10.94736842105279 4
10.956140350877352 11
10.956140350877352 14
10.973684210526475 24
11.00000000000016 25
11.00000000000016 38
11.008771929824722 1
11.026315789473845 18
11.087719298245776 2
11.114035087719461 41
11.149122807017708 11
11.175438596491393 7
11.26315789473701 6
11.280701754386133 3
11.31578947368438 36
11.31578947368438 59
11.342105263158064 11
11.403508771929996 55
11.42982456140368 44
11.53508771929842 11
11.543859649122982 18
11.570175438596667 26
11.622807017544037 47
11.666666666666845 43
11.69298245614053 29
11.728070175438777 11
11.736842105263339 42
11.771929824561585 24
11.780701754386147 5
11.885964912280887 18
11.894736842105448 30
11.921052631579133 11
11.938596491228257 17
11.991228070175627 6
12.00877192982475 7
12.026315789473873 44
12.070175438596682 15
12.11403508771949 11
12.140350877193175 48
12.307017543859846 11
12.307017543859846 36
12.359649122807216 25
12.403508771930024 9
12.438596491228271 18
12.500000000000203 11
12.517543859649326 10
12.53508771929845 12
12.570175438596696 24
12.578947368421257 16
12.614035087719504 3
12.622807017544066 44
12.631578947368627 39
12.692982456140559 11
12.719298245614244 6
12.771929824561614 17
12.780701754386175 57
12.842105263158107 7
12.885964912280915 11
13.026315789473902 4
13.035087719298463 27
13.078947368421272 11
13.184210526316011 22
13.219298245614258 44
13.271929824561628 11
13.271929824561628 19
13.28070175438619 20
13.298245614035313 36
13.324561403508998 43
13.368421052631806 24
13.394736842105491 15
13.394736842105491 46
13.4385964912283 47
13.447368421052861 6
13.464912280701984 11
13.587719298245847 17
13.596491228070409 1
13.65789473684234 11
13.675438596491464 7
13.719298245614272 25
13.850877192982697 11
13.929824561403752 12
13.947368421052875 3
14.043859649123053 11
14.0789473684213 40
14.149122807017793 59
14.157894736842355 31
14.166666666666917 24
14.175438596491478 6
14.175438596491478 30
14.18421052631604 23
14.23684210526341 11
14.23684210526341 48
14.245614035087971 9
14.28947368421078 36
14.28947368421078 58
14.34210526315815 37
14.39473684210552 17
14.412280701754643 44
14.429824561403766 11
14.429824561403766 32
14.473684210526574 34
14.508771929824821 7
14.517543859649383 14
14.578947368421314 2
14.587719298245876 18
14.587719298245876 19
14.61403508771956 1
14.622807017544122 11
14.684210526316054 55
14.7192982456143 15
14.77192982456167 42
14.780701754386232 29
14.815789473684479 11
14.885964912280972 41
14.903508771930095 6
14.964912280702027 24
15.008771929824835 11
15.043859649123082 46
15.078947368421328 25
15.105263157895013 4
15.19298245614063 17
15.201754385965192 11
15.263157894737123 47
15.280701754386246 3
15.280701754386246 36
15.307017543859931 56
15.315789473684493 8
15.333333333333616 7
15.394736842105548 11
15.40350877193011 18
15.429824561403795 19
15.447368421052918 16
15.587719298245904 11
15.605263157895028 28
15.631578947368713 6
15.710526315789767 39
15.763157894737137 24
15.763157894737137 43
15.78070175438626 11
15.815789473684507 52
15.885964912281 18
15.964912280702055 9
15.973684210526617 11
15.982456140351179 17
16.04385964912311 15
16.114035087719603 18
16.122807017544165 27
16.15789473684241 7
16.15789473684241 29
16.166666666666973 11
16.24561403508803 19
16.25438596491259 59
16.271929824561713 36
16.298245614035398 20
16.298245614035398 48
16.35964912280733 6
16.35964912280733 11
16.36842105263189 10
16.438596491228385 25
16.46491228070207 30
16.552631578947686 11
16.561403508772248 24
16.605263157895056 44
16.614035087719618 3
16.745614035088042 11
16.78070175438629 17
16.9385964912284 11
16.982456140351207 7
17.087719298245947 6
17.087719298245947 47
17.122807017544194 18
17.122807017544194 19
17.131578947368755 11
17.131578947368755 26
17.131578947368755 41
17.184210526316125 4
17.192982456140687 46
17.26315789473718 36
17.27192982456174 29
17.289473684210865 1
17.32456140350911 11
17.359649122807358 24
17.36842105263192 15
17.42105263157929 22
17.42105263157929 43
17.517543859649468 11
17.52631578947403 18
17.53508771929859 5
17.53508771929859 12
17.570175438596838 17
17.622807017544208 19
17.657894736842454 31
17.675438596491578 57
17.68421052631614 9
17.710526315789824 11
17.79824561403544 25
17.815789473684564 6
17.815789473684564 7
17.885964912281057 19
17.90350877193018 11
17.94736842105299 3
17.94736842105299 38
18.00000000000036 59
18.017543859649482 55
18.070175438596852 2
18.078947368421414 14
18.096491228070537 11
18.096491228070537 23
18.149122807017907 19
18.15789473684247 24
18.254385964912647 36
18.289473684210893 11
18.31578947368458 16
18.36842105263195 17
18.403508771930195 18
18.412280701754757 19
18.42982456140388 1
18.48245614035125 11
18.54385964912318 6
18.570175438596866 27
18.64912280701792 7
18.64912280701792 12
18.675438596491606 11
18.675438596491606 19
18.69298245614073 15
18.736842105263538 30
18.75438596491266 20
18.833333333333716 48
18.868421052631962 11
18.921052631579332 47
18.921052631579332 56
18.938596491228456 19
18.95614035087758 24
19.000000000000387 58
19.06140350877232 11
19.07017543859688 39
19.087719298246004 42
19.157894736842497 25
19.157894736842497 25
19.16666666666706 17
19.201754385965305 19
19.245614035088114 36
19.254385964912675 11
19.263157894737237 4
19.2719298245618 6
19.2719298245618 18
19.28070175438636 3
19.289473684210922 52
19.315789473684607 37
19.32456140350917 40
19.403508771930223 9
19.44736842105303 11
19.464912280702155 19
19.482456140351278 7
19.5000000000004 18
19.578947368421456 1
19.640350877193388 11
19.728070175439004 19
19.75438596491269 24
19.75438596491269 43
19.76315789473725 12
19.833333333333744 11
19.885964912281114 46
19.96491228070217 17
19.991228070175854 19
19.991228070175854 19
20.000000000000416 6
20.01754385964954 15
20.0263157894741 11
20.114035087719717 41
20.140350877193402 34
20.219298245614457 10
20.219298245614457 11
20.22807017543902 57
20.23684210526358 36
20.254385964912704 19
20.315789473684635 7
20.412280701754813 11
20.464912280702183 32
20.517543859649553 19
20.517543859649553 25
20.526315789474115 28
20.535087719298676 8
20.535087719298676 45
20.5526315789478 24
20.5526315789478 42
20.60526315789517 11
20.61403508771973 3
20.65789473684254 5
20.728070175439033 6
20.736842105263595 47
20.76315789473728 17
20.780701754386403 19
20.798245614035526 11
20.87719298245658 12
20.87719298245658 48
20.991228070175882 11
21.008771929825006 30
21.017543859649567 27
21.043859649123252 19
21.105263157895184 9
21.14035087719343 7
21.18421052631624 11
21.18421052631624 16
21.210526315789924 20
21.228070175439047 36
21.307017543860102 19
21.307017543860102 29
21.34210526315835 4
21.34210526315835 15
21.35087719298291 24
21.377192982456595 11
21.44736842105309 5
21.45614035087765 6
21.56140350877239 2
21.56140350877239 17
21.57017543859695 11
21.57017543859695 18
21.57017543859695 19
21.631578947368883 14
21.657894736842568 22
21.763157894737308 11
21.8333333333338 19
21.868421052632048 39
21.87719298245661 25
21.921052631579418 1
21.947368421053103 3
21.956140350877664 11
21.964912280702226 7
21.973684210526788 42
21.99122807017591 12
22.03508771929872 43
22.09649122807065 19
22.14912280701802 11
22.14912280701802 24
22.184210526316267 6
22.219298245614514 36
22.228070175439075 41
22.315789473684692 23
22.342105263158377 11
22.3596491228075 17
22.3596491228075 19
22.438596491228555 59
22.535087719298733 11
22.56140350877242 47
22.62280701754435 19
22.640350877193473 31
22.666666666667158 15
22.72807017543909 11
22.72807017543909 29
22.798245614035583 7
22.815789473684706 9
22.83333333333383 18
22.83333333333383 55
22.8859649122812 19
22.912280701754884 6
22.921052631579446 11
22.921052631579446 48
22.94736842105313 24
22.956140350877693 44
22.99122807017594 46
23.10526315789524 12
23.114035087719802 11
23.14912280701805 19
23.15789473684261 17
23.184210526316296 38
23.21052631578998 36
23.236842105263666 25
23.280701754386474 3
23.280701754386474 30
23.30701754386016 11
23.342105263158405 58
23.4122807017549 19
23.42105263157946 4
23.47368421052683 27
23.500000000000515 11
23.500000000000515 40
23.58771929824613 59
23.63157894736894 7
23.6403508771935 6
23.666666666667187 20
23.675438596491748 19
23.69298245614087 11
23.74561403508824 24
23.74561403508824 52
23.885964912281228 11
23.912280701754913 44
23.921052631579474 26
23.938596491228598 19
23.95614035087772 17
23.991228070175968 15
24.0526315789479 16
24.070175438597023 10
24.078947368421584 11
24.201754385965447 19
24.201754385965447 36
24.21929824561457 12
24.27192982456194 11
24.289473684211064 37
24.298245614035626 39
24.350877192982995 44
24.36842105263212 6
24.37719298245668 47
24.464912280702297 7
24.464912280702297 11
24.464912280702297 19
24.52631578947423 9
24.543859649123352 24
24.59649122807072 25
24.614035087719845 3
24.657894736842653 11
24.666666666667215 57
24.728070175439147 19
24.728070175439147 34
24.75438596491283 17
24.85087719298301 11
24.947368421053188 44
24.96491228070231 48
24.991228070175996 19
25.00877192982512 1
25.043859649123366 11
25.052631578947928 2
25.07017543859705 46
25.087719298246174 56
25.096491228070736 6
25.140350877193544 8
25.16666666666723 41
25.184210526316352 14
25.192982456140914 36
25.192982456140914 43
25.210526315790037 29
25.236842105263722 11
25.236842105263722 42
25.254385964912846 19
25.289473684211092 7
25.315789473684777 15
25.3333333333339 12
25.342105263158462 24
25.394736842105832 32
25.42982456140408 11
25.447368421053202 28
25.500000000000572 4
25.517543859649695 19
25.552631578947942 17
25.552631578947942 30
25.570175438597065 59
25.622807017544435 11
25.780701754386545 19
25.81578947368479 11
25.824561403509353 6
25.894736842105846 18
25.894736842105846 22
25.92105263157953 27
25.947368421053216 3
25.956140350877778 25
26.008771929825148 11
26.043859649123394 19
26.114035087719888 7
26.12280701754445 20
26.140350877193573 24
26.18421052631638 36
26.192982456140943 47
26.201754385965504 11
26.22807017543919 9
26.307017543860244 19
26.350877192983052 17
26.359649122807614 1
26.39473684210586 11
26.44736842105323 12
26.464912280702354 23
26.55263157894797 6
26.570175438597094 19
26.587719298246217 11
26.59649122807078 18
26.59649122807078 44
26.631578947369025 55
26.640350877193587 15
26.70175438596552 5
26.780701754386573 11
26.833333333333943 19
26.86842105263219 58
26.894736842105875 43
26.92105263157956 16
26.938596491228683 7
26.938596491228683 24
26.97368421052693 11
27.000000000000615 48
27.000000000000615 48
27.096491228070793 19
27.149122807018163 17
27.149122807018163 46
27.166666666667286 11
27.175438596491848 36
27.18421052631641 57
27.280701754386588 3
27.280701754386588 6
27.315789473684834 25
27.359649122807642 11
27.359649122807642 19
27.482456140351506 59
27.526315789474314 31
27.552631578948 11
27.56140350877256 12
27.578947368421684 4
27.622807017544492 19
27.71052631579011 44
27.736842105263793 24
27.745614035088355 11
27.77192982456204 7
27.82456140350941 30
27.88596491228134 19
27.921052631579588 52
27.93859649122871 11
27.956140350877835 15
27.956140350877835 17
27.99122807017608 9
27.99122807017608 10
28.008771929825205 6
28.008771929825205 47
28.131578947369068 11
28.131578947369068 42
28.14912280701819 19
28.166666666667314 36
28.289473684211178 18
28.324561403509424 11
28.368421052632232 27
28.385964912281356 39
28.41228070175504 19
28.429824561404164 5
28.46491228070241 41
28.500000000000657 59
28.51754385964978 11
28.51754385964978 43
28.526315789474342 44
28.535087719298904 24
28.543859649123466 2
28.56140350877259 1
28.578947368421712 20
28.605263157895397 7
28.61403508771996 3
28.649122807018205 40
28.67543859649189 12
28.67543859649189 19
28.67543859649189 25
28.67543859649189 26
28.710526315790137 11
28.736842105263822 6
28.736842105263822 14
28.754385964912945 17
28.82456140350944 29
28.903508771930493 11
28.93859649122874 19
28.956140350877863 46
29.035087719298918 48
29.09649122807085 11
29.15789473684278 36
29.20175438596559 19
29.26315789473752 37
29.280701754386644 15
29.289473684211206 11
29.324561403509453 38
29.333333333334014 24
29.438596491228754 7
29.46491228070244 6
29.46491228070244 19
29.482456140351562 11
29.500000000000686 34
29.552631578948056 17
29.561403508772617 42
29.57017543859718 32
29.657894736842795 4
29.67543859649192 11
29.701754385965604 9
29.72807017543929 19
29.78947368421122 12
29.78947368421122 16
29.824561403509467 47
29.868421052632275 11
29.94736842105333 3
29.99122807017614 19
30.00877192982526 1
30.035087719298946 25
30.06140350877263 11
30.087719298246316 5
30.096491228070878 30
30.131578947369125 22
30.131578947369125 24
30.149122807018248 36
30.16666666666737 29
30.192982456141056 6
30.254385964912988 11
30.254385964912988 19
30.27192982456211 7
30.307017543860358 44
30.333333333334043 23
30.350877192983166 17
30.36842105263229 28
30.394736842105974 56
30.447368421053344 11
30.48245614035159 55
30.517543859649837 19
30.53508771929896 43
30.543859649123522 18
30.605263157895454 15
30.6403508771937 11
30.780701754386687 19
30.815789473684934 27
30.833333333334057 11
30.90350877193055 12
30.912280701755112 52
30.921052631579673 6
30.929824561404235 24
31.026315789474413 11
31.035087719298975 20
31.043859649123537 19
31.07017543859722 48
31.105263157895468 7
31.140350877193715 36
31.149122807018276 17
31.149122807018276 46
31.201754385965646 39
31.210526315790208 57
31.21929824561477 11
31.236842105263893 42
31.245614035088455 31
31.2807017543867 3
31.307017543860386 19
31.394736842106003 25
31.412280701755126 9
31.412280701755126 11
31.570175438597236 19
31.570175438597236 59
31.605263157895482 11
31.64035087719373 47
31.64912280701829 6
31.728070175439345 24
31.736842105263907 4
31.79824561403584 11
31.8070175438604 41
31.815789473684962 1
31.833333333334085 19
31.842105263158647 10
31.929824561404264 15
31.929824561404264 15
31.938596491228825 7
31.947368421053387 17
31.991228070176195 11
32.01754385964988 12
32.035087719299 2
32.09649122807093 19
32.114035087720055 58
32.13157894736918 36
32.13157894736918 43
32.18421052631655 11
32.271929824562164 18
32.28947368421129 14
32.35964912280778 19
32.36842105263234 30
32.377192982456904 6
32.377192982456904 11
32.50000000000077 8
32.52631578947445 24
32.535087719299014 29
32.57017543859726 11
32.61403508772007 3
32.62280701754463 19
32.65789473684288 16
32.692982456141124 44
32.745614035088494 17
32.754385964913055 25
32.754385964913055 25
32.76315789473762 7
32.76315789473762 11
32.78070175438674 5
32.88596491228148 19
32.95614035087797 11
33.09649122807096 42
33.10526315789552 6
33.11403508772008 9
33.122807017544645 36
33.131578947369206 12
33.14912280701833 11
33.14912280701833 19
33.14912280701833 48
33.16666666666745 18
33.25438596491307 15
33.26315789473763 27
33.32456140350956 24
33.342105263158686 11
33.41228070175518 19
33.41228070175518 19
33.45614035087799 47
33.491228070176234 20
33.53508771929904 11
33.543859649123604 17
33.58771929824641 7
33.64035087719378 1
33.649122807018344 57
33.67543859649203 19
33.7280701754394 11
33.807017543860454 34
33.815789473685015 4
33.83333333333414 6
33.921052631579755 11
33.93859649122888 19
33.94736842105344 3
34.00877192982537 41
34.01754385964993 32
34.05263157894818 29
34.06140350877274 39
34.09649122807099 55
34.11403508772011 11
34.11403508772011 25
34.11403508772011 36
34.12280701754467 24
34.20175438596573 19
34.20175438596573 23
34.236842105263975 37
34.245614035088536 12
34.26315789473766 43
34.27192982456222 46
34.30701754386047 11
34.32456140350959 40
34.342105263158714 17
34.3684210526324 22
34.41228070175521 7
34.46491228070258 19
34.500000000000824 11
34.500000000000824 42
34.508771929825386 38
34.561403508772756 6
34.57894736842188 15
34.64912280701837 30
34.69298245614118 11
34.72807017543943 19
34.824561403509605 9
34.83333333333417 59
34.868421052632414 26
34.88596491228154 11
34.91228070175522 44
34.921052631579784 24
34.99122807017628 19
35.07894736842189 11
35.087719298246455 1
35.10526315789558 36
35.140350877193825 17
35.18421052631663 48
35.245614035088565 7
35.245614035088565 18
35.254385964913126 19
35.27192982456225 11
35.27192982456225 47
35.28070175438681 3
35.28947368421137 6
35.28947368421137 28
35.359649122807866 12
35.464912280702606 11
35.47368421052717 25
35.517543859649976 19
35.52631578947454 2
35.52631578947454 16
35.6491228070184 18
35.65789473684296 11
35.69298245614121 5
35.69298245614121 10
35.71052631579033 27
35.719298245614894 24
35.780701754386826 19
35.84210526315876 14
35.85087719298332 11
35.89473684210613 4
35.90350877193069 15
35.938596491228935 17
35.9473684210535 20
36.01754385964999 6
36.02631578947455 58
36.043859649123675 11
36.043859649123675 19
36.07894736842192 7
36.096491228071045 36
36.23684210526403 11
36.2894736842114 1
36.307017543860525 19
36.307017543860525 43
36.35087719298333 18
36.39473684210614 5
36.42982456140439 11
36.473684210527196 12
36.517543859650004 24
36.53508771929913 9
36.570175438597374 19
36.60526315789562 56
36.61403508772018 3
36.61403508772018 31
36.622807017544744 11
36.622807017544744 42
36.631578947369306 18
36.71052631579036 46
36.728070175439484 17
36.74561403508861 6
36.8157894736851 11
36.833333333334224 19
36.833333333334224 25
36.91228070175528 7
36.92105263157984 30
36.991228070176334 18
37.00877192982546 11
37.08771929824651 36
37.08771929824651 47
37.09649122807107 19
37.17543859649213 59
37.20175438596581 11
37.21929824561494 48
37.2280701754395 15
37.28947368421143 41
37.315789473685115 24
37.35964912280792 19
37.39473684210617 11
37.473684210527225 6
37.526315789474594 17
37.587719298246526 11
37.587719298246526 12
37.62280701754477 19
37.66666666666758 1
37.745614035088636 5
37.745614035088636 7
37.77192982456232 18
37.78070175438688 11
37.81578947368513 42
37.850877192983376 5
37.88596491228162 19
37.92105263157987 52
37.947368421053554 3
37.97368421052724 4
37.97368421052724 11
38.000000000000924 57
38.07017543859742 23
38.07894736842198 36
38.114035087720225 24
38.14912280701847 19
38.15789473684303 27
38.166666666667595 11
38.19298245614128 25
38.20175438596584 6
38.23684210526409 55
38.24561403508865 9
38.324561403509705 17
38.35964912280795 11
38.3947368421062 16
38.40350877193076 20
38.41228070175532 19
38.51754385965006 43
38.55263157894831 11
38.55263157894831 15
38.57017543859743 59
38.57894736842199 7
38.587719298246554 44
38.60526315789568 22
38.640350877193924 34
38.67543859649217 18
38.67543859649217 19
38.701754385965856 12
38.745614035088664 11
38.912280701755336 24
38.9210526315799 5
38.9210526315799 47
38.92982456140446 6
38.93859649122902 11
38.93859649122902 19
38.94736842105358 29
38.99122807017639 44
39.008771929825514 39
39.017543859650075 2
39.070175438597445 36
39.122807017544815 17
39.13157894736938 11
39.19298245614131 30
39.20175438596587 19
39.21052631579043 37
39.280701754386925 3
39.29824561403605 48
39.32456140350973 11
39.385964912281665 38
39.39473684210623 14
39.41228070175535 7
39.46491228070272 19
39.50877192982553 26
39.51754385965009 11
39.543859649123775 10
39.552631578948336 25
39.64035087719395 58
39.657894736843076 6
39.710526315790446 11
39.710526315790446 24
39.72807017543957 19
39.79824561403606 41
39.815789473685186 12
39.87719298245712 15
39.87719298245712 59
39.9035087719308 11
39.921052631579926 17
39.95614035087817 9
39.99122807017642 19
40.05263157894835 4
40.06140350877291 36
40.09649122807116 11
40.21052631579046 28
40.21052631579046 31
40.24561403508871 7
40.25438596491327 19
40.289473684211515 11
40.38596491228169 6
40.394736842106255 18
40.48245614035187 11
40.508771929825556 24
40.51754385965012 19
40.605263157895735 27
40.614035087720296 3
40.62280701754486 32
40.657894736843105 42
40.67543859649223 11
40.719298245615036 17
40.7280701754396 47
40.78070175438697 19
40.85964912280802 20
40.85964912280802 43
40.868421052632584 11
40.91228070175539 25
40.929824561404516 12
41.04385964912382 19
41.05263157894838 36
41.06140350877294 11
41.078947368422064 7
41.11403508772031 6
41.20175438596593 15
41.236842105264174 59
41.2543859649133 11
41.26315789473786 16
41.30701754386067 19
41.30701754386067 24
41.34210526315891 46
41.37719298245716 48
41.44736842105365 11
41.46491228070278 30
41.51754385965015 17
41.570175438597516 19
41.64035087719401 11
41.666666666667695 9
41.833333333334366 11
41.833333333334366 19
41.84210526315893 6
41.86842105263261 39
41.91228070175542 7
41.929824561404544 23
41.94736842105367 3
41.97368421052735 18
42.02631578947472 11
42.043859649123846 12
42.043859649123846 36
42.096491228071216 19
42.10526315789578 24
42.13157894736946 4
42.21929824561508 11
42.254385964913325 41
42.27192982456245 25
42.31578947368526 17
42.31578947368526 42
42.359649122808065 19
42.36842105263263 18
42.412280701755435 11
42.43859649122912 5
42.44736842105368 56
42.50877192982561 2
42.52631578947474 15
42.54385964912386 47
42.570175438597545 6
42.60526315789579 11
42.622807017544915 19
42.74561403508878 7
42.79824561403615 11
42.842105263158956 22
42.885964912281764 19
42.90350877193089 24
42.91228070175545 5
42.947368421053696 1
42.947368421053696 14
42.991228070176504 11
43.03508771929931 36
43.052631578948436 27
43.096491228071244 58
43.11403508772037 17
43.149122807018614 19
43.157894736843176 12
43.18421052631686 11
43.21929824561511 18
43.28070175438704 3
43.29824561403616 6
43.315789473685285 20
43.37719298245722 9
43.37719298245722 11
43.37719298245722 43
43.39473684210634 10
43.41228070175546 19
43.50877192982564 57
43.57017543859757 11
43.578947368422135 5
43.578947368422135 7
43.631578947369505 25
43.67543859649231 19
43.701754385966 24
43.745614035088806 30
43.75438596491337 59
43.76315789473793 11
43.76315789473793 18
43.82456140350986 48
43.850877192983546 15
43.903508771930916 17
43.93859649122916 19
43.956140350878286 11
43.97368421052741 42
44.02631578947478 6
44.02631578947478 36
44.13157894736952 16
44.14912280701864 11
44.18421052631689 37
44.20175438596601 19
44.210526315790574 4
44.219298245615136 29
44.23684210526426 18
44.271929824562505 12
44.324561403509875 38
44.33333333333444 34
44.342105263159 11
44.377192982457245 47
44.39473684210637 55
44.41228070175549 7
44.4561403508783 18
44.46491228070286 19
44.50000000000111 24
44.52631578947479 1
44.535087719299355 11
44.61403508772041 3
44.70175438596603 17
44.72807017543971 11
44.72807017543971 19
44.754385964913396 6
44.92105263158007 11
44.99122807017656 19
44.99122807017656 25
45.017543859650246 36
45.08771929824674 9
45.114035087720424 11
45.13157894736955 28
45.175438596492356 15
45.2105263157906 43
45.228070175439726 39
45.24561403508885 7
45.25438596491341 19
45.29824561403622 24
45.30701754386078 11
45.34210526315903 41
45.385964912281835 12
45.482456140352014 6
45.50000000000114 11
45.50000000000114 17
45.50000000000114 27
45.51754385965026 19
45.67543859649237 5
45.69298245614149 11
45.77192982456255 20
45.78070175438711 19
45.82456140350992 23
45.84210526315904 52
45.88596491228185 11
45.89473684210641 48
45.94736842105378 3
46.00000000000115 2
46.00877192982571 36
46.026315789474836 30
46.04385964912396 19
46.078947368422206 7
46.078947368422206 11
46.09649122807133 24
46.11403508772045 46
46.15789473684326 57
46.19298245614151 47
46.21052631579063 6
46.21052631579063 18
46.27192982456256 11
46.289473684211686 4
46.289473684211686 17
46.30701754386081 19
46.35087719298362 25
46.35087719298362 32
46.46491228070292 11
46.491228070176604 18
46.491228070176604 40
46.500000000001165 12
46.500000000001165 15
46.50877192982573 14
46.57017543859766 19
46.657894736843275 11
46.75438596491345 26
46.79824561403626 9
46.83333333333451 19
46.84210526315907 29
46.85087719298363 1
46.85087719298363 11
46.89473684210644 24
46.91228070175556 7
46.93859649122925 6
47.00000000000118 16
47.00000000000118 36
47.0175438596503 18
47.04385964912399 11
47.04385964912399 31
47.078947368422234 17
47.078947368422234 22
47.09649122807136 19
47.10526315789592 43
47.236842105264344 11
47.245614035088906 10
47.28070175438715 3
47.35964912280821 19
47.4298245614047 11
47.447368421053824 49
47.51754385965032 18
47.614035087720495 12
47.62280701754506 11
47.62280701754506 19
47.666666666667865 6
47.69298245614155 24
47.71052631579067 25
47.74561403508892 7
47.81578947368541 11
47.824561403509975 15
47.85964912280822 41
47.86842105263278 59
47.877192982457345 17
47.877192982457345 46
47.885964912281906 19
47.938596491229276 48
47.94736842105384 27
47.94736842105384 58
47.982456140352085 55
47.991228070176646 1
47.991228070176646 36
48.00877192982577 11
48.00877192982577 47
48.149122807018756 19
48.149122807018756 29
48.192982456141564 42
48.201754385966126 11
48.22807017543981 20
48.254385964913496 50
48.298245614036304 30
48.3684210526328 4
48.39473684210648 6
48.39473684210648 11
48.412280701755606 19
48.49122807017666 24
48.508771929825784 9
48.54385964912403 18
48.57894736842228 7
48.58771929824684 11
48.614035087720524 3
48.66666666666789 17
48.675438596492455 19
48.69298245614158 57
48.728070175439825 12
48.780701754387195 11
48.82456140351 8
48.938596491229305 19
48.97368421052755 11
48.98245614035211 36
49.07017543859773 25
49.07017543859773 59
49.096491228071415 18
49.1228070175451 6
49.149122807018784 15
49.149122807018784 52
49.157894736843346 37
49.16666666666791 11
49.201754385966154 19
49.22807017543984 1
49.28947368421177 24
49.307017543860894 18
49.359649122808264 11
49.40350877193107 7
49.412280701755634 34
49.45614035087844 17
49.464912280703004 19
49.48245614035213 42
49.49122807017669 2
49.517543859650374 18
49.526315789474936 56
49.55263157894862 11
49.61403508772055 46
49.675438596492484 38
49.684210526317045 23
49.71052631579073 18
49.72807017543985 19
49.74561403508898 11
49.789473684211785 39
49.81578947368547 43
49.82456140351003 47
49.842105263159155 12
49.85087719298372 6
49.86842105263284 16
49.894736842106525 18
49.93859649122933 11
49.947368421053895 3
49.96491228070302 48
49.97368421052758 36
49.9912280701767 19
50.052631578948635 28
50.061403508773196 14
50.07017543859776 18
50.08771929824688 24
50.13157894736969 11
50.210526315790744 9
50.22807017543987 7
50.25438596491355 17
50.25438596491355 18
50.25438596491355 19
50.324561403510046 11
50.39473684210654 27
50.429824561404786 18
50.429824561404786 25
50.44736842105391 4
50.473684210527594 15
50.482456140352156 59
50.5175438596504 11
50.5175438596504 19
50.57017543859777 50
50.578947368422334 6
50.578947368422334 30
50.59649122807146 18
50.684210526317074 20
50.71052631579076 11
50.72807017543988 31
50.76315789473813 18
50.78070175438725 19
50.88596491228199 24
50.903508771931115 11
50.9298245614048 18
50.956140350878485 12
50.96491228070305 36
51.0438596491241 17
51.0438596491241 19
51.061403508773225 7
51.09649122807147 10
51.09649122807147 11
51.09649122807147 18
51.1578947368434 26
51.1578947368434 46
51.219298245615335 41
51.23684210526446 49
51.23684210526446 58
51.25438596491358 1
51.26315789473814 18
51.280701754387266 3
51.28947368421183 11
51.30701754386095 6
51.30701754386095 19
51.31578947368551 22
51.429824561404814 18
51.482456140352184 11
51.535087719299554 42
51.56140350877324 44
51.5701754385978 19
51.587719298246924 57
51.596491228071486 18
51.63157894736973 43
51.640350877194294 47
51.640350877194294 59
51.67543859649254 11
51.6842105263171 24
51.692982456141664 55
51.76315789473816 18
51.78947368421184 25
51.798245614036404 15
51.83333333333465 17
51.83333333333465 19
51.8684210526329 11
51.8684210526329 32
51.89473684210658 7
51.92105263158027 9
51.92982456140483 18
51.95614035087851 36
51.97368421052764 29
52.00000000000132 48
52.03508771929957 6
52.06140350877325 11
52.070175438597815 12
52.070175438597815 12
52.0964912280715 18
52.0964912280715 19
52.25438596491361 11
52.26315789473817 18
52.35964912280835 19
52.42982456140484 18
52.447368421053966 11
52.46491228070309 1
52.48245614035221 24
52.52631578947502 4
52.596491228071514 18
52.61403508772064 3
52.6228070175452 17
52.6228070175452 19
52.64035087719432 11
52.710526315790815 59
52.71929824561538 52
52.72807017543994 7
52.7368421052645 16
52.763157894738185 6
52.763157894738185 18
52.79824561403643 46
52.83333333333468 11
52.84210526315924 27
52.8508771929838 30
52.88596491228205 19
52.88596491228205 50
52.92982456140486 18
52.94736842105398 36
52.98245614035223 2
53.00877192982591 40
53.026315789475035 11
53.078947368422405 39
53.09649122807153 18
53.12280701754521 15
53.14035087719434 20
53.1491228070189 19
53.1491228070189 25
53.184210526317145 12
53.21929824561539 11
53.2631578947382 18
53.27192982456276 44
53.28070175438732 24
53.31578947368557 29
53.33333333333469 41
53.350877192983816 43
53.41228070175575 11
53.41228070175575 17
53.41228070175575 19
53.42982456140487 18
53.456140350878556 47
53.4912280701768 6
53.54385964912417 23
53.561403508773296 7
53.59649122807154 18
53.605263157896104 11
53.614035087720666 14
53.63157894736979 9
53.64912280701891 5
53.6754385964926 19
53.69298245614172 1
53.719298245615406 59
53.763157894738214 18
53.79824561403646 11
53.929824561404885 18
53.929824561404885 18
53.93859649122945 19
53.93859649122945 36
53.94736842105401 3
53.99122807017682 11
54.02631578947506 48
54.07894736842243 24
54.09649122807156 18
54.11403508772068 44
54.1315789473698 37
54.18421052631717 11
54.2017543859663 17
54.2017543859663 19
54.21929824561542 6
54.26315789473823 18
54.298245614036475 12
54.359649122808406 34
54.37719298245753 11
54.37719298245753 49
54.39473684210665 7
54.39473684210665 46
54.4298245614049 18
54.44736842105402 15
54.464912280703146 19
54.48245614035227 58
54.50000000000139 57
54.508771929825954 25
54.53508771929964 31
54.570175438597886 11
54.59649122807157 18
54.60526315789613 4
54.728070175439996 19
54.76315789473824 11
54.76315789473824 18
54.877192982457544 24
54.929824561404914 18
54.929824561404914 36
54.94736842105404 6
54.94736842105404 10
54.9561403508786 11
54.97368421052772 28
54.991228070176845 17
54.991228070176845 19
55.096491228071585 18
55.13157894736983 30
55.149122807018955 11
55.201754385966325 50
55.22807017544001 7
55.254385964913695 19
55.26315789473826 18
55.27192982456282 47
55.28070175438738 3
55.28947368421194 27
55.315789473685626 43
55.34210526315931 9
55.34210526315931 11
55.34210526315931 59
55.412280701755805 12
55.42982456140493 18
55.43859649122949 42
55.517543859650544 19
55.53508771929967 11
55.55263157894879 22
55.56140350877335 26
55.5964912280716 18
55.5964912280716 20
55.60526315789616 16
55.64912280701897 1
55.66666666666809 29
55.675438596492654 6
55.675438596492654 24
55.728070175440024 11
55.76315789473827 18
55.77192982456283 15
55.780701754387394 17
55.780701754387394 19
55.79824561403652 46
55.86842105263301 25
55.92105263158038 11
55.92105263158038 36
55.92982456140494 18
55.98245614035231 55
56.043859649124244 19
56.052631578948805 48
56.06140350877337 7
56.09649122807161 18
56.11403508772074 11
56.157894736843545 44
56.2368421052646 41
56.263157894738285 18
56.28947368421197 39
56.30701754386109 11
56.30701754386109 19
56.40350877193127 6
56.429824561404956 18
56.429824561404956 59
56.473684210527765 2
56.473684210527765 24
56.50000000000145 11
56.526315789475134 12
56.57017543859794 17
56.57017543859794 19
56.59649122807163 18
56.59649122807163 38
56.61403508772075 3
56.65789473684356 44
56.684210526317244 4
56.692982456141806 11
56.7631578947383 5
56.7631578947383 18
56.78070175438742 56
56.83333333333479 19
56.85964912280848 8
56.88596491228216 7
56.88596491228216 11
56.91228070175585 36
56.92982456140497 18
56.97368421052778 29
57.04385964912427 9
57.052631578948834 1
57.07894736842252 11
57.08771929824708 47
57.09649122807164 15
57.09649122807164 18
57.09649122807164 19
57.13157894736989 6
57.166666666668135 14
57.22807017544007 25
57.26315789473831 18
57.271929824562875 11
57.271929824562875 24
57.28070175438744 44
57.324561403510245 42
57.35964912280849 17
57.35964912280849 19
57.4035087719313 23
57.4035087719313 30
57.429824561404985 18
57.438596491229546 49
57.46491228070323 11
57.5175438596506 50
57.52631578947516 43
57.56140350877341 46
57.596491228071656 18
57.62280701754534 19
57.640350877194464 12
57.65789473684359 11
57.71052631579096 7
57.73684210526464 27
57.76315789473833 18
57.798245614036574 52
57.83333333333482 58
57.850877192983944 11
57.859649122808506 6
57.88596491228219 19
57.903508771931314 36
57.929824561405 18
57.94736842105412 3
57.97368421052781 31
58.0438596491243 11
58.05263157894886 20
58.061403508773424 29
58.070175438597985 24
58.08771929824711 48
58.09649122807167 18
58.14912280701904 17
58.14912280701904 19
58.16666666666816 1
58.23684210526466 11
58.25438596491378 18
58.41228070175589 19
58.42105263158045 15
58.42105263158045 18
58.42982456140501 11
58.4561403508787 57
58.47368421052782 16
58.491228070176945 41
58.53508771929975 7
58.58771929824712 6
58.58771929824712 18
58.58771929824712 25
58.62280701754537 11
58.67543859649274 19
58.74561403508923 9
58.754385964913794 12
58.754385964913794 18
58.763157894738356 4
58.7982456140366 10
58.807017543861164 39
58.815789473685726 11
58.85087719298397 59
58.868421052633096 24
58.89473684210678 36
58.90350877193134 47
58.921052631580466 18
58.93859649122959 17
58.93859649122959 19
58.94736842105415 46
59.00877192982608 11
59.08771929824714 18
59.08771929824714 43
59.10526315789626 37
59.20175438596644 11
59.20175438596644 19
59.24561403508925 42
59.25438596491381 18
59.28070175438749 3
59.31578947368574 6
59.3245614035103 29
59.36842105263311 7
59.394736842106795 11
59.42105263158048 18
59.447368421054165 34
59.46491228070329 19
59.500000000001535 32
59.57894736842259 18
59.58771929824715 11
59.666666666668206 24
59.67543859649277 30
59.69298245614189 5
59.72807017544014 17
59.72807017544014 19
59.74561403508926 15
59.74561403508926 18
59.78070175438751 11
59.78947368421207 22
59.83333333333488 50
59.868421052633124 12
59.88596491228225 36
59.89473684210681 28
59.91228070175593 18
59.94736842105418 25
59.95614035087874 26
59.9649122807033 2
59.973684210527864 11
59.99122807017699 19
