0.11403508771929824 31
0.12280701754385964 13
0.12280701754385964 26
0.14035087719298245 34
0.14912280701754385 18
0.17543859649122806 55
0.21052631578947367 0
0.21052631578947367 57
0.24561403508771928 58
0.26315789473684215 47
0.2719298245614036 38
0.3070175438596493 39
0.40350877192982504 14
0.41228070175438647 7
0.42982456140350933 6
0.42982456140350933 43
0.4561403508771936 15
0.4824561403508779 27
0.49122807017543935 30
0.5000000000000008 53
0.5350877192982465 46
0.5438596491228079 22
0.5438596491228079 23
0.5789473684210537 12
0.5789473684210537 59
0.6491228070175451 2
0.6842105263157908 32
0.728070175438598 24
0.7368421052631594 25
0.789473684210528 28
0.8859649122807037 41
0.9385964912280723 48
1.035087719298248 56
1.157894736842108 6
1.2280701754385994 42
1.2456140350877223 7
1.3947368421052666 20
1.4385964912280738 29
1.4912280701754423 5
1.5000000000000038 54
1.526315789473688 16
1.526315789473688 24
1.7192982456140395 59
1.7719298245614081 15
1.8421052631578996 5
1.8771929824561453 18
1.8859649122807067 6
1.9649122807017596 1
2.078947368421056 7
2.0877192982456174 47
2.149122807017546 43
2.245614035087719 40
2.32456140350877 24
2.3508771929824537 12
2.3947368421052597 46
2.412280701754382 5
2.4649122807017494 44
2.4736842105263106 36
2.5877192982456063 57
2.61403508771929 6
2.7280701754385857 25
2.736842105263147 5
2.780701754385953 30
2.912280701754371 7
2.9824561403508607 0
3.087719298245595 15
3.12280701754384 24
3.1754385964912073 59
3.3157894736841866 27
3.3421052631578703 6
3.3596491228069927 55
3.5175438596490944 29
3.5701754385964617 41
3.657894736842074 18
3.7368421052631247 7
3.8596491228069816 1
3.912280701754349 20
3.92105263157891 24
3.956140350877155 47
4.008771929824523 14
4.070175438596454 6
4.078947368421016 31
4.298245614035057 42
4.394736842105235 15
4.403508771929797 43
4.412280701754359 48
4.42105263157892 23
4.447368421052605 10
4.456140350877167 44
4.4649122807017285 36
4.4649122807017285 37
4.47368421052629 12
4.508771929824537 53
4.561403508771907 7
4.68421052631577 58
4.701754385964893 5
4.78947368421051 22
4.798245614035071 6
4.8947368421052495 16
4.8947368421052495 24
4.903508771929811 2
4.973684210526304 46
5.035087719298236 25
5.061403508771921 32
5.078947368421044 30
5.219298245614031 59
5.394736842105264 7
5.403508771929825 1
5.412280701754387 34
5.42982456140351 44
5.438596491228072 36
5.5263157894736885 6
5.69298245614036 24
5.701754385964922 15
5.780701754385976 13
5.789473684210538 47
5.859649122807031 28
5.877192982456155 11
5.90350877192984 26
5.90350877192984 38
5.9561403508772095 5
5.9561403508772095 12
5.9561403508772095 27
5.973684210526333 4
5.9824561403508945 3
6.000000000000018 29
6.035087719298264 42
6.149122807017566 11
6.1842105263158125 39
6.228070175438621 7
6.254385964912306 6
6.280701754385991 46
6.315789473684237 41
6.315789473684237 54
6.3596491228070455 11
6.394736842105292 25
6.4122807017544154 36
6.421052631578977 1
6.49122807017547 24
6.508771929824594 48
6.508771929824594 57
6.535087719298279 0
6.5614035087719635 11
6.728070175438635 55
6.75438596491232 11
6.833333333333375 44
6.947368421052676 11
6.982456140350923 6
7.008771929824608 15
7.052631578947416 7
7.087719298245663 40
7.210526315789526 59
7.280701754386019 20
7.289473684210581 24
7.307017543859704 11
7.315789473684266 3
7.315789473684266 12
7.368421052631636 30
7.377192982456197 5
7.385964912280759 36
7.403508771929882 44
7.50000000000006 11
7.578947368421115 14
7.614035087719362 47
7.692982456140417 11
7.71052631578954 6
7.76315789473691 16
7.76315789473691 16
7.780701754386033 29
7.833333333333403 5
7.8771929824562115 7
7.885964912280773 11
7.903508771929896 18
7.929824561403581 5
7.947368421052705 43
8.052631578947445 4
8.07894736842113 11
8.087719298245691 24
8.201754385964993 46
8.219298245614116 25
8.271929824561486 11
8.280701754386047 1
8.315789473684294 15
8.35087719298254 44
8.359649122807102 2
8.359649122807102 36
8.429824561403596 12
8.438596491228157 6
8.464912280701842 11
8.50877192982465 42
8.535087719298335 31
8.535087719298335 59
8.649122807017637 3
8.657894736842199 11
8.701754385965007 7
8.850877192982555 11
8.885964912280802 24
8.92982456140361 39
8.98245614035098 57
9.043859649122911 11
9.043859649122911 22
9.105263157894843 23
9.166666666666774 6
9.236842105263268 11
9.271929824561514 0
9.2982456140352 48
9.333333333333446 36
9.377192982456254 58
9.4122807017545 53
9.429824561403624 11
9.429824561403624 47
9.438596491228186 37
9.46491228070187 44
9.526315789473802 7
9.543859649122926 12
9.578947368421172 1
9.62280701754398 11
9.62280701754398 15
9.649122807017665 30
9.666666666666789 18
9.684210526315912 24
9.789473684210652 20
9.815789473684337 11
9.850877192982583 5
9.894736842105392 6
9.982456140351008 3
10.008771929824693 11
10.105263157894871 25
10.114035087719433 44
10.131578947368556 4
10.131578947368556 59
10.20175438596505 11
10.228070175438734 42
10.271929824561543 5
10.30701754385979 36
10.324561403508913 27
10.350877192982598 7
10.394736842105406 11
10.429824561403652 18
10.482456140351022 24
10.587719298245762 11
10.622807017544009 6
10.63157894736857 16
10.657894736842255 12
10.657894736842255 32
10.666666666666817 34
10.780701754386119 11
10.84210526315805 26
10.903508771929982 28
10.929824561403667 15
10.938596491228228 41
10.973684210526475 11
11.043859649122968 13
11.140350877193146 14
11.166666666666831 11
11.175438596491393 7
11.184210526315955 44
11.271929824561571 47
11.280701754386133 24
11.280701754386133 36
11.31578947368438 3
11.31578947368438 5
11.350877192982626 6
11.359649122807188 11
11.464912280701927 48
11.48245614035105 18
11.552631578947544 11
11.58771929824579 57
11.605263157894914 18
11.675438596491407 46
11.701754385965092 1
11.710526315789654 0
11.728070175438777 54
11.7456140350879 11
11.771929824561585 12
11.771929824561585 18
11.815789473684394 2
11.90350877193001 40
11.938596491228257 11
11.973684210526503 43
12.000000000000188 7
12.06140350877212 39
12.078947368421243 6
12.078947368421243 24
12.131578947368613 11
12.184210526315983 20
12.210526315789668 4
12.21929824561423 55
12.21929824561423 59
12.236842105263353 15
12.254385964912476 36
12.32456140350897 11
12.368421052631778 29
12.394736842105463 31
12.447368421052833 18
12.456140350877394 30
12.517543859649326 11
12.53508771929845 10
12.64912280701775 3
12.710526315789682 11
12.745614035087929 56
12.80701754385986 6
12.824561403508984 7
12.877192982456354 24
12.885964912280915 12
12.885964912280915 38
12.903508771930039 11
12.982456140351093 41
13.01754385964934 18
13.026315789473902 42
13.078947368421272 23
13.087719298245833 47
13.096491228070395 11
13.22807017543882 36
13.245614035087943 59
13.289473684210751 11
13.289473684210751 22
13.482456140351108 11
13.500000000000231 16
13.508771929824793 1
13.508771929824793 5
13.535087719298478 6
13.535087719298478 25
13.54385964912304 15
13.649122807017779 7
13.65789473684234 48
13.675438596491464 11
13.675438596491464 24
13.684210526316026 43
13.86842105263182 11
13.982456140351122 3
14.000000000000245 12
14.061403508772177 11
14.13157894736867 18
14.175438596491478 42
14.201754385965163 36
14.219298245614286 27
14.254385964912533 11
14.263157894737095 6
14.28947368421078 4
14.324561403509026 58
14.412280701754643 37
14.44736842105289 11
14.473684210526574 24
14.482456140351136 7
14.570175438596753 20
14.640350877193246 11
14.684210526316054 5
14.692982456140616 59
14.701754385965177 14
14.736842105263424 30
14.736842105263424 53
14.798245614035356 44
14.815789473684479 29
14.833333333333602 11
14.850877192982725 15
14.912280701754657 47
14.991228070175712 6
15.026315789473959 11
15.052631578947643 5
15.08771929824589 46
15.114035087719575 12
15.157894736842383 0
15.157894736842383 57
15.175438596491507 36
15.219298245614315 11
15.254385964912561 41
15.271929824561685 2
15.271929824561685 24
15.307017543859931 7
15.307017543859931 42
15.315789473684493 3
15.377192982456425 1
15.412280701754671 11
15.605263157895028 11
15.61403508771959 55
15.719298245614329 6
15.798245614035384 11
15.807017543859946 43
15.894736842105562 13
15.93859649122837 28
15.99122807017574 11
16.070175438596795 24
16.114035087719603 45
16.131578947368727 7
16.14912280701785 36
16.15789473684241 15
16.184210526316097 11
16.228070175438905 12
16.236842105263467 26
16.236842105263467 44
16.333333333333645 34
16.36842105263189 4
16.36842105263189 16
16.377192982456453 11
16.447368421052946 6
16.57017543859681 11
16.57894736842137 42
16.649122807017864 3
16.73684210526348 44
16.754385964912604 31
16.754385964912604 59
16.763157894737166 11
16.815789473684536 47
16.868421052631906 24
16.956140350877522 7
16.956140350877522 11
16.956140350877522 20
16.964912280702084 23
16.964912280702084 54
17.008771929824892 30
17.09649122807051 25
17.122807017544194 36
17.14912280701788 11
17.175438596491563 6
17.192982456140687 40
17.289473684210865 5
17.289473684210865 46
17.31578947368455 27
17.342105263158235 11
17.342105263158235 12
17.350877192982797 43
17.385964912281043 44
17.403508771930166 39
17.464912280702098 15
17.52631578947403 22
17.53508771929859 11
17.58771929824596 18
17.666666666667016 24
17.728070175438948 11
17.78947368421088 7
17.877192982456496 18
17.90350877193018 6
17.912280701754742 48
17.921052631579304 11
17.973684210526674 58
17.982456140351236 3
18.035087719298605 38
18.06140350877229 44
18.096491228070537 36
18.11403508771966 11
18.21052631578984 18
18.26315789473721 14
18.298245614035455 5
18.307017543860017 11
18.403508771930195 1
18.447368421053003 4
18.456140350877565 12
18.464912280702126 24
18.500000000000373 11
18.508771929824935 18
18.622807017544236 7
18.631578947368798 6
18.631578947368798 44
18.631578947368798 47
18.69298245614073 11
18.728070175438976 2
18.75438596491266 18
18.75438596491266 25
18.771929824561784 15
18.833333333333716 59
18.868421052631962 46
18.877192982456524 55
18.885964912281086 11
18.921052631579332 5
19.07017543859688 32
19.07017543859688 36
19.078947368421442 11
19.12280701754425 57
19.236842105263552 16
19.263157894737237 24
19.2719298245618 11
19.28070175438636 30
19.315789473684607 0
19.315789473684607 3
19.33333333333373 20
19.350877192982853 53
19.359649122807415 6
19.3859649122811 37
19.44736842105303 7
19.464912280702155 11
19.473684210526716 29
19.482456140351278 44
19.55263157894777 42
19.570175438596895 12
19.631578947368826 1
19.65789473684251 11
19.850877192982868 11
19.9122807017548 48
20.043859649123224 11
20.043859649123224 36
20.061403508772347 24
20.07894736842147 15
20.087719298246032 6
20.23684210526358 11
20.271929824561827 7
20.350877192982882 18
20.429824561403937 11
20.45614035087762 47
20.526315789474115 4
20.543859649123238 29
20.60526315789517 34
20.622807017544293 11
20.622807017544293 56
20.649122807017978 3
20.684210526316225 12
20.71052631578991 41
20.745614035088156 43
20.76315789473728 42
20.780701754386403 46
20.81578947368465 6
20.81578947368465 11
20.859649122807458 24
20.947368421053074 59
20.956140350877636 27
20.97368421052676 28
21.008771929825006 11
21.017543859649567 36
21.096491228070622 7
21.166666666667115 54
21.201754385965362 11
21.210526315789924 26
21.324561403509225 31
21.333333333333787 39
21.35087719298291 23
21.385964912281157 15
21.39473684210572 11
21.543859649123267 6
21.552631578947828 30
21.587719298246075 11
21.657894736842568 24
21.692982456140815 13
21.710526315789938 20
21.763157894737308 1
21.763157894737308 22
21.78070175438643 11
21.798245614035554 12
21.798245614035554 40
21.815789473684678 14
21.88596491228117 0
21.921052631579418 7
21.947368421053103 29
21.947368421053103 59
21.973684210526788 11
21.98245614035135 3
21.99122807017591 36
22.105263157895212 16
22.166666666667144 11
22.175438596491706 5
22.184210526316267 2
22.2456140350882 48
22.271929824561884 6
22.271929824561884 47
22.324561403509254 42
22.324561403509254 43
22.333333333333815 58
22.3596491228075 11
22.45614035087768 24
22.51754385964961 5
22.552631578947857 11
22.605263157895227 4
22.63157894736891 55
22.692982456140843 15
22.745614035088213 7
22.745614035088213 11
22.8859649122812 18
22.89473684210576 5
22.912280701754884 12
22.912280701754884 41
22.93859649122857 11
22.964912280702254 36
22.973684210526816 38
23.0000000000005 6
23.026315789474186 29
23.131578947368926 11
23.140350877193487 1
23.245614035088227 18
23.245614035088227 46
23.25438596491279 24
23.280701754386474 10
23.31578947368472 3
23.324561403509282 11
23.438596491228584 5
23.51754385964964 11
23.57017543859701 7
23.657894736842625 59
23.710526315789995 11
23.728070175439118 6
23.815789473684735 42
23.824561403509296 25
23.824561403509296 30
23.90350877193035 11
23.938596491228598 36
24.00000000000053 15
24.017543859649653 43
24.017543859649653 53
24.026315789474214 12
24.0526315789479 24
24.0526315789479 27
24.0526315789479 57
24.087719298246146 20
24.087719298246146 47
24.096491228070708 11
24.21052631579001 32
24.280701754386502 0
24.289473684211064 11
24.32456140350931 48
24.359649122807557 37
24.394736842105804 7
24.456140350877735 6
24.48245614035142 11
24.48245614035142 11
24.561403508772475 39
24.570175438597037 5
24.5789473684216 29
24.64912280701809 3
24.675438596491777 11
24.68421052631634 4
24.771929824561955 18
24.833333333333886 31
24.85087719298301 24
24.868421052632133 11
24.91228070175494 36
24.973684210526873 16
25.01754385964968 41
25.06140350877249 11
25.087719298246174 5
25.140350877193544 12
25.184210526316352 6
25.184210526316352 46
25.201754385965476 25
25.2192982456146 7
25.22807017543916 23
25.254385964912846 11
25.307017543860216 15
25.368421052632147 14
25.447368421053202 11
25.447368421053202 42
25.631578947368997 43
25.64035087719356 2
25.64035087719356 11
25.64912280701812 24
25.719298245614613 58
25.7456140350883 5
25.798245614035668 54
25.81578947368479 59
25.833333333333915 11
25.877192982456723 29
25.885964912281285 36
25.903508771930408 47
25.91228070175497 6
25.982456140351463 3
26.000000000000586 22
26.008771929825148 28
26.02631578947427 11
26.043859649123394 7
26.043859649123394 40
26.096491228070764 30
26.140350877193573 56
26.210526315790066 18
26.219298245614628 11
26.254385964912874 12
26.412280701754984 11
26.44736842105323 24
26.464912280702354 20
26.517543859649724 26
26.535087719298847 46
26.570175438597094 42
26.60526315789534 11
26.614035087719902 15
26.640350877193587 6
26.666666666667272 1
26.728070175439203 44
26.736842105263765 57
26.76315789473745 4
26.789473684211135 55
26.798245614035697 11
26.833333333333943 48
26.859649122807628 36
26.87719298245675 7
26.991228070176053 11
27.166666666667286 5
27.18421052631641 11
27.219298245614656 18
27.228070175439218 27
27.24561403508834 24
27.315789473684834 3
27.324561403509396 41
27.368421052632204 6
27.368421052632204 12
27.377192982456766 11
27.50877192982519 13
27.570175438597122 11
27.684210526316424 0
27.701754385965547 7
27.71929824561467 47
27.76315789473748 11
27.83333333333397 36
27.842105263158533 16
27.842105263158533 42
27.859649122807657 5
27.903508771930465 39
27.921052631579588 15
27.956140350877835 11
27.973684210526958 34
28.04385964912345 24
28.09649122807082 6
28.14912280701819 11
28.184210526316438 31
28.228070175439246 5
28.228070175439246 43
28.289473684211178 46
28.342105263158548 11
28.377192982456794 30
28.482456140351534 12
28.526315789474342 7
28.535087719298904 11
28.649122807018205 3
28.72807017543926 11
28.789473684211192 29
28.807017543860315 36
28.82456140350944 6
28.833333333334 1
28.84210526315856 4
28.84210526315856 20
28.84210526315856 24
28.84210526315856 48
28.921052631579617 11
28.921052631579617 14
28.921052631579617 44
29.09649122807085 2
29.09649122807085 23
29.10526315789541 25
29.114035087719973 11
29.228070175439274 15
29.298245614035768 18
29.30701754386033 11
29.333333333334014 37
29.342105263158576 59
29.350877192983138 7
29.377192982456823 53
29.41228070175507 44
29.500000000000686 11
29.508771929825247 38
29.535087719298932 47
29.552631578948056 6
29.57894736842174 58
29.587719298246302 32
29.596491228070864 12
29.640350877193672 24
29.692982456141042 11
29.710526315790165 57
29.78070175438666 5
29.78070175438666 36
29.8859649122814 11
29.982456140351577 3
30.070175438597193 44
30.078947368421755 11
30.10526315789544 27
30.149122807018248 41
30.184210526316495 7
30.201754385965618 10
30.236842105263865 22
30.27192982456211 11
30.280701754386673 6
30.333333333334043 5
30.333333333334043 54
30.36842105263229 1
30.438596491228783 24
30.464912280702467 11
30.53508771929896 15
30.53508771929896 43
30.552631578948084 40
30.561403508772646 44
30.649122807018262 30
30.657894736842824 11
30.68421052631651 42
30.710526315790194 12
30.710526315790194 16
30.754385964913002 36
30.780701754386687 55
30.85087719298318 11
30.85087719298318 48
30.877192982456865 46
30.90350877193055 49
30.921052631579673 4
30.938596491228797 50
30.95614035087792 5
31.00877192982529 6
31.01754385964985 7
31.043859649123537 11
31.043859649123537 28
31.21929824561477 20
31.236842105263893 11
31.236842105263893 24
31.289473684211263 25
31.315789473684948 3
31.350877192983194 47
31.38596491228144 18
31.42982456140425 11
31.526315789474427 31
31.526315789474427 39
31.605263157895482 0
31.622807017544606 11
31.70175438596566 5
31.728070175439345 36
31.736842105263907 6
31.815789473684962 11
31.815789473684962 59
31.824561403509524 12
31.842105263158647 15
31.85087719298321 7
32.008771929825315 11
32.01754385964988 26
32.035087719299 24
32.114035087720055 13
32.20175438596567 11
32.21052631579023 1
32.21052631579023 41
32.24561403508848 34
32.39473684210603 11
32.42105263157971 42
32.4473684210534 46
32.46491228070252 6
32.47368421052708 14
32.55263157894814 2
32.587719298246384 11
32.649122807018315 3
32.675438596492 7
32.701754385965685 36
32.71929824561481 18
32.78070175438674 11
32.807017543860425 48
32.83333333333411 24
32.92105263157973 30
32.93859649122885 12
32.964912280702535 23
32.9736842105271 11
33.00000000000078 4
33.14912280701833 15
33.15789473684289 47
33.15789473684289 53
33.16666666666745 11
33.19298245614114 6
33.333333333334124 43
33.35964912280781 11
33.36842105263237 44
33.394736842106056 57
33.4298245614043 50
33.45614035087799 29
33.500000000000796 7
33.500000000000796 59
33.51754385964992 18
33.552631578948166 11
33.57894736842185 16
33.596491228070974 20
33.63157894736922 24
33.649122807018344 58
33.67543859649203 36
33.74561403508852 11
33.79824561403589 46
33.83333333333414 25
33.921052631579755 6
33.93859649122888 11
33.98245614035169 3
34.05263157894818 12
34.131578947369235 11
34.184210526316605 44
34.236842105263975 39
34.30701754386047 37
34.32456140350959 11
34.33333333333415 7
34.350877192983276 1
34.37719298245696 0
34.403508771930646 5
34.42982456140433 24
34.456140350878016 15
34.456140350878016 27
34.47368421052714 22
34.51754385964995 11
34.51754385964995 42
34.57017543859732 32
34.62280701754469 59
34.64912280701837 6
34.64912280701837 36
34.710526315790304 11
34.763157894737674 40
34.90350877193066 11
34.97368421052715 47
35.00000000000084 31
35.06140350877277 48
35.07894736842189 4
35.09649122807102 11
35.140350877193825 38
35.15789473684295 7
35.16666666666751 12
35.192982456141195 30
35.22807017543944 24
35.28947368421137 11
35.31578947368506 3
35.37719298245699 6
35.4210526315798 41
35.48245614035173 1
35.48245614035173 11
35.622807017544716 36
35.675438596492086 11
35.71052631579033 54
35.7631578947377 15
35.86842105263244 11
35.97368421052718 20
35.982456140351744 7
36.00877192982543 2
36.02631578947455 14
36.02631578947455 24
36.0614035087728 11
36.07894736842192 28
36.10526315789561 6
36.201754385965785 55
36.254385964913155 11
36.28070175438684 12
36.32456140350965 18
36.33333333333421 25
36.4035087719307 59
36.412280701755265 29
36.44736842105351 11
36.44736842105351 16
36.45614035087807 57
36.54385964912369 10
36.59649122807106 36
36.64035087719387 11
36.64912280701843 3
36.789473684211416 34
36.789473684211416 47
36.8157894736851 7
36.82456140350966 24
36.833333333334224 0
36.833333333334224 6
36.833333333334224 11
36.833333333334224 23
36.833333333334224 23
36.86842105263247 26
36.9298245614044 18
36.96491228070265 27
36.96491228070265 42
37.01754385965002 43
37.02631578947458 11
37.03508771929914 48
37.052631578948265 46
37.07017543859739 15
37.1140350877202 58
37.14035087719388 5
37.14912280701844 1
37.157894736843005 4
37.18421052631669 39
37.21929824561494 11
37.39473684210617 12
37.41228070175529 11
37.46491228070266 30
37.56140350877284 6
37.5701754385974 36
37.60526315789565 11
37.62280701754477 24
37.640350877193896 7
37.76315789473776 29
37.798245614036006 11
37.9824561403518 3
37.99122807017636 11
38.18421052631672 11
38.2105263157904 59
38.219298245614965 53
38.28947368421146 6
38.324561403509705 42
38.35087719298339 20
38.35087719298339 25
38.377192982457075 11
38.377192982457075 15
38.42105263157988 24
38.46491228070269 7
38.491228070176376 1
38.5087719298255 12
38.52631578947462 5
38.543859649123746 36
38.57017543859743 11
38.60526315789568 47
38.65789473684305 31
38.71052631579042 22
38.71052631579042 22
38.72807017543954 32
38.76315789473779 11
38.88596491228165 43
38.88596491228165 57
38.89473684210621 41
38.903508771930774 45
38.956140350878144 11
39.017543859650075 6
39.13157894736938 0
39.1491228070185 11
39.19298245614131 56
39.21929824561499 24
39.23684210526412 4
39.280701754386925 37
39.28947368421149 7
39.31578947368517 3
39.31578947368517 16
39.34210526315886 11
39.46491228070272 2
39.51754385965009 36
39.53508771929921 11
39.57894736842202 14
39.62280701754483 12
39.6754385964922 44
39.68421052631676 15
39.68421052631676 48
39.72807017543957 11
39.73684210526413 30
39.74561403508869 1
39.74561403508869 6
39.921052631579926 11
39.973684210527296 5
40.00000000000098 27
40.017543859650104 24
40.06140350877291 46
40.11403508772028 7
40.11403508772028 11
40.175438596492214 54
40.22807017543958 25
40.289473684211515 5
40.30701754386064 11
40.40350877193082 43
40.42105263157994 39
40.42105263157994 47
40.47368421052731 6
40.47368421052731 40
40.49122807017643 36
40.500000000000995 11
40.58771929824661 59
40.64912280701854 3
40.69298245614135 11
40.70175438596591 23
40.7280701754396 20
40.73684210526416 12
40.815789473685214 24
40.88596491228171 11
40.91228070175539 10
40.93859649122908 7
40.94736842105364 55
40.96491228070276 13
40.99122807017645 15
41.078947368422064 11
41.11403508772031 28
41.20175438596593 6
41.245614035088735 57
41.2543859649133 58
41.27192982456242 11
41.31578947368523 4
41.38596491228172 26
41.46491228070278 11
41.46491228070278 36
41.4824561403519 29
41.508771929825585 38
41.561403508772955 59
41.58771929824664 5
41.614035087720325 24
41.65789473684313 11
41.65789473684313 48
41.675438596492256 42
41.76315789473787 18
41.771929824562434 7
41.85087719298349 11
41.85087719298349 12
41.85964912280805 41
41.929824561404544 6
41.982456140351914 3
42.0087719298256 30
42.043859649123846 11
42.07894736842209 46
42.13157894736946 5
42.149122807018585 53
42.18421052631683 16
42.22807017543964 47
42.2368421052642 11
42.26315789473789 18
42.298245614036134 15
42.359649122808065 18
42.412280701755435 24
42.42982456140456 11
42.43859649122912 36
42.45614035087824 43
42.54385964912386 25
42.60526315789579 7
42.622807017544915 11
42.65789473684316 6
42.74561403508878 0
42.81578947368527 11
42.92105263158001 2
42.947368421053696 22
42.96491228070282 12
42.97368421052738 39
43.00877192982563 11
43.08771929824668 27
43.105263157895806 20
43.11403508772037 42
43.12280701754493 32
43.13157894736949 14
43.16666666666774 59
43.201754385965984 11
43.210526315790545 24
43.24561403508879 29
43.315789473685285 3
43.38596491228178 6
43.39473684210634 4
43.39473684210634 11
43.4035087719309 46
43.41228070175546 36
43.42982456140459 7
43.43859649122915 18
43.5877192982467 11
43.60526315789582 15
43.62280701754494 48
43.631578947369505 18
43.78070175438705 11
43.88596491228179 34
43.97368421052741 11
43.97368421052741 11
44.008771929825656 24
44.01754385965022 31
44.03508771929934 47
44.03508771929934 47
44.07894736842215 12
44.114035087720396 6
44.166666666667766 11
44.18421052631689 57
44.25438596491338 7
44.25438596491338 37
44.28070175438707 30
44.30701754386075 29
44.35964912280812 11
44.368421052632684 43
44.38596491228181 36
44.429824561404615 44
44.4561403508783 55
44.50877192982567 41
44.51754385965023 59
44.55263157894848 11
44.5701754385976 23
44.587719298246725 1
44.59649122807129 25
44.64912280701866 3
44.745614035088835 11
44.78947368421164 10
44.807017543860766 24
44.84210526315901 6
44.912280701755506 15
44.93859649122919 11
45.05263157894849 16
45.08771929824674 7
45.13157894736955 11
45.19298245614148 12
45.26315789473797 40
45.280701754387096 46
45.324561403509904 11
45.35964912280815 36
45.46491228070289 5
45.47368421052745 4
45.47368421052745 59
45.482456140352014 20
45.51754385965026 11
45.57017543859763 6
45.58771929824675 48
45.60526315789588 24
45.71052631579062 11
45.807017543860795 53
45.82456140350992 27
45.8508771929836 47
45.89473684210641 54
45.90350877193097 11
45.921052631580096 7
45.93859649122922 26
45.964912280702904 43
45.98245614035203 3
46.09649122807133 11
46.131578947369576 5
46.1491228070187 28
46.21052631579063 0
46.21929824561519 15
46.25438596491344 1
46.289473684211686 11
46.29824561403625 6
46.30701754386081 12
46.333333333334494 36
46.333333333334494 58
46.3771929824573 2
46.40350877193099 24
46.48245614035204 11
46.5614035087731 30
46.605263157895905 39
46.61403508772047 13
46.6754385964924 11
46.68421052631696 14
46.73684210526433 46
46.74561403508889 7
46.868421052632755 11
46.99122807017662 59
47.026315789474864 6
47.06140350877311 11
47.16666666666785 42
47.184210526316974 22
47.2017543859661 24
47.21929824561522 44
47.25438596491347 11
47.298245614036276 25
47.30701754386084 18
47.30701754386084 36
47.3157894736854 3
47.42105263158014 12
47.447368421053824 11
47.447368421053824 57
47.456140350878385 32
47.508771929825755 5
47.52631578947488 15
47.543859649124 48
47.552631578948564 4
47.57017543859769 7
47.64035087719418 11
47.6578947368433 47
47.75438596491348 6
47.80701754386085 41
47.83333333333454 11
47.85964912280822 20
47.92105263158015 16
48.00000000000121 24
48.02631578947489 11
48.21929824561525 11
48.22807017543981 34
48.28070175438718 36
48.3684210526328 46
48.39473684210648 7
48.412280701755606 11
48.42105263158017 1
48.47368421052754 23
48.4824561403521 6
48.508771929825784 42
48.53508771929947 12
48.53508771929947 18
48.53508771929947 27
48.60526315789596 11
48.64912280701877 3
48.66666666666789 43
48.68421052631702 0
48.728070175439825 5
48.76315789473807 44
48.79824561403632 11
48.79824561403632 24
48.80701754386088 29
48.833333333334565 15
48.85964912280825 45
48.97368421052755 5
48.991228070176675 11
49.01754385965036 25
49.052631578948606 59
49.1228070175451 38
49.149122807018784 30
49.17543859649247 31
49.18421052631703 11
49.210526315790716 6
49.21929824561528 7
49.22807017543984 37
49.24561403508896 39
49.254385964913524 36
49.28947368421177 55
49.37719298245739 11
49.464912280703004 47
49.49122807017669 1
49.570175438597744 11
49.59649122807143 24
49.60526315789599 48
49.631578947369675 4
49.6491228070188 12
49.7631578947381 11
49.83333333333459 2
49.93859649122933 6
49.95614035087846 11
49.98245614035214 3
50.008771929825826 44
50.04385964912407 7
50.052631578948635 58
50.14035087719425 15
50.14912280701881 11
50.14912280701881 40
50.1754385964925 54
50.19298245614162 18
50.22807017543987 36
50.23684210526443 14
50.23684210526443 20
50.34210526315917 11
50.34210526315917 46
50.39473684210654 24
50.4035087719311 44
50.535087719299526 11
50.535087719299526 41
50.65789473684339 43
50.65789473684339 57
50.66666666666795 6
50.66666666666795 29
50.72807017543988 11
50.76315789473813 12
50.78947368421181 16
50.86842105263287 7
50.92105263158024 11
51.01754385965042 59
51.08771929824691 1
51.114035087720595 11
51.13157894736972 10
51.14912280701884 44
51.166666666667965 26
51.18421052631709 28
51.19298245614165 24
51.20175438596621 36
51.25438596491358 42
51.271929824562704 47
51.30701754386095 11
51.31578947368551 3
51.333333333334636 13
51.39473684210657 6
51.42105263158025 30
51.429824561404814 22
51.44736842105394 15
51.50000000000131 11
51.51754385965043 18
51.56140350877324 27
51.56140350877324 48
51.60526315789605 0
51.692982456141664 7
51.692982456141664 11
51.71052631579079 4
51.71929824561535 32
51.8684210526329 39
51.87719298245746 12
51.88596491228202 11
51.99122807017676 24
52.070175438597815 25
52.07894736842238 11
52.122807017545185 5
52.122807017545185 6
52.175438596492555 36
52.27192982456273 11
52.333333333334664 1
52.342105263159226 23
52.45614035087853 5
52.46491228070309 11
52.51754385965046 7
52.57017543859783 53
52.57894736842239 5
52.61403508772064 20
52.649122807018884 3
52.657894736843446 11
52.701754385966254 44
52.710526315790815 31
52.72807017543994 34
52.754385964913624 15
52.78947368421187 24
52.82456140351012 18
52.83333333333468 55
52.8508771929838 6
52.8508771929838 11
52.90350877193117 41
52.91228070175573 46
52.99122807017679 12
53.04385964912416 11
53.078947368422405 47
53.1491228070189 36
53.184210526317145 59
53.236842105264515 11
53.25438596491364 44
53.28070175438732 42
53.289473684211885 2
53.342105263159254 7
53.42105263158031 57
53.42982456140487 11
53.447368421053994 25
53.4912280701768 18
53.51754385965049 48
53.51754385965049 58
53.57017543859786 1
53.57894736842242 6
53.58771929824698 24
53.62280701754523 11
53.657894736843474 16
53.69298245614172 30
53.7894736842119 4
53.7894736842119 14
53.815789473685584 11
53.982456140352255 3
54.00877192982594 11
54.06140350877331 15
54.06140350877331 18
54.10526315789612 12
54.12280701754524 36
54.17543859649261 7
54.2017543859663 11
54.2017543859663 37
54.28947368421191 27
54.307017543861036 6
54.3157894736856 18
54.38596491228209 24
54.39473684210665 11
54.57894736842245 43
54.58771929824701 11
54.64035087719438 29
54.666666666668064 40
54.675438596492626 46
54.780701754387366 11
54.89473684210667 47
54.90350877193123 45
54.938596491229475 44
54.97368421052772 11
54.991228070176845 20
55.00000000000141 41
55.00877192982597 7
55.03508771929965 6
55.096491228071585 36
55.12280701754527 54
55.16666666666808 11
55.1842105263172 24
55.21929824561545 12
55.315789473685626 3
55.359649122808435 11
55.368421052632996 15
55.421052631580366 0
55.464912280703174 38
55.473684210527736 48
55.55263157894879 11
55.578947368422476 49
55.631578947369846 18
55.66666666666809 22
55.728070175440024 26
55.74561403508915 11
55.76315789473827 6
55.833333333334764 7
55.86842105263301 4
55.938596491229504 11
55.938596491229504 18
55.96491228070319 30
55.98245614035231 24
55.98245614035231 57
56.07017543859793 36
56.13157894736986 1
56.13157894736986 11
56.14035087719442 56
56.20175438596635 42
56.20175438596635 50
56.21929824561548 28
56.22807017544004 25
56.2368421052646 32
56.2368421052646 43
56.24561403508916 23
56.32456140351022 11
56.33333333333478 12
56.35964912280846 29
56.49122807017689 6
56.49122807017689 39
56.51754385965057 11
56.526315789475134 16
56.59649122807163 53
56.649122807019 3
56.65789473684356 7
56.67543859649268 15
56.71052631579093 11
56.71052631579093 47
56.745614035089176 2
56.745614035089176 18
56.7631578947383 58
56.78070175438742 24
56.903508771931286 11
56.956140350878655 55
57.04385964912427 36
57.09649122807164 11
57.219298245615505 6
57.219298245615505 41
57.289473684212 11
57.31578947368568 42
57.324561403510245 1
57.34210526315937 14
57.36842105263305 20
57.42105263158042 48
57.44736842105411 12
57.482456140352355 7
57.482456140352355 11
57.57894736842253 24
57.640350877194464 25
57.67543859649271 11
57.71929824561552 27
57.745614035089204 31
57.859649122808506 29
57.86842105263307 11
57.94736842105412 4
57.94736842105412 6
57.98245614035237 3
57.98245614035237 15
58.017543859650615 36
58.02631578947518 0
58.061403508773424 11
58.070175438597985 59
58.23684210526466 30
58.25438596491378 11
58.30701754386115 7
58.37719298245764 24
58.447368421054136 11
58.491228070176945 18
58.52631578947519 47
58.543859649124315 44
58.56140350877344 12
58.605263157896246 57
58.63157894736993 50
58.64035087719449 11
58.67543859649274 6
58.815789473685726 49
58.83333333333485 11
58.87719298245766 13
58.99122807017696 36
59.00877192982608 43
59.026315789475206 11
59.026315789475206 44
59.08771929824714 29
59.131578947369945 7
59.175438596492754 24
59.175438596492754 37
59.21929824561556 11
59.289473684212055 15
59.31578947368574 3
59.3245614035103 45
59.342105263159425 18
59.38596491228223 48
59.394736842106795 16
59.40350877193136 6
59.41228070175592 11
59.46491228070329 41
59.46491228070329 54
59.500000000001535 46
59.52631578947522 1
59.605263157896275 11
59.614035087720836 18
59.666666666668206 5
59.67543859649277 12
59.74561403508926 20
59.74561403508926 25
59.79824561403663 11
59.83333333333488 10
59.877192982457686 40
59.90350877193137 22
59.94736842105418 18
59.95614035087874 7
59.9649122807033 36
59.973684210527864 24
59.99122807017699 11
