0.043859649122807015 59
0.05263157894736842 4
0.18421052631578946 48
0.18421052631578946 55
0.24561403508771928 9
0.2543859649122807 47
0.26315789473684215 32
0.2719298245614036 18
0.280701754385965 41
0.3070175438596493 15
0.4473684210526322 30
0.5175438596491236 7
0.5350877192982465 18
0.5350877192982465 42
0.5964912280701765 27
0.6491228070175451 29
0.6754385964912294 28
0.6842105263157908 46
0.9210526315789495 43
0.9298245614035109 16
0.9473684210526337 19
0.9473684210526337 24
0.9912280701754409 14
1.0000000000000022 6
1.035087719298248 22
1.035087719298248 26
1.0526315789473708 3
1.0614035087719322 2
1.1052631578947394 11
1.1403508771929851 52
1.2631578947368451 20
1.3596491228070209 7
1.3596491228070209 31
1.3859649122807052 1
1.3859649122807052 8
1.4122807017543895 23
1.4912280701754423 18
1.4912280701754423 57
1.526315789473688 44
1.5614035087719338 36
1.5614035087719338 37
1.605263157894741 25
1.6315789473684252 11
1.6403508771929867 15
1.6754385964912324 59
1.728070175438601 6
1.7368421052631624 56
1.7456140350877238 24
2.114035087719301 39
2.1403508771929847 47
2.157894736842107 44
2.192982456140352 7
2.2192982456140355 4
2.289473684210525 58
2.3333333333333313 11
2.359649122807015 19
2.368421052631576 41
2.412280701754382 29
2.456140350877188 6
2.5438596491228003 24
2.5526315789473615 36
2.6491228070175348 5
2.666666666666657 17
2.7192982456140244 3
2.745614035087708 34
2.745614035087708 48
2.7719298245613917 12
2.780701754385953 1
2.83333333333332 11
2.9649122807017383 25
2.9736842105262995 15
3.0175438596491055 18
3.0263157894736668 7
3.087719298245595 40
3.0964912280701564 59
3.1754385964912073 38
3.1842105263157685 6
3.2280701754385746 18
3.2368421052631358 30
3.2719298245613806 19
3.3157894736841866 42
3.3421052631578703 24
3.3596491228069927 27
3.5087719298245332 11
3.5263157894736556 46
3.543859649122778 36
3.675438596491196 18
3.7719298245613695 43
3.8596491228069816 7
3.912280701754349 6
4.008771929824523 29
4.008771929824523 47
4.105263157894701 17
4.114035087719262 16
4.122807017543824 9
4.131578947368386 12
4.140350877192947 24
4.2368421052631255 1
4.298245614035057 15
4.324561403508742 18
4.324561403508742 25
4.36842105263155 3
4.535087719298222 36
4.552631578947345 2
4.605263157894715 14
4.605263157894715 19
4.605263157894715 42
4.614035087719277 18
4.622807017543838 20
4.640350877192962 6
4.6929824561403315 7
4.9210526315789345 11
4.938596491228058 24
4.956140350877181 4
4.956140350877181 57
5.043859649122798 32
5.070175438596483 31
5.157894736842099 29
5.254385964912277 48
5.280701754385962 5
5.2982456140350855 22
5.368421052631579 6
5.37719298245614 56
5.438596491228072 59
5.517543859649127 19
5.5263157894736885 7
5.5263157894736885 30
5.5263157894736885 30
5.5263157894736885 36
5.578947368421058 10
5.596491228070182 28
5.631578947368428 15
5.657894736842113 26
5.684210526315798 52
5.701754385964922 3
5.710526315789483 23
5.719298245614045 18
5.7280701754386065 43
5.736842105263168 24
5.780701754385976 8
5.894736842105278 17
5.90350877192984 47
5.912280701754401 25
5.964912280701771 9
5.9824561403508945 18
5.991228070175456 12
6.096491228070196 6
6.1578947368421275 19
6.166666666666689 11
6.201754385964936 42
6.350877192982484 7
6.3596491228070455 11
6.49122807017547 59
6.517543859649155 36
6.535087719298279 24
6.535087719298279 37
6.5614035087719635 11
6.692982456140388 55
6.719298245614073 46
6.763157894736882 11
6.7894736842105665 49
6.7894736842105665 58
6.824561403508813 6
6.824561403508813 50
6.956140350877238 11
6.956140350877238 15
6.982456140350923 16
7.008771929824608 19
7.035087719298293 3
7.035087719298293 4
7.061403508771978 34
7.087719298245663 20
7.087719298245663 20
7.140350877193033 45
7.149122807017594 11
7.175438596491279 7
7.236842105263211 29
7.2456140350877725 1
7.271929824561457 25
7.315789473684266 17
7.333333333333389 24
7.342105263157951 18
7.359649122807074 11
7.491228070175499 27
7.508771929824622 36
7.55263157894743 6
7.561403508771992 11
7.578947368421115 12
7.701754385964978 9
7.728070175438663 59
7.754385964912348 11
7.81578947368428 30
7.81578947368428 47
7.8508771929825265 48
7.86842105263165 39
7.947368421052705 11
7.964912280701828 18
7.991228070175513 46
8.008771929824636 7
8.043859649122883 2
8.061403508772006 19
8.105263157894814 43
8.1315789473685 24
8.140350877193061 11
8.175438596491308 14
8.263157894736924 40
8.280701754386047 6
8.280701754386047 15
8.28947368421061 42
8.315789473684294 38
8.324561403508856 18
8.333333333333417 11
8.342105263157979 17
8.368421052631664 3
8.447368421052719 52
8.500000000000089 36
8.526315789473774 11
8.631578947368514 25
8.701754385965007 57
8.71929824561413 11
8.763157894736938 44
8.842105263157993 7
8.912280701754487 11
8.92982456140361 24
9.008771929824665 6
9.052631578947473 31
9.105263157894843 11
9.114035087719405 4
9.14035087719309 50
9.201754385965021 17
9.236842105263268 19
9.2982456140352 11
9.491228070175556 36
9.500000000000117 11
9.526315789473802 41
9.543859649122926 22
9.552631578947487 59
9.605263157894857 15
9.67543859649135 7
9.684210526315912 47
9.701754385965035 3
9.719298245614159 18
9.72807017543872 24
9.736842105263282 6
9.763157894736967 1
9.815789473684337 10
9.815789473684337 44
9.83333333333346 11
9.850877192982583 16
9.859649122807145 46
9.894736842105392 9
9.903508771929953 42
9.912280701754515 8
9.973684210526446 43
9.982456140351008 12
9.99122807017557 25
10.000000000000131 29
10.017543859649255 20
10.026315789473816 11
10.026315789473816 17
10.052631578947501 18
10.078947368421186 19
10.09649122807031 30
10.219298245614173 11
10.263157894736981 58
10.324561403508913 18
10.41228070175453 11
10.464912280701899 6
10.482456140351022 18
10.482456140351022 36
10.500000000000146 7
10.500000000000146 32
10.52631578947383 24
10.52631578947383 28
10.561403508772077 56
10.605263157894885 11
10.692982456140502 27
10.73684210526331 18
10.798245614035242 11
10.807017543859804 1
10.84210526315805 17
10.929824561403667 15
10.991228070175598 11
11.035087719298406 3
11.096491228070338 12
11.184210526315955 11
11.192982456140516 4
11.192982456140516 6
11.219298245614201 42
11.245614035087886 23
11.280701754386133 26
11.298245614035256 5
11.324561403508941 7
11.324561403508941 24
11.350877192982626 25
11.377192982456311 11
11.47368421052649 36
11.47368421052649 39
11.500000000000174 59
11.508771929824736 37
11.53508771929842 2
11.570175438596667 11
11.578947368421229 47
11.605263157894914 9
11.622807017544037 19
11.657894736842284 17
11.736842105263339 14
11.763157894737024 11
11.789473684210709 34
11.921052631579133 6
11.95614035087738 11
11.973684210526503 19
12.096491228070366 45
12.122807017544051 24
12.149122807017736 11
12.157894736842298 7
12.210526315789668 12
12.254385964912476 15
12.298245614035284 46
12.342105263158093 11
12.368421052631778 3
12.37719298245634 30
12.464912280701956 36
12.473684210526518 17
12.500000000000203 20
12.508771929824764 18
12.53508771929845 11
12.54385964912301 19
12.552631578947572 41
12.64912280701775 6
12.70175438596512 43
12.710526315789682 25
12.719298245614244 16
12.728070175438805 11
12.815789473684422 49
12.850877192982669 31
12.921052631579162 11
12.921052631579162 24
12.991228070175655 7
13.087719298245833 57
13.096491228070395 40
13.096491228070395 50
13.114035087719518 11
13.210526315789696 19
13.22807017543882 1
13.271929824561628 4
13.289473684210751 17
13.307017543859875 11
13.324561403508998 9
13.324561403508998 12
13.324561403508998 52
13.377192982456368 6
13.403508771930053 29
13.447368421052861 47
13.447368421052861 55
13.456140350877423 36
13.473684210526546 19
13.500000000000231 11
13.517543859649354 48
13.517543859649354 48
13.578947368421286 15
13.614035087719532 27
13.614035087719532 59
13.640350877193217 5
13.692982456140587 11
13.701754385965149 3
13.719298245614272 24
13.789473684210765 22
13.824561403509012 7
13.885964912280944 11
13.938596491228314 46
14.070175438596738 25
14.0789473684213 11
14.105263157894985 6
14.105263157894985 17
14.271929824561656 11
14.280701754386218 43
14.28947368421078 18
14.298245614035341 10
14.324561403509026 19
14.412280701754643 39
14.438596491228328 12
14.44736842105289 36
14.464912280702013 11
14.517543859649383 24
14.517543859649383 58
14.631578947368684 44
14.640350877193246 38
14.657894736842369 7
14.657894736842369 11
14.657894736842369 30
14.833333333333602 6
14.850877192982725 11
14.868421052631849 1
14.903508771930095 15
14.921052631579219 17
14.964912280702027 20
15.026315789473959 2
15.026315789473959 18
15.03508771929852 3
15.03508771929852 9
15.043859649123082 11
15.078947368421328 44
15.14035087719326 19
15.175438596491507 23
15.236842105263438 11
15.29824561403537 14
15.315789473684493 24
15.315789473684493 47
15.35087719298274 4
15.368421052631863 46
15.412280701754671 50
15.412280701754671 59
15.429824561403795 11
15.429824561403795 25
15.438596491228356 36
15.447368421052918 28
15.491228070175726 7
15.552631578947658 12
15.56140350877222 6
15.570175438596781 48
15.587719298245904 16
15.622807017544151 11
15.640350877193274 29
15.67543859649152 42
15.736842105263452 17
15.807017543859946 26
15.815789473684507 11
15.912280701754685 1
16.008771929824864 11
16.114035087719603 24
16.20175438596522 11
16.228070175438905 15
16.271929824561713 41
16.289473684210837 6
16.324561403509083 7
16.350877192982768 31
16.36842105263189 3
16.394736842105576 11
16.429824561403823 36
16.456140350877508 52
16.482456140351193 37
16.491228070175755 57
16.552631578947686 17
16.57017543859681 27
16.587719298245933 11
16.666666666666988 12
16.745614035088042 9
16.78070175438629 11
16.78947368421085 25
16.912280701754714 24
16.929824561403837 30
16.929824561403837 30
16.973684210526645 11
16.99122807017577 18
17.00000000000033 1
17.017543859649454 6
17.114035087719632 56
17.140350877193317 49
17.15789473684244 7
17.15789473684244 44
17.166666666667002 11
17.192982456140687 46
17.192982456140687 47
17.26315789473718 42
17.27192982456174 39
17.359649122807358 11
17.36842105263192 17
17.42105263157929 36
17.42982456140385 4
17.42982456140385 20
17.552631578947715 11
17.552631578947715 15
17.657894736842454 48
17.701754385965263 3
17.710526315789824 24
17.710526315789824 29
17.728070175438948 50
17.74561403508807 6
17.74561403508807 11
17.780701754386318 12
17.78947368421088 59
17.79824561403544 18
17.89473684210562 32
17.938596491228427 11
17.964912280702112 58
17.991228070175797 7
18.026315789474044 22
18.070175438596852 44
18.131578947368784 1
18.131578947368784 11
18.149122807017907 10
18.149122807017907 19
18.149122807017907 25
18.184210526316154 17
18.32456140350914 11
18.412280701754757 36
18.456140350877565 9
18.456140350877565 16
18.473684210526688 6
18.500000000000373 42
18.508771929824935 24
18.517543859649496 2
18.517543859649496 11
18.517543859649496 41
18.64912280701792 19
18.710526315789853 11
18.824561403509154 7
18.8596491228074 14
18.877192982456524 15
18.894736842105647 12
18.90350877193021 11
19.000000000000387 17
19.035087719298634 3
19.052631578947757 23
19.06140350877232 47
19.096491228070565 11
19.192982456140744 30
19.201754385965305 6
19.289473684210922 11
19.307017543860045 24
19.315789473684607 46
19.350877192982853 29
19.359649122807415 43
19.403508771930223 36
19.421052631579347 44
19.482456140351278 11
19.508771929824963 4
19.508771929824963 25
19.570175438596895 27
19.587719298246018 38
19.640350877193388 57
19.65789473684251 7
19.675438596491635 11
19.728070175439004 42
19.81578947368462 17
19.86842105263199 11
19.885964912281114 20
19.885964912281114 59
19.929824561403922 1
19.929824561403922 6
19.929824561403922 39
19.96491228070217 18
19.991228070175854 34
20.008771929824977 12
20.0263157894741 52
20.043859649123224 50
20.061403508772347 11
20.07894736842147 48
20.105263157895156 24
20.13157894736884 19
20.157894736842525 55
20.166666666667087 9
20.201754385965334 15
20.201754385965334 49
20.254385964912704 11
20.254385964912704 26
20.368421052632005 3
20.368421052632005 28
20.38596491228113 18
20.39473684210569 19
20.39473684210569 36
20.44736842105306 11
20.49122807017587 7
20.587719298246046 46
20.61403508771973 18
20.622807017544293 17
20.640350877193416 11
20.65789473684254 6
20.65789473684254 19
20.789473684210964 29
20.833333333333773 11
20.850877192982896 42
20.86842105263202 25
20.903508771930266 24
20.92105263157939 19
20.92105263157939 47
21.000000000000444 31
21.02631578947413 11
21.122807017544307 12
21.18421052631624 19
21.219298245614485 11
21.28947368421098 59
21.324561403509225 7
21.324561403509225 16
21.333333333333787 56
21.385964912281157 6
21.385964912281157 36
21.41228070175484 11
21.438596491228527 17
21.44736842105309 19
21.45614035087765 37
21.46491228070221 30
21.526315789474143 15
21.535087719298705 18
21.587719298246075 4
21.605263157895198 11
21.701754385965376 3
21.701754385965376 24
21.710526315789938 19
21.754385964912746 18
21.798245614035554 11
21.87719298245661 9
21.973684210526788 19
21.973684210526788 42
21.99122807017591 11
22.000000000000473 10
22.008771929825034 2
22.017543859649596 27
22.026315789474157 29
22.04385964912328 1
22.052631578947842 46
22.114035087719774 6
22.131578947368897 48
22.157894736842582 7
22.184210526316267 11
22.19298245614083 43
22.228070175439075 25
22.236842105263637 12
22.236842105263637 19
22.25438596491276 17
22.263157894737322 22
22.342105263158377 20
22.3596491228075 50
22.377192982456624 11
22.377192982456624 36
22.41228070175487 14
22.438596491228555 39
22.500000000000487 19
22.500000000000487 24
22.57017543859698 11
22.763157894737336 11
22.763157894737336 19
22.78070175438646 47
22.83333333333383 18
22.84210526315839 6
22.850877192982953 15
22.859649122807514 57
22.921052631579446 23
22.956140350877693 11
22.99122807017594 7
23.017543859649624 41
23.026315789474186 19
23.035087719298748 3
23.070175438596994 17
23.122807017544364 32
23.14912280701805 11
23.166666666667172 58
23.26315789473735 49
23.271929824561912 52
23.289473684211035 19
23.298245614035597 24
23.342105263158405 11
23.350877192982967 12
23.36842105263209 36
23.53508771929876 11
23.552631578947885 19
23.57017543859701 6
23.58771929824613 9
23.58771929824613 25
23.666666666667187 4
23.728070175439118 11
23.73684210526368 30
23.780701754386488 46
23.815789473684735 19
23.824561403509296 7
23.885964912281228 17
23.885964912281228 18
23.921052631579474 11
24.0526315789479 18
24.078947368421584 19
24.096491228070708 24
24.096491228070708 59
24.11403508771983 11
24.175438596491762 15
24.192982456140886 16
24.298245614035626 6
24.307017543860187 11
24.32456140350931 48
24.342105263158434 19
24.359649122807557 36
24.36842105263212 3
24.403508771930365 1
24.464912280702297 12
24.464912280702297 27
24.500000000000544 11
24.500000000000544 34
24.508771929825105 38
24.570175438597037 29
24.605263157895283 19
24.622807017544407 8
24.64035087719353 47
24.64912280701809 7
24.675438596491777 50
24.6929824561409 11
24.70175438596546 17
24.771929824561955 31
24.79824561403564 20
24.868421052632133 19
24.885964912281256 11
24.894736842105818 24
24.947368421053188 25
25.026315789474243 6
25.078947368421613 11
25.131578947368983 19
25.140350877193544 59
25.201754385965476 43
25.236842105263722 18
25.27192982456197 11
25.289473684211092 9
25.289473684211092 28
25.3333333333339 57
25.350877192983024 36
25.38596491228127 44
25.394736842105832 19
25.464912280702325 11
25.473684210526887 7
25.500000000000572 2
25.500000000000572 15
25.517543859649695 17
25.526315789474257 41
25.578947368421627 12
25.65789473684268 11
25.65789473684268 19
25.69298245614093 24
25.70175438596549 3
25.71052631579005 1
25.7456140350883 4
25.75438596491286 6
25.850877192983038 10
25.850877192983038 11
25.92105263157953 19
25.96491228070234 14
26.008771929825148 30
26.043859649123394 11
26.087719298246203 29
26.140350877193573 44
26.140350877193573 59
26.18421052631638 19
26.23684210526375 11
26.298245614035682 7
26.307017543860244 25
26.315789473684806 46
26.324561403509367 49
26.33333333333393 17
26.34210526315849 36
26.429824561404107 11
26.429824561404107 37
26.44736842105323 19
26.44736842105323 48
26.482456140351477 6
26.49122807017604 24
26.5000000000006 22
26.5000000000006 47
26.508771929825162 44
26.535087719298847 39
26.622807017544464 11
26.692982456140957 12
26.71052631579008 19
26.75438596491289 55
26.789473684211135 23
26.81578947368482 11
26.81578947368482 43
26.82456140350938 15
26.842105263158505 26
26.912280701754998 27
26.92982456140412 18
26.97368421052693 19
26.991228070176053 50
27.000000000000615 9
27.000000000000615 9
27.008771929825176 11
27.03508771929886 3
27.061403508772546 16
27.13157894736904 7
27.13157894736904 58
27.1403508771936 18
27.149122807018163 17
27.201754385965533 11
27.210526315790094 6
27.23684210526378 1
27.23684210526378 19
27.254385964912903 20
27.254385964912903 29
27.28947368421115 24
27.333333333333957 36
27.39473684210589 11
27.39473684210589 52
27.491228070176067 44
27.50000000000063 19
27.517543859649752 42
27.587719298246245 11
27.6666666666673 25
27.701754385965547 8
27.76315789473748 19
27.7807017543866 11
27.807017543860287 12
27.82456140350941 4
27.93859649122871 5
27.93859649122871 6
27.956140350877835 7
27.964912280702396 17
27.973684210526958 11
28.026315789474328 19
28.08771929824626 24
28.114035087719945 32
28.14035087719363 15
28.166666666667314 11
28.20175438596556 31
28.210526315790123 46
28.210526315790123 59
28.280701754386616 30
28.289473684211178 19
28.324561403509424 36
28.35964912280767 11
28.35964912280767 47
28.368421052632232 3
28.491228070176096 48
28.552631578948027 11
28.552631578948027 19
28.587719298246274 1
28.66666666666733 6
28.701754385965575 9
28.745614035088384 11
28.78070175438663 7
28.78070175438663 17
28.815789473684877 19
28.815789473684877 19
28.833333333334 41
28.88596491228137 24
28.921052631579617 12
28.93859649122874 11
28.99122807017611 2
29.026315789474356 25
29.035087719298918 43
29.05263157894804 39
29.078947368421726 19
29.131578947369096 11
29.15789473684278 57
29.219298245614713 29
29.298245614035768 42
29.30701754386033 50
29.31578947368489 36
29.324561403509453 11
29.342105263158576 19
29.3596491228077 27
29.385964912281384 49
29.394736842105946 6
29.42105263157963 34
29.46491228070244 15
29.51754385964981 11
29.51754385964981 14
29.596491228070864 17
29.605263157895426 7
29.605263157895426 19
29.68421052631648 24
29.701754385965604 3
29.701754385965604 10
29.710526315790165 11
29.710526315790165 20
29.745614035088412 38
29.868421052632275 19
29.90350877193052 4
29.90350877193052 11
29.929824561404207 16
29.964912280702453 1
30.035087719298946 12
30.096491228070878 11
30.122807017544563 6
30.131578947369125 19
30.131578947369125 59
30.21052631579018 28
30.21929824561474 47
30.289473684211234 11
30.307017543860358 36
30.385964912281413 25
30.394736842105974 19
30.412280701755098 9
30.412280701755098 17
30.438596491228783 7
30.48245614035159 11
30.48245614035159 24
30.5263157894744 58
30.552631578948084 30
30.570175438597207 48
30.649122807018262 23
30.657894736842824 19
30.675438596491947 11
30.73684210526388 22
30.78947368421125 15
30.833333333334057 18
30.85087719298318 6
30.859649122807742 42
30.868421052632304 11
30.921052631579673 19
31.00000000000073 41
31.035087719298975 3
31.06140350877266 11
31.06140350877266 44
31.06140350877266 56
31.087719298246345 1
31.149122807018276 12
31.184210526316523 19
31.22807017543933 17
31.254385964913016 11
31.27192982456214 7
31.2807017543867 24
31.298245614035825 36
31.403508771930564 37
31.447368421053373 11
31.447368421053373 19
31.578947368421797 6
31.622807017544606 50
31.64035087719373 11
31.666666666667414 59
31.684210526316537 46
31.710526315790222 19
31.719298245614784 18
31.74561403508847 25
31.8070175438604 27
31.824561403509524 44
31.833333333334085 11
31.885964912281455 55
31.97368421052707 19
31.982456140351633 4
32.01754385964988 26
32.02631578947444 11
32.04385964912356 17
32.07894736842181 24
32.07894736842181 47
32.08771929824637 52
32.10526315789549 7
32.10526315789549 32
32.114035087720055 15
32.122807017544616 9
32.1491228070183 57
32.166666666667425 20
32.19298245614111 39
32.219298245614794 11
32.23684210526392 19
32.2631578947376 12
32.28947368421129 36
32.30701754386041 6
32.36842105263234 3
32.41228070175515 11
32.4473684210534 49
32.482456140351644 2
32.50000000000077 19
32.60526315789551 11
32.60526315789551 48
32.701754385965685 29
32.745614035088494 18
32.76315789473762 19
32.798245614035864 11
32.798245614035864 16
32.83333333333411 30
32.85087719298323 17
32.87719298245692 24
32.89473684210604 44
32.93859649122885 7
32.95614035087797 31
32.964912280702535 42
32.99122807017622 11
33.02631578947447 19
33.03508771929903 6
33.070175438597275 14
33.10526315789552 25
33.175438596492015 1
33.184210526316576 11
33.228070175439385 18
33.280701754386754 36
33.289473684211316 19
33.37719298245693 11
33.37719298245693 12
33.438596491228864 15
33.51754385964992 8
33.552631578948166 10
33.552631578948166 19
33.57017543859729 11
33.66666666666747 17
33.67543859649203 24
33.701754385965714 3
33.763157894737645 6
33.763157894737645 7
33.763157894737645 11
33.815789473685015 19
33.82456140350958 9
33.8421052631587 46
33.93859649122888 47
33.93859649122888 50
33.956140350878 11
34.06140350877274 4
34.078947368421865 19
34.14912280701836 11
34.184210526316605 34
34.20175438596573 59
34.2543859649131 27
34.27192982456222 36
34.342105263158714 11
34.342105263158714 19
34.46491228070258 25
34.47368421052714 24
34.4824561403517 17
34.49122807017626 6
34.49122807017626 12
34.49122807017626 12
34.49122807017626 58
34.508771929825386 23
34.53508771929907 11
34.58771929824644 7
34.605263157895564 19
34.605263157895564 43
34.62280701754469 20
34.64035087719381 48
34.68421052631662 39
34.72807017543943 11
34.75438596491311 5
34.763157894737674 15
34.868421052632414 19
34.88596491228154 18
34.921052631579784 11
34.929824561404345 44
34.97368421052715 22
35.035087719299085 3
35.11403508772014 11
35.11403508772014 30
35.13157894736926 19
35.13157894736926 28
35.21052631579032 41
35.21929824561488 6
35.22807017543944 42
35.26315789473769 36
35.27192982456225 24
35.298245614035935 17
35.307017543860496 11
35.307017543860496 44
35.37719298245699 1
35.39473684210611 19
35.39473684210611 55
35.412280701755236 7
35.50000000000085 11
35.508771929825414 49
35.508771929825414 57
35.52631578947454 9
35.58771929824647 5
35.60526315789559 12
35.65789473684296 19
35.65789473684296 19
35.666666666667524 16
35.69298245614121 11
35.79824561403595 47
35.824561403509634 25
35.885964912281565 11
35.92105263157981 19
35.9473684210535 6
35.97368421052718 2
36.07017543859736 24
36.07894736842192 11
36.08771929824648 15
36.11403508772017 17
36.12280701754473 43
36.14035087719385 4
36.14035087719385 4
36.18421052631666 19
36.21929824561491 32
36.24561403508859 7
36.254385964913155 36
36.254385964913155 50
36.27192982456228 11
36.34210526315877 42
36.368421052632456 3
36.37719298245702 37
36.421052631579826 59
36.44736842105351 19
36.464912280702634 11
36.464912280702634 18
36.622807017544744 14
36.65789473684299 11
36.675438596492114 6
36.675438596492114 48
36.7017543859658 27
36.71052631579036 19
36.71929824561492 12
36.74561403508861 31
36.789473684211416 1
36.85087719298335 11
36.86842105263247 24
36.86842105263247 40
36.9298245614044 17
36.97368421052721 19
37.01754385965002 52
37.0438596491237 11
37.07894736842195 7
37.07894736842195 20
37.18421052631669 25
37.20175438596581 39
37.23684210526406 9
37.23684210526406 11
37.23684210526406 19
37.24561403508862 36
37.315789473685115 18
37.39473684210617 30
37.40350877193073 6
37.40350877193073 10
37.41228070175529 15
37.421052631579855 59
37.429824561404416 11
37.50000000000091 19
37.50877192982547 5
37.50877192982547 41
37.535087719299156 26
37.535087719299156 42
37.62280701754477 11
37.640350877193896 46
37.65789473684302 47
37.66666666666758 24
37.70175438596583 3
37.745614035088636 17
37.76315789473776 19
37.81578947368513 11
37.82456140350969 18
37.83333333333425 12
37.8684210526325 57
37.894736842106184 38
37.91228070175531 7
37.92982456140443 29
37.956140350878115 56
38.008771929825485 11
38.02631578947461 19
38.07894736842198 44
38.13157894736935 6
38.14035087719391 43
38.20175438596584 11
38.20175438596584 18
38.219298245614965 4
38.23684210526409 36
38.28947368421146 19
38.36842105263251 23
38.3947368421062 11
38.46491228070269 24
38.535087719299185 16
38.543859649123746 25
38.55263157894831 19
38.56140350877287 17
38.57017543859743 49
38.57017543859743 50
38.587719298246554 11
38.649122807018486 42
38.71929824561498 48
38.71929824561498 48
38.7368421052641 15
38.745614035088664 7
38.78070175438691 11
38.81578947368516 19
38.859649122807966 6
38.94736842105358 9
38.94736842105358 12
38.97368421052727 11
39.0350877192992 3
39.07894736842201 19
39.1491228070185 27
39.16666666666762 11
39.21052631579043 22
39.228070175439555 36
39.2631578947378 24
39.34210526315886 19
39.35964912280798 11
39.36842105263254 59
39.3771929824571 17
39.385964912281665 1
39.46491228070272 2
39.51754385965009 47
39.53508771929921 20
39.543859649123775 55
39.552631578948336 5
39.552631578948336 11
39.552631578948336 46
39.57894736842202 7
39.58771929824658 6
39.605263157895706 19
39.61403508772027 8
39.63157894736939 34
39.66666666666764 30
39.66666666666764 52
39.74561403508869 11
39.7894736842115 58
39.84210526315887 42
39.868421052632556 19
39.9035087719308 25
39.93859649122905 11
40.05263157894835 28
40.06140350877291 12
40.06140350877291 15
40.06140350877291 24
40.10526315789572 29
40.131578947369405 11
40.131578947369405 19
40.15789473684309 44
40.175438596492214 14
40.19298245614134 17
40.21052631579046 41
40.21929824561502 36
40.25438596491327 18
40.26315789473783 45
40.27192982456239 39
40.29824561403608 4
40.3157894736852 6
40.32456140350976 11
40.36842105263257 3
40.394736842106255 19
40.40350877193082 7
40.47368421052731 1
40.51754385965012 11
40.57017543859749 18
40.64912280701854 9
40.657894736843105 19
40.666666666667666 59
40.710526315790474 11
40.74561403508872 48
40.80701754386065 57
40.85964912280802 24
40.88596491228171 50
40.90350877193083 11
40.91228070175539 32
40.921052631579954 19
40.94736842105364 44
40.9561403508782 42
40.96491228070276 18
41.00000000000101 17
41.04385964912382 6
41.09649122807119 11
41.17543859649224 12
41.184210526316804 19
41.21052631579049 36
41.22807017543961 7
41.2543859649133 10
41.26315789473786 25
41.28947368421154 11
41.350877192983475 37
41.37719298245716 47
41.38596491228172 15
41.403508771930845 16
41.42982456140453 29
41.44736842105365 19
41.4824561403519 11
41.49122807017646 46
41.5964912280712 27
41.63157894736945 49
41.65789473684313 24
41.675438596492256 11
41.69298245614138 43
41.70175438596594 3
41.7105263157905 19
41.74561403508875 44
41.771929824562434 6
41.79824561403612 18
41.80701754386068 17
41.86842105263261 11
41.92105263157998 31
41.938596491229106 30
41.97368421052735 19
41.991228070176476 20
42.02631578947472 40
42.05263157894841 1
42.06140350877297 7
42.06140350877297 11
42.06140350877297 11
42.07017543859753 42
42.201754385965955 36
42.22807017543964 23
42.2368421052642 19
42.254385964913325 11
42.28947368421157 12
42.359649122808065 9
42.37719298245719 4
42.44736842105368 11
42.45614035087824 24
42.50000000000105 6
42.50000000000105 19
42.622807017544915 17
42.622807017544915 25
42.64035087719404 11
42.71052631579053 15
42.7631578947379 19
42.780701754387024 48
42.833333333334394 11
42.894736842106326 7
42.91228070175545 26
42.95614035087826 2
42.96491228070282 38
42.96491228070282 46
43.02631578947475 11
43.02631578947475 19
43.03508771929931 3
43.08771929824668 18
43.08771929824668 39
43.19298245614142 36
43.21929824561511 11
43.22807017543967 6
43.22807017543967 8
43.23684210526423 47
43.254385964913354 24
43.2894736842116 19
43.35087719298353 1
43.37719298245722 57
43.38596491228178 50
43.4035087719309 12
43.41228070175546 11
43.43859649122915 17
43.44736842105371 22
43.44736842105371 44
43.55263157894845 19
43.60526315789582 11
43.65789473684319 41
43.66666666666775 42
43.71929824561512 7
43.72807017543968 14
43.798245614036176 11
43.8157894736853 19
43.850877192983546 18
43.956140350878286 6
43.98245614035197 25
43.99122807017653 11
44.03508771929934 15
44.0438596491239 27
44.0438596491239 29
44.052631578948464 24
44.061403508773026 9
44.07894736842215 19
44.18421052631689 11
44.18421052631689 36
44.210526315790574 30
44.25438596491338 17
44.271929824562505 16
44.342105263159 19
44.368421052632684 3
44.377192982457245 11
44.44736842105374 20
44.4561403508783 4
44.50000000000111 43
44.51754385965023 12
44.54385964912392 7
44.5701754385976 11
44.60526315789585 19
44.6842105263169 6
44.692982456141465 49
44.71052631579059 34
44.71929824561515 1
44.76315789473796 11
44.78070175438708 42
44.81578947368533 48
44.850877192983575 24
44.8684210526327 19
44.956140350878314 11
44.97368421052744 28
45.061403508773054 58
45.070175438597616 17
45.0964912280713 47
45.10526315789586 10
45.13157894736955 19
45.14912280701867 11
45.166666666667794 46
45.175438596492356 36
45.280701754387096 56
45.30701754386078 29
45.333333333334465 32
45.34210526315903 11
45.34210526315903 25
45.35964912280815 15
45.36842105263271 7
45.3947368421064 19
45.41228070175552 6
45.50000000000114 18
45.53508771929938 11
45.63157894736956 12
45.63157894736956 44
45.649122807018685 24
45.65789473684325 19
45.701754385966055 3
45.701754385966055 50
45.701754385966055 55
45.72807017543974 11
45.76315789473799 59
45.77192982456255 9
45.88596491228185 17
45.89473684210641 42
45.921052631580096 11
45.921052631580096 19
45.973684210527466 52
46.00877192982571 41
46.11403508772045 11
46.122807017545014 23
46.14035087719414 6
46.15789473684326 18
46.16666666666782 36
46.184210526316946 19
46.20175438596607 7
46.228070175439754 39
46.24561403508888 44
46.30701754386081 11
46.32456140350993 37
46.447368421053795 2
46.447368421053795 19
46.447368421053795 24
46.491228070176604 27
46.491228070176604 30
46.500000000001165 11
46.53508771929941 4
46.57894736842222 45
46.64035087719415 40
46.68421052631696 15
46.69298245614152 11
46.70175438596608 17
46.70175438596608 25
46.710526315790645 19
46.74561403508889 12
46.79824561403626 18
46.84210526315907 48
46.868421052632755 6
46.88596491228188 11
46.903508771931 20
46.93859649122925 43
46.95614035087837 47
46.973684210527495 19
47.00877192982574 42
47.035087719299426 3
47.035087719299426 7
47.05263157894855 44
47.06140350877311 59
47.078947368422234 11
47.140350877194166 16
47.15789473684329 36
47.236842105264344 19
47.245614035088906 24
47.27192982456259 11
47.27192982456259 29
47.28070175438715 14
47.41228070175558 1
47.4298245614047 18
47.4298245614047 57
47.46491228070295 11
47.48245614035207 9
47.500000000001194 19
47.508771929825755 17
47.59649122807137 6
47.6578947368433 11
47.67543859649243 26
47.68421052631699 22
47.75438596491348 49
47.76315789473804 19
47.85087719298366 11
47.85964912280822 12
47.86842105263278 7
48.00877192982577 15
48.01754385965033 50
48.02631578947489 19
48.043859649124016 11
48.043859649124016 24
48.06140350877314 25
48.0701754385977 18
48.12280701754507 42
48.149122807018756 36
48.184210526317 38
48.23684210526437 11
48.27192982456262 59
48.28947368421174 19
48.307017543860866 46
48.32456140350999 6
48.32456140350999 17
48.3684210526328 3
48.42105263158017 43
48.42982456140473 11
48.43859649122929 29
48.55263157894859 19
48.614035087720524 4
48.622807017545085 11
48.622807017545085 18
48.63157894736965 1
48.70175438596614 7
48.76315789473807 41
48.77192982456263 30
48.81578947368544 11
48.81578947368544 19
48.81578947368544 47
48.84210526315913 18
48.84210526315913 24
48.87719298245737 48
48.938596491229305 27
48.95614035087843 10
48.97368421052755 12
49.0087719298258 11
49.052631578948606 6
49.06140350877317 31
49.07894736842229 19
49.14035087719422 17
49.14035087719422 36
49.19298245614159 9
49.201754385966154 11
49.2368421052644 42
49.33333333333458 15
49.34210526315914 19
49.359649122808264 20
49.39473684210651 11
49.421052631580196 25
49.5350877192995 7
49.54385964912406 59
49.578947368422305 55
49.58771929824687 11
49.60526315789599 19
49.61403508772055 18
49.64035087719424 24
49.70175438596617 3
49.736842105264415 1
49.75438596491354 34
49.78070175438722 6
49.78070175438722 11
49.83333333333459 57
49.842105263159155 18
49.86842105263284 19
49.894736842106525 28
49.93859649122933 2
49.947368421053895 17
49.97368421052758 11
49.98245614035214 23
49.98245614035214 32
50.008771929825826 16
50.03508771929951 18
50.07017543859776 44
50.08771929824688 12
50.09649122807144 46
50.13157894736969 19
50.13157894736969 36
50.166666666667936 11
50.219298245615306 18
50.33333333333461 50
50.35087719298373 42
50.35964912280829 11
50.368421052632854 7
50.377192982457416 29
50.39473684210654 18
50.39473684210654 19
50.43859649122935 24
50.50877192982584 6
50.55263157894865 11
50.57017543859777 18
50.65789473684339 15
50.65789473684339 19
50.67543859649251 47
50.692982456141635 4
50.745614035089005 11
50.745614035089005 18
50.75438596491357 17
50.78070175438725 25
50.83333333333462 14
50.85964912280831 49
50.87719298245743 44
50.903508771931115 9
50.91228070175568 18
50.91228070175568 48
50.92105263158024 19
50.93859649122936 11
51.03508771929954 3
51.0438596491241 30
51.07894736842235 18
51.122807017545156 36
51.13157894736972 11
51.14035087719428 1
51.166666666667965 58
51.18421052631709 19
51.20175438596621 7
51.20175438596621 12
51.21052631579077 59
51.23684210526446 6
51.23684210526446 24
51.24561403508902 18
51.26315789473814 43
51.29824561403639 37
51.324561403510074 11
51.36842105263288 52
51.385964912282006 27
51.41228070175569 18
51.44736842105394 19
51.46491228070306 42
51.51754385965043 11
51.56140350877324 17
51.57894736842236 18
51.71052631579079 11
51.71052631579079 19
51.71052631579079 19
51.745614035089034 18
51.81578947368553 20
51.84210526315921 29
51.87719298245746 39
51.90350877193114 11
51.912280701755705 18
51.92105263158027 22
51.964912280703075 6
51.97368421052764 19
51.9824561403522 15
52.03508771929957 5
52.03508771929957 7
52.03508771929957 24
52.0964912280715 11
52.11403508772062 36
52.14035087719431 25
52.19298245614168 18
52.20175438596624 40
52.228070175439925 26
52.236842105264486 19
52.25438596491361 46
52.289473684211856 11
52.31578947368554 12
52.35964912280835 18
52.36842105263291 3
52.36842105263291 17
52.48245614035221 11
52.500000000001336 19
52.51754385965046 1
52.52631578947502 18
52.53508771929958 47
52.56140350877327 44
52.57894736842239 42
52.61403508772064 9
52.649122807018884 50
52.67543859649257 11
52.69298245614169 6
52.69298245614169 18
52.69298245614169 57
52.763157894738185 19
52.77192982456275 4
52.79824561403643 59
52.807017543860994 10
52.83333333333468 24
52.859649122808364 18
52.868421052632925 7
52.868421052632925 11
52.87719298245749 16
52.89473684210661 45
52.94736842105398 48
52.99122807017679 55
53.026315789475035 18
53.026315789475035 19
53.06140350877328 11
53.10526315789609 36
53.17543859649258 17
53.192982456141706 18
53.22807017543995 31
53.245614035089076 38
53.25438596491364 11
53.28070175438732 43
53.289473684211885 19
53.289473684211885 44
53.30701754386101 15
53.31578947368557 30
53.31578947368557 56
53.35964912280838 18
53.42105263158031 6
53.42982456140487 2
53.42982456140487 12
53.447368421053994 11
53.500000000001364 25
53.52631578947505 18
53.552631578948734 19
53.63157894736979 24
53.64035087719435 11
53.69298245614172 18
53.69298245614172 42
53.70175438596628 3
53.70175438596628 7
53.815789473685584 19
53.815789473685584 44
53.83333333333471 11
53.83333333333471 27
53.84210526315927 23
53.85964912280839 18
53.91228070175576 41
53.921052631580324 49
53.95614035087857 52
53.982456140352255 17
54.02631578947506 11
54.02631578947506 18
54.05263157894875 34
54.06140350877331 29
54.07894736842243 19
54.09649122807156 36
54.14912280701893 6
54.17543859649261 1
54.192982456141735 18
54.21929824561542 11
54.27192982456279 20
54.32456140351016 9
54.34210526315928 19
54.359649122808406 18
54.38596491228209 14
54.403508771931214 47
54.412280701755776 11
54.4298245614049 24
54.52631578947508 18
54.53508771929964 7
54.5438596491242 12
54.58771929824701 46
54.60526315789613 11
54.60526315789613 19
54.63157894736982 15
54.675438596492626 58
54.69298245614175 18
54.73684210526456 39
54.78947368421193 17
54.79824561403649 11
54.80701754386105 42
54.81578947368561 28
54.824561403510174 43
54.85087719298386 4
54.85964912280842 18
54.85964912280842 25
54.86842105263298 19
54.877192982457544 6
54.96491228070316 50
54.97368421052772 48
54.991228070176845 11
55.00000000000141 32
55.02631578947509 18
55.03508771929965 3
55.08771929824702 36
55.096491228071585 44
55.11403508772071 29
55.13157894736983 19
55.1842105263172 11
55.19298245614176 18
55.22807017544001 24
55.359649122808435 18
55.368421052632996 7
55.37719298245756 11
55.39473684210668 19
55.412280701755805 1
55.526315789475106 18
55.570175438597914 11
55.58771929824704 30
55.5964912280716 17
55.60526315789616 6
55.65789473684353 12
55.65789473684353 19
55.69298245614178 18
55.74561403508915 16
55.76315789473827 11
55.85964912280845 18
55.92105263158038 19
55.92105263158038 42
55.95614035087863 11
55.95614035087863 15
56.02631578947512 18
56.02631578947512 24
56.03508771929968 9
56.07894736842249 36
56.14912280701898 11
56.157894736843545 22
56.18421052631723 19
56.19298245614179 18
56.20175438596635 7
56.21929824561548 25
56.263157894738285 47
56.27192982456285 37
56.27192982456285 41
56.28070175438741 27
56.33333333333478 6
56.34210526315934 11
56.35964912280846 18
56.368421052633025 3
56.38596491228215 29
56.40350877193127 17
56.44736842105408 19
56.4649122807032 57
56.473684210527765 44
56.526315789475134 18
56.535087719299696 11
56.55263157894882 1
56.578947368422504 43
56.631578947369874 26
56.640350877194436 59
56.65789473684356 10
56.65789473684356 31
56.684210526317244 55
56.692982456141806 18
56.71052631579093 19
56.72807017544005 11
56.72807017544005 20
56.77192982456286 12
56.82456140351023 24
56.85964912280848 18
56.92105263158041 2
56.92105263158041 11
56.92982456140497 4
56.97368421052778 19
56.98245614035234 49
56.98245614035234 52
57.008771929826025 48
57.02631578947515 18
57.03508771929971 7
57.03508771929971 42
57.061403508773395 6
57.07017543859796 36
57.114035087720765 11
57.15789473684357 44
57.19298245614182 18
57.21052631579094 17
57.23684210526463 19
57.28070175438744 15
57.28070175438744 50
57.30701754386112 11
57.30701754386112 56
57.35964912280849 18
57.35964912280849 46
57.50000000000148 11
57.50000000000148 19
57.52631578947516 18
57.57894736842253 25
57.62280701754534 24
57.67543859649271 1
57.692982456141834 11
57.692982456141834 18
57.701754385966396 3
57.701754385966396 23
57.745614035089204 9
57.76315789473833 19
57.78947368421201 6
57.82456140351026 44
57.859649122808506 18
57.859649122808506 30
57.86842105263307 7
57.88596491228219 11
57.88596491228219 12
57.903508771931314 59
57.93859649122956 14
58.017543859650615 17
58.02631578947518 18
58.02631578947518 19
58.061403508773424 36
58.07894736842255 11
58.122807017545355 47
58.14912280701904 42
58.19298245614185 18
58.2719298245629 11
58.28947368421203 19
58.28947368421203 38
58.35964912280852 18
58.42105263158045 24
58.46491228070326 11
58.46491228070326 34
58.51754385965063 6
58.52631578947519 18
58.552631578948876 19
58.605263157896246 15
58.61403508772081 16
58.64035087719449 41
58.657894736843616 11
58.69298245614186 18
58.701754385966424 7
58.71929824561555 29
58.72807017544011 27
58.815789473685726 19
58.82456140351029 17
58.84210526315941 5
58.85087719298397 11
58.859649122808534 18
58.90350877193134 45
58.93859649122959 25
58.93859649122959 43
58.95614035087871 1
59.00000000000152 12
59.00877192982608 4
59.026315789475206 18
59.03508771929977 3
59.04385964912433 11
59.04385964912433 48
59.05263157894889 36
59.078947368422575 19
59.184210526317315 20
59.19298245614188 18
59.21929824561556 24
59.236842105264685 11
59.24561403508925 6
59.26315789473837 42
59.30701754386118 39
59.342105263159425 19
59.35964912280855 18
59.35964912280855 46
59.42982456140504 11
59.45614035087873 9
59.45614035087873 9
59.52631578947522 18
59.53508771929978 7
59.552631578948905 44
59.57017543859803 57
59.59649122807171 50
59.605263157896275 19
59.614035087720836 40
59.6228070175454 11
59.63157894736996 17
59.69298245614189 18
59.7368421052647 28
59.815789473685754 11
59.85964912280856 18
59.868421052633124 19
59.929824561405056 15
59.973684210527864 6
59.982456140352426 47
