0.008771929824561403 12
0.06140350877192982 48
0.07017543859649122 23
0.09649122807017543 55
0.10526315789473684 27
0.11403508771929824 17
0.12280701754385964 25
0.14912280701754385 4
0.15789473684210525 47
0.21052631578947367 24
0.21929824561403508 15
0.24561403508771928 30
0.24561403508771928 39
0.2543859649122807 28
0.35087719298245645 22
0.3859649122807022 16
0.3859649122807022 20
0.4824561403508779 38
0.5087719298245622 32
0.5438596491228079 52
0.5526315789473694 26
0.5701754385964922 3
0.5701754385964922 57
0.5877192982456151 46
0.6228070175438608 7
0.8245614035087737 19
0.8421052631578966 29
0.9561403508771952 2
0.973684210526318 42
1.0087719298245637 24
1.1140350877193008 17
1.1228070175438623 1
1.1403508771929851 19
1.1403508771929851 41
1.1929824561403537 12
1.1929824561403537 43
1.2105263157894766 14
1.2280701754385994 6
1.4561403508771966 34
1.464912280701758 56
1.4736842105263195 7
1.5175438596491266 33
1.526315789473688 25
1.5526315789473724 15
1.6228070175438638 11
1.8070175438596539 24
1.9561403508771982 6
2.0000000000000053 58
2.1666666666666683 47
2.1754385964912295 42
2.192982456140352 46
2.280701754385964 3
2.315789473684209 7
2.3333333333333313 44
2.3421052631578925 17
2.3771929824561373 1
2.4385964912280658 36
2.5175438596491166 48
2.5614035087719227 19
2.6052631578947287 24
2.6842105263157796 6
2.7192982456140244 5
2.7192982456140244 27
2.7280701754385857 30
2.8859649122806874 15
2.8859649122806874 25
2.912280701754371 19
3.1491228070175237 7
3.298245614035064 44
3.4035087719297987 24
3.41228070175436 6
3.4298245614034824 36
3.4473684210526048 16
3.4736842105262884 4
3.535087719298217 52
3.5526315789473393 20
3.5964912280701453 46
3.622807017543829 10
3.63157894736839 3
3.6842105263157574 41
3.8070175438596143 1
3.842105263157859 19
3.9298245614034713 11
3.9385964912280325 17
3.9824561403508385 7
4.122807017543824 47
4.140350877192947 6
4.140350877192947 39
4.201754385964879 24
4.219298245614002 15
4.245614035087687 25
4.324561403508742 19
4.350877192982427 42
4.412280701754359 12
4.438596491228044 11
4.447368421052605 2
4.543859649122783 11
4.552631578947345 5
4.68421052631577 11
4.728070175438578 19
4.728070175438578 22
4.780701754385948 11
4.78947368421051 55
4.815789473684195 7
4.824561403508756 40
4.859649122807003 14
4.8684210526315645 6
4.877192982456126 11
4.964912280701743 3
4.973684210526304 11
4.999999999999989 24
5.008771929824551 48
5.070175438596483 11
5.070175438596483 57
5.078947368421044 44
5.0964912280701675 36
5.166666666666661 11
5.210526315789469 28
5.263157894736839 11
5.271929824561401 5
5.359649122807017 11
5.42982456140351 30
5.456140350877195 11
5.48245614035088 26
5.5526315789473735 4
5.5526315789473735 15
5.561403508771935 11
5.570175438596497 17
5.596491228070182 6
5.605263157894743 25
5.605263157894743 32
5.649122807017552 7
5.657894736842113 11
5.666666666666675 12
5.7543859649122915 11
5.7543859649122915 42
5.789473684210538 27
5.7982456140351 24
5.85087719298247 11
5.85087719298247 23
5.947368421052648 11
6.043859649122826 11
6.061403508771949 41
6.078947368421073 47
6.087719298245634 44
6.096491228070196 36
6.140350877193004 11
6.219298245614059 52
6.236842105263182 11
6.298245614035114 3
6.315789473684237 16
6.324561403508799 6
6.333333333333361 11
6.342105263157922 19
6.3859649122807305 20
6.3859649122807305 33
6.429824561403539 11
6.482456140350909 7
6.526315789473717 11
6.59649122807021 24
6.622807017543895 11
6.719298245614073 11
6.7894736842105665 38
6.8157894736842515 11
6.833333333333375 43
6.850877192982498 17
6.85964912280706 19
6.877192982456183 15
6.91228070175443 11
6.9649122807018 25
7.008771929824608 11
7.035087719298293 9
7.052631578947416 6
7.078947368421101 58
7.105263157894786 11
7.114035087719348 34
7.201754385964964 11
7.298245614035142 5
7.298245614035142 11
7.307017543859704 12
7.315789473684266 7
7.394736842105321 11
7.394736842105321 24
7.491228070175499 11
7.587719298245677 11
7.631578947368485 3
7.631578947368485 4
7.6754385964912935 17
7.684210526315855 11
7.780701754386033 6
7.780701754386033 11
7.780701754386033 57
7.8771929824562115 11
7.92105263157902 48
7.938596491228143 2
7.938596491228143 56
7.97368421052639 11
7.991228070175513 55
8.061403508772006 47
8.070175438596568 11
8.149122807017623 7
8.149122807017623 41
8.157894736842184 46
8.166666666666746 11
8.192982456140431 24
8.201754385964993 15
8.201754385964993 39
8.263157894736924 11
8.324561403508856 25
8.359649122807102 11
8.385964912280787 19
8.421052631579034 14
8.464912280701842 11
8.50877192982465 6
8.570175438596582 11
8.587719298245705 27
8.631578947368514 1
8.7719298245615 30
8.894736842105363 19
8.921052631579048 11
8.964912280701856 3
8.98245614035098 7
8.991228070175541 24
9.008771929824665 17
9.017543859649226 11
9.03508771929835 42
9.052631578947473 20
9.052631578947473 22
9.114035087719405 11
9.157894736842213 52
9.184210526315898 16
9.228070175438706 8
9.236842105263268 6
9.46491228070187 46
9.526315789473802 15
9.526315789473802 45
9.614035087719419 9
9.657894736842227 43
9.684210526315912 25
9.719298245614159 29
9.72807017543872 37
9.736842105263282 36
9.754385964912405 23
9.789473684210652 24
9.807017543859775 7
9.964912280701885 6
10.017543859649255 47
10.114035087719433 4
10.140350877193118 28
10.219298245614173 5
10.298245614035228 3
10.47368421052646 17
10.508771929824707 12
10.52631578947383 58
10.535087719298392 11
10.5789473684212 44
10.587719298245762 24
10.605263157894885 10
10.63157894736857 7
10.63157894736857 11
10.692982456140502 6
10.692982456140502 48
10.728070175438749 11
10.728070175438749 36
10.824561403508927 11
10.850877192982612 15
10.921052631579105 11
11.017543859649283 11
11.043859649122968 25
11.05263157894753 57
11.096491228070338 5
11.114035087719461 11
11.201754385965078 30
11.21052631578964 11
11.26315789473701 46
11.307017543859818 11
11.307017543859818 26
11.333333333333503 55
11.385964912280873 24
11.403508771929996 11
11.403508771929996 44
11.42105263157912 6
11.42982456140368 2
11.42982456140368 34
11.464912280701927 7
11.47368421052649 32
11.500000000000174 11
11.561403508772106 1
11.58771929824579 41
11.596491228070352 11
11.631578947368599 3
11.649122807017722 38
11.69298245614053 11
11.719298245614215 36
11.771929824561585 17
11.789473684210709 11
11.885964912280887 11
11.964912280701942 47
11.973684210526503 14
11.982456140351065 11
11.982456140351065 43
12.052631578947558 16
12.078947368421243 11
12.087719298245805 39
12.096491228070366 19
12.149122807017736 6
12.175438596491421 11
12.175438596491421 15
12.184210526315983 24
12.192982456140545 4
12.2719298245616 11
12.298245614035284 7
12.342105263158093 27
12.368421052631778 11
12.368421052631778 52
12.403508771930024 25
12.464912280701956 11
12.500000000000203 44
12.53508771929845 56
12.561403508772134 11
12.657894736842312 11
12.675438596491436 48
12.710526315789682 1
12.710526315789682 36
12.75438596491249 11
12.833333333333545 42
12.850877192982669 11
12.877192982456354 6
12.877192982456354 12
12.947368421052847 11
12.96491228070197 3
12.96491228070197 44
12.982456140351093 24
13.043859649123025 11
13.078947368421272 31
13.131578947368642 7
13.140350877193203 11
13.236842105263381 11
13.271929824561628 49
13.271929824561628 50
13.33333333333356 11
13.342105263158121 17
13.377192982456368 22
13.429824561403738 11
13.500000000000231 15
13.500000000000231 57
13.517543859649354 30
13.526315789473916 11
13.54385964912304 44
13.60526315789497 6
13.622807017544094 11
13.692982456140587 23
13.701754385965149 36
13.719298245614272 11
13.76315789473708 25
13.780701754386204 24
13.81578947368445 11
13.850877192982697 43
13.912280701754629 11
13.912280701754629 47
13.964912280701999 7
14.008771929824807 11
14.052631578947615 12
14.087719298245862 40
14.105263157894985 11
14.201754385965163 11
14.271929824561656 4
14.28947368421078 45
14.298245614035341 3
14.298245614035341 11
14.333333333333588 6
14.385964912280958 20
14.39473684210552 11
14.491228070175698 11
14.561403508772191 29
14.578947368421314 24
14.578947368421314 41
14.587719298245876 11
14.649122807017807 33
14.649122807017807 58
14.657894736842369 55
14.675438596491492 17
14.684210526316054 11
14.692982456140616 36
14.701754385965177 37
14.780701754386232 11
14.780701754386232 48
14.798245614035356 7
14.82456140350904 15
14.87719298245641 11
14.903508771930095 19
14.921052631579219 2
14.921052631579219 16
14.973684210526589 11
15.061403508772205 6
15.070175438596767 11
15.070175438596767 28
15.122807017544137 25
15.166666666666945 11
15.166666666666945 52
15.175438596491507 19
15.175438596491507 42
15.263157894737123 11
15.359649122807301 11
15.377192982456425 24
15.377192982456425 24
15.45614035087748 32
15.464912280702041 10
15.473684210526603 11
15.526315789473973 14
15.570175438596781 11
15.622807017544151 1
15.631578947368713 3
15.631578947368713 7
15.657894736842398 17
15.66666666666696 11
15.684210526316082 36
15.684210526316082 50
15.701754385965206 46
15.763157894737137 11
15.789473684210822 6
15.815789473684507 30
15.850877192982754 47
15.859649122807316 11
15.956140350877494 11
16.052631578947672 11
16.09649122807048 19
16.14912280701785 11
16.14912280701785 15
16.175438596491535 24
16.24561403508803 11
16.24561403508803 26
16.25438596491259 57
16.289473684210837 34
16.342105263158206 11
16.350877192982768 4
16.4122807017547 43
16.438596491228385 11
16.46491228070207 7
16.482456140351193 25
16.51754385964944 6
16.535087719298563 11
16.63157894736874 11
16.67543859649155 36
16.72807017543892 11
16.763157894737166 9
16.763157894737166 48
16.815789473684536 17
16.824561403509097 11
16.903508771930152 27
16.921052631579276 11
16.929824561403837 42
16.964912280702084 3
16.973684210526645 24
16.99122807017577 1
17.017543859649454 11
17.070175438596824 39
17.09649122807051 29
17.114035087719632 11
17.21052631578981 11
17.245614035088057 6
17.298245614035427 7
17.30701754385999 11
17.403508771930166 11
17.47368421052666 15
17.48245614035122 49
17.500000000000345 11
17.596491228070523 11
17.63157894736877 38
17.649122807017893 17
17.666666666667016 36
17.6929824561407 11
17.710526315789824 8
17.710526315789824 22
17.710526315789824 56
17.719298245614386 23
17.771929824561756 24
17.78947368421088 11
17.78947368421088 16
17.78947368421088 47
17.807017543860002 41
17.84210526315825 25
17.868421052631934 43
17.868421052631934 55
17.885964912281057 11
17.973684210526674 6
17.982456140351236 11
18.078947368421414 11
18.122807017544222 7
18.175438596491592 11
18.175438596491592 30
18.27192982456177 11
18.298245614035455 3
18.307017543860017 12
18.36842105263195 11
18.403508771930195 42
18.412280701754757 2
18.421052631579318 50
18.42982456140388 4
18.464912280702126 11
18.561403508772305 11
18.570175438596866 24
18.58771929824599 17
18.605263157895113 20
18.657894736842483 11
18.657894736842483 36
18.70175438596529 6
18.719298245614414 9
18.75438596491266 11
18.75438596491266 19
18.79824561403547 15
18.85087719298284 11
18.894736842105647 48
18.947368421053017 7
18.947368421053017 11
18.982456140351264 57
19.043859649123196 11
19.078947368421442 14
19.140350877193374 11
19.17543859649162 19
19.201754385965305 1
19.201754385965305 25
19.236842105263552 11
19.33333333333373 11
19.368421052631977 24
19.403508771930223 12
19.412280701754785 17
19.42982456140391 6
19.42982456140391 11
19.43859649122847 46
19.456140350877593 32
19.5000000000004 40
19.526315789474086 11
19.622807017544265 11
19.631578947368826 3
19.64912280701795 36
19.675438596491635 37
19.719298245614443 11
19.728070175439004 47
19.75438596491269 19
19.76315789473725 43
19.771929824561813 7
19.81578947368462 11
19.842105263158306 58
19.885964912281114 44
19.9122807017548 11
19.92105263157936 42
19.956140350877607 27
20.000000000000416 28
20.008771929824977 11
20.087719298246032 41
20.105263157895156 11
20.12280701754428 15
20.157894736842525 6
20.166666666667087 24
20.201754385965334 11
20.22807017543902 17
20.298245614035512 11
20.39473684210569 11
20.44736842105306 52
20.49122807017587 11
20.50000000000043 12
20.50000000000043 30
20.50877192982499 4
20.526315789474115 19
20.56140350877236 25
20.587719298246046 11
20.60526315789517 7
20.640350877193416 36
20.65789473684254 16
20.684210526316225 11
20.780701754386403 11
20.833333333333773 46
20.833333333333773 50
20.87719298245658 11
20.885964912281143 6
20.912280701754828 48
20.964912280702197 3
20.964912280702197 24
20.97368421052676 11
21.070175438596937 11
21.0789473684215 20
21.096491228070622 17
21.166666666667115 11
21.263157894737294 11
21.359649122807472 11
21.39473684210572 19
21.438596491228527 7
21.44736842105309 15
21.45614035087765 11
21.552631578947828 11
21.596491228070636 12
21.61403508771976 6
21.631578947368883 36
21.649122807018006 11
21.66666666666713 47
21.745614035088185 11
21.745614035088185 57
21.763157894737308 24
21.789473684210993 34
21.842105263158363 11
21.88596491228117 44
21.903508771930294 2
21.93859649122854 11
21.947368421053103 1
21.99122807017591 42
22.03508771929872 11
22.03508771929872 22
22.09649122807065 8
22.105263157895212 55
22.131578947368897 11
22.228070175439075 11
22.228070175439075 19
22.228070175439075 43
22.263157894737322 7
22.29824561403557 3
22.324561403509254 11
22.342105263158377 6
22.421052631579432 11
22.421052631579432 39
22.46491228070224 56
22.4736842105268 27
22.51754385964961 11
22.535087719298733 46
22.56140350877242 24
22.587719298246103 4
22.605263157895227 17
22.605263157895227 25
22.614035087719788 11
22.62280701754435 36
22.63157894736891 14
22.692982456140843 12
22.710526315789966 11
22.771929824561898 15
22.807017543860145 11
22.84210526315839 38
22.84210526315839 41
22.877192982456638 9
22.903508771930323 11
22.903508771930323 30
22.903508771930323 48
22.982456140351378 19
23.0000000000005 11
23.070175438596994 6
23.087719298246117 7
23.09649122807068 11
23.192982456140857 11
23.245614035088227 23
23.280701754386474 19
23.289473684211035 11
23.35964912280753 24
23.385964912281214 11
23.42105263157946 17
23.482456140351392 11
23.5263157894742 16
23.53508771929876 20
23.57894736842157 11
23.58771929824613 19
23.596491228070693 10
23.596491228070693 47
23.614035087719817 36
23.63157894736894 3
23.675438596491748 11
23.701754385965433 26
23.771929824561926 11
23.771929824561926 58
23.78947368421105 12
23.79824561403561 6
23.859649122807543 43
23.868421052632105 11
23.912280701754913 7
23.912280701754913 42
23.912280701754913 50
23.94736842105316 44
23.964912280702283 11
23.964912280702283 25
24.06140350877246 11
24.096491228070708 15
24.15789473684264 11
24.15789473684264 24
24.236842105263694 17
24.254385964912817 11
24.350877192982995 11
24.447368421053174 11
24.52631578947423 6
24.543859649123352 11
24.605263157895283 36
24.64035087719353 11
24.64912280701809 9
24.64912280701809 37
24.666666666667215 4
24.736842105263708 11
24.74561403508827 5
24.74561403508827 7
24.833333333333886 11
24.885964912281256 12
24.885964912281256 19
24.929824561404065 11
24.929824561404065 28
24.95614035087775 24
24.96491228070231 3
24.96491228070231 48
25.026315789474243 11
25.052631578947928 17
25.12280701754442 11
25.201754385965476 30
25.2192982456146 11
25.254385964912846 6
25.315789473684777 11
25.32456140350934 25
25.350877192983024 57
25.38596491228127 27
25.394736842105832 2
25.412280701754955 11
25.412280701754955 43
25.421052631579517 15
25.473684210526887 46
25.508771929825134 11
25.53508771929882 47
25.561403508772504 42
25.578947368421627 7
25.58771929824619 44
25.59649122807075 36
25.605263157895312 11
25.70175438596549 11
25.75438596491286 24
25.798245614035668 11
25.86842105263216 17
25.894736842105846 11
25.982456140351463 6
25.982456140351463 12
25.982456140351463 44
25.991228070176025 11
26.000000000000586 20
26.087719298246203 11
26.17543859649182 14
26.18421052631638 11
26.192982456140943 31
26.245614035088312 39
26.263157894737436 1
26.28070175438656 11
26.298245614035682 3
26.324561403509367 50
26.350877192983052 22
26.377192982456737 11
26.3859649122813 9
26.39473684210586 16
26.412280701754984 7
26.464912280702354 41
26.473684210526915 11
26.55263157894797 24
26.570175438597094 11
26.587719298246217 36
26.666666666667272 11
26.684210526316395 17
26.684210526316395 25
26.71052631579008 6
26.745614035088327 4
26.745614035088327 15
26.76315789473745 11
26.798245614035697 42
26.859649122807628 11
26.956140350877806 11
27.017543859649738 43
27.052631578947985 11
27.07894736842167 12
27.149122807018163 11
27.149122807018163 23
27.149122807018163 48
27.24561403508834 7
27.24561403508834 11
27.307017543860272 32
27.34210526315852 11
27.35087719298308 24
27.359649122807642 58
27.368421052632204 52
27.377192982456766 1
27.40350877193045 55
27.438596491228697 6
27.438596491228697 11
27.473684210526944 30
27.473684210526944 47
27.482456140351506 29
27.50000000000063 17
27.535087719298875 11
27.552631578948 56
27.578947368421684 36
27.631578947369054 3
27.631578947369054 11
27.728070175439232 11
27.82456140350941 11
27.859649122807657 44
27.921052631579588 11
27.92982456140415 19
28.017543859649766 11
28.04385964912345 25
28.070175438597136 15
28.078947368421698 7
28.114035087719945 11
28.14035087719363 40
28.14912280701819 24
28.166666666667314 6
28.175438596491876 12
28.20175438596556 9
28.210526315790123 11
28.3070175438603 11
28.315789473684863 17
28.385964912281356 26
28.40350877193048 11
28.438596491228726 10
28.45614035087785 20
28.500000000000657 11
28.57017543859715 36
28.596491228070835 11
28.596491228070835 44
28.692982456141014 11
28.692982456141014 38
28.7192982456147 42
28.789473684211192 11
28.789473684211192 46
28.82456140350944 4
28.84210526315856 34
28.88596491228137 2
28.88596491228137 11
28.89473684210593 6
28.912280701755055 7
28.9473684210533 24
28.964912280702425 3
28.982456140351548 11
28.982456140351548 27
29.078947368421726 11
29.122807017544535 48
29.131578947369096 17
29.175438596491905 11
29.236842105263836 1
29.26315789473752 16
29.271929824562083 11
29.271929824562083 12
29.3596491228077 19
29.36842105263226 11
29.394736842105946 15
29.403508771930507 25
29.41228070175507 47
29.46491228070244 11
29.491228070176124 41
29.561403508772617 11
29.561403508772617 36
29.62280701754455 6
29.62280701754455 37
29.657894736842795 11
29.719298245614727 14
29.745614035088412 7
29.745614035088412 24
29.754385964912974 11
29.754385964912974 43
29.763157894737535 30
29.850877192983152 11
29.850877192983152 28
29.921052631579645 9
29.94736842105333 11
29.94736842105333 17
30.043859649123508 11
30.070175438597193 39
30.140350877193686 11
30.236842105263865 11
30.298245614035796 3
30.298245614035796 46
30.333333333334043 11
30.350877192983166 6
30.36842105263229 12
30.42982456140422 11
30.5263157894744 11
30.5263157894744 57
30.543859649123522 24
30.552631578948084 36
30.561403508772646 5
30.57894736842177 7
30.596491228070892 19
30.622807017544577 11
30.666666666667385 22
30.719298245614755 11
30.719298245614755 15
30.763157894737564 17
30.763157894737564 25
30.807017543860372 55
30.815789473684934 11
30.85087719298318 44
30.90350877193055 4
30.912280701755112 11
30.912280701755112 20
31.00877192982529 11
31.078947368421783 6
31.087719298246345 48
31.105263157895468 11
31.201754385965646 11
31.298245614035825 11
31.342105263158633 24
31.342105263158633 47
31.394736842106003 11
31.412280701755126 7
31.464912280702496 12
31.464912280702496 44
31.473684210527058 43
31.49122807017618 11
31.54385964912355 36
31.578947368421797 17
31.58771929824636 11
31.631578947369167 3
31.64035087719373 9
31.684210526316537 11
31.736842105263907 46
31.780701754386715 11
31.8070175438604 6
31.815789473684962 19
31.877192982456894 11
31.96491228070251 32
31.97368421052707 11
32.04385964912356 15
32.05263157894812 30
32.070175438597246 11
32.122807017544616 25
32.13157894736918 16
32.14035087719374 24
32.166666666667425 11
32.24561403508848 7
32.2631578947376 11
32.2631578947376 58
32.29824561403585 42
32.324561403509534 50
32.35964912280778 11
32.35964912280778 19
32.377192982456904 2
32.39473684210603 17
32.41228070175515 23
32.45614035087796 11
32.535087719299014 6
32.535087719299014 36
32.55263157894814 11
32.5614035087727 12
32.649122807018315 11
32.745614035088494 11
32.84210526315867 11
32.93859649122885 11
32.93859649122885 24
32.964912280702535 3
32.98245614035166 4
33.03508771929903 11
33.07894736842184 7
33.0877192982464 46
33.131578947369206 11
33.14912280701833 43
33.21052631579026 17
33.21929824561482 41
33.228070175439385 11
33.26315789473763 6
33.26315789473763 14
33.29824561403588 47
33.32456140350956 11
33.36842105263237 15
33.36842105263237 20
33.385964912281494 9
33.42105263157974 11
33.438596491228864 48
33.45614035087799 34
33.48245614035167 25
33.51754385964992 11
33.52631578947448 36
33.543859649123604 39
33.596491228070974 19
33.6140350877201 11
33.63157894736922 26
33.657894736842906 12
33.710526315790275 11
33.710526315790275 40
33.73684210526396 24
33.763157894737645 49
33.807017543860454 11
33.815789473685015 10
33.88596491228151 38
33.90350877193063 11
33.91228070175519 7
33.921052631579755 42
33.93859649122888 27
33.94736842105344 8
33.99122807017625 6
34.00000000000081 11
34.00877192982537 19
34.026315789474495 17
34.0701754385973 52
34.09649122807099 11
34.192982456141166 11
34.27192982456222 1
34.28070175438678 19
34.289473684211345 11
34.298245614035906 3
34.33333333333415 30
34.38596491228152 11
34.38596491228152 55
34.4824561403517 11
34.51754385964995 36
34.53508771929907 24
34.57894736842188 11
34.596491228071 37
34.67543859649206 11
34.69298245614118 15
34.719298245614866 6
34.73684210526399 7
34.73684210526399 50
34.75438596491311 12
34.771929824562235 11
34.771929824562235 28
34.84210526315873 17
34.84210526315873 25
34.868421052632414 11
34.96491228070259 11
34.982456140351715 22
35.00000000000084 16
35.06140350877277 4
35.06140350877277 11
35.09649122807102 9
35.15789473684295 11
35.16666666666751 42
35.236842105264 47
35.254385964913126 11
35.33333333333418 24
35.33333333333418 56
35.34210526315874 31
35.350877192983305 11
35.36842105263243 33
35.38596491228155 48
35.42982456140436 1
35.44736842105348 6
35.44736842105348 11
35.48245614035173 41
35.508771929825414 36
35.54385964912366 11
35.561403508772784 7
35.63157894736928 3
35.63157894736928 46
35.64035087719384 11
35.65789473684296 17
35.73684210526402 11
35.74561403508858 58
35.824561403509634 20
35.833333333334195 11
35.85087719298332 12
35.86842105263244 2
35.929824561404374 11
35.9473684210535 32
36.01754385964999 15
36.02631578947455 11
36.12280701754473 11
36.13157894736929 24
36.14035087719385 43
36.15789473684298 19
36.1754385964921 6
36.201754385965785 25
36.21929824561491 11
36.2894736842114 23
36.315789473685086 11
36.38596491228158 27
36.39473684210614 7
36.412280701755265 11
36.473684210527196 17
36.50000000000088 36
36.50877192982544 11
36.60526315789562 11
36.60526315789562 30
36.7017543859658 11
36.79824561403598 11
36.80701754386054 9
36.80701754386054 14
36.833333333334224 49
36.86842105263247 44
36.894736842106155 11
36.90350877193072 6
36.92105263157984 42
36.9298245614044 24
36.947368421053525 12
36.96491228070265 3
36.991228070176334 11
37.03508771929914 46
37.08771929824651 11
37.14035087719388 4
37.14912280701844 50
37.16666666666757 47
37.18421052631669 11
37.2280701754395 7
37.28070175438687 11
37.28947368421143 17
37.33333333333424 48
37.3421052631588 15
37.377192982457046 11
37.41228070175529 19
37.473684210527225 11
37.49122807017635 36
37.56140350877284 25
37.5701754385974 11
37.631578947369334 6
37.64912280701846 43
37.66666666666758 10
37.66666666666758 11
37.67543859649214 39
37.70175438596583 1
37.72807017543951 24
37.76315789473776 11
37.850877192983376 34
37.85964912280794 11
37.8684210526325 16
37.88596491228162 57
37.956140350878115 11
38.04385964912373 12
38.052631578948294 11
38.061403508772855 7
38.10526315789566 17
38.14912280701847 11
38.20175438596584 41
38.24561403508865 11
38.2807017543869 20
38.29824561403602 3
38.29824561403602 3
38.34210526315883 11
38.35964912280795 6
38.438596491229006 11
38.438596491229006 19
38.482456140351815 36
38.51754385965006 9
38.52631578947462 24
38.52631578947462 42
38.535087719299185 11
38.596491228071116 5
38.63157894736936 11
38.66666666666761 15
38.701754385965856 26
38.72807017543954 11
38.77192982456235 38
38.82456140350972 11
38.850877192983404 46
38.859649122807966 27
38.88596491228165 30
38.89473684210621 7
38.9210526315799 11
38.9210526315799 17
38.9210526315799 25
39.017543859650075 11
39.08771929824657 6
39.09649122807113 47
39.10526315789569 43
39.114035087720254 11
39.14035087719394 12
39.21052631579043 11
39.21929824561499 4
39.24561403508868 19
39.29824561403605 22
39.30701754386061 11
39.32456140350973 24
39.34210526315886 58
39.35964912280798 2
39.40350877193079 11
39.47368421052728 36
39.500000000000966 11
39.5614035087729 50
39.57017543859746 37
39.596491228071145 11
39.63157894736939 3
39.66666666666764 44
39.69298245614132 11
39.69298245614132 28
39.72807017543957 7
39.73684210526413 17
39.7894736842115 11
39.815789473685186 6
39.88596491228168 11
39.921052631579926 55
39.98245614035186 11
39.99122807017642 15
40.00000000000098 19
40.026315789474666 56
40.06140350877291 42
40.078947368422035 11
40.11403508772028 48
40.122807017544844 24
40.122807017544844 49
40.175438596492214 11
40.22807017543958 9
40.22807017543958 32
40.236842105264145 12
40.27192982456239 11
40.28070175438695 23
40.28070175438695 25
40.289473684211515 19
40.35087719298345 14
40.36842105263257 11
40.40350877193082 57
40.46491228070275 11
40.46491228070275 36
40.5438596491238 6
40.552631578948365 17
40.561403508772926 7
40.561403508772926 11
40.657894736843105 11
40.73684210526416 16
40.73684210526416 20
40.75438596491328 11
40.815789473685214 45
40.85087719298346 11
40.921052631579954 24
40.929824561404516 19
40.94736842105364 11
40.96491228070276 3
41.04385964912382 11
41.04385964912382 47
41.10526315789575 44
41.140350877193995 11
41.16666666666768 30
41.17543859649224 42
41.22807017543961 5
41.236842105264174 11
41.26315789473786 41
41.27192982456242 6
41.298245614036105 4
41.31578947368523 15
41.33333333333435 11
41.33333333333435 12
41.3684210526326 17
41.39473684210628 7
41.42982456140453 11
41.456140350878215 36
41.51754385965015 10
41.52631578947471 11
41.5964912280712 46
41.622807017544886 11
41.64035087719401 25
41.719298245615065 11
41.719298245615065 24
41.81578947368524 11
41.90350877193086 27
41.91228070175542 11
41.938596491229106 9
41.97368421052735 43
41.97368421052735 50
42.00000000000104 6
42.0087719298256 11
42.043859649123846 1
42.07017543859753 48
42.10526315789578 11
42.15789473684315 44
42.18421052631683 17
42.201754385965955 11
42.22807017543964 7
42.28070175438701 34
42.298245614036134 3
42.298245614036134 11
42.32456140350982 42
42.39473684210631 11
42.42982456140456 12
42.44736842105368 36
42.49122807017649 11
42.517543859650175 24
42.58771929824667 11
42.631578947369476 19
42.64035087719404 15
42.684210526316846 11
42.728070175439655 6
42.736842105264216 58
42.780701754387024 11
42.85087719298352 2
42.8771929824572 11
42.90350877193089 39
42.97368421052738 11
42.97368421052738 47
43.000000000001066 17
43.000000000001066 25
43.061403508773 7
43.07017543859756 11
43.16666666666774 11
43.18421052631686 49
43.19298245614142 20
43.22807017543967 33
43.263157894737915 11
43.28070175438704 1
43.315789473685285 24
43.359649122808094 11
43.37719298245722 4
43.4035087719309 55
43.43859649122915 36
43.44736842105371 30
43.45614035087827 6
43.45614035087827 11
43.50877192982564 42
43.526315789474765 12
43.55263157894845 11
43.60526315789582 16
43.61403508772038 22
43.631578947369505 3
43.64912280701863 9
43.64912280701863 11
43.64912280701863 38
43.736842105264245 19
43.745614035088806 11
43.76315789473793 57
43.8157894736853 17
43.842105263158984 11
43.894736842106354 7
43.894736842106354 14
43.93859649122916 11
43.96491228070285 15
44.01754385965022 48
44.03508771929934 11
44.08771929824671 19
44.114035087720396 24
44.13157894736952 11
44.157894736843204 52
44.18421052631689 6
44.20175438596601 23
44.2280701754397 11
44.324561403509875 11
44.35087719298356 43
44.35964912280812 25
44.35964912280812 56
44.38596491228181 44
44.38596491228181 50
44.421052631580054 11
44.429824561404615 36
44.50000000000111 27
44.51754385965023 11
44.54385964912392 37
44.61403508772041 11
44.61403508772041 28
44.62280701754497 12
44.63157894736953 17
44.640350877194095 41
44.64912280701866 42
44.71052631579059 11
44.72807017543971 7
44.73684210526427 32
44.807017543860766 11
44.83333333333445 8
44.859649122808136 19
44.903508771930944 11
44.903508771930944 47
44.912280701755506 6
44.912280701755506 24
44.964912280702876 3
45.00000000000112 11
45.0964912280713 11
45.14912280701867 46
45.18421052631692 1
45.19298245614148 11
45.219298245615164 40
45.28947368421166 11
45.28947368421166 15
45.35087719298359 9
45.36842105263271 10
45.385964912281835 11
45.41228070175552 5
45.42105263158008 36
45.44736842105377 17
45.45614035087833 4
45.482456140352014 11
45.482456140352014 45
45.55263157894851 7
45.57894736842219 11
45.64035087719412 6
45.649122807018685 20
45.67543859649237 11
45.71052631579062 24
45.71052631579062 44
45.71929824561518 12
45.71929824561518 25
45.72807017543974 30
45.76315789473799 42
45.77192982456255 11
45.868421052632726 11
45.87719298245729 39
45.95614035087834 48
45.964912280702904 11
46.026315789474836 43
46.06140350877308 11
46.15789473684326 11
46.16666666666782 57
46.24561403508888 49
46.25438596491344 11
46.263157894738 17
46.29824561403625 3
46.342105263159056 2
46.35087719298362 11
46.36842105263274 6
46.3771929824573 7
46.385964912281864 44
46.41228070175555 36
46.447368421053795 11
46.47368421052748 16
46.50877192982573 24
46.543859649123974 11
46.61403508772047 15
46.62280701754503 55
46.64035087719415 11
46.73684210526433 11
46.79824561403626 50
46.815789473685385 12
46.83333333333451 11
46.83333333333451 47
46.929824561404686 11
47.026315789474864 11
47.06140350877311 9
47.06140350877311 42
47.078947368422234 17
47.078947368422234 25
47.087719298246796 58
47.09649122807136 6
47.12280701754504 11
47.21052631579066 7
47.21929824561522 11
47.30701754386084 24
47.3157894736854 11
47.403508771931016 36
47.41228070175558 11
47.43859649122926 14
47.508771929825755 11
47.53508771929944 4
47.59649122807137 52
47.60526315789593 11
47.63157894736962 3
47.63157894736962 34
47.70175438596611 11
47.79824561403629 11
47.824561403509975 6
47.877192982457345 1
47.89473684210647 11
47.89473684210647 17
47.89473684210647 48
47.91228070175559 12
47.929824561404715 22
47.938596491229276 15
47.991228070176646 11
48.00000000000121 41
48.00877192982577 30
48.043859649124016 7
48.087719298246824 11
48.10526315789595 20
48.10526315789595 23
48.10526315789595 24
48.184210526317 11
48.28070175438718 11
48.37719298245736 8
48.37719298245736 11
48.39473684210648 36
48.43859649122929 25
48.47368421052754 11
48.53508771929947 33
48.55263157894859 6
48.570175438597715 11
48.622807017545085 5
48.66666666666789 11
48.7105263157907 17
48.76315789473807 9
48.76315789473807 11
48.780701754387195 47
48.85087719298369 44
48.85964912280825 11
48.86842105263281 7
48.90350877193106 24
48.95614035087843 11
48.96491228070299 3
49.0087719298258 12
49.052631578948606 11
49.149122807018784 11
49.21929824561528 10
49.24561403508896 11
49.263157894738086 15
49.263157894738086 32
49.27192982456265 42
49.27192982456265 46
49.27192982456265 50
49.28070175438721 6
49.307017543860894 45
49.307017543860894 49
49.34210526315914 11
49.34210526315914 16
49.359649122808264 5
49.38596491228195 36
49.43859649122932 11
49.517543859650374 37
49.526315789474936 17
49.5350877192995 11
49.54385964912406 28
49.55263157894862 57
49.61403508772055 4
49.631578947369675 11
49.69298245614161 7
49.70175438596617 24
49.72807017543985 11
49.79824561403635 25
49.82456140351003 11
49.83333333333459 2
49.894736842106525 48
49.92105263158021 11
49.95614035087846 55
50.008771929825826 6
50.01754385965039 1
50.01754385965039 11
50.105263157896005 12
50.114035087720566 11
50.210526315790744 11
50.29824561403636 3
50.30701754386092 11
50.34210526315917 17
50.377192982457416 36
50.39473684210654 58
50.4035087719311 11
50.46491228070303 9
50.50000000000128 11
50.50000000000128 24
50.5175438596504 7
50.5175438596504 27
50.54385964912409 43
50.56140350877321 20
50.587719298246896 15
50.59649122807146 11
50.61403508772058 40
50.692982456141635 11
50.692982456141635 44
50.71052631579076 39
50.71929824561532 47
50.736842105264444 6
50.78947368421181 11
50.88596491228199 11
50.94736842105392 41
50.97368421052761 42
50.98245614035217 11
50.98245614035217 14
50.99122807017673 26
51.01754385965042 19
51.02631578947498 52
51.061403508773225 30
51.07894736842235 11
51.114035087720595 5
51.1578947368434 17
51.1578947368434 25
51.175438596492526 11
51.20175438596621 12
51.271929824562704 11
51.29824561403639 24
51.35087719298376 7
51.36842105263288 11
51.36842105263288 36
51.46491228070306 6
51.46491228070306 11
51.56140350877324 11
51.5701754385978 46
51.61403508772061 19
51.63157894736973 3
51.65789473684342 11
51.6842105263171 50
51.692982456141664 4
51.71052631579079 38
51.754385964913595 11
51.76315789473816 56
51.83333333333465 48
51.85087719298377 11
51.859649122808335 1
51.912280701755705 15
51.912280701755705 44
51.94736842105395 11
51.97368421052764 17
52.00877192982588 23
52.04385964912413 11
52.0964912280715 24
52.14035087719431 11
52.175438596492555 9
52.184210526317116 7
52.19298245614168 6
52.2105263157908 16
52.236842105264486 11
52.24561403508905 22
52.27192982456273 19
52.27192982456273 42
52.29824561403642 12
52.333333333334664 11
52.35964912280835 36
52.36842105263291 49
52.42982456140484 11
52.42982456140484 34
52.51754385965046 25
52.52631578947502 11
52.605263157896076 8
52.6228070175452 11
52.649122807018884 47
52.710526315790815 43
52.71929824561538 11
52.77192982456275 5
52.78947368421187 17
52.815789473685555 11
52.89473684210661 24
52.90350877193117 31
52.91228070175573 11
52.91228070175573 19
52.921052631580295 6
52.9649122807031 3
53.00877192982591 7
53.00877192982591 11
53.01754385965047 20
53.07017543859784 10
53.10526315789609 11
53.20175438596627 11
53.20175438596627 27
53.236842105264515 15
53.289473684211885 19
53.298245614036446 11
53.31578947368557 41
53.32456140351013 2
53.33333333333469 30
53.350877192983816 32
53.350877192983816 36
53.38596491228206 42
53.394736842106624 11
53.394736842106624 12
53.4912280701768 11
53.58771929824698 11
53.605263157896104 17
53.64912280701891 6
53.6754385964926 57
53.68421052631716 11
53.69298245614172 24
53.74561403508909 1
53.771929824562775 4
53.78070175438734 11
53.78070175438734 48
53.83333333333471 7
53.877192982457515 9
53.877192982457515 11
53.877192982457515 25
53.91228070175576 44
53.94736842105401 55
53.97368421052769 11
54.07017543859787 11
54.09649122807156 50
54.16666666666805 11
54.245614035089105 58
54.26315789473823 11
54.298245614036475 3
54.34210526315928 36
54.359649122808406 11
54.37719298245753 6
54.42105263158034 17
54.456140350878584 11
54.464912280703146 19
54.464912280703146 28
54.464912280703146 46
54.49122807017683 12
54.49122807017683 24
54.49122807017683 37
54.50000000000139 42
54.52631578947508 14
54.55263157894876 11
54.561403508773324 15
54.57894736842245 47
54.64035087719438 39
54.64912280701894 11
54.6578947368435 7
54.69298245614175 52
54.74561403508912 11
54.80701754386105 44
54.8421052631593 11
54.938596491229475 11
55.01754385965053 43
55.03508771929965 11
55.07894736842246 16
55.10526315789615 6
55.13157894736983 11
55.22807017544001 11
55.23684210526457 17
55.23684210526457 25
55.28947368421194 24
55.32456140351019 11
55.33333333333475 36
55.34210526315931 29
55.359649122808435 19
55.421052631580366 11
55.43859649122949 41
55.43859649122949 49
55.473684210527736 20
55.49122807017686 7
55.517543859650544 11
55.58771929824704 9
55.58771929824704 12
55.60526315789616 30
55.61403508772072 11
55.61403508772072 42
55.631578947369846 3
55.7105263157909 11
55.728070175440024 48
55.76315789473827 27
55.80701754386108 11
55.833333333334764 6
55.85087719298389 4
55.885964912282134 15
55.885964912282134 23
55.90350877193126 11
56.000000000001435 11
56.052631578948805 17
56.08771929824705 24
56.09649122807161 11
56.19298245614179 11
56.28947368421197 11
56.32456140351022 7
56.32456140351022 36
56.38596491228215 11
56.41228070175583 19
56.44736842105408 57
56.482456140352326 11
56.50877192982601 47
56.50877192982601 50
56.56140350877338 6
56.56140350877338 22
56.578947368422504 11
56.59649122807163 25
56.59649122807163 25
56.65789473684356 1
56.67543859649268 11
56.684210526317244 12
56.77192982456286 11
56.80701754386111 26
56.81578947368567 2
56.86842105263304 11
56.86842105263304 17
56.88596491228216 24
56.88596491228216 38
56.92105263158041 10
56.947368421054094 46
56.96491228070322 3
56.96491228070322 3
56.96491228070322 11
56.98245614035234 5
57.03508771929971 44
57.061403508773395 11
57.061403508773395 19
57.07017543859796 43
57.07894736842252 29
57.09649122807164 42
57.15789473684357 7
57.15789473684357 11
57.21052631579094 15
57.25438596491375 11
57.271929824562875 8
57.289473684212 6
57.289473684212 9
57.31578947368568 36
57.35087719298393 11
57.35964912280849 39
57.44736842105411 11
57.543859649124286 11
57.587719298247094 34
57.6315789473699 19
57.640350877194464 11
57.640350877194464 31
57.68421052631727 17
57.68421052631727 24
57.72807017544008 48
57.73684210526464 11
57.78070175438745 12
57.83333333333482 11
57.87719298245763 30
57.903508771931314 33
57.929824561405 4
57.929824561405 11
57.929824561405 20
57.94736842105412 16
57.956140350878684 25
57.98245614035237 7
58.017543859650615 6
58.02631578947518 11
58.061403508773424 14
58.122807017545355 11
58.21052631579097 42
58.21929824561553 11
58.28947368421203 32
58.29824561403659 3
58.30701754386115 36
58.31578947368571 11
58.36842105263308 27
58.41228070175589 11
58.438596491229575 47
58.48245614035238 24
58.500000000001506 17
58.50877192982607 11
58.52631578947519 49
58.53508771929975 15
58.552631578948876 19
58.596491228071685 41
58.605263157896246 11
58.701754385966424 11
58.74561403508923 6
58.7982456140366 11
58.807017543861164 7
58.807017543861164 43
58.82456140351029 52
58.87719298245766 12
58.89473684210678 11
58.921052631580466 50
58.94736842105415 44
58.95614035087871 57
58.99122807017696 9
58.99122807017696 11
59.08771929824714 11
59.184210526317315 11
59.28070175438749 11
59.28070175438749 24
59.29824561403662 36
59.31578947368574 17
59.31578947368574 25
59.3245614035103 42
59.3245614035103 55
59.37719298245767 11
59.38596491228223 28
59.46491228070329 37
59.47368421052785 6
59.47368421052785 11
59.49122807017697 8
59.552631578948905 40
59.57017543859803 11
59.63157894736996 3
59.63157894736996 7
59.666666666668206 11
59.666666666668206 48
59.75438596491382 23
59.763157894738384 11
59.763157894738384 56
59.771929824562946 19
59.85964912280856 11
59.85964912280856 15
59.95614035087874 11
59.95614035087874 11
59.973684210527864 12
