0.017543859649122806 1
0.03508771929824561 53
0.043859649122807015 8
0.05263157894736842 32
0.07894736842105263 26
0.08771929824561403 10
0.11403508771929824 38
0.14912280701754385 19
0.15789473684210525 31
0.16666666666666666 18
0.21052631578947367 43
0.24561403508771928 23
0.2543859649122807 7
0.26315789473684215 24
0.29824561403508787 15
0.3070175438596493 16
0.3859649122807022 58
0.4473684210526322 22
0.4736842105263165 0
0.49122807017543935 30
0.5087719298245622 59
0.5350877192982465 48
0.5438596491228079 5
0.5526315789473694 55
0.605263157894738 17
0.605263157894738 47
0.7368421052631594 54
0.7543859649122823 18
0.9473684210526337 11
1.0087719298245637 34
1.017543859649125 57
1.0526315789473708 12
1.0614035087719322 14
1.0614035087719322 24
1.0701754385964937 6
1.0877192982456165 7
1.1228070175438623 27
1.1403508771929851 46
1.2456140350877223 1
1.3070175438596523 5
1.4298245614035123 28
1.526315789473688 59
1.6315789473684252 25
1.6403508771929867 41
1.649122807017548 15
1.7017543859649167 2
1.789473684210531 42
1.7982456140350924 6
1.8596491228070224 24
1.912280701754391 5
1.912280701754391 7
1.912280701754391 44
1.9561403508771982 36
1.973684210526321 17
2.0438596491228114 11
2.0526315789473726 5
2.061403508771934 9
2.0877192982456174 4
2.0877192982456174 29
2.0964912280701786 3
2.0964912280701786 37
2.1228070175438623 52
2.280701754385964 19
2.32456140350877 56
2.3421052631578925 20
2.403508771929821 39
2.4298245614035046 47
2.5087719298245554 48
2.526315789473678 6
2.5526315789473615 5
2.5964912280701675 44
2.657894736842096 24
2.745614035087708 7
2.789473684210514 11
2.8070175438596365 30
2.9298245614034935 36
2.991228070175422 15
3.0263157894736668 42
3.035087719298228 11
3.035087719298228 43
3.1491228070175237 59
3.157894736842085 0
3.254385964912258 6
3.254385964912258 25
3.3596491228069927 1
3.41228070175436 17
3.421052631578921 16
3.4298245614034824 3
3.456140350877166 24
3.5701754385964617 7
3.578947368421023 31
3.754385964912247 57
3.9035087719297876 36
3.92105263157891 18
3.9824561403508385 6
4.017543859649084 10
4.096491228070139 5
4.105263157894701 9
4.105263157894701 32
4.166666666666632 4
4.201754385964879 29
4.210526315789441 46
4.245614035087687 47
4.245614035087687 58
4.254385964912249 24
4.342105263157865 15
4.359649122806989 19
4.377192982456112 55
4.385964912280674 23
4.394736842105235 7
4.412280701754359 27
4.438596491228044 59
4.52631578947366 17
4.561403508771907 5
4.6666666666666465 44
4.675438596491208 14
4.6929824561403315 22
4.710526315789455 6
4.73684210526314 11
4.763157894736825 3
4.780701754385948 41
4.824561403508756 43
4.833333333333318 12
4.859649122807003 20
4.877192982456126 36
4.947368421052619 54
5.052631578947359 24
5.157894736842099 2
5.210526315789469 40
5.219298245614031 7
5.263157894736839 5
5.3508771929824555 11
5.3508771929824555 17
5.3508771929824555 29
5.412280701754387 30
5.438596491228072 6
5.64035087719299 34
5.657894736842113 18
5.657894736842113 38
5.684210526315798 15
5.684210526315798 53
5.85087719298247 24
5.85087719298247 36
5.921052631578963 52
5.9561403508772095 12
5.964912280701771 18
5.973684210526333 48
6.052631578947388 7
6.078947368421073 47
6.096491228070196 3
6.114035087719319 9
6.122807017543881 39
6.166666666666689 6
6.175438596491251 46
6.289473684210552 16
6.324561403508799 19
6.473684210526347 28
6.473684210526347 29
6.526315789473717 1
6.64912280701758 24
6.666666666666703 44
6.736842105263197 17
6.80701754385969 18
6.824561403508813 36
6.833333333333375 41
6.885964912280745 7
6.894736842105306 6
6.921052631578991 42
7.026315789473731 15
7.070175438596539 37
7.298245614035142 11
7.307017543859704 4
7.342105263157951 0
7.429824561403567 3
7.429824561403567 31
7.4473684210526905 24
7.517543859649184 59
7.6228070175439235 6
7.6754385964912935 27
7.71052631578954 7
7.71052631578954 30
7.728070175438663 25
7.736842105263225 49
7.76315789473691 5
7.798245614035157 36
7.798245614035157 43
7.807017543859718 57
7.8245614035088416 50
7.894736842105335 47
8.105263157894814 58
8.2456140350878 14
8.2456140350878 24
8.315789473684294 46
8.324561403508856 9
8.35087719298254 6
8.368421052631664 12
8.368421052631664 15
8.40350877192991 23
8.429824561403596 42
8.447368421052719 26
8.535087719298335 7
8.570175438596582 52
8.587719298245705 39
8.61403508771939 2
8.692982456140445 19
8.701754385965007 32
8.728070175438692 20
8.763157894736938 3
8.7719298245615 36
8.92982456140361 41
8.938596491228171 22
9.043859649122911 24
9.078947368421158 6
9.131578947368528 1
9.131578947368528 25
9.157894736842213 16
9.271929824561514 44
9.280701754386076 11
9.315789473684323 18
9.35964912280713 7
9.368421052631692 17
9.368421052631692 53
9.385964912280816 4
9.421052631579062 29
9.526315789473802 19
9.596491228070295 5
9.614035087719419 12
9.710526315789597 15
9.72807017543872 11
9.736842105263282 43
9.745614035087844 36
9.745614035087844 47
9.798245614035213 54
9.807017543859775 6
9.824561403508898 5
9.842105263158022 24
9.842105263158022 42
10.000000000000131 30
10.017543859649255 34
10.052631578947501 55
10.078947368421186 56
10.09649122807031 3
10.140350877193118 50
10.157894736842241 59
10.192982456140488 7
10.25438596491242 57
10.30701754385979 27
10.385964912280844 46
10.535087719298392 6
10.640350877193132 24
10.692982456140502 48
10.710526315789625 25
10.719298245614187 36
10.745614035087872 0
10.798245614035242 9
10.885964912280858 19
11.017543859649283 7
11.05263157894753 15
11.078947368421215 42
11.140350877193146 59
11.175438596491393 31
11.228070175438763 17
11.26315789473701 6
11.42982456140368 3
11.438596491228243 24
11.464912280701927 4
11.464912280701927 11
11.517543859649297 44
11.526315789473859 28
11.561403508772106 12
11.561403508772106 47
11.622807017544037 10
11.64035087719316 19
11.657894736842284 11
11.666666666666845 20
11.69298245614053 36
11.807017543859832 14
11.824561403508955 41
11.842105263158079 7
11.85087719298264 11
11.885964912280887 43
11.938596491228257 5
11.991228070175627 6
12.026315789473873 16
12.026315789473873 46
12.043859649122997 11
12.043859649122997 37
12.06140350877212 18
12.070175438596682 2
12.236842105263353 11
12.236842105263353 18
12.236842105263353 24
12.236842105263353 49
12.280701754386161 38
12.298245614035284 30
12.368421052631778 23
12.37719298245634 42
12.394736842105463 15
12.42982456140371 11
12.456140350877394 50
12.622807017544066 11
12.666666666666874 7
12.666666666666874 36
12.719298245614244 6
12.736842105263367 48
12.745614035087929 19
12.763157894737052 3
12.780701754386175 58
12.815789473684422 11
12.877192982456354 32
12.894736842105477 39
13.008771929824778 11
13.035087719298463 24
13.17543859649145 57
13.184210526316011 22
13.192982456140573 5
13.201754385965135 11
13.201754385965135 12
13.28070175438619 53
13.377192982456368 47
13.394736842105491 11
13.447368421052861 6
13.500000000000231 7
13.54385964912304 4
13.570175438596724 46
13.587719298245847 11
13.60526315789497 25
13.640350877193217 36
13.649122807017779 5
13.649122807017779 19
13.736842105263396 15
13.780701754386204 11
13.798245614035327 0
13.833333333333574 24
13.850877192982697 1
13.859649122807259 18
13.956140350877437 5
13.97368421052656 11
14.096491228070423 3
14.166666666666917 11
14.175438596491478 6
14.18421052631604 20
14.228070175438848 54
14.271929824561656 5
14.315789473684465 12
14.324561403509026 7
14.34210526315815 19
14.359649122807273 11
14.368421052631835 34
14.44736842105289 27
14.55263157894763 11
14.570175438596753 59
14.605263157895 30
14.61403508771956 36
14.622807017544122 17
14.631578947368684 24
14.631578947368684 44
14.657894736842369 42
14.736842105263424 9
14.745614035087986 11
14.77192982456167 50
14.894736842105534 16
14.903508771930095 6
14.921052631579219 41
14.938596491228342 11
14.991228070175712 25
15.070175438596767 43
15.078947368421328 15
15.08771929824589 44
15.131578947368698 11
15.14035087719326 31
15.149122807017822 7
15.201754385965192 47
15.324561403509055 5
15.324561403509055 11
15.368421052631863 14
15.421052631579233 26
15.429824561403795 3
15.429824561403795 12
15.429824561403795 24
15.473684210526603 19
15.473684210526603 40
15.517543859649411 11
15.517543859649411 17
15.526315789473973 2
15.587719298245904 36
15.596491228070466 52
15.622807017544151 4
15.631578947368713 6
15.66666666666696 59
15.710526315789767 11
15.83333333333363 19
15.842105263158192 44
15.903508771930124 11
15.964912280702055 29
15.973684210526617 7
16.061403508772234 42
16.061403508772234 48
16.078947368421357 58
16.09649122807048 11
16.20175438596522 1
16.21052631578978 57
16.228070175438905 24
16.24561403508803 23
16.289473684210837 11
16.342105263158206 46
16.350877192982768 17
16.350877192982768 25
16.35964912280733 6
16.42105263157926 15
16.447368421052946 5
16.47368421052663 39
16.482456140351193 11
16.482456140351193 18
16.482456140351193 19
16.526315789474 10
16.543859649123124 12
16.561403508772248 9
16.561403508772248 28
16.561403508772248 36
16.640350877193303 20
16.657894736842426 55
16.67543859649155 11
16.763157894737166 3
16.807017543859974 7
16.868421052631906 11
16.868421052631906 30
16.88596491228103 43
16.964912280702084 32
17.017543859649454 37
17.017543859649454 47
17.026315789474015 24
17.061403508772262 11
17.087719298245947 6
17.087719298245947 50
17.09649122807051 41
17.09649122807051 53
17.10526315789507 0
17.15789473684244 17
17.25438596491262 11
17.350877192982797 29
17.42105263157929 22
17.447368421052975 11
17.53508771929859 36
17.596491228070523 18
17.63157894736877 7
17.64035087719333 11
17.657894736842454 12
17.701754385965263 4
17.710526315789824 25
17.763157894737194 15
17.763157894737194 16
17.815789473684564 6
17.824561403509126 24
17.833333333333687 11
17.938596491228427 59
17.95614035087755 17
18.026315789474044 11
18.096491228070537 3
18.2192982456144 11
18.28070175438633 9
18.307017543860017 48
18.37719298245651 19
18.412280701754757 11
18.456140350877565 7
18.508771929824935 36
18.54385964912318 6
18.58771929824599 27
18.605263157895113 11
18.614035087719675 42
18.622807017544236 24
18.719298245614414 5
18.7456140350881 29
18.75438596491266 17
18.771929824561784 12
18.771929824561784 56
18.79824561403547 11
18.79824561403547 49
18.842105263158277 47
18.894736842105647 44
18.929824561403894 14
18.982456140351264 2
18.991228070175826 11
19.000000000000387 31
19.07017543859688 25
19.087719298246004 39
19.105263157895127 15
19.105263157895127 20
19.16666666666706 19
19.16666666666706 30
19.184210526316182 11
19.201754385965305 1
19.210526315789867 45
19.2719298245618 6
19.2719298245618 38
19.28070175438636 7
19.33333333333373 41
19.37719298245654 11
19.403508771930223 50
19.421052631579347 5
19.421052631579347 24
19.42982456140391 3
19.44736842105303 43
19.44736842105303 46
19.456140350877593 0
19.482456140351278 36
19.55263157894777 17
19.570175438596895 11
19.570175438596895 57
19.76315789473725 11
19.780701754386374 4
19.833333333333744 55
19.85964912280743 40
19.85964912280743 42
19.85964912280743 58
19.885964912281114 12
19.9122807017548 8
19.938596491228484 19
19.956140350877607 11
19.982456140351292 9
20.000000000000416 6
20.035087719298662 34
20.07017543859691 26
20.105263157895156 7
20.114035087719717 23
20.140350877193402 5
20.149122807017964 11
20.219298245614457 24
20.271929824561827 48
20.34210526315832 11
20.350877192982882 17
20.377192982456567 10
20.429824561403937 25
20.44736842105306 15
20.44736842105306 18
20.45614035087762 36
20.482456140351307 29
20.517543859649553 19
20.517543859649553 52
20.535087719298676 11
20.631578947368855 16
20.65789473684254 47
20.728070175439033 6
20.728070175439033 11
20.76315789473728 3
20.92105263157939 11
20.92982456140395 7
21.000000000000444 12
21.017543859649567 24
21.08771929824606 18
21.114035087719746 11
21.14035087719343 17
21.157894736842554 44
21.166666666667115 5
21.210526315789924 54
21.24561403508817 1
21.307017543860102 11
21.359649122807472 42
21.429824561403965 36
21.438596491228527 30
21.45614035087765 6
21.473684210526773 19
21.482456140351335 59
21.50000000000046 11
21.535087719298705 18
21.56140350877239 20
21.578947368421513 41
21.605263157895198 28
21.649122807018006 53
21.657894736842568 22
21.684210526316253 9
21.692982456140815 11
21.7192982456145 50
21.72807017543906 46
21.754385964912746 7
21.789473684210993 15
21.789473684210993 25
21.815789473684678 24
21.859649122807486 4
21.88596491228117 11
21.88596491228117 44
21.93859649122854 17
21.947368421053103 49
21.964912280702226 43
21.99122807017591 27
21.99122807017591 37
22.078947368421527 11
22.09649122807065 3
22.105263157895212 57
22.114035087719774 12
22.175438596491706 18
22.184210526316267 6
22.228070175439075 19
22.228070175439075 48
22.2456140350882 5
22.271929824561884 11
22.342105263158377 31
22.40350877193031 36
22.438596491228555 2
22.447368421053117 56
22.46491228070224 11
22.4736842105268 42
22.4736842105268 47
22.482456140351363 14
22.491228070175925 19
22.587719298246103 7
22.614035087719788 0
22.614035087719788 24
22.62280701754435 1
22.657894736842596 11
22.666666666667158 32
22.73684210526365 17
22.754385964912775 19
22.850877192982953 11
22.877192982456638 44
22.912280701754884 6
23.008771929825063 59
23.017543859649624 19
23.04385964912331 11
23.131578947368926 15
23.14912280701805 25
23.15789473684261 55
23.192982456140857 29
23.228070175439104 12
23.236842105263666 11
23.280701754386474 19
23.377192982456652 8
23.377192982456652 36
23.385964912281214 9
23.4122807017549 7
23.4122807017549 24
23.42105263157946 44
23.429824561404022 3
23.429824561404022 11
23.500000000000515 16
23.5263157894742 46
23.53508771929876 17
23.543859649123323 19
23.552631578947885 43
23.58771929824613 42
23.614035087719817 39
23.62280701754438 11
23.62280701754438 58
23.6403508771935 6
23.710526315789995 30
23.79824561403561 52
23.807017543860173 19
23.815789473684735 11
23.938596491228598 4
23.982456140351406 23
24.00877192982509 11
24.017543859649653 20
24.035087719298776 50
24.070175438597023 19
24.201754385965447 11
24.201754385965447 18
24.21052631579001 24
24.21052631579001 48
24.228070175439132 10
24.236842105263694 7
24.26315789473738 38
24.289473684211064 47
24.32456140350931 17
24.333333333333872 19
24.342105263158434 12
24.350877192982995 36
24.36842105263212 6
24.385964912281242 34
24.394736842105804 11
24.438596491228612 27
24.47368421052686 15
24.508771929825105 25
24.58771929824616 11
24.59649122807072 19
24.763157894737393 3
24.780701754386516 11
24.833333333333886 41
24.833333333333886 42
24.85964912280757 19
24.921052631579503 29
24.973684210526873 11
25.00877192982512 24
25.00877192982512 40
25.026315789474243 57
25.06140350877249 7
25.087719298246174 0
25.087719298246174 9
25.096491228070736 6
25.096491228070736 49
25.12280701754442 17
25.12280701754442 19
25.16666666666723 11
25.210526315790037 59
25.298245614035654 5
25.307017543860216 53
25.32456140350934 36
25.359649122807586 11
25.38596491228127 19
25.412280701754955 44
25.456140350877764 12
25.500000000000572 43
25.552631578947942 11
25.64912280701812 19
25.65789473684268 8
25.70175438596549 46
25.7456140350883 11
25.80701754386023 24
25.81578947368479 15
25.824561403509353 6
25.8596491228076 31
25.86842105263216 25
25.885964912281285 7
25.894736842105846 2
25.894736842105846 22
25.91228070175497 19
25.92105263157953 17
25.929824561404093 26
25.938596491228655 11
25.947368421053216 42
25.982456140351463 30
26.01754385964971 4
26.035087719298833 14
26.07017543859708 5
26.096491228070764 3
26.114035087719888 47
26.13157894736901 11
26.166666666667258 48
26.17543859649182 19
26.23684210526375 5
26.298245614035682 36
26.324561403509367 11
26.350877192983052 50
26.368421052632176 16
26.43859649122867 19
26.44736842105323 52
26.473684210526915 20
26.517543859649724 11
26.54385964912341 29
26.55263157894797 6
26.570175438597094 12
26.60526315789534 24
26.622807017544464 55
26.640350877193587 28
26.65789473684271 1
26.70175438596552 19
26.71052631579008 7
26.71052631579008 11
26.71929824561464 17
26.745614035088327 54
26.789473684211135 9
26.798245614035697 32
26.885964912281313 27
26.903508771930436 11
26.964912280702368 19
26.964912280702368 37
26.991228070176053 18
27.096491228070793 11
27.149122807018163 58
27.157894736842724 15
27.19298245614097 43
27.219298245614656 42
27.228070175439218 19
27.228070175439218 25
27.271929824562026 36
27.280701754386588 5
27.280701754386588 6
27.28947368421115 11
27.40350877193045 24
27.421052631579574 18
27.429824561404136 3
27.482456140351506 11
27.491228070176067 19
27.50877192982519 17
27.526315789474314 57
27.535087719298875 7
27.675438596491862 11
27.684210526316424 12
27.754385964912917 19
27.7807017543866 0
27.81578947368485 29
27.842105263158533 23
27.86842105263222 1
27.86842105263222 11
27.894736842105903 59
27.92982456140415 47
27.956140350877835 5
27.956140350877835 41
28.008771929825205 6
28.017543859649766 19
28.061403508772575 11
28.078947368421698 10
28.09649122807082 4
28.114035087719945 48
28.20175438596556 24
28.24561403508837 36
28.24561403508837 49
28.25438596491293 11
28.25438596491293 30
28.280701754386616 19
28.3070175438603 17
28.333333333333986 42
28.35964912280767 7
28.447368421053287 11
28.45614035087785 18
28.500000000000657 9
28.500000000000657 15
28.543859649123466 19
28.587719298246274 25
28.640350877193644 11
28.657894736842767 5
28.66666666666733 50
28.736842105263822 6
28.754385964912945 8
28.763157894737507 3
28.798245614035753 12
28.807017543860315 19
28.833333333334 11
28.92982456140418 20
28.93859649122874 53
29.00000000000067 24
29.026315789474356 11
29.070175438597165 19
29.070175438597165 43
29.10526315789541 17
29.184210526316466 7
29.219298245614713 11
29.219298245614713 34
29.219298245614713 36
29.236842105263836 16
29.333333333334014 19
29.333333333334014 27
29.350877192983138 2
29.36842105263226 5
29.41228070175507 11
29.447368421053316 42
29.456140350877877 31
29.46491228070244 6
29.561403508772617 1
29.587719298246302 14
29.596491228070864 19
29.605263157895426 11
29.745614035088412 47
29.798245614035782 11
29.798245614035782 24
29.84210526315859 15
29.859649122807713 19
29.859649122807713 29
29.90350877193052 17
29.912280701755083 12
29.921052631579645 46
29.94736842105333 25
29.99122807017614 11
30.00877192982526 7
30.035087719298946 40
30.070175438597193 41
30.070175438597193 44
30.078947368421755 48
30.096491228070878 3
30.11403508772 59
30.122807017544563 19
30.131578947369125 22
30.175438596491933 4
30.184210526316495 11
30.192982456141056 6
30.192982456141056 36
30.201754385965618 9
30.37719298245685 11
30.385964912281413 19
30.517543859649837 52
30.53508771929896 30
30.561403508772646 42
30.570175438597207 11
30.596491228070892 24
30.649122807018262 0
30.649122807018262 19
30.701754385965632 17
30.719298245614755 56
30.719298245614755 58
30.763157894737564 11
30.807017543860372 32
30.815789473684934 43
30.833333333334057 7
30.912280701755112 19
30.921052631579673 6
30.929824561404235 57
30.95614035087792 11
30.982456140351605 50
31.026315789474413 12
31.149122807018276 11
31.149122807018276 26
31.1666666666674 36
31.17543859649196 19
31.184210526316523 15
31.307017543860386 25
31.33333333333407 1
31.342105263158633 11
31.38596491228144 20
31.394736842106003 24
31.394736842106003 49
31.42982456140425 3
31.43859649122881 19
31.500000000000743 17
31.53508771929899 11
31.578947368421797 47
31.59649122807092 39
31.622807017544606 54
31.64912280701829 6
31.657894736842852 7
31.675438596491976 28
31.675438596491976 42
31.70175438596566 19
31.70175438596566 23
31.728070175439345 11
31.736842105263907 18
31.736842105263907 29
31.771929824562154 46
31.780701754386715 27
31.91228070175514 9
31.921052631579702 11
31.929824561404264 10
31.938596491228825 37
31.96491228070251 19
32.035087719299 48
32.10526315789549 16
32.114035087720055 11
32.14035087719374 12
32.14035087719374 36
32.14035087719374 59
32.19298245614111 24
32.228070175439356 19
32.25438596491304 4
32.2631578947376 38
32.29824561403585 17
32.30701754386041 11
32.35087719298322 55
32.377192982456904 6
32.429824561404274 41
32.482456140351644 7
32.491228070176206 19
32.50000000000077 11
32.52631578947445 15
32.66666666666744 25
32.692982456141124 11
32.754385964913055 19
32.76315789473762 3
32.7894736842113 42
32.807017543860425 2
32.807017543860425 30
32.84210526315867 43
32.88596491228148 11
32.99122807017622 24
33.00877192982534 0
33.00877192982534 5
33.017543859649905 19
33.03508771929903 1
33.06140350877271 53
33.07894736842184 11
33.09649122807096 17
33.10526315789552 6
33.11403508772008 36
33.14035087719377 14
33.19298245614114 59
33.25438596491307 12
33.27192982456219 11
33.280701754386754 19
33.29824561403588 50
33.30701754386044 7
33.385964912281494 47
33.46491228070255 11
33.543859649123604 19
33.62280701754466 9
33.657894736842906 11
33.78947368421133 24
33.807017543860454 19
33.82456140350958 29
33.83333333333414 6
33.8421052631587 20
33.85087719298326 11
33.868421052632385 15
33.88596491228151 34
33.89473684210607 17
33.90350877193063 42
33.973684210527125 5
33.98245614035169 48
34.026315789474495 25
34.026315789474495 31
34.04385964912362 11
34.0701754385973 19
34.08771929824643 36
34.09649122807099 3
34.131578947369235 7
34.20175438596573 5
34.22807017543941 27
34.236842105263975 11
34.33333333333415 4
34.33333333333415 19
34.3684210526324 12
34.3684210526324 22
34.42982456140433 11
34.54385964912363 57
34.552631578948194 1
34.561403508772756 6
34.57894736842188 40
34.58771929824644 24
34.58771929824644 49
34.596491228071 19
34.62280701754469 11
34.67543859649206 44
34.69298245614118 17
34.75438596491311 58
34.815789473685044 11
34.85964912280785 19
34.95614035087803 7
34.97368421052715 16
35.0087719298254 11
35.035087719299085 43
35.035087719299085 46
35.04385964912365 42
35.06140350877277 36
35.07894736842189 30
35.1228070175447 19
35.20175438596576 11
35.20175438596576 47
35.21052631579032 15
35.28947368421137 6
35.33333333333418 9
35.38596491228155 19
35.38596491228155 24
35.38596491228155 25
35.39473684210611 11
35.42982456140436 3
35.48245614035173 12
35.49122807017629 17
35.508771929825414 0
35.561403508772784 23
35.58771929824647 11
35.614035087720154 50
35.6491228070184 19
35.728070175439456 55
35.74561403508858 18
35.780701754386826 7
35.780701754386826 10
35.780701754386826 11
35.81578947368507 32
35.90350877193069 59
35.91228070175525 19
35.929824561404374 48
35.938596491228935 5
35.97368421052718 11
36.01754385964999 6
36.03508771929911 36
36.07894736842192 18
36.10526315789561 41
36.14035087719385 44
36.15789473684298 42
36.16666666666754 11
36.1754385964921 19
36.18421052631666 24
36.263157894737716 2
36.2894736842114 17
36.29824561403596 20
36.315789473685086 29
36.32456140350965 1
36.32456140350965 56
36.359649122807895 11
36.412280701755265 4
36.43859649122895 19
36.55263157894825 11
36.55263157894825 15
36.578947368421936 52
36.59649122807106 12
36.60526315789562 7
36.64912280701843 26
36.675438596492114 27
36.69298245614124 14
36.7017543859658 19
36.71052631579036 28
36.74561403508861 6
36.74561403508861 11
36.74561403508861 25
36.74561403508861 25
36.76315789473773 3
36.91228070175528 37
36.938596491228964 11
36.96491228070265 19
36.98245614035177 24
37.00877192982546 36
37.02631578947458 46
37.02631578947458 47
37.0438596491237 9
37.08771929824651 17
37.13157894736932 11
37.2280701754395 19
37.263157894737745 38
37.263157894737745 54
37.27192982456231 42
37.324561403509676 11
37.324561403509676 44
37.3421052631588 18
37.3421052631588 43
37.35087719298336 30
37.429824561404416 7
37.473684210527225 6
37.49122807017635 19
37.51754385965003 11
37.62280701754477 29
37.65789473684302 53
37.684210526316704 18
37.70175438596583 8
37.71052631579039 11
37.71052631579039 12
37.736842105264074 49
37.7543859649132 19
37.7543859649132 59
37.78070175438688 24
37.842105263158814 16
37.87719298245706 48
37.88596491228162 17
37.894736842106184 15
37.903508771930746 11
37.92982456140443 50
37.9824561403518 36
37.9824561403518 58
38.01754385965005 19
38.0964912280711 3
38.0964912280711 11
38.10526315789566 25
38.15789473684303 5
38.20175438596584 6
38.20175438596584 39
38.25438596491321 7
38.2807017543869 19
38.28947368421146 5
38.28947368421146 11
38.47368421052725 1
38.47368421052725 18
38.482456140351815 11
38.491228070176376 4
38.543859649123746 19
38.57894736842199 24
38.60526315789568 22
38.67543859649217 11
38.68421052631673 17
38.68421052631673 18
38.745614035088664 9
38.754385964913226 20
38.78070175438691 31
38.807017543860596 19
38.82456140350972 12
38.84210526315884 47
38.86842105263253 11
38.92982456140446 6
38.956140350878144 36
38.98245614035183 0
39.061403508772884 11
39.070175438597445 19
39.07894736842201 7
39.122807017544815 27
39.1491228070185 46
39.19298245614131 34
39.23684210526412 15
39.25438596491324 11
39.29824561403605 59
39.333333333334295 19
39.3771929824571 24
39.42105263157991 23
39.42982456140447 3
39.447368421053596 11
39.46491228070272 25
39.48245614035184 17
39.491228070176405 5
39.491228070176405 29
39.53508771929921 18
39.596491228071145 19
39.62280701754483 30
39.63157894736939 10
39.64035087719395 11
39.657894736843076 6
39.69298245614132 1
39.71929824561501 2
39.74561403508869 43
39.763157894737816 55
39.83333333333431 11
39.83333333333431 48
39.859649122807994 19
39.859649122807994 42
39.9035087719308 7
39.92982456140449 36
39.93859649122905 12
40.017543859650104 18
40.026315789474666 11
40.122807017544844 19
40.131578947369405 44
40.175438596492214 24
40.21929824561502 11
40.24561403508871 14
40.24561403508871 50
40.28070175438695 17
40.38596491228169 6
40.38596491228169 19
40.41228070175538 11
40.42105263157994 18
40.42105263157994 57
40.447368421053625 40
40.45614035087819 9
40.57017543859749 4
40.57894736842205 15
40.605263157895735 11
40.64912280701854 19
40.657894736843105 47
40.69298245614135 39
40.710526315790474 16
40.7280701754396 7
40.763157894737844 3
40.79824561403609 11
40.824561403509776 25
40.85964912280802 5
40.90350877193083 36
40.91228070175539 19
40.929824561404516 49
40.973684210527324 24
40.973684210527324 42
40.99122807017645 11
41.00000000000101 52
41.05263157894838 12
41.078947368422064 17
41.11403508772031 6
41.17543859649224 19
41.17543859649224 59
41.184210526316804 11
41.21052631579049 20
41.21929824561505 46
41.37719298245716 11
41.37719298245716 32
41.43859649122909 19
41.43859649122909 53
41.44736842105365 58
41.53508771929927 43
41.561403508772955 7
41.570175438597516 11
41.570175438597516 27
41.70175438596594 19
41.70175438596594 29
41.74561403508875 28
41.76315789473787 11
41.771929824562434 24
41.780701754386996 48
41.84210526315893 6
41.877192982457174 17
41.877192982457174 36
41.885964912281736 37
41.8947368421063 30
41.92105263157998 15
41.929824561404544 54
41.95614035087823 11
41.96491228070279 19
42.087719298246654 42
42.096491228071216 3
42.10526315789578 26
42.149122807018585 11
42.16666666666771 9
42.16666666666771 12
42.18421052631683 25
42.22807017543964 19
42.26315789473789 5
42.34210526315894 11
42.37719298245719 1
42.39473684210631 7
42.464912280702805 47
42.49122807017649 19
42.517543859650175 38
42.5350877192993 11
42.56140350877298 50
42.570175438597545 6
42.570175438597545 24
42.622807017544915 59
42.6491228070186 4
42.675438596492285 17
42.728070175439655 11
42.75438596491334 19
42.75438596491334 46
42.79824561403615 0
42.80701754386071 41
42.842105263158956 22
42.85087719298352 36
42.92105263158001 11
42.92982456140457 31
43.01754385965019 19
43.052631578948436 43
43.11403508772037 11
43.1754385964923 2
43.201754385965984 42
43.21929824561511 7
43.263157894737915 15
43.28070175438704 12
43.28070175438704 19
43.28070175438704 23
43.29824561403616 6
43.307017543860724 11
43.33333333333441 29
43.368421052632655 24
43.37719298245722 55
43.42982456140459 3
43.473684210527395 17
43.48245614035196 10
43.50000000000108 11
43.54385964912389 19
43.54385964912389 25
43.578947368422135 16
43.631578947369505 56
43.66666666666775 20
43.692982456141436 11
43.72807017543968 48
43.798245614036176 14
43.80701754386074 19
43.80701754386074 52
43.82456140350986 36
43.842105263158984 18
43.87719298245723 9
43.88596491228179 11
44.01754385965022 27
44.02631578947478 6
44.0438596491239 7
44.07017543859759 19
44.07017543859759 34
44.07894736842215 11
44.07894736842215 46
44.07894736842215 49
44.166666666667766 24
44.166666666667766 30
44.17543859649233 18
44.263157894737944 17
44.271929824562505 11
44.28070175438707 47
44.315789473685314 42
44.33333333333444 19
44.39473684210637 12
44.46491228070286 11
44.46491228070286 59
44.59649122807129 19
44.60526315789585 15
44.65789473684322 11
44.65789473684322 43
44.72807017543971 4
44.754385964913396 6
44.754385964913396 40
44.76315789473796 3
44.798245614036205 36
44.82456140350989 5
44.850877192983575 11
44.859649122808136 19
44.8684210526327 7
44.87719298245726 39
44.87719298245726 50
44.903508771930944 25
44.964912280702876 24
45.04385964912393 11
45.061403508773054 17
45.122807017544986 19
45.14035087719411 44
45.14912280701867 5
45.18421052631692 29
45.23684210526429 11
45.25438596491341 1
45.385964912281835 19
45.429824561404644 11
45.429824561404644 42
45.47368421052745 58
45.482456140352014 6
45.5087719298257 12
45.58771929824675 9
45.622807017545 11
45.649122807018685 19
45.67543859649237 48
45.69298245614149 53
45.701754385966055 7
45.71052631579062 32
45.76315789473799 24
45.77192982456255 36
45.815789473685356 11
45.859649122808165 17
45.89473684210641 0
45.90350877193097 57
45.912280701755535 19
45.94736842105378 15
46.00877192982571 11
46.09649122807133 3
46.09649122807133 47
46.122807017545014 20
46.175438596492384 19
46.20175438596607 11
46.21052631579063 6
46.263157894738 25
46.280701754387124 5
46.35087719298362 1
46.385964912281864 18
46.394736842106425 11
46.42982456140467 41
46.42982456140467 59
46.438596491229234 19
46.447368421053795 16
46.447368421053795 30
46.46491228070292 27
46.52631578947485 7
46.543859649123974 42
46.5614035087731 24
46.58771929824678 11
46.62280701754503 12
46.63157894736959 2
46.657894736843275 17
46.70175438596608 19
46.73684210526433 8
46.74561403508889 36
46.78070175438714 11
46.78070175438714 28
46.80701754386082 4
46.83333333333451 43
46.85964912280819 37
46.921052631580125 55
46.93859649122925 6
46.96491228070293 19
46.973684210527495 11
46.982456140352056 54
47.078947368422234 22
47.15789473684329 5
47.16666666666785 11
47.17543859649241 23
47.192982456141536 50
47.22807017543978 19
47.22807017543978 49
47.289473684211714 9
47.289473684211714 15
47.33333333333452 10
47.350877192983646 7
47.350877192983646 14
47.35964912280821 11
47.35964912280821 24
47.403508771931016 1
47.41228070175558 5
47.4298245614047 3
47.456140350878385 17
47.49122807017663 19
47.552631578948564 11
47.62280701754506 25
47.62280701754506 48
47.64035087719418 59
47.64912280701874 26
47.6578947368433 42
47.6578947368433 46
47.666666666667865 6
47.719298245615235 36
47.7280701754398 29
47.73684210526436 12
47.74561403508892 11
47.75438596491348 19
47.81578947368541 39
47.824561403509975 5
47.8421052631591 18
47.877192982457345 31
47.90350877193103 38
47.90350877193103 47
47.938596491229276 11
48.01754385965033 19
48.13157894736963 11
48.15789473684332 24
48.17543859649244 7
48.254385964913496 17
48.28070175438718 19
48.32456140350999 11
48.33333333333455 44
48.38596491228192 5
48.39473684210648 6
48.517543859650345 11
48.52631578947491 41
48.54385964912403 19
48.57894736842228 20
48.58771929824684 5
48.5964912280714 52
48.63157894736965 15
48.64912280701877 18
48.69298245614158 36
48.70175438596614 56
48.7105263157907 11
48.71929824561526 30
48.76315789473807 3
48.80701754386088 19
48.84210526315913 5
48.85087719298369 12
48.885964912281935 4
48.90350877193106 11
48.91228070175562 27
48.92105263158018 0
48.95614035087843 24
48.98245614035211 25
49.000000000001236 7
49.000000000001236 9
49.052631578948606 17
49.07017543859773 19
49.07894736842229 42
49.096491228071415 11
49.1228070175451 6
49.201754385966154 5
49.28947368421177 11
49.315789473685456 16
49.33333333333458 19
49.38596491228195 8
49.42982456140476 1
49.48245614035213 11
49.50877192982581 50
49.56140350877318 58
49.578947368422305 48
49.59649122807143 19
49.631578947369675 18
49.64035087719424 34
49.66666666666792 36
49.675438596492484 11
49.684210526317045 57
49.71929824561529 47
49.75438596491354 24
49.79824561403635 29
49.82456140351003 7
49.85087719298372 6
49.85087719298372 17
49.85964912280828 19
49.86842105263284 11
49.96491228070302 12
49.97368421052758 15
50.02631578947495 43
50.03508771929951 32
50.061403508773196 11
50.08771929824688 2
50.09649122807144 3
50.114035087720566 53
50.12280701754513 19
50.1754385964925 55
50.19298245614162 42
50.22807017543987 46
50.25438596491355 11
50.34210526315917 25
50.368421052632854 40
50.377192982457416 49
50.38596491228198 19
50.421052631580224 44
50.44736842105391 11
50.55263157894865 24
50.578947368422334 6
50.631578947369704 39
50.640350877194265 11
50.640350877194265 36
50.64912280701883 7
50.64912280701883 17
50.64912280701883 19
50.7017543859662 9
50.82456140351006 44
50.83333333333462 11
50.903508771931115 14
50.91228070175568 19
50.96491228070305 4
50.99122807017673 30
51.02631578947498 11
51.03508771929954 20
51.03508771929954 23
51.07894736842235 12
51.175438596492526 19
51.175438596492526 54
51.18421052631709 10
51.219298245615335 11
51.25438596491358 0
51.280701754387266 18
51.30701754386095 6
51.30701754386095 42
51.31578947368551 15
51.31578947368551 22
51.324561403510074 31
51.3421052631592 29
51.35087719298376 24
51.35964912280832 27
51.41228070175569 11
51.429824561404814 3
51.438596491229376 17
51.438596491229376 19
51.47368421052762 7
51.50877192982587 41
51.52631578947499 48
51.535087719299554 47
51.60526315789605 11
51.60526315789605 46
51.61403508772061 36
51.63157894736973 1
51.701754385966225 19
51.701754385966225 25
51.798245614036404 11
51.798245614036404 18
51.81578947368553 28
51.82456140351009 50
51.83333333333465 37
51.964912280703075 19
51.99122807017676 11
52.03508771929957 6
52.0964912280715 18
52.14035087719431 59
52.14912280701887 24
52.184210526317116 11
52.184210526317116 16
52.19298245614168 12
52.19298245614168 52
52.228070175439925 17
52.228070175439925 19
52.280701754387294 44
52.29824561403642 7
52.37719298245747 11
52.385964912282034 43
52.41228070175572 9
52.42105263158028 42
52.491228070176774 19
52.57017543859783 11
52.58771929824695 36
52.596491228071514 29
52.657894736843446 15
52.69298245614169 1
52.754385964913624 19
52.763157894738185 3
52.763157894738185 6
52.763157894738185 11
52.8508771929838 44
52.94736842105398 24
52.95614035087854 11
53.01754385965047 19
53.026315789475035 17
53.04385964912416 4
53.06140350877328 25
53.12280701754521 7
53.12280701754521 39
53.14035087719434 58
53.1491228070189 11
53.27192982456276 30
53.28070175438732 19
53.30701754386101 12
53.342105263159254 11
53.350877192983816 47
53.48245614035224 48
53.4912280701768 6
53.4912280701768 20
53.4912280701768 38
53.52631578947505 49
53.53508771929961 11
53.53508771929961 42
53.54385964912417 2
53.54385964912417 19
53.561403508773296 36
53.710526315790844 5
53.710526315790844 46
53.72807017543997 11
53.74561403508909 24
53.80701754386102 19
53.80701754386102 27
53.824561403510145 17
53.868421052632954 18
53.921052631580324 11
53.93859649122945 29
53.95614035087857 7
54.00000000000138 15
54.06140350877331 53
54.07017543859787 19
54.09649122807156 3
54.11403508772068 11
54.12280701754524 8
54.12280701754524 9
54.140350877194365 50
54.192982456141735 0
54.21929824561542 6
54.254385964913666 34
54.254385964913666 59
54.26315789473823 1
54.307017543861036 11
54.33333333333472 19
54.39473684210665 18
54.42105263158034 12
54.42105263158034 25
54.44736842105402 55
54.456140350878584 14
54.50000000000139 11
54.53508771929964 36
54.5438596491242 24
54.58771929824701 32
54.59649122807157 19
54.622807017545256 17
54.69298245614175 11
54.771929824562804 41
54.780701754387366 7
54.81578947368561 42
54.8421052631593 57
54.85964912280842 19
54.885964912282105 11
54.929824561404914 23
54.94736842105404 6
54.9561403508786 18
55.03508771929965 10
55.05263157894878 16
55.07894736842246 11
55.12280701754527 4
55.12280701754527 19
55.16666666666808 47
55.21929824561545 31
55.27192982456282 11
55.27192982456282 18
55.28070175438738 1
55.34210526315931 15
55.34210526315931 24
55.38596491228212 19
55.412280701755805 17
55.42982456140493 3
55.43859649122949 48
55.464912280703174 11
55.50000000000142 43
55.50877192982598 36
55.53508771929967 12
55.54385964912423 30
55.55263157894879 22
55.60526315789616 7
55.61403508772072 18
55.64912280701897 19
55.65789473684353 11
55.675438596492654 6
55.70175438596634 46
55.728070175440024 5
55.780701754387394 25
55.8245614035102 9
55.85087719298389 11
55.85964912280845 18
55.91228070175582 19
55.92982456140494 42
55.92982456140494 59
55.947368421054065 20
55.991228070176874 26
56.01754385965056 52
56.043859649124244 11
56.07894736842249 54
56.11403508772074 18
56.13157894736986 5
56.14035087719442 24
56.17543859649267 19
56.20175438596635 17
56.2368421052646 11
56.25438596491372 27
56.30701754386109 18
56.40350877193127 6
56.429824561404956 11
56.43859649122952 7
56.43859649122952 19
56.45614035087864 50
56.482456140352326 29
56.482456140352326 36
56.49122807017689 18
56.62280701754531 11
56.649122807019 12
56.66666666666812 18
56.67543859649268 49
56.684210526317244 15
56.70175438596637 19
56.7631578947383 3
56.80701754386111 37
56.81578947368567 11
56.842105263159354 18
56.850877192983916 28
56.91228070175585 0
56.91228070175585 5
56.93859649122953 24
56.96491228070322 19
56.98245614035234 47
56.9912280701769 17
57.000000000001464 2
57.008771929826025 11
57.01754385965059 18
57.1052631578962 58
57.13157894736989 6
57.14035087719445 25
57.18421052631726 18
57.20175438596638 4
57.20175438596638 11
57.22807017544007 19
57.26315789473831 7
57.35087719298393 18
57.39473684210674 11
57.39473684210674 48
57.45614035087867 36
57.491228070176916 19
57.5175438596506 18
57.535087719299725 9
57.543859649124286 29
57.587719298247094 11
57.61403508772078 41
57.65789473684359 42
57.68421052631727 18
57.73684210526464 24
57.73684210526464 43
57.754385964913766 19
57.76315789473833 12
57.78070175438745 11
57.78070175438745 17
57.8157894736857 30
57.850877192983944 18
57.859649122808506 6
57.89473684210675 55
57.92105263158044 16
57.929824561405 39
57.97368421052781 11
58.008771929826054 14
58.017543859650615 18
58.017543859650615 19
58.02631578947518 15
58.070175438597985 46
58.08771929824711 7
58.09649122807167 3
58.13157894736992 59
58.16666666666816 11
58.18421052631729 18
58.19298245614185 53
58.280701754387465 19
58.31578947368571 44
58.32456140351027 1
58.35087719298396 18
58.35964912280852 11
58.40350877193133 20
58.42982456140501 36
58.500000000001506 25
58.51754385965063 18
58.53508771929975 24
58.543859649124315 19
58.552631578948876 11
58.570175438598 17
58.58771929824712 6
58.63157894736993 38
58.6842105263173 18
58.701754385966424 27
58.72807017544011 34
58.73684210526467 31
58.74561403508923 11
58.77192982456292 42
58.77192982456292 50
58.78947368421204 23
58.78947368421204 47
58.807017543861164 19
58.85087719298397 18
58.85087719298397 29
58.87719298245766 12
58.88596491228222 10
58.912280701755904 7
58.93859649122959 11
59.017543859650644 18
59.05263157894889 44
59.070175438598014 19
59.131578947369945 11
59.184210526317315 18
59.24561403508925 9
59.26315789473837 56
59.28070175438749 4
59.31578947368574 6
59.3245614035103 11
59.33333333333486 19
59.33333333333486 24
59.35087719298399 18
59.35087719298399 48
59.35964912280855 1
59.35964912280855 17
59.36842105263311 15
59.40350877193136 36
59.41228070175592 44
59.42982456140504 3
59.49122807017697 5
59.51754385965066 11
59.51754385965066 18
59.59649122807171 19
59.614035087720836 46
59.64912280701908 57
59.68421052631733 18
59.710526315791014 11
59.74561403508926 7
59.78947368421207 22
59.815789473685754 41
59.824561403510316 49
59.850877192984 18
59.85964912280856 19
59.85964912280856 25
59.88596491228225 42
59.90350877193137 11
59.91228070175593 43
59.99122807017699 12
