0.008771929824561403 48
0.05263157894736842 38
0.07017543859649122 59
0.07894736842105263 31
0.07894736842105263 47
0.13157894736842105 40
0.14035087719298245 12
0.20175438596491227 16
0.2719298245614036 20
0.32456140350877216 2
0.32456140350877216 15
0.3596491228070179 52
0.37719298245614075 22
0.37719298245614075 27
0.41228070175438647 28
0.4210526315789479 30
0.42982456140350933 1
0.4736842105263165 54
0.5350877192982465 7
0.5350877192982465 8
0.5964912280701765 39
0.728070175438598 32
0.7631578947368437 24
0.8070175438596509 0
0.8070175438596509 10
0.9035087719298266 18
0.9035087719298266 23
0.9385964912280723 43
1.0000000000000022 18
1.0087719298245637 58
1.1754385964912308 18
1.3508771929824595 5
1.3684210526315823 7
1.4122807017543895 46
1.482456140350881 55
1.5000000000000038 18
1.5614035087719338 24
1.649122807017548 59
1.6578947368421095 25
1.6754385964912324 14
1.6754385964912324 15
1.6929824561403553 6
1.7105263157894781 34
1.7456140350877238 5
1.8947368421052682 47
1.9385964912280753 1
2.0526315789473726 18
2.0526315789473726 26
2.0964912280701786 42
2.149122807017546 57
2.1754385964912295 18
2.192982456140352 7
2.2280701754385968 44
2.236842105263158 29
2.2543859649122804 36
2.2543859649122804 37
2.359649122807015 24
2.4210526315789433 6
2.482456140350872 41
2.666666666666657 12
2.701754385964902 30
2.7543859649122693 53
2.877192982456126 48
2.9210526315789322 5
3.0087719298245443 20
3.0263157894736668 15
3.035087719298228 7
3.087719298245595 16
3.0964912280701564 0
3.1491228070175237 6
3.157894736842085 24
3.2280701754385746 36
3.3859649122806763 5
3.4035087719297987 59
3.4736842105262884 31
3.5087719298245332 1
3.6140350877192677 46
3.6491228070175126 49
3.7192982456140022 47
3.7719298245613695 18
3.868421052631543 7
3.877192982456104 6
3.956140350877155 24
3.964912280701716 2
4.096491228070139 29
4.131578947368386 42
4.131578947368386 50
4.184210526315756 5
4.201754385964879 36
4.359649122806989 43
4.36842105263155 15
4.412280701754359 12
4.535087719298222 40
4.587719298245592 18
4.605263157894715 6
4.6315789473684 22
4.6315789473684 59
4.675438596491208 41
4.6929824561403315 7
4.754385964912263 52
4.78947368421051 25
4.798245614035071 24
4.850877192982441 5
4.947368421052619 55
4.956140350877181 23
4.964912280701743 38
4.991228070175428 46
5.017543859649113 30
5.061403508771921 48
5.070175438596483 11
5.0964912280701675 32
5.175438596491222 36
5.184210526315784 1
5.210526315789469 56
5.236842105263154 57
5.245614035087716 27
5.280701754385962 14
5.333333333333332 6
5.473684210526319 28
5.5263157894736885 7
5.543859649122812 47
5.596491228070182 24
5.614035087719305 39
5.710526315789483 15
5.9561403508772095 16
6.052631578947388 5
6.061403508771949 6
6.096491228070196 20
6.096491228070196 54
6.149122807017566 36
6.3596491228070455 7
6.377192982456169 34
6.394736842105292 24
6.4122807017544154 42
6.4122807017544154 53
6.447368421052662 50
6.526315789473717 18
6.526315789473717 59
6.75438596491232 10
6.7894736842105665 6
6.798245614035128 1
6.894736842105306 8
6.921052631578991 0
6.921052631578991 58
6.956140350877238 41
7.026315789473731 48
7.052631578947416 15
7.087719298245663 26
7.114035087719348 18
7.114035087719348 31
7.122807017543909 36
7.131578947368471 49
7.184210526315841 7
7.1929824561404025 24
7.228070175438649 37
7.280701754386019 30
7.298245614035142 18
7.368421052631636 47
7.385964912280759 5
7.517543859649184 6
7.526315789473745 2
7.789473684210595 57
7.92105263157902 43
7.991228070175513 24
8.008771929824636 7
8.096491228070253 36
8.175438596491308 55
8.2456140350878 6
8.333333333333417 59
8.394736842105349 15
8.473684210526404 25
8.517543859649212 42
8.578947368421144 12
8.675438596491322 44
8.675438596491322 52
8.763157894736938 5
8.763157894736938 50
8.780701754386062 18
8.789473684210623 24
8.82456140350887 16
8.833333333333432 7
8.850877192982555 14
8.894736842105363 22
8.973684210526418 6
9.008771929824665 23
9.03508771929835 1
9.052631578947473 18
9.070175438596596 36
9.157894736842213 48
9.19298245614046 47
9.263157894736953 46
9.333333333333446 0
9.385964912280816 41
9.394736842105377 56
9.4122807017545 27
9.429824561403624 20
9.482456140350994 32
9.57017543859661 30
9.587719298245734 24
9.657894736842227 7
9.67543859649135 42
9.701754385965035 6
9.736842105263282 15
9.868421052631707 59
9.894736842105392 39
9.921052631579077 12
9.9385964912282 18
9.947368421052762 44
9.973684210526446 25
10.04385964912294 36
10.087719298245748 53
10.105263157894871 1
10.342105263158036 11
10.35964912280716 49
10.385964912280844 24
10.429824561403652 6
10.482456140351022 7
10.517543859649269 28
10.570175438596639 57
10.587719298245762 38
10.605263157894885 54
10.666666666666817 8
10.675438596491379 34
10.692982456140502 5
10.771929824561557 58
10.964912280701913 59
10.982456140351037 44
11.008771929824722 43
11.008771929824722 47
11.017543859649283 36
11.078947368421215 15
11.078947368421215 50
11.149122807017708 48
11.15789473684227 6
11.184210526315955 24
11.307017543859818 7
11.64035087719316 55
11.675438596491407 52
11.69298245614053 11
11.69298245614053 16
11.7456140350879 40
11.763157894737024 25
11.789473684210709 5
11.824561403508955 1
11.824561403508955 18
11.85087719298264 0
11.85087719298264 4
11.868421052631764 30
11.885964912280887 6
11.929824561403695 29
11.982456140351065 24
11.991228070175627 36
12.026315789473873 41
12.131578947368613 7
12.157894736842298 5
12.201754385965106 37
12.32456140350897 20
12.394736842105463 2
12.412280701754586 14
12.421052631579148 15
12.473684210526518 46
12.53508771929845 5
12.59649122807038 43
12.614035087719504 6
12.666666666666874 39
12.684210526315997 11
12.780701754386175 24
12.824561403508984 47
12.885964912280915 5
12.947368421052847 59
12.956140350877408 7
12.96491228070197 36
12.991228070175655 5
13.008771929824778 23
13.035087719298463 29
13.105263157894957 48
13.140350877193203 22
13.157894736842326 44
13.166666666666888 5
13.236842105263381 42
13.254385964912505 57
13.342105263158121 6
13.377192982456368 25
13.394736842105491 50
13.526315789473916 27
13.561403508772162 18
13.578947368421286 24
13.596491228070409 49
13.640350877193217 26
13.684210526316026 56
13.719298245614272 32
13.76315789473708 15
13.780701754386204 7
13.833333333333574 46
13.894736842105505 8
13.903508771930067 31
13.938596491228314 36
14.070175438596738 6
14.13157894736867 0
14.13157894736867 5
14.149122807017793 30
14.219298245614286 53
14.23684210526341 5
14.359649122807273 58
14.377192982456396 24
14.561403508772191 16
14.570175438596753 12
14.605263157895 7
14.640350877193246 47
14.763157894737109 11
14.789473684210794 20
14.798245614035356 6
14.815789473684479 1
14.850877192982725 43
14.868421052631849 5
14.87719298245641 4
14.912280701754657 36
14.991228070175712 5
15.078947368421328 48
15.105263157895013 15
15.175438596491507 24
15.19298245614063 34
15.263157894737123 44
15.315789473684493 39
15.40350877193011 25
15.429824561403795 7
15.45614035087748 52
15.526315789473973 6
15.56140350877222 28
15.622807017544151 54
15.701754385965206 11
15.78070175438626 57
15.789473684210822 50
15.885964912281 36
15.912280701754685 1
15.973684210526617 14
15.973684210526617 24
16.03508771929855 42
16.25438596491259 6
16.25438596491259 7
16.280701754386275 11
16.30701754385996 40
16.31578947368452 44
16.42105263157926 2
16.447368421052946 15
16.456140350877508 47
16.46491228070207 30
16.491228070175755 55
16.587719298245933 43
16.666666666666988 46
16.771929824561727 24
16.807017543859974 18
16.824561403509097 49
16.84210526315822 27
16.859649122807344 36
16.868421052631906 23
16.88596491228103 41
16.964912280702084 0
16.964912280702084 25
16.982456140351207 6
16.99122807017577 12
17.026315789474015 48
17.035087719298577 1
17.0526315789477 38
17.078947368421385 7
17.140350877193317 59
17.175438596491563 37
17.385964912281043 22
17.42982456140385 16
17.517543859649468 18
17.570175438596838 24
17.605263157895084 42
17.675438596491578 5
17.710526315789824 6
17.771929824561756 58
17.78947368421088 15
17.824561403509126 31
17.833333333333687 36
17.877192982456496 53
17.90350877193018 7
18.070175438596852 44
18.1052631578951 50
18.27192982456177 47
18.36842105263195 24
18.394736842105633 12
18.412280701754757 29
18.421052631579318 10
18.43859649122844 6
18.456140350877565 43
18.48245614035125 11
18.53508771929862 57
18.59649122807055 20
18.719298245614414 42
18.728070175438976 7
18.728070175438976 18
18.7456140350881 30
18.789473684210908 25
18.80701754386003 36
18.894736842105647 52
18.973684210526702 48
18.982456140351264 39
19.052631578947757 46
19.06140350877232 18
19.06140350877232 41
19.131578947368812 15
19.16666666666706 6
19.16666666666706 24
19.263157894737237 0
19.456140350877593 26
19.535087719298648 14
19.55263157894777 7
19.570175438596895 32
19.64912280701795 12
19.780701754386374 36
19.885964912281114 55
19.894736842105676 6
19.96491228070217 24
20.052631578947786 49
20.061403508772347 5
20.087719298246032 47
20.114035087719717 43
20.149122807017964 27
20.201754385965334 59
20.210526315789895 42
20.254385964912704 54
20.298245614035512 16
20.377192982456567 7
20.421052631579375 50
20.4385964912285 18
20.473684210526745 15
20.50000000000043 11
20.596491228070608 28
20.596491228070608 46
20.622807017544293 6
20.71052631578991 23
20.754385964912718 36
20.76315789473728 24
20.82456140350921 34
20.92105263157939 40
20.92982456140395 48
21.000000000000444 57
21.017543859649567 30
21.105263157895184 20
21.114035087719746 44
21.122807017544307 41
21.201754385965362 7
21.324561403509225 42
21.35087719298291 6
21.41228070175484 2
21.51754385964958 11
21.56140350877239 24
21.61403508771976 25
21.62280701754432 22
21.649122807018006 0
21.710526315789938 18
21.72807017543906 1
21.72807017543906 36
21.815789473684678 15
21.8333333333338 31
21.903508771930294 47
21.98245614035135 11
21.99122807017591 46
22.026315789474157 7
22.078947368421527 6
22.14912280701802 37
22.14912280701802 52
22.14912280701802 59
22.236842105263637 58
22.280701754386445 18
22.324561403509254 8
22.3596491228075 11
22.3596491228075 24
22.385964912281185 12
22.596491228070665 18
22.62280701754435 43
22.63157894736891 38
22.666666666667158 42
22.701754385965405 36
22.73684210526365 50
22.807017543860145 6
22.850877192982953 7
22.877192982456638 48
22.903508771930323 27
23.017543859649624 53
23.087719298246117 14
23.15789473684261 15
23.15789473684261 24
23.166666666667172 16
23.289473684211035 30
23.289473684211035 46
23.324561403509282 49
23.51754385964964 18
23.53508771929876 6
23.596491228070693 32
23.614035087719817 12
23.62280701754438 18
23.62280701754438 59
23.675438596491748 7
23.675438596491748 36
23.69298245614087 57
23.719298245614556 47
23.73684210526368 44
23.74561403508824 10
23.780701754386488 42
23.89473684210579 20
23.95614035087772 24
24.00877192982509 1
24.192982456140886 0
24.26315789473738 6
24.500000000000544 15
24.508771929825105 7
24.543859649123352 23
24.64912280701809 36
24.719298245614585 18
24.75438596491283 24
24.75438596491283 59
24.79824561403564 55
24.824561403509325 48
24.947368421053188 2
24.991228070175996 6
25.043859649123366 5
25.052631578947928 26
25.052631578947928 50
25.12280701754442 18
25.12280701754442 40
25.17543859649179 39
25.210526315790037 44
25.2192982456146 12
25.3333333333339 7
25.421052631579517 31
25.500000000000572 27
25.508771929825134 58
25.53508771929882 47
25.552631578947942 24
25.561403508772504 30
25.622807017544435 36
25.631578947368997 28
25.64035087719356 42
25.719298245614613 6
25.719298245614613 25
25.842105263158476 15
25.850877192983038 46
25.8596491228076 22
25.877192982456723 59
25.982456140351463 34
26.008771929825148 29
26.035087719298833 16
26.035087719298833 44
26.052631578947956 56
26.07017543859708 52
26.157894736842696 7
26.315789473684806 54
26.350877192983052 24
26.3859649122813 20
26.44736842105323 6
26.464912280702354 18
26.55263157894797 49
26.59649122807078 0
26.59649122807078 36
26.640350877193587 14
26.77192982456201 48
26.859649122807628 12
26.903508771930436 53
26.964912280702368 1
26.98245614035149 7
27.07894736842167 18
27.122807017544478 37
27.149122807018163 24
27.149122807018163 57
27.175438596491848 6
27.18421052631641 15
27.201754385965533 43
27.210526315790094 41
27.271929824562026 42
27.28947368421115 46
27.34210526315852 47
27.359649122807642 44
27.368421052632204 50
27.44736842105326 59
27.552631578948 11
27.570175438597122 36
27.807017543860287 7
27.842105263158533 30
27.903508771930465 6
27.947368421053273 24
28.184210526316438 55
28.377192982456794 23
28.385964912281356 42
28.51754385964978 27
28.526315789474342 15
28.543859649123466 36
28.596491228070835 12
28.62280701754452 59
28.631578947369082 6
28.631578947369082 7
28.66666666666733 1
28.710526315790137 25
28.7192982456147 48
28.745614035088384 24
28.763157894737507 46
28.77192982456207 2
28.798245614035753 38
28.807017543860315 58
28.88596491228137 0
28.903508771930493 16
28.903508771930493 20
28.9473684210533 18
29.04385964912348 44
29.15789473684278 47
29.333333333334014 39
29.3596491228077 6
29.394736842105946 8
29.456140350877877 7
29.456140350877877 43
29.500000000000686 42
29.51754385964981 36
29.543859649123494 24
29.657894736842795 26
29.68421052631648 50
29.710526315790165 1
29.798245614035782 57
29.824561403509467 49
29.850877192983152 40
29.868421052632275 15
29.8859649122814 44
29.921052631579645 5
29.964912280702453 41
29.99122807017614 31
30.087719298246316 6
30.096491228070878 22
30.11403508772 30
30.15789473684281 12
30.184210526316495 14
30.201754385965618 46
30.280701754386673 7
30.342105263158604 24
30.394736842105974 32
30.412280701755098 34
30.491228070176152 36
30.543859649123522 59
30.58771929824633 10
30.614035087720016 42
30.614035087720016 44
30.666666666667385 28
30.666666666667385 48
30.815789473684934 6
30.973684210527043 47
31.105263157895468 7
31.140350877193715 24
31.149122807018276 43
31.210526315790208 15
31.33333333333407 25
31.350877192983194 29
31.447368421053373 18
31.464912280702496 36
31.473684210527058 12
31.53508771929899 20
31.54385964912355 6
31.684210526316537 53
31.728070175439345 42
31.736842105263907 44
31.74561403508847 46
31.771929824562154 16
31.79824561403584 52
31.938596491228825 7
31.938596491228825 24
32.00000000000075 50
32.09649122807093 37
32.10526315789549 1
32.114035087720055 44
32.175438596491986 59
32.20175438596567 23
32.271929824562164 6
32.385964912281466 30
32.438596491228836 36
32.438596491228836 41
32.50000000000077 29
32.55263157894814 15
32.62280701754463 48
32.640350877193754 2
32.640350877193754 57
32.675438596492 11
32.71052631579025 55
32.73684210526393 24
32.77192982456218 7
32.7894736842113 47
32.84210526315867 42
32.92105263157973 27
32.9736842105271 39
33.00000000000078 6
33.05263157894815 49
33.15789473684289 12
33.2017543859657 43
33.2017543859657 44
33.21929824561482 0
33.25438596491307 46
33.315789473685 5
33.35964912280781 54
33.41228070175518 36
33.4298245614043 25
33.45614035087799 31
33.53508771929904 24
33.596491228070974 7
33.605263157895536 59
33.7280701754394 6
33.73684210526396 14
33.78070175438677 58
33.89473684210607 15
33.92982456140432 20
33.92982456140432 44
33.956140350878 42
34.01754385964993 18
34.03508771929906 11
34.236842105263975 18
34.31578947368503 50
34.33333333333415 22
34.33333333333415 24
34.38596491228152 36
34.42105263157977 7
34.456140350878016 6
34.500000000000824 40
34.57017543859732 48
34.605263157895564 47
34.62280701754469 29
34.64035087719381 16
34.666666666667496 30
34.666666666667496 59
34.74561403508855 1
34.815789473685044 46
34.824561403509605 25
35.13157894736926 24
35.18421052631663 6
35.236842105264 15
35.245614035088565 7
35.359649122807866 36
35.403508771930674 42
35.42982456140436 27
35.49122807017629 0
35.508771929825414 53
35.517543859649976 18
35.63157894736928 18
35.64035087719384 39
35.6491228070184 11
35.70175438596577 28
35.73684210526402 32
35.80701754386051 29
35.91228070175525 6
35.929824561404374 24
35.9473684210535 10
35.991228070176305 43
36.00877192982543 38
36.02631578947455 23
36.043859649123675 26
36.07017543859736 7
36.096491228071045 12
36.12280701754473 46
36.201754385965785 59
36.2894736842114 25
36.315789473685086 20
36.32456140350965 49
36.33333333333421 36
36.412280701755265 47
36.412280701755265 47
36.43859649122895 2
36.50877192982544 57
36.526315789474566 48
36.578947368421936 15
36.59649122807106 5
36.61403508772018 55
36.631578947369306 50
36.64035087719387 6
36.64035087719387 34
36.675438596492114 42
36.728070175439484 24
36.894736842106155 7
36.91228070175528 31
36.938596491228964 30
36.95614035087809 29
36.97368421052721 52
37.02631578947458 18
37.07017543859739 37
37.14912280701844 58
37.210526315790375 12
37.23684210526406 5
37.28947368421143 14
37.30701754386055 36
37.368421052632485 6
37.40350877193073 59
37.429824561404416 46
37.43859649122898 18
37.50877192982547 16
37.51754385965003 8
37.526315789474594 24
37.59649122807109 5
37.71929824561495 7
37.77192982456232 0
37.8684210526325 42
37.92105263157987 15
38.000000000000924 54
38.008771929825485 5
38.0964912280711 6
38.20175438596584 25
38.22807017543953 47
38.2807017543869 36
38.324561403509705 24
38.3947368421062 1
38.47368421052725 48
38.52631578947462 59
38.543859649123746 7
38.57017543859743 22
38.701754385965856 41
38.754385964913226 20
38.78947368421147 56
38.82456140350972 6
38.88596491228165 39
38.912280701755336 46
38.94736842105358 50
38.956140350878144 12
38.98245614035183 42
39.07894736842201 29
39.122807017544815 24
39.21052631579043 30
39.25438596491324 36
39.2631578947378 15
39.27192982456236 40
39.36842105263254 7
39.491228070176405 43
39.543859649123775 18
39.552631578948336 6
39.552631578948336 49
39.71929824561501 25
39.84210526315887 27
39.85087719298343 23
39.9035087719308 55
39.912280701755364 8
39.921052631579926 24
39.98245614035186 57
39.99122807017642 2
40.03508771929923 47
40.04385964912379 11
40.09649122807116 18
40.09649122807116 42
40.19298245614134 7
40.22807017543958 36
40.24561403508871 12
40.28070175438695 6
40.37719298245713 16
40.42105263157994 48
40.42105263157994 48
40.45614035087819 31
40.58771929824661 59
40.605263157895735 15
40.67543859649223 46
40.719298245615036 24
40.73684210526416 26
40.73684210526416 28
40.75438596491328 5
40.79824561403609 44
40.8421052631589 14
41.00877192982557 6
41.01754385965013 7
41.0701754385975 32
41.087719298246625 1
41.10526315789575 25
41.140350877193995 20
41.20175438596593 36
41.21929824561505 0
41.236842105264174 53
41.26315789473786 50
41.31578947368523 5
41.42105263157997 44
41.456140350878215 5
41.47368421052734 43
41.49122807017646 30
41.51754385965015 24
41.53508771929927 10
41.675438596492256 39
41.69298245614138 12
41.73684210526419 6
41.81578947368524 41
41.824561403509804 52
41.833333333334366 38
41.84210526315893 7
41.84210526315893 47
41.92105263157998 42
41.94736842105367 15
42.043859649123846 37
42.05263157894841 58
42.096491228071216 29
42.17543859649227 36
42.31578947368526 24
42.36842105263263 48
42.464912280702805 6
42.464912280702805 11
42.66666666666772 7
42.74561403508878 27
42.780701754387024 49
42.80701754386071 22
42.894736842106326 18
43.01754385965019 56
43.043859649123874 43
43.096491228071244 42
43.11403508772037 24
43.14035087719405 5
43.149122807018614 36
43.19298245614142 6
43.24561403508879 16
43.254385964913354 55
43.2894736842116 15
43.41228070175546 5
43.41228070175546 25
43.41228070175546 59
43.44736842105371 57
43.50000000000108 7
43.54385964912389 0
43.578947368422135 50
43.60526315789582 54
43.65789473684319 47
43.67543859649231 23
43.76315789473793 30
43.842105263158984 20
43.842105263158984 31
43.91228070175548 24
43.92105263158004 6
44.008771929825656 18
44.01754385965022 2
44.105263157895834 5
44.12280701754496 36
44.324561403509875 7
44.324561403509875 48
44.342105263159 1
44.39473684210637 14
44.40350877193093 18
44.46491228070286 40
44.50000000000111 34
44.50000000000111 42
44.52631578947479 46
44.63157894736953 15
44.64912280701866 6
44.64912280701866 41
44.67543859649234 43
44.692982456141465 18
44.71052631579059 24
44.850877192983575 59
44.93859649122919 18
44.94736842105375 39
45.008771929825684 25
45.0964912280713 36
45.14912280701867 7
45.20175438596604 44
45.271929824562534 32
45.31578947368534 27
45.35087719298359 8
45.377192982457274 6
45.40350877193096 5
45.46491228070289 47
45.5087719298257 24
45.61403508772044 42
45.65789473684325 18
45.68421052631693 26
45.77192982456255 28
45.868421052632726 44
45.87719298245729 46
45.89473684210641 50
45.90350877193097 1
45.92982456140466 59
45.973684210527466 15
45.98245614035203 7
46.00877192982571 49
46.0350877192994 30
46.070175438597644 36
46.10526315789589 6
46.11403508772045 16
46.27192982456256 48
46.30701754386081 24
46.438596491229234 25
46.47368421052748 44
46.491228070176604 57
46.63157894736959 53
46.74561403508889 38
46.75438596491345 12
46.77192982456258 20
46.80701754386082 7
46.80701754386082 29
46.83333333333451 6
46.84210526315907 18
47.0175438596503 37
47.04385964912399 22
47.04385964912399 36
47.09649122807136 41
47.09649122807136 42
47.10526315789592 24
47.14912280701873 11
47.28070175438715 47
47.3157894736854 15
47.41228070175558 44
47.42105263158014 59
47.456140350878385 55
47.53508771929944 23
47.543859649124 0
47.561403508773125 6
47.561403508773125 52
47.63157894736962 7
47.666666666667865 46
47.85087719298366 1
47.86842105263278 5
47.90350877193103 24
47.94736842105384 14
47.94736842105384 58
48.00000000000121 5
48.00877192982577 2
48.01754385965033 36
48.149122807018756 11
48.21052631579069 42
48.21052631579069 50
48.21929824561525 48
48.28947368421174 6
48.31578947368543 30
48.32456140350999 18
48.38596491228192 12
48.456140350878414 7
48.65789473684333 15
48.65789473684333 59
48.70175438596614 8
48.70175438596614 24
48.75438596491351 29
48.938596491229305 54
48.98245614035211 16
48.991228070176675 36
49.01754385965036 6
49.06140350877317 46
49.096491228071415 47
49.11403508772054 1
49.157894736843346 20
49.157894736843346 40
49.201754385966154 44
49.210526315790716 43
49.24561403508896 18
49.263157894738086 31
49.28070175438721 7
49.28070175438721 49
49.34210526315914 27
49.39473684210651 42
49.473684210527566 5
49.50000000000125 24
49.50877192982581 25
49.66666666666792 5
49.736842105264415 59
49.74561403508898 6
49.75438596491354 41
49.7631578947381 32
49.789473684211785 5
49.85964912280828 57
49.8771929824574 0
49.894736842106525 44
49.96491228070302 36
50.000000000001265 15
50.105263157896005 7
50.166666666667936 48
50.18421052631706 12
50.29824561403636 24
50.324561403510046 5
50.35964912280829 52
50.421052631580224 1
50.473684210527594 6
50.50877192982584 42
50.526315789474964 5
50.526315789474964 50
50.587719298246896 30
50.631578947369704 46
50.640350877194265 34
50.80701754386094 28
50.88596491228199 56
50.91228070175568 47
50.9298245614048 7
50.93859649122936 36
51.09649122807147 24
51.20175438596621 6
51.20175438596621 25
51.25438596491358 43
51.271929824562704 8
51.280701754387266 22
51.324561403510074 11
51.3421052631592 15
51.35964912280832 23
51.429824561404814 53
51.491228070176746 26
51.50000000000131 14
51.60526315789605 39
51.62280701754517 42
51.63157894736973 18
51.754385964913595 7
51.76315789473816 20
51.807017543860965 44
51.85087719298377 16
51.89473684210658 24
51.912280701755705 36
51.92982456140483 6
51.94736842105395 1
51.99122807017676 37
52.017543859650445 5
52.10526315789606 12
52.122807017545185 48
52.175438596492555 55
52.19298245614168 58
52.24561403508905 38
52.3245614035101 27
52.3245614035101 46
52.35964912280835 29
52.36842105263291 44
52.5087719298259 49
52.57894736842239 7
52.657894736843446 6
52.68421052631713 15
52.69298245614169 24
52.71929824561538 47
52.868421052632925 30
52.88596491228205 36
52.98245614035223 44
53.09649122807153 42
53.11403508772065 50
53.12280701754521 52
53.15789473684346 54
53.31578947368557 1
53.38596491228206 6
53.394736842106624 25
53.403508771931186 7
53.46491228070312 2
53.4912280701768 24
53.500000000001364 29
53.500000000001364 57
53.52631578947505 44
53.771929824562775 59
53.79824561403646 31
53.815789473685584 0
53.85964912280839 36
54.02631578947506 15
54.07894736842243 48
54.11403508772068 6
54.14912280701893 46
54.192982456141735 5
54.22807017543998 7
54.245614035089105 42
54.28947368421191 24
54.3157894736856 40
54.412280701755776 5
54.49122807017683 32
54.53508771929964 47
54.69298245614175 12
54.70175438596631 20
54.71052631579087 41
54.719298245615434 16
54.833333333334735 36
54.8421052631593 6
54.89473684210667 59
54.982456140352284 34
55.05263157894878 7
55.05263157894878 14
55.08771929824702 24
55.14035087719439 30
55.1842105263172 23
55.201754385966325 1
55.34210526315931 25
55.35087719298387 39
55.359649122808435 42
55.368421052632996 15
55.42982456140493 50
55.43859649122949 8
55.517543859650544 22
55.517543859650544 55
55.54385964912423 58
55.570175438597914 6
55.736842105264586 49
55.80701754386108 36
55.842105263159326 18
55.85087719298389 28
55.85087719298389 53
55.87719298245757 7
55.885964912282134 24
55.96491228070319 5
56.02631578947512 48
56.14912280701898 27
56.17543859649267 29
56.18421052631723 0
56.210526315790915 46
56.2368421052646 12
56.25438596491372 57
56.29824561403653 6
56.30701754386109 52
56.34210526315934 47
56.473684210527765 42
56.49122807017689 59
56.684210526317244 24
56.692982456141806 45
56.70175438596637 7
56.71052631579093 15
56.71929824561549 43
56.736842105264614 26
56.78070175438742 36
56.789473684211984 18
56.80701754386111 11
56.80701754386111 41
56.91228070175585 25
56.96491228070322 37
57.02631578947515 5
57.02631578947515 6
57.07894736842252 20
57.114035087720765 18
57.14912280701901 56
57.21052631579094 44
57.26315789473831 1
57.33333333333481 5
57.35087719298393 29
57.36842105263305 18
57.482456140352355 12
57.482456140352355 24
57.52631578947516 7
57.535087719299725 59
57.56140350877341 18
57.587719298247094 16
57.587719298247094 16
57.587719298247094 42
57.61403508772078 38
57.640350877194464 30
57.745614035089204 50
57.754385964913766 6
57.754385964913766 36
57.86842105263307 39
57.88596491228219 31
57.903508771931314 8
57.93859649122956 54
57.97368421052781 48
58.05263157894886 15
58.05263157894886 46
58.14912280701904 47
58.280701754387465 24
58.35087719298396 7
58.47368421052782 0
58.48245614035238 6
58.543859649124315 40
58.570175438598 59
58.605263157896246 14
58.67543859649274 32
58.701754385966424 42
58.72807017544011 18
58.72807017544011 36
58.90350877193134 2
58.964912280703274 49
58.973684210527836 12
59.00877192982608 23
59.078947368422575 24
59.122807017545384 57
59.175438596492754 7
59.19298245614188 11
59.210526315791 6
59.22807017544012 58
59.33333333333486 34
59.394736842106795 15
59.45614035087873 20
59.64035087719452 11
59.70175438596645 36
59.72807017544014 44
59.75438596491382 22
59.83333333333488 46
59.850877192984 43
59.877192982457686 24
59.88596491228225 55
59.90350877193137 42
59.91228070175593 30
59.921052631580494 48
59.93859649122962 6
59.95614035087874 47
