0.008771929824561403 34
0.07894736842105263 59
0.08771929824561403 2
0.09649122807017543 3
0.12280701754385964 52
0.14035087719298245 19
0.16666666666666666 48
0.17543859649122806 17
0.18421052631578946 31
0.21929824561403508 26
0.21929824561403508 46
0.22807017543859648 43
0.22807017543859648 47
0.24561403508771928 12
0.3333333333333336 15
0.35087719298245645 57
0.4736842105263165 58
0.49122807017543935 32
0.5350877192982465 18
0.5438596491228079 7
0.5526315789473694 23
0.5701754385964922 24
0.5877192982456151 16
0.6403508771929837 11
0.6578947368421065 4
0.666666666666668 10
0.7192982456140365 19
0.8421052631578966 11
0.850877192982458 1
0.8684210526315809 54
1.035087719298248 55
1.0614035087719322 11
1.0614035087719322 41
1.0877192982456165 38
1.2631578947368451 11
1.3684210526315823 24
1.3684210526315823 25
1.4298245614035123 3
1.4385964912280738 8
1.4473684210526352 7
1.5175438596491266 18
1.5964912280701795 9
1.5964912280701795 27
1.6315789473684252 44
1.6754385964912324 15
1.7456140350877238 43
1.9035087719298296 28
1.9035087719298296 36
1.973684210526321 5
1.991228070175444 42
2.061403508771934 47
2.10526315789474 12
2.1315789473684235 11
2.1666666666666683 19
2.1666666666666683 24
2.192982456140352 20
2.271929824561403 46
2.289473684210525 7
2.32456140350877 11
2.4298245614035046 14
2.4385964912280658 6
2.482456140350872 22
2.4999999999999942 48
2.5175438596491166 11
2.535087719298239 30
2.5877192982456063 18
2.6403508771929736 44
2.657894736842096 17
2.7105263157894632 11
2.7280701754385857 25
2.736842105263147 4
2.7631578947368305 3
2.8947368421052486 36
2.90350877192981 11
2.9649122807017383 24
2.999999999999983 59
3.0087719298245443 15
3.0526315789473504 39
3.0964912280701564 11
3.12280701754384 7
3.166666666666646 6
3.201754385964891 42
3.2280701754385746 43
3.2631578947368194 18
3.298245614035064 11
3.3596491228069927 9
3.421052631578921 5
3.4298245614034824 12
3.456140350877166 16
3.491228070175411 11
3.5087719298245332 18
3.5087719298245332 19
3.5263157894736556 41
3.535087719298217 17
3.578947368421023 2
3.6842105263157574 11
3.7631578947368083 24
3.833333333333298 46
3.8596491228069816 52
3.868421052631543 40
3.877192982456104 11
3.877192982456104 47
3.8947368421052264 6
3.956140350877155 7
3.9912280701753997 1
4.070175438596454 11
4.0877192982455774 25
4.0877192982455774 31
4.096491228070139 3
4.131578947368386 44
4.140350877192947 36
4.140350877192947 57
4.192982456140317 27
4.2631578947368105 11
4.2894736842104955 18
4.324561403508742 42
4.333333333333304 15
4.333333333333304 17
4.350877192982427 19
4.394736842105235 34
4.438596491228044 29
4.438596491228044 37
4.456140350877167 11
4.543859649122783 12
4.561403508771907 24
4.614035087719277 26
4.622807017543838 6
4.649122807017523 11
4.6666666666666465 44
4.68421052631577 23
4.6929824561403315 45
4.78947368421051 7
4.815789473684195 4
4.833333333333318 30
4.84210526315788 11
4.9210526315789345 58
5.035087719298236 11
5.131578947368414 36
5.175438596491222 17
5.201754385964907 20
5.228070175438592 11
5.236842105263154 48
5.342105263157894 9
5.3508771929824555 6
5.359649122807017 24
5.359649122807017 55
5.421052631578949 11
5.42982456140351 3
5.447368421052634 25
5.456140350877195 59
5.464912280701757 39
5.5000000000000036 18
5.570175438596497 41
5.614035087719305 11
5.622807017543867 7
5.657894736842113 12
5.657894736842113 15
5.710526315789483 29
5.710526315789483 47
5.763157894736853 1
5.7982456140351 44
5.807017543859661 11
5.991228070175456 17
5.991228070175456 42
6.000000000000018 11
6.008771929824579 38
6.017543859649141 10
6.035087719298264 14
6.052631578947388 32
6.078947368421073 6
6.122807017543881 36
6.1578947368421275 24
6.192982456140374 11
6.271929824561429 46
6.324561403508799 16
6.3859649122807305 11
6.456140350877224 7
6.456140350877224 52
6.473684210526347 19
6.570175438596525 57
6.578947368421087 11
6.578947368421087 54
6.675438596491265 18
6.675438596491265 44
6.684210526315827 43
6.728070175438635 22
6.763157894736882 3
6.771929824561443 11
6.771929824561443 12
6.7894736842105665 17
6.80701754385969 6
6.80701754385969 25
6.824561403508813 19
6.850877192982498 28
6.894736842105306 4
6.956140350877238 24
6.9649122807018 11
6.982456140350923 15
7.0175438596491695 29
7.070175438596539 2
7.114035087719348 9
7.114035087719348 36
7.122807017543909 30
7.140350877193033 44
7.157894736842156 11
7.263157894736896 18
7.289473684210581 7
7.350877192982512 11
7.403508771929882 48
7.4210526315790055 5
7.429824561403567 49
7.491228070175499 59
7.526315789473745 47
7.535087719298307 6
7.543859649122869 11
7.55263157894743 46
7.587719298245677 17
7.6754385964912935 31
7.701754385964978 20
7.736842105263225 11
7.754385964912348 24
7.885964912280773 12
7.929824561403581 11
7.964912280701828 19
8.096491228070253 3
8.105263157894814 36
8.122807017543938 7
8.122807017543938 11
8.149122807017623 44
8.166666666666746 25
8.166666666666746 39
8.263157894736924 6
8.263157894736924 41
8.29824561403517 27
8.307017543859732 15
8.315789473684294 11
8.342105263157979 29
8.385964912280787 17
8.473684210526404 19
8.50877192982465 11
8.50877192982465 43
8.552631578947459 24
8.61403508771939 56
8.675438596491322 44
8.684210526315884 55
8.701754385965007 11
8.763157894736938 1
8.807017543859747 58
8.82456140350887 19
8.850877192982555 9
8.894736842105363 11
8.956140350877295 7
8.973684210526418 4
8.991228070175541 6
9.000000000000103 12
9.008771929824665 46
9.08771929824572 11
9.096491228070281 36
9.14035087719309 23
9.184210526315898 17
9.19298245614046 5
9.19298245614046 16
9.280701754386076 11
9.324561403508884 44
9.333333333333446 34
9.342105263158007 47
9.35087719298257 24
9.394736842105377 18
9.403508771929939 19
9.403508771929939 30
9.4122807017545 37
9.429824561403624 3
9.473684210526432 11
9.526315789473802 25
9.552631578947487 5
9.605263157894857 14
9.631578947368542 15
9.666666666666789 11
9.692982456140474 42
9.719298245614159 6
9.72807017543872 52
9.763157894736967 48
9.789473684210652 7
9.859649122807145 11
9.868421052631707 26
9.912280701754515 19
9.973684210526446 17
10.052631578947501 11
10.087719298245748 36
10.114035087719433 12
10.14912280701768 24
10.157894736842241 20
10.245614035087858 11
10.289473684210666 8
10.342105263158036 46
10.403508771929967 41
10.438596491228214 11
10.447368421052776 6
10.561403508772077 2
10.570175438596639 19
10.5789473684212 9
10.596491228070324 29
10.605263157894885 57
10.614035087719447 7
10.622807017544009 40
10.63157894736857 11
10.649122807017694 1
10.763157894736995 3
10.763157894736995 43
10.771929824561557 17
10.824561403508927 11
10.877192982456297 27
10.885964912280858 25
10.929824561403667 59
10.94736842105279 24
10.956140350877352 15
10.973684210526475 22
11.017543859649283 11
11.05263157894753 4
11.078947368421215 36
11.078947368421215 38
11.166666666666831 47
11.175438596491393 6
11.21052631578964 11
11.228070175438763 12
11.26315789473701 18
11.307017543859818 19
11.403508771929996 11
11.438596491228243 7
11.447368421052804 54
11.48245614035105 32
11.570175438596667 17
11.596491228070352 11
11.605263157894914 31
11.684210526315969 30
11.710526315789654 5
11.7456140350879 24
11.780701754386147 28
11.789473684210709 11
11.877192982456325 19
11.90350877193001 6
11.964912280701942 49
11.982456140351065 11
12.06140350877212 16
12.070175438596682 36
12.096491228070366 3
12.11403508771949 44
12.131578947368613 48
12.149122807017736 46
12.175438596491421 11
12.210526315789668 1
12.245614035087915 25
12.263157894737038 7
12.280701754386161 15
12.307017543859846 9
12.342105263158093 12
12.368421052631778 11
12.368421052631778 17
12.473684210526518 19
12.500000000000203 42
12.500000000000203 50
12.53508771929845 43
12.54385964912301 24
12.561403508772134 11
12.578947368421257 18
12.605263157894942 52
12.614035087719504 20
12.631578947368627 6
12.640350877193189 59
12.692982456140559 29
12.75438596491249 11
12.903508771930039 41
12.947368421052847 11
12.982456140351093 47
13.043859649123025 23
13.061403508772148 36
13.061403508772148 39
13.078947368421272 18
13.096491228070395 7
13.12280701754408 19
13.131578947368642 4
13.140350877193203 11
13.149122807017765 57
13.157894736842326 17
13.166666666666888 14
13.219298245614258 55
13.254385964912505 56
13.33333333333356 11
13.342105263158121 24
13.359649122807244 6
13.368421052631806 18
13.429824561403738 3
13.456140350877423 12
13.456140350877423 19
13.526315789473916 10
13.526315789473916 11
13.60526315789497 15
13.60526315789497 25
13.719298245614272 11
13.912280701754629 11
13.929824561403752 7
13.956140350877437 17
13.956140350877437 30
14.000000000000245 44
14.02631578947393 9
14.052631578947615 2
14.052631578947615 36
14.087719298245862 6
14.105263157894985 11
14.114035087719547 8
14.140350877193232 24
14.157894736842355 18
14.175438596491478 48
14.210526315789725 19
14.271929824561656 58
14.280701754386218 34
14.298245614035341 11
14.385964912280958 37
14.429824561403766 42
14.44736842105289 59
14.491228070175698 11
14.570175438596753 12
14.684210526316054 11
14.754385964912547 7
14.754385964912547 17
14.763157894737109 3
14.798245614035356 47
14.815789473684479 6
14.815789473684479 50
14.87719298245641 11
14.921052631579219 27
14.92982456140378 15
14.92982456140378 16
14.938596491228342 24
14.964912280702027 25
15.043859649123082 18
15.043859649123082 36
15.043859649123082 41
15.070175438596767 1
15.070175438596767 11
15.078947368421328 20
15.08771929824589 49
15.157894736842383 29
15.19298245614063 43
15.210526315789753 4
15.219298245614315 22
15.228070175438877 18
15.254385964912561 19
15.263157894737123 11
15.45614035087748 11
15.517543859649411 19
15.543859649123096 6
15.552631578947658 17
15.578947368421343 7
15.640350877193274 26
15.649122807017836 11
15.684210526316082 12
15.72807017543889 9
15.736842105263452 24
15.78070175438626 19
15.842105263158192 11
16.000000000000302 46
16.03508771929855 11
16.03508771929855 36
16.04385964912311 19
16.09649122807048 3
16.228070175438905 11
16.228070175438905 48
16.25438596491259 15
16.271929824561713 6
16.280701754386275 39
16.30701754385996 19
16.324561403509083 25
16.350877192982768 17
16.350877192982768 17
16.35964912280733 29
16.394736842105576 18
16.403508771930138 54
16.4122807017547 7
16.42105263157926 11
16.535087719298563 24
16.57017543859681 19
16.614035087719618 11
16.614035087719618 47
16.657894736842426 31
16.67543859649155 44
16.701754385965234 28
16.701754385965234 30
16.710526315789796 59
16.72807017543892 14
16.72807017543892 38
16.798245614035412 12
16.807017543859974 11
16.83333333333366 19
16.83333333333366 19
16.89473684210559 42
16.921052631579276 23
17.00000000000033 6
17.00000000000033 11
17.026315789474015 36
17.09649122807051 19
17.09649122807051 43
17.114035087719632 55
17.131578947368755 50
17.14912280701788 17
17.192982456140687 11
17.192982456140687 18
17.245614035088057 7
17.289473684210865 4
17.333333333333673 24
17.359649122807358 18
17.359649122807358 19
17.36842105263192 27
17.37719298245648 10
17.385964912281043 11
17.42982456140385 3
17.438596491228413 9
17.517543859649468 32
17.53508771929859 20
17.543859649123153 2
17.543859649123153 29
17.561403508772276 8
17.5789473684214 11
17.5789473684214 15
17.605263157895084 52
17.622807017544208 19
17.622807017544208 44
17.68421052631614 25
17.710526315789824 58
17.728070175438948 6
17.771929824561756 11
17.78947368421088 57
17.79824561403544 16
17.885964912281057 19
17.885964912281057 41
17.912280701754742 12
17.94736842105299 17
17.964912280702112 11
18.017543859649482 36
18.043859649123167 42
18.070175438596852 7
18.131578947368784 24
18.149122807017907 19
18.15789473684247 11
18.350877192982825 11
18.412280701754757 19
18.43859649122844 47
18.456140350877565 6
18.473684210526688 48
18.54385964912318 11
18.675438596491606 19
18.70175438596529 43
18.710526315789853 59
18.736842105263538 11
18.7456140350881 17
18.763157894737223 3
18.763157894737223 34
18.842105263158277 1
18.894736842105647 7
18.90350877193021 15
18.929824561403894 11
18.929824561403894 24
18.938596491228456 19
18.973684210526702 30
19.00877192982495 36
19.026315789474072 12
19.043859649123196 25
19.06140350877232 40
19.12280701754425 11
19.140350877193374 9
19.184210526316182 6
19.201754385965305 19
19.315789473684607 11
19.350877192982853 18
19.359649122807415 37
19.368421052631977 4
19.456140350877593 22
19.464912280702155 19
19.508771929824963 11
19.54385964912321 17
19.578947368421456 29
19.70175438596532 11
19.71052631578988 44
19.719298245614443 7
19.728070175439004 19
19.728070175439004 24
19.81578947368462 27
19.894736842105676 11
19.894736842105676 42
19.9122807017548 6
19.9122807017548 50
19.991228070175854 8
19.991228070175854 19
19.991228070175854 20
20.000000000000416 36
20.087719298246032 11
20.096491228070594 3
20.140350877193402 12
20.219298245614457 41
20.22807017543902 15
20.254385964912704 19
20.254385964912704 47
20.28070175438639 11
20.28947368421095 14
20.298245614035512 43
20.298245614035512 46
20.34210526315832 17
20.40350877193025 25
20.473684210526745 11
20.473684210526745 31
20.517543859649553 19
20.526315789474115 24
20.543859649123238 7
20.5526315789478 59
20.640350877193416 6
20.6666666666671 11
20.6666666666671 16
20.780701754386403 19
20.789473684210964 23
20.842105263158334 9
20.859649122807458 11
20.98245614035132 39
20.991228070175882 36
21.03508771929869 2
21.043859649123252 19
21.052631578947814 11
21.14035087719343 17
21.228070175439047 10
21.24561403508817 11
21.24561403508817 30
21.254385964912732 12
21.307017543860102 19
21.315789473684664 52
21.324561403509225 24
21.35087719298291 18
21.368421052632034 6
21.368421052632034 7
21.368421052632034 58
21.385964912281157 57
21.429824561403965 3
21.438596491228527 11
21.44736842105309 4
21.552631578947828 15
21.552631578947828 18
21.57017543859695 19
21.62280701754432 28
21.631578947368883 11
21.649122807018006 48
21.763157894737308 25
21.82456140350924 11
21.8333333333338 19
21.87719298245661 32
21.93859649122854 17
21.956140350877664 56
21.98245614035135 36
21.99122807017591 49
22.017543859649596 11
22.026315789474157 1
22.070175438596966 47
22.08771929824609 38
22.09649122807065 6
22.09649122807065 18
22.09649122807065 19
22.122807017544336 24
22.20175438596539 7
22.210526315789952 11
22.228070175439075 50
22.271929824561884 26
22.271929824561884 27
22.29824561403557 18
22.315789473684692 41
22.3596491228075 19
22.3596491228075 54
22.368421052632062 5
22.368421052632062 12
22.40350877193031 11
22.40350877193031 55
22.447368421053117 20
22.552631578947857 9
22.596491228070665 11
22.605263157895227 44
22.62280701754435 19
22.657894736842596 5
22.73684210526365 17
22.763157894737336 3
22.78947368421102 11
22.824561403509268 6
22.877192982456638 15
22.8859649122812 19
22.921052631579446 24
22.973684210526816 36
22.982456140351378 11
23.035087719298748 7
23.122807017544364 25
23.14912280701805 19
23.175438596491734 11
23.20175438596542 59
23.219298245614542 34
23.228070175439104 43
23.236842105263666 18
23.36842105263209 11
23.4122807017549 19
23.482456140351392 12
23.51754385964964 30
23.5263157894742 4
23.53508771929876 16
23.53508771929876 17
23.552631578947885 6
23.561403508772447 11
23.62280701754438 46
23.675438596491748 19
23.69298245614087 22
23.69298245614087 48
23.710526315789995 44
23.719298245614556 24
23.754385964912803 11
23.763157894737365 1
23.84210526315842 14
23.868421052632105 7
23.885964912281228 47
23.938596491228598 19
23.94736842105316 11
23.964912280702283 36
24.096491228070708 3
24.140350877193516 11
24.201754385965447 15
24.201754385965447 19
24.26315789473738 9
24.280701754386502 6
24.333333333333872 11
24.333333333333872 17
24.333333333333872 37
24.42982456140405 41
24.464912280702297 19
24.48245614035142 25
24.517543859649667 24
24.52631578947423 2
24.52631578947423 11
24.59649122807072 12
24.70175438596546 7
24.710526315790023 23
24.719298245614585 11
24.719298245614585 27
24.728070175439147 19
24.736842105263708 43
24.780701754386516 31
24.85087719298301 1
24.90350877193038 20
24.91228070175494 11
24.95614035087775 36
24.991228070175996 19
25.00877192982512 6
25.078947368421613 10
25.105263157895298 11
25.131578947368983 17
25.131578947368983 58
25.140350877193544 40
25.245614035088284 18
25.254385964912846 19
25.298245614035654 11
25.315789473684777 24
25.42982456140408 3
25.49122807017601 11
25.517543859649695 19
25.526315789474257 15
25.53508771929882 7
25.570175438597065 57
25.605263157895312 4
25.675438596491805 59
25.684210526316367 11
25.70175438596549 47
25.71052631579005 12
25.736842105263737 6
25.780701754386545 19
25.780701754386545 29
25.789473684211107 30
25.842105263158476 25
25.8596491228076 39
25.877192982456723 11
25.929824561404093 17
25.947368421053216 36
25.956140350877778 1
25.9736842105269 9
26.035087719298833 42
26.035087719298833 50
26.043859649123394 19
26.07017543859708 11
26.087719298246203 46
26.114035087719888 24
26.263157894737436 11
26.307017543860244 19
26.368421052632176 7
26.403508771930422 16
26.456140350877792 11
26.456140350877792 32
26.464912280702354 6
26.464912280702354 8
26.54385964912341 28
26.570175438597094 19
26.64912280701815 11
26.71052631579008 18
26.71929824561464 17
26.76315789473745 3
26.76315789473745 3
26.81578947368482 54
26.82456140350938 12
26.833333333333943 19
26.842105263158505 11
26.850877192983067 15
26.885964912281313 26
26.912280701754998 24
26.92982456140412 52
26.938596491228683 36
27.03508771929886 11
27.096491228070793 19
27.149122807018163 43
27.166666666667286 27
27.19298245614097 6
27.19298245614097 7
27.201754385965533 25
27.228070175439218 11
27.228070175439218 44
27.28947368421115 41
27.29824561403571 59
27.359649122807642 19
27.359649122807642 20
27.39473684210589 14
27.421052631579574 11
27.50877192982519 47
27.517543859649752 17
27.61403508771993 11
27.622807017544492 19
27.631578947369054 34
27.675438596491862 9
27.675438596491862 38
27.684210526316424 4
27.71052631579011 24
27.807017543860287 11
27.842105263158533 46
27.88596491228134 19
27.921052631579588 6
27.92982456140415 22
27.92982456140415 36
27.93859649122871 12
27.964912280702396 57
28.000000000000643 11
28.017543859649766 2
28.017543859649766 7
28.061403508772575 30
28.09649122807082 3
28.14912280701819 19
28.14912280701819 31
28.175438596491876 15
28.192982456141 11
28.29824561403574 56
28.315789473684863 17
28.342105263158548 48
28.385964912281356 11
28.41228070175504 19
28.50877192982522 24
28.56140350877259 25
28.56140350877259 59
28.57017543859715 23
28.578947368421712 11
28.631578947369082 43
28.649122807018205 6
28.67543859649189 19
28.77192982456207 11
28.789473684211192 58
28.82456140350944 49
28.82456140350944 50
28.850877192983123 7
28.89473684210593 1
28.921052631579617 36
28.92982456140418 10
28.93859649122874 19
28.964912280702425 11
28.964912280702425 39
29.05263157894804 12
29.10526315789541 17
29.15789473684278 11
29.20175438596559 19
29.271929824562083 16
29.30701754386033 24
29.30701754386033 29
29.30701754386033 37
29.324561403509453 47
29.342105263158576 42
29.350877192983138 11
29.377192982456823 6
29.385964912281384 9
29.403508771930507 18
29.429824561404192 3
29.456140350877877 44
29.46491228070244 19
29.500000000000686 15
29.535087719298932 59
29.543859649123494 11
29.614035087719987 27
29.649122807018234 46
29.68421052631648 7
29.72807017543929 19
29.73684210526385 11
29.763157894737535 4
29.815789473684905 20
29.815789473684905 55
29.90350877193052 17
29.912280701755083 36
29.921052631579645 25
29.929824561404207 11
29.99122807017614 19
30.026315789474385 18
30.096491228070878 43
30.10526315789544 6
30.10526315789544 24
30.11403508772 41
30.122807017544563 11
30.16666666666737 12
30.254385964912988 19
30.26315789473755 1
30.31578947368492 11
30.333333333334043 30
30.385964912281413 48
30.464912280702467 8
30.508771929825276 7
30.508771929825276 11
30.517543859649837 19
30.5263157894744 42
30.701754385965632 11
30.701754385965632 17
30.763157894737564 3
30.780701754386687 19
30.824561403509495 15
30.833333333334057 6
30.859649122807742 45
30.868421052632304 29
30.89473684210599 11
30.90350877193055 24
30.90350877193055 36
30.94736842105336 14
31.043859649123537 19
31.052631578948098 59
31.06140350877266 46
31.087719298246345 9
31.087719298246345 11
31.140350877193715 5
31.140350877193715 47
31.140350877193715 50
31.149122807018276 32
31.27192982456214 54
31.2807017543867 11
31.2807017543867 12
31.2807017543867 25
31.307017543860386 19
31.33333333333407 7
31.412280701755126 52
31.464912280702496 28
31.473684210527058 11
31.500000000000743 17
31.508771929825304 2
31.508771929825304 18
31.54385964912355 31
31.561403508772674 6
31.570175438597236 19
31.570175438597236 19
31.622807017544606 43
31.666666666667414 11
31.70175438596566 24
31.74561403508847 18
31.833333333334085 19
31.842105263158647 4
31.85964912280777 11
31.885964912281455 49
31.894736842106017 5
31.894736842106017 36
31.91228070175514 1
32.05263157894812 11
32.061403508772685 27
32.09649122807093 3
32.09649122807093 19
32.114035087720055 34
32.114035087720055 44
32.14035087719374 16
32.1491228070183 15
32.15789473684286 7
32.166666666667425 22
32.175438596491986 42
32.20175438596567 39
32.24561403508848 11
32.271929824562164 20
32.28947368421129 6
32.29824561403585 17
32.333333333334096 58
32.35964912280778 19
32.39473684210603 12
32.41228070175515 41
32.42105263157971 48
32.429824561404274 23
32.438596491228836 11
32.45614035087796 29
32.46491228070252 57
32.491228070176206 59
32.50000000000077 24
32.61403508772007 26
32.61403508772007 30
32.61403508772007 56
32.62280701754463 19
32.63157894736919 11
32.640350877193754 25
32.81578947368499 9
32.81578947368499 10
32.82456140350955 11
32.88596491228148 19
32.88596491228148 36
32.95614035087797 47
32.99122807017622 7
33.00877192982534 46
33.017543859649905 6
33.017543859649905 11
33.03508771929903 44
33.09649122807096 17
33.14912280701833 19
33.175438596492015 18
33.184210526316576 55
33.21052631579026 11
33.29824561403588 24
33.40350877193062 11
33.41228070175518 19
33.4298245614043 3
33.45614035087799 50
33.47368421052711 15
33.50877192982536 12
33.596491228070974 11
33.67543859649203 19
33.710526315790275 43
33.74561403508852 6
33.77192982456221 42
33.78070175438677 59
33.78947368421133 11
33.82456140350958 7
33.87719298245695 36
33.89473684210607 17
33.921052631579755 4
33.92982456140432 44
33.93859649122888 19
33.98245614035169 11
34.00000000000081 25
34.09649122807099 24
34.17543859649204 11
34.20175438596573 19
34.28070175438678 37
34.3684210526324 11
34.456140350878016 48
34.46491228070258 19
34.47368421052714 6
34.500000000000824 14
34.508771929825386 27
34.52631578947451 9
34.561403508772756 11
34.62280701754469 12
34.657894736842934 7
34.69298245614118 17
34.72807017543943 19
34.72807017543943 20
34.75438596491311 11
34.75438596491311 18
34.763157894737674 3
34.771929824562235 47
34.79824561403592 15
34.868421052632414 36
34.8947368421061 24
34.94736842105347 11
34.94736842105347 49
34.94736842105347 57
34.99122807017628 19
35.00000000000084 2
35.00000000000084 18
35.0087719298254 16
35.07017543859733 38
35.087719298246455 30
35.09649122807102 42
35.140350877193825 11
35.15789473684295 40
35.16666666666751 45
35.20175438596576 6
35.254385964913126 19
35.26315789473769 1
35.27192982456225 39
35.33333333333418 11
35.34210526315874 32
35.359649122807866 25
35.412280701755236 46
35.47368421052717 8
35.48245614035173 7
35.49122807017629 17
35.517543859649976 19
35.52631578947454 11
35.6491228070184 59
35.69298245614121 24
35.69298245614121 44
35.719298245614894 11
35.728070175439456 43
35.73684210526402 12
35.771929824562264 50
35.780701754386826 19
35.85964912280788 36
35.91228070175525 11
35.929824561404374 6
36.00000000000087 4
36.043859649123675 19
36.043859649123675 54
36.07017543859736 52
36.096491228071045 3
36.10526315789561 11
36.12280701754473 15
36.22807017543947 9
36.22807017543947 58
36.2894736842114 17
36.29824561403596 11
36.307017543860525 7
36.307017543860525 19
36.32456140350965 23
36.38596491228158 28
36.4035087719307 22
36.464912280702634 5
36.49122807017632 11
36.49122807017632 24
36.50000000000088 48
36.517543859650004 55
36.53508771929913 41
36.570175438597374 19
36.578947368421936 1
36.578947368421936 47
36.622807017544744 59
36.631578947369306 31
36.65789473684299 6
36.66666666666755 10
36.684210526316676 11
36.71929824561492 25
36.74561403508861 18
36.833333333334224 19
36.85087719298335 12
36.85087719298335 36
36.87719298245703 11
36.95614035087809 27
37.07017543859739 11
37.08771929824651 17
37.09649122807107 19
37.13157894736932 7
37.18421052631669 20
37.24561403508862 42
37.263157894737745 11
37.263157894737745 56
37.28947368421143 24
37.35964912280792 19
37.35964912280792 30
37.38596491228161 6
37.39473684210617 18
37.429824561404416 3
37.43859649122898 57
37.44736842105354 15
37.4561403508781 11
37.61403508772021 34
37.62280701754477 19
37.64912280701846 11
37.842105263158814 11
37.842105263158814 36
37.87719298245706 16
37.88596491228162 17
37.88596491228162 19
37.903508771930746 44
37.92105263157987 18
37.93859649122899 9
37.96491228070268 7
37.96491228070268 12
38.008771929825485 49
38.03508771929917 11
38.052631578948294 14
38.07894736842198 4
38.07894736842198 25
38.08771929824654 24
38.08771929824654 50
38.114035087720225 6
38.14912280701847 19
38.22807017543953 11
38.34210526315883 46
38.377192982457075 59
38.3947368421062 47
38.41228070175532 19
38.42105263157988 11
38.491228070176376 2
38.52631578947462 48
38.57894736842199 1
38.61403508772024 11
38.67543859649217 19
38.67543859649217 26
38.68421052631673 17
38.701754385965856 42
38.72807017543954 41
38.76315789473779 3
38.77192982456235 15
38.798245614036034 7
38.807017543860596 11
38.83333333333428 36
38.84210526315884 6
38.84210526315884 39
38.88596491228165 24
38.93859649122902 19
39.00000000000095 11
39.00000000000095 29
39.061403508772884 5
39.07894736842201 12
39.19298245614131 11
39.20175438596587 19
39.25438596491324 37
39.385964912281665 11
39.40350877193079 27
39.438596491229035 25
39.46491228070272 5
39.46491228070272 19
39.48245614035184 17
39.50877192982553 44
39.57017543859746 6
39.57894736842202 11
39.63157894736939 7
39.63157894736939 30
39.64035087719395 20
39.649122807018514 9
39.649122807018514 9
39.68421052631676 24
39.72807017543957 19
39.77192982456238 11
39.82456140350975 36
39.964912280702734 11
39.99122807017642 19
40.09649122807116 3
40.09649122807116 15
40.14912280701853 31
40.15789473684309 4
40.15789473684309 11
40.15789473684309 32
40.184210526316775 23
40.184210526316775 57
40.19298245614134 12
40.21052631579046 47
40.25438596491327 19
40.28070175438695 17
40.29824561403608 6
40.33333333333432 54
40.35087719298345 11
40.37719298245713 42
40.40350877193082 50
40.46491228070275 7
40.48245614035187 24
40.51754385965012 10
40.51754385965012 19
40.51754385965012 38
40.5438596491238 11
40.605263157895735 48
40.64035087719398 22
40.64035087719398 59
40.73684210526416 11
40.74561403508872 16
40.78070175438697 19
40.79824561403609 25
40.815789473685214 36
40.85964912280802 44
40.89473684210627 29
40.929824561404516 11
41.026315789474694 6
41.04385964912382 19
41.078947368422064 17
41.11403508772031 49
41.12280701754487 11
41.20175438596593 1
41.21929824561505 18
41.28070175438698 24
41.298245614036105 7
41.30701754386067 12
41.30701754386067 19
41.30701754386067 28
41.31578947368523 11
41.35964912280804 9
41.42105263157997 15
41.42982456140453 3
41.46491228070278 58
41.508771929825585 11
41.570175438597516 19
41.60526315789576 5
41.60526315789576 14
41.70175438596594 11
41.75438596491331 6
41.80701754386068 36
41.833333333334366 19
41.85087719298349 27
41.877192982457174 17
41.885964912281736 44
41.8947368421063 11
41.8947368421063 43
41.90350877193086 30
41.982456140351914 2
42.02631578947472 47
42.07894736842209 24
42.07894736842209 55
42.087719298246654 11
42.096491228071216 19
42.096491228071216 20
42.13157894736946 7
42.15789473684315 25
42.2368421052642 4
42.28070175438701 11
42.31578947368526 46
42.359649122808065 19
42.42105263158 12
42.47368421052737 11
42.47368421052737 34
42.48245614035193 6
42.56140350877298 57
42.622807017544915 19
42.631578947369476 48
42.66666666666772 11
42.675438596492285 17
42.71929824561509 50
42.736842105264216 41
42.736842105264216 42
42.74561403508878 15
42.7631578947379 3
42.79824561403615 36
42.85087719298352 39
42.85964912280808 11
42.8771929824572 24
42.885964912281764 19
42.96491228070282 7
43.052631578948436 11
43.07017543859756 9
43.149122807018614 19
43.157894736843176 44
43.210526315790545 6
43.22807017543967 29
43.24561403508879 11
43.41228070175546 19
43.43859649122915 11
43.473684210527395 17
43.5175438596502 25
43.53508771929933 12
43.5877192982467 31
43.61403508772038 16
43.62280701754494 5
43.631578947369505 11
43.67543859649231 19
43.67543859649231 24
43.736842105264245 43
43.789473684211615 36
43.798245614036176 7
43.8157894736853 26
43.82456140350986 11
43.842105263158984 47
43.850877192983546 42
43.86842105263267 18
43.93859649122916 6
43.93859649122916 19
44.01754385965022 11
44.0438596491239 23
44.07017543859759 15
44.09649122807127 3
44.17543859649233 30
44.17543859649233 49
44.18421052631689 32
44.20175438596601 19
44.210526315790574 11
44.2280701754397 37
44.24561403508882 46
44.271929824562505 17
44.29824561403619 27
44.315789473685314 4
44.368421052632684 10
44.38596491228181 1
44.40350877193093 11
44.46491228070286 19
44.47368421052742 24
44.52631578947479 8
44.55263157894848 20
44.55263157894848 54
44.59649122807129 11
44.62280701754497 7
44.64912280701866 12
44.66666666666778 6
44.66666666666778 48
44.72807017543971 19
44.77192982456252 9
44.78070175438708 36
44.78947368421164 11
44.807017543860766 44
44.87719298245726 22
44.87719298245726 25
44.87719298245726 58
44.982456140352 11
44.99122807017656 19
45.070175438597616 17
45.15789473684323 14
45.175438596492356 11
45.23684210526429 57
45.24561403508885 50
45.25438596491341 18
45.25438596491341 19
45.271929824562534 24
45.280701754387096 40
45.29824561403622 42
45.36842105263271 11
45.377192982457274 55
45.3947368421064 6
45.3947368421064 15
45.40350877193096 1
45.42105263158008 29
45.429824561404644 3
45.44736842105377 7
45.45614035087833 38
45.47368421052745 2
45.51754385965026 19
45.51754385965026 56
45.56140350877307 11
45.65789473684325 47
45.68421052631693 52
45.754385964913425 11
45.76315789473799 12
45.77192982456255 36
45.78070175438711 19
45.868421052632726 17
45.87719298245729 59
45.94736842105378 11
46.04385964912396 19
46.070175438597644 24
46.122807017545014 6
46.122807017545014 18
46.14035087719414 11
46.228070175439754 28
46.236842105264316 25
46.27192982456256 7
46.30701754386081 19
46.333333333334494 11
46.394736842106425 4
46.447368421053795 30
46.47368421052748 9
46.48245614035204 16
46.52631578947485 11
46.57017543859766 19
46.66666666666784 17
46.69298245614152 48
46.71929824561521 11
46.71929824561521 15
46.74561403508889 27
46.763157894738015 3
46.763157894738015 36
46.83333333333451 19
46.85087719298363 6
46.868421052632755 24
46.877192982457316 12
46.91228070175556 11
47.00877192982574 20
47.026315789474864 59
47.09649122807136 19
47.10526315789592 7
47.10526315789592 11
47.11403508772048 43
47.14912280701873 34
47.21052631579066 29
47.236842105264344 49
47.298245614036276 11
47.35964912280821 19
47.46491228070295 17
47.46491228070295 47
47.49122807017663 11
47.52631578947488 46
47.561403508773125 50
47.57894736842225 6
47.59649122807137 25
47.62280701754506 19
47.666666666667865 24
47.68421052631699 11
47.75438596491348 36
47.80701754386085 41
47.81578947368541 42
47.877192982457345 11
47.885964912281906 19
47.90350877193103 23
47.938596491229276 7
47.9561403508784 8
47.991228070176646 12
48.02631578947489 59
48.043859649124016 15
48.043859649124016 31
48.0701754385977 11
48.096491228071386 3
48.12280701754507 58
48.149122807018756 19
48.17543859649244 9
48.184210526317 57
48.21052631579069 26
48.21929824561525 10
48.254385964913496 44
48.26315789473806 11
48.26315789473806 17
48.307017543860866 6
48.31578947368543 39
48.412280701755606 19
48.456140350878414 11
48.464912280702976 24
48.47368421052754 4
48.622807017545085 1
48.64912280701877 11
48.675438596492455 19
48.7105263157907 14
48.71929824561526 30
48.728070175439825 48
48.74561403508895 36
48.76315789473807 7
48.80701754386088 43
48.80701754386088 55
48.84210526315913 11
48.86842105263281 46
48.92982456140474 42
48.938596491229305 19
48.95614035087843 25
48.96491228070299 2
49.03508771929948 6
49.03508771929948 11
49.06140350877317 17
49.07894736842229 29
49.105263157895976 12
49.105263157895976 52
49.11403508772054 22
49.13157894736966 5
49.19298245614159 27
49.201754385966154 19
49.201754385966154 37
49.22807017543984 11
49.22807017543984 18
49.263157894738086 24
49.28070175438721 47
49.3508771929837 16
49.368421052632826 15
49.421052631580196 11
49.42982456140476 3
49.464912280703004 19
49.464912280703004 20
49.5350877192995 54
49.58771929824687 7
49.61403508772055 11
49.61403508772055 44
49.622807017545114 5
49.72807017543985 19
49.736842105264415 36
49.7631578947381 6
49.79824561403635 1
49.80701754386091 11
49.85964912280828 17
49.8771929824574 9
49.8771929824574 50
49.93859649122933 18
49.9912280701767 19
50.000000000001265 11
50.04385964912407 42
50.04385964912407 42
50.061403508773196 24
50.07017543859776 59
50.18421052631706 8
50.19298245614162 11
50.219298245615306 12
50.25438596491355 19
50.29824561403636 43
50.315789473685484 25
50.34210526315917 49
50.38596491228198 11
50.4035087719311 38
50.41228070175566 7
50.49122807017672 6
50.5175438596504 19
50.526315789474964 32
50.55263157894865 4
50.578947368422334 11
50.578947368422334 57
50.65789473684339 17
50.692982456141635 15
50.72807017543988 36
50.76315789473813 3
50.76315789473813 48
50.77192982456269 11
50.78070175438725 19
50.850877192983745 18
50.85964912280831 24
50.86842105263287 56
50.96491228070305 11
50.98245614035217 41
50.99122807017673 30
51.0438596491241 19
51.09649122807147 47
51.14035087719428 39
51.14912280701884 28
51.1578947368434 11
51.1578947368434 42
51.219298245615335 6
51.219298245615335 40
51.23684210526446 7
51.30701754386095 19
51.333333333334636 12
51.35087719298376 11
51.44736842105394 5
51.4561403508785 17
51.543859649124116 11
51.55263157894868 1
51.5701754385978 19
51.57894736842236 9
51.640350877194294 27
51.65789473684342 24
51.67543859649254 25
51.67543859649254 44
51.71929824561535 36
51.73684210526447 11
51.798245614036404 23
51.83333333333465 19
51.92105263158027 20
51.92982456140483 11
51.94736842105395 6
51.964912280703075 29
52.017543859650445 15
52.04385964912413 18
52.06140350877325 7
52.070175438597815 10
52.0964912280715 3
52.0964912280715 19
52.122807017545185 11
52.131578947369746 44
52.16666666666799 31
52.16666666666799 43
52.19298245614168 50
52.21929824561536 16
52.25438596491361 17
52.26315789473817 14
52.27192982456273 42
52.29824561403642 18
52.31578947368554 11
52.35964912280835 19
52.438596491229404 59
52.447368421053966 12
52.45614035087853 2
52.45614035087853 24
52.491228070176774 34
52.5087719298259 11
52.6228070175452 19
52.6228070175452 44
52.63157894736976 4
52.64035087719432 1
52.67543859649257 6
52.701754385966254 11
52.710526315790815 36
52.79824561403643 48
52.88596491228205 19
52.89473684210661 7
52.89473684210661 11
52.91228070175573 47
52.921052631580295 57
52.95614035087854 26
53.0350877192996 25
53.05263157894872 17
53.08771929824697 11
53.1491228070189 19
53.25438596491364 24
53.2631578947382 18
53.2631578947382 30
53.28070175438732 11
53.289473684211885 9
53.342105263159254 15
53.350877192983816 22
53.38596491228206 42
53.403508771931186 6
53.403508771931186 49
53.41228070175575 19
53.42982456140487 3
53.47368421052768 11
53.52631578947505 41
53.561403508773296 12
53.666666666668036 11
53.6754385964926 19
53.70175438596628 36
53.72807017543997 7
53.85087719298383 17
53.85964912280839 11
53.93859649122945 19
54.05263157894875 11
54.05263157894875 24
54.087719298246995 18
54.087719298246995 27
54.087719298246995 29
54.11403508772068 5
54.1315789473698 6
54.15789473684349 43
54.17543859649261 37
54.2017543859663 5
54.2017543859663 19
54.245614035089105 11
54.254385964913666 44
54.27192982456279 46
54.359649122808406 54
54.37719298245753 20
54.38596491228209 59
54.39473684210665 25
54.43859649122946 11
54.464912280703146 19
54.50000000000139 42
54.508771929825954 50
54.561403508773324 7
54.63157894736982 11
54.64912280701894 17
54.666666666668064 15
54.675438596492626 12
54.69298245614175 36
54.71052631579087 4
54.728070175439996 19
54.728070175439996 47
54.73684210526456 18
54.76315789473824 3
54.824561403510174 11
54.833333333334735 48
54.85087719298386 24
54.85964912280842 6
54.991228070176845 19
55.00000000000141 9
55.01754385965053 11
55.08771929824702 16
55.096491228071585 32
55.16666666666808 55
55.21052631579089 11
55.254385964913695 18
55.254385964913695 19
55.39473684210668 7
55.40350877193124 11
55.412280701755805 39
55.44736842105405 17
55.517543859650544 19
55.58771929824704 6
55.5964912280716 11
55.60526315789616 40
55.61403508772072 42
55.622807017545284 38
55.631578947369846 1
55.64912280701897 24
55.64912280701897 30
55.684210526317216 36
55.69298245614178 23
55.71929824561546 41
55.728070175440024 5
55.74561403508915 46
55.75438596491371 25
55.75438596491371 25
55.780701754387394 19
55.780701754387394 59
55.789473684211956 11
55.789473684211956 12
55.81578947368564 14
55.92105263158038 10
55.947368421054065 2
55.947368421054065 57
55.98245614035231 11
55.991228070176874 15
56.043859649124244 19
56.07017543859793 28
56.09649122807161 3
56.17543859649267 11
56.22807017544004 7
56.24561403508916 17
56.263157894738285 44
56.30701754386109 19
56.315789473685655 6
56.32456140351022 31
56.368421052633025 11
56.44736842105408 24
56.4649122807032 49
56.535087719299696 27
56.535087719299696 43
56.535087719299696 47
56.56140350877338 11
56.57017543859794 19
56.67543859649268 36
56.71052631579093 9
56.72807017544005 42
56.75438596491374 11
56.789473684211984 4
56.82456140351023 50
56.83333333333479 19
56.83333333333479 20
56.85964912280848 48
56.85964912280848 52
56.903508771931286 12
56.947368421054094 11
56.956140350878655 59
57.04385964912427 6
57.04385964912427 17
57.061403508773395 7
57.061403508773395 18
57.09649122807164 19
57.114035087720765 1
57.114035087720765 25
57.14035087719445 11
57.24561403508919 24
57.289473684212 44
57.31578947368568 15
57.33333333333481 11
57.35964912280849 19
57.429824561404985 3
57.438596491229546 5
57.438596491229546 18
57.44736842105411 56
57.52631578947516 11
57.587719298247094 22
57.62280701754534 19
57.66666666666815 36
57.71929824561552 11
57.77192982456289 6
57.84210526315938 17
57.88596491228219 19
57.89473684210675 7
57.912280701755876 11
57.92105263158044 30
57.956140350878684 16
57.99122807017693 59
58.008771929826054 42
58.017543859650615 12
58.0438596491243 24
58.07894736842255 18
58.10526315789623 11
58.13157894736992 58
58.14912280701904 19
58.16666666666816 5
58.29824561403659 11
58.35087719298396 47
58.41228070175589 19
58.42105263158045 9
58.42982456140501 1
58.47368421052782 25
58.47368421052782 57
58.491228070176945 11
58.500000000001506 6
58.62280701754537 43
58.64035087719449 15
58.64035087719449 17
58.64035087719449 29
58.657894736843616 36
58.67543859649274 19
58.6842105263173 11
58.72807017544011 7
58.754385964913794 44
58.763157894738356 3
58.77192982456292 39
58.7982456140366 26
58.84210526315941 24
58.868421052633096 4
58.87719298245766 11
58.89473684210678 48
58.93859649122959 19
58.94736842105415 59
58.9824561403524 27
59.070175438598014 11
59.131578947369945 12
59.14035087719451 50
59.14912280701907 37
59.20175438596644 19
59.22807017544012 6
59.26315789473837 11
59.289473684212055 20
59.36842105263311 14
59.4385964912296 2
59.4385964912296 17
59.45614035087873 11
59.46491228070329 19
59.47368421052785 55
59.500000000001535 8
59.52631578947522 49
59.552631578948905 7
59.552631578948905 23
59.57017543859803 46
59.58771929824715 44
59.6228070175454 41
59.6228070175454 42
59.64035087719452 24
59.64912280701908 11
59.64912280701908 36
59.72807017544014 19
59.771929824562946 10
59.78947368421207 34
59.83333333333488 25
59.84210526315944 11
59.91228070175593 5
59.95614035087874 6
59.9649122807033 15
59.99122807017699 19
