0.017543859649122806 26
0.02631578947368421 34
0.05263157894736842 16
0.05263157894736842 40
0.06140350877192982 14
0.07894736842105263 56
0.09649122807017543 15
0.10526315789473684 17
0.12280701754385964 47
0.13157894736842105 29
0.14035087719298245 1
0.14035087719298245 36
0.14912280701754385 37
0.14912280701754385 58
0.15789473684210525 31
0.19298245614035087 2
0.19298245614035087 28
0.20175438596491227 45
0.21929824561403508 18
0.21929824561403508 39
0.26315789473684215 43
0.3333333333333336 10
0.35087719298245645 3
0.40350877192982504 33
0.40350877192982504 48
0.4736842105263165 57
0.5438596491228079 54
0.605263157894738 59
0.6491228070175451 41
0.6929824561403523 8
0.7105263157894751 27
0.728070175438598 7
0.7368421052631594 6
0.7719298245614051 9
0.8245614035087737 0
0.8596491228070194 53
0.9210526315789495 11
0.9298245614035109 4
0.9298245614035109 42
0.9385964912280723 23
0.9385964912280723 36
0.9561403508771952 24
0.9912280701754409 22
1.1929824561403537 1
1.2456140350877223 20
1.280701754385968 44
1.3947368421052666 50
1.4122807017543895 15
1.4385964912280738 17
1.4561403508771966 7
1.4912280701754423 6
1.526315789473688 18
1.7368421052631624 36
1.7456140350877238 18
1.8245614035087767 43
1.8333333333333381 24
1.850877192982461 3
1.8684210526315839 59
1.912280701754391 47
1.9298245614035139 44
2.0087719298245665 25
2.026315789473689 18
2.070175438596495 35
2.1842105263157907 7
2.2105263157894743 29
2.245614035087719 6
2.271929824561403 42
2.403508771929821 11
2.4649122807017494 44
2.535087719298239 36
2.5964912280701675 1
2.622807017543851 18
2.701754385964902 24
2.7192982456140244 39
2.7280701754385857 15
2.8859649122806874 5
2.912280701754371 59
2.9210526315789322 7
2.999999999999983 6
3.078947368421034 11
3.0964912280701564 4
3.1754385964912073 57
3.333333333333309 36
3.3421052631578703 25
3.3508771929824315 3
3.4824561403508496 41
3.4824561403508496 48
3.5087719298245332 17
3.5175438596490944 16
3.5701754385964617 24
3.6403508771929514 20
3.657894736842074 7
3.70175438596488 47
3.70175438596488 47
3.710526315789441 18
3.7280701754385634 2
3.7368421052631247 14
3.754385964912247 6
3.754385964912247 31
3.9473684210525937 45
3.9824561403508385 0
4.0350877192982075 15
4.0614035087718925 27
4.078947368421016 1
4.0877192982455774 29
4.131578947368386 36
4.228070175438564 8
4.2368421052631255 59
4.254385964912249 50
4.307017543859619 40
4.385964912280674 7
4.429824561403482 11
4.438596491228044 17
4.438596491228044 24
4.456140350877167 58
4.499999999999975 56
4.508771929824537 6
4.543859649122783 42
4.570175438596468 53
4.675438596491208 25
4.850877192982441 3
4.877192982456126 18
4.929824561403496 36
4.982456140350866 18
4.991228070175428 43
5.035087719298236 26
5.052631578947359 44
5.114035087719291 7
5.1228070175438525 37
5.140350877192976 49
5.175438596491222 1
5.175438596491222 28
5.236842105263154 10
5.254385964912277 33
5.263157894736839 6
5.263157894736839 54
5.271929824561401 34
5.307017543859647 24
5.3508771929824555 15
5.359649122807017 23
5.394736842105264 17
5.403508771929825 9
5.403508771929825 22
5.412280701754387 5
5.438596491228072 4
5.447368421052634 29
5.5263157894736885 47
5.657894736842113 5
5.657894736842113 41
5.7280701754386065 36
5.7982456140351 18
5.842105263157908 7
5.894736842105278 48
5.9298245614035245 5
6.008771929824579 25
6.017543859649141 6
6.017543859649141 11
6.017543859649141 59
6.175438596491251 24
6.192982456140374 17
6.350877192982484 3
6.377192982456169 39
6.3859649122807305 8
6.456140350877224 57
6.464912280701785 18
6.508771929824594 16
6.526315789473717 36
6.552631578947402 27
6.570175438596525 7
6.605263157894772 5
6.605263157894772 20
6.657894736842142 15
6.666666666666703 1
6.771929824561443 6
6.780701754386005 50
6.824561403508813 42
7.0438596491228544 24
7.052631578947416 29
7.087719298245663 11
7.184210526315841 17
7.263157894736896 2
7.298245614035142 7
7.307017543859704 59
7.315789473684266 9
7.315789473684266 47
7.324561403508827 11
7.324561403508827 36
7.342105263157951 25
7.377192982456197 14
7.517543859649184 4
7.526315789473745 6
7.570175438596554 31
7.692982456140417 45
7.71052631578954 18
7.754385964912348 0
7.8508771929825265 3
7.912280701754458 24
7.964912280701828 15
8.008771929824636 11
8.008771929824636 17
8.02631578947376 7
8.105263157894814 1
8.122807017543938 36
8.271929824561486 29
8.280701754386047 6
8.315789473684294 48
8.324561403508856 56
8.464912280701842 35
8.500000000000089 11
8.526315789473774 8
8.675438596491322 25
8.745614035087815 39
8.754385964912377 7
8.754385964912377 40
8.780701754386062 24
8.815789473684308 17
8.921052631579048 36
9.03508771929835 6
9.061403508772035 11
9.078947368421158 27
9.096491228070281 47
9.166666666666774 18
9.184210526315898 20
9.19298245614046 43
9.254385964912391 9
9.271929824561514 15
9.271929824561514 41
9.280701754386076 1
9.315789473684323 59
9.35087719298257 3
9.385964912280816 58
9.482456140350994 7
9.500000000000117 16
9.500000000000117 57
9.596491228070295 4
9.614035087719419 17
9.649122807017665 24
9.67543859649135 34
9.719298245614159 36
9.789473684210652 6
9.789473684210652 50
9.850877192982583 22
9.912280701754515 23
9.929824561403638 49
9.947368421052762 54
10.008771929824693 25
10.026315789473816 33
10.09649122807031 37
10.157894736842241 28
10.210526315789611 7
10.228070175438734 53
10.271929824561543 29
10.41228070175453 17
10.42105263157909 26
10.438596491228214 0
10.464912280701899 44
10.517543859649269 24
10.517543859649269 36
10.543859649122954 6
10.561403508772077 1
10.5789473684212 15
10.605263157894885 11
10.640350877193132 5
10.68421052631594 8
10.798245614035242 2
10.850877192982612 3
10.868421052631735 10
10.877192982456297 18
10.885964912280858 47
10.938596491228228 7
11.008771929824722 14
11.131578947368585 31
11.15789473684227 9
11.21052631578964 17
11.271929824561571 29
11.298245614035256 6
11.31578947368438 36
11.342105263158064 25
11.385964912280873 24
11.42982456140368 41
11.561403508772106 5
11.605263157894914 18
11.666666666666845 7
11.675438596491407 4
11.701754385965092 27
11.7456140350879 48
11.885964912280887 15
11.90350877193001 18
11.982456140351065 42
12.000000000000188 17
12.052631578947558 6
12.105263157894928 59
12.11403508771949 36
12.192982456140545 1
12.228070175438791 56
12.254385964912476 24
12.2719298245616 39
12.289473684210723 11
12.350877192982654 3
12.350877192982654 43
12.385964912280901 18
12.394736842105463 7
12.464912280701956 50
12.49122807017564 16
12.666666666666874 11
12.666666666666874 47
12.675438596491436 25
12.736842105263367 58
12.798245614035299 17
12.80701754385986 6
12.9122807017546 36
13.026315789473902 29
13.07017543859671 9
13.087719298245833 8
13.12280701754408 7
13.12280701754408 24
13.131578947368642 45
13.192982456140573 15
13.210526315789696 40
13.236842105263381 57
13.561403508772162 6
13.596491228070409 17
13.614035087719532 20
13.614035087719532 59
13.675438596491464 5
13.71052631578971 36
13.754385964912519 4
13.771929824561642 43
13.842105263158135 23
13.850877192982697 3
13.850877192982697 7
13.894736842105505 53
13.92105263157919 42
13.991228070175683 24
14.008771929824807 25
14.043859649123053 1
14.043859649123053 29
14.061403508772177 22
14.149122807017793 18
14.166666666666917 27
14.228070175438848 0
14.23684210526341 34
14.315789473684465 6
14.333333333333588 2
14.39473684210552 17
14.473684210526574 47
14.50000000000026 15
14.508771929824821 36
14.561403508772191 11
14.578947368421314 7
14.61403508771956 44
14.631578947368684 39
14.640350877193246 14
14.657894736842369 18
14.736842105263424 31
14.789473684210794 33
14.859649122807287 24
14.973684210526589 9
15.03508771929852 54
15.070175438596767 6
15.070175438596767 37
15.078947368421328 11
15.096491228070452 41
15.105263157895013 48
15.114035087719575 42
15.14035087719326 28
15.19298245614063 17
15.307017543859931 7
15.307017543859931 36
15.342105263158178 25
15.35087719298274 3
15.377192982456425 5
15.385964912280986 50
15.482456140351164 16
15.517543859649411 44
15.61403508771959 8
15.61403508771959 43
15.631578947368713 10
15.649122807017836 26
15.657894736842398 18
15.72807017543889 24
15.807017543859946 15
15.824561403509069 6
15.83333333333363 4
15.982456140351179 56
15.99122807017574 17
16.03508771929855 7
16.03508771929855 7
16.061403508772234 57
16.105263157895042 36
16.228070175438905 58
16.25438596491259 47
16.25438596491259 59
16.333333333333645 1
16.342105263158206 42
16.350877192982768 29
16.42105263157926 45
16.57894736842137 6
16.596491228070494 24
16.67543859649155 25
16.763157894737166 7
16.78947368421085 17
16.78947368421085 18
16.850877192982782 3
16.868421052631906 9
16.903508771930152 36
16.964912280702084 27
17.087719298245947 0
17.114035087719632 15
17.245614035088057 41
17.333333333333673 6
17.412280701754728 1
17.42105263157929 43
17.464912280702098 24
17.48245614035122 20
17.491228070175783 7
17.552631578947715 59
17.58771929824596 17
17.614035087719646 39
17.701754385965263 36
17.728070175438948 23
17.74561403508807 29
17.754385964912633 42
17.79824561403544 48
17.868421052631934 2
17.868421052631934 5
17.885964912281057 50
17.912280701754742 4
18.00877192982492 25
18.035087719298605 47
18.087719298245975 6
18.184210526316154 35
18.2192982456144 7
18.228070175438962 40
18.28070175438633 14
18.28070175438633 53
18.289473684210893 22
18.3333333333337 24
18.350877192982825 3
18.36842105263195 44
18.38596491228107 17
18.421052631579318 15
18.42982456140388 34
18.473684210526688 16
18.500000000000373 36
18.561403508772305 59
18.605263157895113 18
18.675438596491606 11
18.771929824561784 9
18.780701754386346 1
18.815789473684593 31
18.842105263158277 6
18.921052631579332 8
18.947368421053017 7
19.026315789474072 44
19.184210526316182 17
19.201754385965305 24
19.298245614035483 36
19.33333333333373 54
19.34210526315829 25
19.403508771930223 57
19.42982456140391 42
19.55263157894777 58
19.570175438596895 29
19.587719298246018 56
19.59649122807058 6
19.675438596491635 7
19.728070175439004 15
19.75438596491269 33
19.824561403509183 47
19.850877192982868 3
19.97368421052673 18
19.982456140351292 17
19.991228070175854 4
20.043859649123224 37
20.07017543859691 24
20.096491228070594 36
20.12280701754428 43
20.13157894736884 28
20.307017543860074 1
20.34210526315832 27
20.350877192982882 6
20.359649122807443 39
20.377192982456567 20
20.40350877193025 7
20.50877192982499 0
20.50877192982499 50
20.535087719298676 5
20.640350877193416 42
20.675438596491663 9
20.675438596491663 25
20.754385964912718 44
20.77192982456184 45
20.780701754386403 17
20.833333333333773 5
20.833333333333773 26
20.894736842105704 36
20.894736842105704 59
20.938596491228513 24
21.03508771929869 15
21.105263157895184 6
21.13157894736887 7
21.14035087719343 11
21.35087719298291 3
21.40350877193028 2
21.421052631579403 41
21.429824561403965 44
21.46491228070221 16
21.51754385964958 29
21.578947368421513 17
21.587719298246075 48
21.605263157895198 23
21.605263157895198 47
21.692982456140815 36
21.807017543860116 24
21.859649122807486 6
21.859649122807486 7
21.903508771930294 14
21.964912280702226 1
21.964912280702226 8
21.964912280702226 18
22.008771929825034 25
22.070175438596966 4
22.157894736842582 42
22.25438596491276 43
22.324561403509254 18
22.342105263158377 15
22.368421052632062 17
22.491228070175925 22
22.491228070175925 36
22.535087719298733 59
22.57894736842154 9
22.587719298246103 7
22.614035087719788 6
22.62280701754435 34
22.649122807018035 53
22.67543859649172 24
22.745614035088213 18
22.78947368421102 49
22.83333333333383 57
22.850877192982953 3
22.850877192982953 50
22.903508771930323 40
23.166666666667172 17
23.20175438596542 56
23.245614035088227 35
23.289473684211035 36
23.30701754386016 29
23.30701754386016 42
23.31578947368472 0
23.31578947368472 7
23.342105263158405 25
23.36842105263209 6
23.385964912281214 47
23.42105263157946 1
23.42105263157946 39
23.438596491228584 44
23.51754385964964 27
23.543859649123323 24
23.649122807018063 15
23.649122807018063 41
23.79824561403561 5
23.824561403509296 48
23.885964912281228 31
23.964912280702283 17
24.017543859649653 59
24.043859649123338 7
24.070175438597023 45
24.087719298246146 36
24.122807017544392 6
24.149122807018077 4
24.1666666666672 54
24.175438596491762 20
24.298245614035626 29
24.350877192982995 3
24.412280701754927 24
24.447368421053174 11
24.456140350877735 16
24.47368421052686 33
24.517543859649667 9
24.552631578947913 43
24.561403508772475 42
24.675438596491777 25
24.710526315790023 1
24.763157894737393 17
24.771929824561955 7
24.771929824561955 11
24.877192982456695 6
24.885964912281256 36
24.921052631579503 5
24.938596491228626 2
24.95614035087775 15
25.000000000000558 44
25.01754385964968 37
25.043859649123366 58
25.06140350877249 11
25.105263157895298 28
25.140350877193544 8
25.16666666666723 47
25.192982456140914 50
25.28070175438653 24
25.456140350877764 59
25.48245614035145 23
25.500000000000572 7
25.526315789474257 14
25.561403508772504 17
25.631578947368997 6
25.684210526316367 36
25.71052631579005 42
25.719298245614613 26
25.850877192983038 3
25.850877192983038 10
25.877192982456723 0
25.982456140351463 48
26.008771929825148 25
26.008771929825148 44
26.087719298246203 11
26.114035087719888 41
26.149122807018134 24
26.22807017543919 4
26.22807017543919 7
26.22807017543919 39
26.263157894737436 15
26.359649122807614 17
26.368421052632176 49
26.3859649122813 6
26.412280701754984 9
26.473684210526915 5
26.482456140351477 36
26.692982456140957 22
26.75438596491289 53
26.789473684211135 27
26.81578947368482 34
26.859649122807628 42
26.947368421053245 47
26.956140350877806 7
26.956140350877806 56
26.97368421052693 59
27.017543859649738 24
27.1403508771936 1
27.1403508771936 6
27.157894736842724 17
27.271929824562026 57
27.280701754386588 36
27.34210526315852 25
27.35087719298308 3
27.385964912281327 11
27.385964912281327 40
27.421052631579574 8
27.429824561404136 31
27.44736842105326 16
27.535087719298875 50
27.570175438597122 15
27.578947368421684 29
27.684210526316424 7
27.71052631579011 45
27.88596491228134 24
27.894736842105903 6
27.894736842105903 18
27.93859649122871 20
27.947368421053273 17
28.008771929825205 42
28.03508771929889 48
28.078947368421698 36
28.157894736842753 41
28.166666666667314 43
28.236842105263808 44
28.3070175438603 4
28.3070175438603 9
28.394736842105917 1
28.41228070175504 7
28.473684210526972 2
28.526315789474342 0
28.596491228070835 44
28.649122807018205 6
28.67543859649189 25
28.701754385965575 11
28.745614035088384 17
28.745614035088384 47
28.754385964912945 24
28.807017543860315 59
28.833333333334 54
28.850877192983123 3
28.87719298245681 15
28.87719298245681 36
28.88596491228137 39
29.122807017544535 29
29.140350877193658 7
29.140350877193658 14
29.15789473684278 42
29.192982456141028 35
29.350877192983138 23
29.403508771930507 6
29.51754385964981 27
29.543859649123494 17
29.57017543859718 49
29.62280701754455 24
29.63157894736911 1
29.67543859649192 36
29.78070175438666 58
29.868421052632275 7
29.877192982456837 50
29.93859649122877 59
29.99122807017614 37
30.0000000000007 18
30.00877192982526 25
30.043859649123508 11
30.06140350877263 48
30.078947368421755 28
30.15789473684281 6
30.184210526316495 15
30.21052631579018 44
30.21929824561474 43
30.245614035088426 9
30.307017543860358 42
30.32456140350948 29
30.342105263158604 17
30.350877192983166 3
30.385964912281413 4
30.385964912281413 41
30.403508771930536 26
30.438596491228783 16
30.47368421052703 36
30.491228070176152 24
30.5263157894744 47
30.552631578948084 8
30.561403508772646 56
30.57894736842177 5
30.596491228070892 7
30.710526315790194 53
30.719298245614755 11
30.780701754386687 57
30.885964912281427 18
30.89473684210599 22
30.912280701755112 6
30.912280701755112 31
30.982456140351605 5
31.00877192982529 34
31.105263157895468 33
31.140350877193715 17
31.192982456141085 45
31.27192982456214 36
31.27192982456214 59
31.32456140350951 7
31.32456140350951 39
31.342105263158633 1
31.342105263158633 25
31.359649122807756 24
31.456140350877934 42
31.49122807017618 15
31.657894736842852 40
31.666666666667414 6
31.675438596491976 11
31.75438596491303 43
31.842105263158647 10
31.85087719298321 3
31.938596491228825 17
31.982456140351633 29
32.008771929825315 2
32.05263157894812 7
32.070175438597246 11
32.070175438597246 36
32.07894736842181 48
32.10526315789549 18
32.14035087719374 9
32.175438596491986 5
32.18421052631655 0
32.219298245614794 50
32.228070175439356 24
32.30701754386041 47
32.42105263157971 6
32.46491228070252 4
32.60526315789551 42
32.62280701754463 5
32.675438596492 25
32.701754385965685 18
32.72807017543937 17
32.76315789473762 14
32.78070175438674 7
32.78070175438674 49
32.798245614035864 15
32.86842105263236 36
33.0877192982464 8
33.09649122807096 24
33.11403508772008 58
33.16666666666745 29
33.175438596492015 6
33.184210526316576 1
33.21929824561482 23
33.228070175439385 20
33.289473684211316 57
33.35087719298325 3
33.35087719298325 18
33.4298245614043 16
33.50877192982536 7
33.52631578947448 17
33.56140350877273 27
33.56140350877273 54
33.66666666666747 18
33.66666666666747 36
33.754385964913084 42
33.92982456140432 6
33.96491228070256 24
34.00877192982537 25
34.03508771929906 9
34.10526315789555 15
34.10526315789555 47
34.10526315789555 59
34.11403508772011 43
34.131578947369235 48
34.236842105263975 7
34.32456140350959 17
34.46491228070258 36
34.54385964912363 4
34.552631578948194 11
34.561403508772756 50
34.68421052631662 6
34.74561403508855 31
34.75438596491311 29
34.771929824562235 5
34.78947368421136 11
34.83333333333417 24
34.85087719298329 3
34.90350877193066 42
34.94736842105347 53
34.96491228070259 7
34.96491228070259 37
34.99122807017628 26
35.035087719299085 1
35.05263157894821 28
35.07017543859733 18
35.09649122807102 22
35.11403508772014 17
35.11403508772014 59
35.14912280701839 39
35.18421052631663 11
35.20175438596576 34
35.254385964913126 35
35.26315789473769 36
35.34210526315874 25
35.412280701755236 15
35.43859649122892 6
35.54385964912366 2
35.570175438597346 43
35.59649122807103 33
35.60526315789559 18
35.70175438596577 7
35.70175438596577 24
35.71052631579033 0
35.771929824562264 18
35.780701754386826 5
35.885964912281565 47
35.91228070175525 17
35.938596491228935 8
35.9473684210535 9
36.05263157894824 42
36.0614035087728 36
36.08771929824648 45
36.08771929824648 57
36.096491228071045 11
36.11403508772017 44
36.16666666666754 18
36.19298245614122 6
36.24561403508859 10
36.29824561403596 11
36.35087719298333 3
36.37719298245702 5
36.37719298245702 40
36.38596491228158 14
36.4035087719307 58
36.421052631579826 16
36.42982456140439 7
36.45614035087807 59
36.473684210527196 20
36.54385964912369 29
36.570175438597374 24
36.622807017544744 4
36.64035087719387 27
36.675438596492114 25
36.71052631579036 17
36.71929824561492 15
36.85964912280791 36
36.90350877193072 50
36.947368421053525 6
37.08771929824651 23
37.157894736843005 7
37.20175438596581 42
37.429824561404416 18
37.43859649122898 24
37.50000000000091 17
37.65789473684302 36
37.65789473684302 56
37.684210526316704 47
37.70175438596583 6
37.83333333333425 54
37.842105263158814 9
37.850877192983376 3
37.850877192983376 44
37.88596491228162 7
37.91228070175531 41
37.92982456140443 49
37.97368421052724 48
38.000000000000924 59
38.008771929825485 25
38.02631578947461 15
38.052631578948294 43
38.114035087720225 29
38.14035087719391 18
38.17543859649216 5
38.29824561403602 17
38.30701754386058 24
38.35087719298339 42
38.40350877193076 8
38.45614035087813 6
38.45614035087813 36
38.46491228070269 5
38.543859649123746 44
38.61403508772024 7
38.701754385965856 4
38.78947368421147 5
39.07894736842201 2
39.08771929824657 18
39.08771929824657 44
39.09649122807113 17
39.175438596492185 24
39.19298245614131 0
39.20175438596587 5
39.21052631579043 6
39.21929824561499 57
39.24561403508868 50
39.25438596491324 36
39.2631578947378 31
39.29824561403605 22
39.333333333334295 15
39.34210526315886 7
39.34210526315886 25
39.35087719298342 3
39.3771929824571 29
39.39473684210623 34
39.41228070175535 16
39.46491228070272 47
39.47368421052728 59
39.48245614035184 11
39.500000000000966 42
39.52631578947465 26
39.63157894736939 18
39.657894736843076 45
39.6754385964922 27
39.71929824561501 5
39.73684210526413 9
39.82456140350975 43
39.89473684210624 17
39.93859649122905 37
39.964912280702734 6
39.98245614035186 48
40.00877192982554 14
40.026315789474666 28
40.04385964912379 24
40.05263157894835 36
40.070175438597474 7
40.131578947369405 53
40.21052631579046 1
40.27192982456239 18
40.289473684211515 33
40.36842105263257 11
40.36842105263257 41
40.4298245614045 39
40.605263157895735 44
40.64035087719398 15
40.64912280701854 42
40.67543859649223 25
40.69298245614135 17
40.719298245615036 6
40.78070175438697 4
40.78947368421153 20
40.79824561403609 7
40.824561403509776 58
40.85087719298346 3
40.85087719298346 36
40.89473684210627 11
40.91228070175539 24
40.9561403508782 23
41.026315789474694 18
41.0701754385975 10
41.131578947369434 49
41.245614035088735 8
41.245614035088735 47
41.28070175438698 43
41.43859649122909 56
41.456140350878215 29
41.456140350878215 59
41.47368421052734 6
41.49122807017646 17
41.51754385965015 5
41.52631578947471 7
41.58771929824664 50
41.63157894736945 9
41.64912280701857 36
41.666666666667695 11
41.780701754386996 24
41.79824561403612 42
41.824561403509804 44
41.877192982457174 57
41.94736842105367 15
42.0087719298256 25
42.05263157894841 48
42.1228070175449 11
42.22807017543964 0
42.22807017543964 6
42.254385964913325 7
42.27192982456245 44
42.28947368421157 17
42.31578947368526 18
42.3508771929835 3
42.40350877193087 16
42.44736842105368 36
42.464912280702805 59
42.50877192982561 41
42.61403508772035 2
42.631578947369476 35
42.64035087719404 1
42.6491228070186 24
42.70175438596597 27
42.70175438596597 29
42.74561403508878 54
42.789473684211586 5
42.85964912280808 4
42.938596491229134 31
42.947368421053696 42
42.98245614035194 6
42.98245614035194 7
43.02631578947475 45
43.02631578947475 47
43.08771929824668 17
43.201754385965984 39
43.24561403508879 36
43.254385964913354 15
43.34210526315897 25
43.35087719298353 8
43.50000000000108 22
43.5175438596502 24
43.5175438596502 43
43.526315789474765 9
43.56140350877301 20
43.5877192982467 34
43.631578947369505 14
43.65789473684319 59
43.66666666666775 40
43.71052631579056 7
43.736842105264245 6
43.850877192983546 3
43.88596491228179 17
43.91228070175548 5
43.9298245614046 50
44.0438596491239 36
44.052631578948464 48
44.09649122807127 42
44.324561403509875 57
44.33333333333444 49
44.38596491228181 24
44.41228070175549 11
44.43859649122918 7
44.47368421052742 58
44.49122807017655 6
44.56140350877304 15
44.63157894736953 18
44.67543859649234 17
44.67543859649234 25
44.76315789473796 59
44.807017543860766 47
44.82456140350989 23
44.84210526315901 36
44.912280701755506 37
44.93859649122919 4
45.00000000000112 28
45.02631578947481 43
45.070175438597616 1
45.14912280701867 29
45.166666666667794 7
45.19298245614148 53
45.219298245615164 18
45.228070175439726 27
45.24561403508885 6
45.24561403508885 42
45.25438596491341 24
45.333333333334465 44
45.35087719298359 3
45.3947368421064 16
45.429824561404644 9
45.47368421052745 17
45.64035087719412 36
45.76315789473799 5
45.76315789473799 33
45.82456140350992 39
45.868421052632726 15
45.89473684210641 11
45.89473684210641 18
45.90350877193097 7
45.93859649122922 10
45.973684210527466 20
46.00000000000115 6
46.00877192982571 25
46.05263157894852 48
46.078947368422206 0
46.09649122807133 8
46.122807017545014 24
46.1491228070187 2
46.1491228070187 2
46.27192982456256 17
46.27192982456256 50
46.280701754387124 56
46.385964912281864 18
46.394736842106425 42
46.438596491229234 36
46.57894736842222 26
46.58771929824678 47
46.63157894736959 7
46.73684210526433 44
46.75438596491345 6
46.85087719298363 3
46.868421052632755 29
46.99122807017662 24
47.0175438596503 4
47.07017543859767 17
47.10526315789592 57
47.11403508772048 41
47.131578947369604 44
47.15789473684329 18
47.17543859649241 15
47.236842105264344 36
47.25438596491347 14
47.32456140350996 9
47.342105263159084 25
47.35964912280821 7
47.447368421053824 43
47.500000000001194 54
47.508771929825755 6
47.53508771929944 49
47.543859649124 42
47.70175438596611 22
47.719298245615235 5
47.78070175438717 34
47.85964912280822 24
47.86842105263278 17
47.91228070175559 27
47.91228070175559 45
48.035087719299455 36
48.05263157894858 5
48.087719298246824 7
48.10526315789595 31
48.12280701754507 48
48.16666666666788 58
48.184210526317 18
48.192982456141564 59
48.26315789473806 6
48.31578947368543 8
48.350877192983674 3
48.3684210526328 47
48.38596491228192 16
48.42105263158017 40
48.42982456140473 35
48.4824561403521 15
48.508771929825784 20
48.52631578947491 39
48.614035087720524 50
48.66666666666789 17
48.675438596492455 25
48.69298245614158 23
48.69298245614158 42
48.728070175439825 24
48.81578947368544 7
48.833333333334565 36
48.98245614035211 43
48.991228070176675 53
49.01754385965036 6
49.03508771929948 0
49.096491228071415 4
49.11403508772054 11
49.21929824561528 9
49.22807017543984 1
49.32456140351002 59
49.421052631580196 5
49.464912280703004 17
49.464912280703004 17
49.54385964912406 7
49.59649122807143 24
49.631578947369675 36
49.684210526317045 2
49.74561403508898 57
49.77192982456266 6
49.789473684211785 15
49.81578947368547 5
49.842105263159155 42
49.85087719298372 3
49.88596491228196 37
49.947368421053895 56
49.97368421052758 28
50.008771929825826 25
50.12280701754513 29
50.12280701754513 48
50.14912280701881 47
50.23684210526443 18
50.25438596491355 17
50.271929824562676 7
50.271929824562676 7
50.324561403510046 27
50.35087719298373 10
50.429824561404786 36
50.45614035087847 41
50.46491228070303 24
50.526315789474964 6
50.60526315789602 5
50.7017543859662 33
50.736842105264444 49
50.736842105264444 59
50.87719298245743 14
50.956140350878485 50
50.99122807017673 42
51.00000000000129 7
51.05263157894866 17
51.07894736842235 26
51.09649122807147 15
51.10526315789603 43
51.122807017545156 9
51.175438596492526 4
51.228070175439896 36
51.280701754387266 6
51.29824561403639 20
51.333333333334636 24
51.3421052631592 25
51.35087719298376 3
51.36842105263288 18
51.377192982457444 16
51.385964912282006 44
51.39473684210657 45
51.535087719299554 39
51.63157894736973 8
51.72807017543991 7
51.81578947368553 29
51.85087719298377 17
51.90350877193114 22
51.92982456140483 47
51.97368421052764 34
52.02631578947501 36
52.03508771929957 6
52.122807017545185 48
52.14035087719431 42
52.14912280701887 18
52.20175438596624 24
52.2105263157908 58
52.40350877193116 15
52.42982456140484 44
52.45614035087853 7
52.491228070176774 1
52.596491228071514 23
52.649122807018884 17
52.67543859649257 25
52.71929824561538 53
52.7368421052645 27
52.78947368421187 6
52.82456140351012 36
52.8508771929838 3
52.868421052632925 0
52.9649122807031 29
52.973684210527665 11
53.01754385965047 9
53.07017543859784 24
53.07017543859784 31
53.12280701754521 54
53.184210526317145 7
53.21929824561539 2
53.25438596491364 4
53.289473684211885 42
53.298245614036446 50
53.36842105263294 5
53.42982456140487 59
53.447368421053994 11
53.447368421053994 17
53.46491228070312 41
53.54385964912417 6
53.62280701754523 36
53.62280701754523 44
53.64912280701891 35
53.710526315790844 15
53.710526315790844 47
53.877192982457515 56
53.9035087719312 8
53.91228070175576 7
53.93859649122945 24
53.93859649122945 49
53.982456140352255 39
54.00877192982594 25
54.02631578947506 40
54.12280701754524 48
54.245614035089105 17
54.27192982456279 29
54.298245614036475 6
54.350877192983845 3
54.36842105263297 16
54.37719298245753 57
54.38596491228209 18
54.42105263158034 36
54.43859649122946 42
54.50000000000139 14
54.50000000000139 44
54.614035087720694 59
54.64035087719438 7
54.6578947368435 11
54.728070175439996 18
54.73684210526456 10
54.78947368421193 1
54.78947368421193 20
54.80701754386105 24
54.85964912280842 37
54.91228070175579 9
54.94736842105404 28
55.01754385965053 15
55.043859649124215 17
55.043859649124215 43
55.05263157894878 6
55.149122807018955 27
55.21929824561545 36
55.33333333333475 4
55.34210526315931 25
55.368421052632996 7
55.49122807017686 47
55.526315789475106 11
55.58771929824704 42
55.64035087719441 50
55.675438596492654 24
55.70175438596634 44
55.76315789473827 33
55.80701754386108 6
55.833333333334764 18
55.842105263159326 17
55.85087719298389 3
55.91228070175582 29
55.92105263158038 1
56.01754385965056 36
56.043859649124244 26
56.09649122807161 8
56.105263157896175 7
56.105263157896175 22
56.1228070175453 48
56.16666666666811 34
56.30701754386109 44
56.32456140351022 15
56.40350877193127 5
56.41228070175583 18
56.50000000000145 23
56.54385964912426 24
56.56140350877338 6
56.640350877194436 17
56.67543859649268 25
56.72807017544005 11
56.736842105264614 42
56.75438596491374 2
56.789473684211984 39
56.80701754386111 9
56.81578947368567 36
56.83333333333479 7
56.88596491228216 59
56.92982456140497 45
57.14035087719445 49
57.14912280701901 18
57.15789473684357 44
57.19298245614182 53
57.24561403508919 18
57.24561403508919 20
57.271929824562875 47
57.31578947368568 6
57.35087719298393 3
57.35964912280849 16
57.377192982457615 54
57.41228070175586 4
57.41228070175586 24
57.438596491229546 17
57.5175438596506 56
57.52631578947516 29
57.52631578947516 41
57.56140350877341 7
57.56140350877341 27
57.587719298247094 11
57.61403508772078 36
57.6315789473699 15
57.649122807019026 0
57.850877192983944 58
57.88596491228219 11
57.88596491228219 42
57.98245614035237 50
58.008771929826054 25
58.070175438597985 6
58.122807017545355 14
58.122807017545355 48
58.13157894736992 43
58.175438596492725 18
58.19298245614185 11
58.228070175440095 17
58.280701754387465 24
58.28947368421203 7
58.41228070175589 36
58.58771929824712 57
58.596491228071685 35
58.71929824561555 11
58.74561403508923 9
58.78947368421204 10
58.82456140351029 6
58.83333333333485 8
58.85087719298397 3
58.85087719298397 40
58.88596491228222 1
58.912280701755904 44
58.92982456140503 5
58.93859649122959 15
58.964912280703274 29
59.017543859650644 7
59.026315789475206 17
59.03508771929977 42
59.05263157894889 47
59.14912280701907 24
59.210526315791 36
59.342105263159425 25
59.35087719298399 59
59.48245614035241 31
59.49122807017697 4
59.57894736842259 6
59.614035087720836 44
59.74561403508926 7
59.75438596491382 11
59.824561403510316 17
59.83333333333488 37
59.921052631580494 28
59.9649122807033 43
59.973684210527864 27
