0.10526315789473684 20
0.13157894736842105 2
0.16666666666666666 14
0.17543859649122806 59
0.18421052631578946 40
0.24561403508771928 45
0.2543859649122807 11
0.2719298245614036 57
0.280701754385965 15
0.28947368421052644 16
0.29824561403508787 26
0.3596491228070179 47
0.41228070175438647 28
0.4561403508771936 29
0.46491228070175505 37
0.49122807017543935 7
0.49122807017543935 36
0.5087719298245622 6
0.5350877192982465 54
0.5877192982456151 17
0.605263157894738 41
0.6140350877192994 58
0.6315789473684222 8
0.6403508771929837 42
0.6842105263157908 4
0.7368421052631594 18
0.9824561403508795 44
0.9912280701754409 38
1.0263157894736865 53
1.096491228070178 12
1.1140350877193008 25
1.1491228070175465 34
1.157894736842108 24
1.2280701754385994 1
1.2368421052631609 6
1.2543859649122837 43
1.2894736842105294 7
1.3245614035087752 22
1.3859649122807052 36
1.3859649122807052 59
1.403508771929828 32
1.4736842105263195 17
1.4912280701754423 11
1.5000000000000038 23
1.5175438596491266 50
1.5964912280701795 15
1.6140350877193024 18
1.7105263157894781 5
1.7192982456140395 11
1.8947368421052682 27
1.9035087719298296 39
1.9210526315789525 0
1.9649122807017596 6
2.026315789473689 11
2.026315789473689 24
2.0526315789473726 42
2.078947368421056 7
2.201754385964913 47
2.280701754385964 36
2.3421052631578925 17
2.359649122807015 5
2.4385964912280658 12
2.4736842105263106 11
2.526315789473678 59
2.5964912280701675 5
2.692982456140341 6
2.7105263157894632 25
2.780701754385953 43
2.877192982456126 7
2.8947368421052486 24
2.8947368421052486 29
2.912280701754371 15
3.1754385964912073 36
3.1929824561403297 1
3.254385964912258 48
3.280701754385942 5
3.280701754385942 16
3.324561403508748 44
3.3859649122806763 17
3.421052631578921 6
3.5701754385964617 10
3.5701754385964617 12
3.587719298245584 59
3.666666666666635 7
3.7631578947368083 24
3.798245614035053 41
3.8508771929824204 14
3.8947368421052264 11
3.956140350877155 57
4.026315789473646 47
4.043859649122769 25
4.070175438596454 36
4.114035087719262 50
4.149122807017509 6
4.219298245614002 15
4.245614035087687 45
4.271929824561372 58
4.307017543859619 8
4.359649122806989 2
4.403508771929797 40
4.456140350877167 7
4.499999999999975 27
4.508771929824537 5
4.570175438596468 1
4.622807017543838 0
4.6315789473684 24
4.701754385964893 44
4.78947368421051 11
4.877192982456126 6
4.885964912280688 43
4.964912280701743 36
5.008771929824551 59
5.061403508771921 20
5.157894736842099 11
5.210526315789469 29
5.245614035087716 7
5.263157894736839 12
5.421052631578949 34
5.421052631578949 53
5.438596491228072 37
5.456140350877195 28
5.5000000000000036 32
5.508771929824565 24
5.53508771929825 15
5.605263157894743 5
5.605263157894743 6
5.69298245614036 56
5.815789473684223 4
5.833333333333346 3
5.859649122807031 36
5.90350877192984 11
5.964912280701771 48
6.000000000000018 42
6.035087719298264 7
6.035087719298264 47
6.1578947368421275 25
6.175438596491251 26
6.192982456140374 16
6.333333333333361 6
6.333333333333361 54
6.342105263157922 44
6.377192982456169 24
6.429824561403539 17
6.500000000000032 11
6.6140350877193335 18
6.710526315789512 11
6.75438596491232 36
6.771929824561443 43
6.771929824561443 57
6.780701754386005 8
6.824561403508813 7
6.842105263157936 15
6.877192982456183 9
6.903508771929868 1
6.938596491228115 29
6.982456140350923 12
6.982456140350923 59
7.061403508771978 6
7.175438596491279 3
7.210526315789526 5
7.2456140350877725 24
7.324561403508827 11
7.368421052631636 0
7.385964912280759 18
7.429824561403567 17
7.491228070175499 20
7.491228070175499 25
7.50000000000006 44
7.508771929824622 14
7.508771929824622 41
7.517543859649184 42
7.535087719298307 38
7.614035087719362 7
7.6491228070176085 36
7.65789473684217 27
7.684210526315855 23
7.736842105263225 22
7.789473684210595 6
7.86842105263165 47
7.894736842105335 2
7.956140350877266 4
8.07894736842113 5
8.07894736842113 48
8.114035087719376 24
8.1315789473685 50
8.149122807017623 15
8.29824561403517 18
8.324561403508856 17
8.333333333333417 45
8.40350877192991 7
8.517543859649212 3
8.517543859649212 6
8.543859649122897 36
8.56140350877202 10
8.596491228070267 1
8.605263157894829 12
8.66666666666676 43
8.692982456140445 9
8.82456140350887 25
8.98245614035098 24
9.052631578947473 42
9.105263157894843 16
9.149122807017651 17
9.166666666666774 11
9.19298245614046 7
9.236842105263268 40
9.24561403508783 6
9.342105263158007 5
9.438596491228186 36
9.456140350877309 15
9.473684210526432 8
9.51754385964924 5
9.587719298245734 57
9.596491228070295 11
9.631578947368542 53
9.649122807017665 32
9.692982456140474 1
9.701754385965035 47
9.754385964912405 34
9.754385964912405 58
9.763157894736967 39
9.850877192982583 24
9.850877192982583 29
9.859649122807145 3
9.88596491228083 41
9.921052631579077 12
9.964912280701885 17
9.973684210526446 6
9.982456140351008 7
10.157894736842241 25
10.175438596491365 44
10.192982456140488 20
10.20175438596505 27
10.210526315789611 0
10.219298245614173 43
10.280701754386104 56
10.30701754385979 11
10.333333333333474 4
10.333333333333474 36
10.342105263158036 42
10.41228070175453 37
10.447368421052776 59
10.491228070175584 28
10.500000000000146 9
10.561403508772077 54
10.63157894736857 48
10.657894736842255 44
10.701754385965064 6
10.719298245614187 24
10.73684210526331 11
10.763157894736995 15
10.763157894736995 17
10.771929824561557 7
11.149122807017708 14
11.201754385965078 3
11.228070175438763 26
11.228070175438763 36
11.307017543859818 18
11.42982456140368 2
11.42982456140368 6
11.491228070175612 25
11.517543859649297 47
11.53508771929842 18
11.552631578947544 17
11.561403508772106 7
11.58771929824579 24
11.771929824561585 18
11.789473684210709 29
11.815789473684394 45
11.842105263158079 5
12.017543859649312 16
12.017543859649312 22
12.070175438596682 15
12.096491228070366 42
12.122807017544051 36
12.157894736842298 6
12.175438596491421 57
12.245614035087915 44
12.2719298245616 41
12.315789473684408 9
12.350877192982654 7
12.350877192982654 17
12.447368421052833 0
12.456140350877394 24
12.48245614035108 1
12.605263157894942 43
12.614035087719504 44
12.631578947368627 50
12.719298245614244 8
12.719298245614244 23
12.824561403508984 25
12.885964912280915 6
12.894736842105477 18
12.956140350877408 59
13.01754385964934 36
13.140350877193203 7
13.149122807017765 17
13.184210526316011 58
13.201754385965135 27
13.324561403508998 24
13.324561403508998 53
13.368421052631806 42
13.368421052631806 47
13.377192982456368 15
13.403508771930053 48
13.412280701754614 18
13.508771929824793 11
13.526315789473916 18
13.5526315789476 20
13.614035087719532 6
13.807017543859889 4
13.824561403509012 3
13.86842105263182 38
13.86842105263182 44
13.912280701754629 36
13.929824561403752 7
13.947368421052875 17
13.964912280701999 18
13.991228070175683 1
14.052631578947615 59
14.0789473684213 29
14.122807017544108 9
14.157894736842355 25
14.18421052631604 32
14.192982456140601 24
14.201754385965163 12
14.34210526315815 6
14.429824561403766 5
14.587719298245876 18
14.649122807017807 10
14.684210526316054 15
14.701754385965177 0
14.7192982456143 7
14.745614035087986 17
14.789473684210794 14
14.807017543859917 5
14.807017543859917 36
14.868421052631849 8
14.903508771930095 5
14.92982456140378 11
14.92982456140378 16
14.947368421052904 40
14.964912280702027 2
15.061403508772205 24
15.070175438596767 6
15.157894736842383 59
15.166666666666945 3
15.219298245614315 47
15.289473684210808 11
15.35087719298274 45
15.385964912280986 37
15.45614035087748 34
15.491228070175726 25
15.50877192982485 7
15.50877192982485 48
15.535087719298534 28
15.543859649123096 17
15.56140350877222 12
15.66666666666696 43
15.66666666666696 54
15.701754385965206 36
15.771929824561699 26
15.789473684210822 56
15.798245614035384 6
15.912280701754685 4
15.912280701754685 9
15.912280701754685 20
15.929824561403809 24
15.99122807017574 15
16.175438596491535 59
16.236842105263467 29
16.280701754386275 22
16.298245614035398 7
16.342105263158206 17
16.35964912280733 18
16.447368421052946 1
16.508771929824878 3
16.526315789474 6
16.596491228070494 36
16.649122807017864 23
16.67543859649155 44
16.798245614035412 24
16.824561403509097 25
16.921052631579276 57
16.94736842105296 41
16.982456140351207 50
17.017543859649454 18
17.04385964912314 47
17.09649122807051 7
17.114035087719632 0
17.131578947368755 17
17.140350877193317 11
17.25438596491262 6
17.25438596491262 44
17.280701754386303 29
17.298245614035427 15
17.37719298245648 49
17.412280701754728 43
17.491228070175783 36
17.508771929824906 1
17.596491228070523 44
17.622807017544208 8
17.657894736842454 42
17.666666666667016 24
17.701754385965263 9
17.84210526315825 16
17.85087719298281 3
17.859649122807372 58
17.885964912281057 7
17.885964912281057 53
17.90350877193018 12
17.929824561403866 17
17.95614035087755 18
17.982456140351236 6
17.991228070175797 4
18.078947368421414 18
18.15789473684247 25
18.236842105263523 48
18.26315789473721 20
18.38596491228107 36
18.403508771930195 32
18.42982456140388 14
18.500000000000373 2
18.53508771929862 24
18.561403508772305 5
18.561403508772305 39
18.605263157895113 15
18.675438596491606 7
18.675438596491606 27
18.69298245614073 45
18.710526315789853 1
18.710526315789853 6
18.728070175438976 17
18.736842105263538 44
18.80701754386003 29
18.8596491228074 47
19.052631578947757 12
19.07017543859688 38
19.149122807017935 59
19.192982456140744 3
19.192982456140744 5
19.28070175438636 36
19.350877192982853 11
19.403508771930223 24
19.43859649122847 6
19.464912280702155 7
19.49122807017584 25
19.5000000000004 9
19.526315789474086 17
19.535087719298648 0
19.561403508772333 18
19.70175438596532 44
19.894736842105676 1
19.9122807017548 15
19.929824561403922 57
20.07017543859691 4
20.166666666667087 6
20.17543859649165 36
20.245614035088142 41
20.254385964912704 7
20.271929824561827 24
20.28070175438639 34
20.28947368421095 50
20.324561403509197 17
20.359649122807443 37
20.359649122807443 44
20.49122807017587 5
20.526315789474115 8
20.535087719298676 3
20.535087719298676 11
20.535087719298676 12
20.56140350877236 42
20.570175438596923 28
20.60526315789517 20
20.61403508771973 22
20.6666666666671 26
20.701754385965348 54
20.71052631578991 47
20.754385964912718 16
20.82456140350921 25
20.894736842105704 6
20.991228070175882 44
21.043859649123252 7
21.070175438596937 36
21.122807017544307 17
21.14035087719343 24
21.210526315789924 27
21.219298245614485 15
21.271929824561855 48
21.29824561403554 9
21.315789473684664 23
21.368421052632034 29
21.46491228070221 1
21.46491228070221 44
21.62280701754432 6
21.649122807018006 10
21.701754385965376 56
21.701754385965376 59
21.78070175438643 18
21.815789473684678 11
21.8333333333338 7
21.850877192982924 39
21.87719298245661 3
21.921052631579418 17
21.92982456140398 45
21.956140350877664 53
21.964912280702226 36
22.000000000000473 42
22.008771929825034 24
22.03508771929872 2
22.04385964912328 43
22.061403508772404 5
22.070175438596966 14
22.14912280701802 4
22.157894736842582 25
22.236842105263637 5
22.263157894737322 58
22.35087719298294 6
22.447368421053117 18
22.4736842105268 41
22.52631578947417 15
22.52631578947417 47
22.56140350877242 40
22.63157894736891 7
22.649122807018035 57
22.68421052631628 18
22.68421052631628 50
22.701754385965405 5
22.710526315789966 0
22.710526315789966 17
22.83333333333383 1
22.859649122807514 36
22.877192982456638 24
23.017543859649624 5
23.078947368421556 6
23.09649122807068 9
23.219298245614542 3
23.333333333333844 20
23.42105263157946 7
23.491228070175953 25
23.508771929825077 17
23.552631578947885 44
23.62280701754438 27
23.63157894736894 8
23.666666666667187 16
23.74561403508824 24
23.754385964912803 36
23.807017543860173 6
23.833333333333858 5
23.833333333333858 15
23.921052631579474 49
23.94736842105316 11
24.035087719298776 48
24.096491228070708 42
24.11403508771983 5
24.11403508771983 12
24.122807017544392 59
24.175438596491762 11
24.21052631579001 7
24.228070175439132 4
24.307017543860187 17
24.342105263158434 47
24.36842105263212 1
24.37719298245668 11
24.491228070175982 44
24.53508771929879 6
24.543859649123352 41
24.552631578947913 32
24.561403508772475 3
24.5789473684216 11
24.605263157895283 29
24.614035087719845 24
24.64912280701809 36
24.771929824561955 11
24.824561403509325 25
24.868421052632133 22
24.877192982456695 5
24.885964912281256 9
24.96491228070231 11
24.96491228070231 38
25.000000000000558 7
25.000000000000558 50
25.078947368421613 43
25.087719298246174 57
25.096491228070736 45
25.105263157895298 17
25.140350877193544 15
25.157894736842668 11
25.22807017543916 12
25.263157894737407 6
25.3333333333339 37
25.350877192983024 11
25.38596491228127 1
25.48245614035145 24
25.53508771929882 53
25.54385964912338 36
25.552631578947942 11
25.552631578947942 23
25.570175438597065 2
25.605263157895312 28
25.64035087719356 54
25.675438596491805 20
25.70175438596549 14
25.70175438596549 34
25.736842105263737 44
25.7456140350883 11
25.798245614035668 7
25.850877192983038 59
25.903508771930408 3
25.903508771930408 17
25.91228070175497 8
25.938596491228655 11
25.956140350877778 42
25.991228070176025 6
26.02631578947427 48
26.12280701754445 26
26.13157894736901 11
26.157894736842696 25
26.157894736842696 47
26.28947368421112 0
26.307017543860244 4
26.324561403509367 11
26.34210526315849 12
26.350877192983052 24
26.43859649122867 36
26.44736842105323 15
26.473684210526915 29
26.517543859649724 11
26.578947368421655 16
26.587719298246217 7
26.684210526316395 9
26.70175438596552 17
26.71052631579008 11
26.71929824561464 6
26.903508771930436 11
26.903508771930436 43
26.92982456140412 1
26.92982456140412 27
27.096491228070793 11
27.219298245614656 24
27.24561403508834 3
27.28947368421115 11
27.333333333333957 36
27.368421052632204 44
27.377192982456766 7
27.412280701755012 41
27.421052631579574 39
27.44736842105326 6
27.45614035087782 12
27.482456140351506 11
27.491228070176067 25
27.50000000000063 17
27.675438596491862 11
27.754385964912917 15
27.789473684211163 44
27.807017543860287 42
27.86842105263222 11
27.921052631579588 5
27.956140350877835 18
27.964912280702396 10
27.973684210526958 47
28.000000000000643 48
28.008771929825205 20
28.061403508772575 11
28.08771929824626 24
28.166666666667314 7
28.175438596491876 6
28.228070175439246 36
28.25438596491293 11
28.29824561403574 17
28.324561403509424 57
28.368421052632232 18
28.385964912281356 4
28.447368421053287 11
28.46491228070241 50
28.482456140351534 9
28.482456140351534 29
28.500000000000657 44
28.57017543859715 12
28.587719298246274 3
28.587719298246274 18
28.62280701754452 43
28.640350877193644 11
28.745614035088384 32
28.82456140350944 25
28.833333333334 11
28.903508771930493 6
28.956140350877863 1
28.956140350877863 24
28.964912280702425 7
29.026315789474356 11
29.035087719298918 40
29.05263157894804 8
29.061403508772603 15
29.09649122807085 17
29.10526315789541 2
29.114035087719973 22
29.122807017544535 36
29.175438596491905 45
29.219298245614713 11
29.333333333334014 14
29.342105263158576 49
29.41228070175507 11
29.42105263157963 0
29.447368421053316 53
29.491228070176124 16
29.508771929825247 58
29.57017543859718 27
29.587719298246302 23
29.605263157895426 11
29.63157894736911 6
29.640350877193672 18
29.68421052631648 12
29.754385964912974 7
29.754385964912974 29
29.78947368421122 47
29.798245614035782 11
29.798245614035782 59
29.824561403509467 24
29.84210526315859 54
29.89473684210596 17
29.89473684210596 41
29.929824561404207 3
29.982456140351577 1
29.982456140351577 48
29.99122807017614 11
30.017543859649823 36
30.15789473684281 25
30.184210526316495 11
30.201754385965618 18
30.27192982456211 9
30.307017543860358 37
30.342105263158604 20
30.359649122807728 6
30.36842105263229 15
30.37719298245685 11
30.464912280702467 4
30.543859649123522 7
30.570175438597207 11
30.6403508771937 28
30.69298245614107 17
30.69298245614107 24
30.763157894737564 11
30.79824561403581 12
30.85087719298318 42
30.90350877193055 57
30.912280701755112 36
30.95614035087792 11
30.973684210527043 50
30.982456140351605 59
31.078947368421783 39
31.087719298246345 6
31.149122807018276 11
31.1666666666674 26
31.184210526316523 1
31.210526315790208 56
31.27192982456214 3
31.33333333333407 7
31.342105263158633 11
31.49122807017618 17
31.49122807017618 25
31.53508771929899 11
31.561403508772674 24
31.605263157895482 47
31.675438596491976 15
31.675438596491976 34
31.728070175439345 11
31.789473684211277 8
31.8070175438604 36
31.815789473684962 6
31.815789473684962 10
31.91228070175514 12
31.921052631579702 11
31.95614035087795 48
32.008771929825315 0
32.04385964912356 18
32.061403508772685 9
32.114035087720055 11
32.114035087720055 42
32.122807017544616 7
32.15789473684286 27
32.280701754386726 38
32.28947368421129 17
32.30701754386041 11
32.40350877193059 16
32.429824561404274 24
32.50000000000077 11
32.543859649123576 4
32.543859649123576 6
32.61403508772007 3
32.640350877193754 2
32.675438596492 20
32.692982456141124 11
32.701754385965685 36
32.72807017543937 18
32.82456140350955 25
32.86842105263236 59
32.88596491228148 11
32.912280701755165 7
32.964912280702535 14
32.964912280702535 41
32.98245614035166 15
33.02631578947447 12
33.02631578947447 49
33.07894736842184 11
33.0877192982464 17
33.131578947369206 43
33.27192982456219 6
33.27192982456219 11
33.289473684211316 50
33.29824561403588 24
33.315789473685 18
33.35964912280781 22
33.42105263157974 47
33.4298245614043 57
33.46491228070255 11
33.500000000000796 45
33.57894736842185 42
33.596491228070974 36
33.605263157895536 39
33.605263157895536 44
33.657894736842906 11
33.68421052631659 1
33.69298245614115 32
33.701754385965714 7
33.77192982456221 5
33.79824561403589 18
33.85087719298326 9
33.85087719298326 11
33.87719298245695 17
33.90350877193063 8
33.92982456140432 59
33.956140350878 3
34.00000000000081 6
34.04385964912362 11
34.1403508771938 12
34.15789473684292 25
34.16666666666748 24
34.184210526316605 40
34.192982456141166 48
34.236842105263975 11
34.27192982456222 58
34.289473684211345 15
34.42982456140433 11
34.49122807017626 7
34.49122807017626 36
34.561403508772756 53
34.561403508772756 54
34.57894736842188 44
34.62280701754469 4
34.62280701754469 11
34.67543859649206 17
34.72807017543943 0
34.72807017543943 6
34.79824561403592 29
34.815789473685044 11
34.83333333333417 1
34.877192982456975 56
34.96491228070259 42
35.00000000000084 43
35.0087719298254 11
35.0087719298254 11
35.0087719298254 20
35.035087719299085 24
35.035087719299085 59
35.09649122807102 18
35.11403508772014 27
35.20175438596576 11
35.236842105264 47
35.254385964913126 12
35.28070175438681 7
35.28070175438681 18
35.28070175438681 37
35.298245614035935 3
35.298245614035935 5
35.31578947368506 16
35.38596491228155 36
35.39473684210611 11
35.412280701755236 18
35.456140350878044 6
35.464912280702606 17
35.49122807017629 25
35.58771929824647 11
35.59649122807103 15
35.60526315789559 50
35.64035087719384 9
35.666666666667524 10
35.675438596492086 28
35.780701754386826 11
35.885964912281565 44
35.90350877193069 24
35.91228070175525 1
35.97368421052718 11
36.07017543859736 7
36.11403508772017 39
36.149122807018415 8
36.15789473684298 48
36.16666666666754 11
36.1754385964921 2
36.18421052631666 6
36.24561403508859 29
36.24561403508859 49
36.263157894737716 17
36.28070175438684 36
36.359649122807895 11
36.368421052632456 12
36.37719298245702 34
36.48245614035176 59
36.50877192982544 42
36.517543859650004 57
36.55263157894825 5
36.55263157894825 11
36.59649122807106 14
36.61403508772018 43
36.64035087719387 3
36.7017543859658 4
36.74561403508861 11
36.77192982456229 24
36.82456140350966 25
36.85087719298335 41
36.85964912280791 7
36.90350877193072 15
36.91228070175528 6
36.938596491228964 11
36.947368421053525 44
37.052631578948265 47
37.06140350877283 17
37.13157894736932 11
37.17543859649213 36
37.19298245614125 5
37.25438596491318 26
37.324561403509676 11
37.3421052631588 20
37.3421052631588 38
37.35087719298336 45
37.429824561404416 9
37.44736842105354 0
37.482456140351786 12
37.482456140351786 18
37.51754385965003 11
37.578947368421964 1
37.59649122807109 23
37.61403508772021 22
37.640350877193896 6
37.640350877193896 24
37.64912280701846 7
37.71052631579039 11
37.71929824561495 59
37.85964912280794 17
37.88596491228162 27
37.903508771930746 11
37.92105263157987 50
37.9824561403518 3
38.008771929825485 29
38.07017543859742 36
38.0964912280711 11
38.10526315789566 18
38.114035087720225 48
38.15789473684303 25
38.2105263157904 15
38.22807017543953 16
38.28947368421146 11
38.35964912280795 44
38.36842105263251 6
38.438596491229006 7
38.482456140351815 11
38.482456140351815 11
38.5087719298255 24
38.51754385965006 8
38.596491228071116 12
38.60526315789568 43
38.65789473684305 17
38.67543859649217 11
38.67543859649217 44
38.7368421052641 42
38.77192982456235 54
38.77192982456235 58
38.78070175438691 4
38.86842105263253 11
38.86842105263253 47
38.964912280702706 36
39.04385964912376 29
39.061403508772884 11
39.09649122807113 6
39.10526315789569 44
39.21929824561499 9
39.228070175439555 7
39.25438596491324 11
39.25438596491324 53
39.32456140350973 3
39.3771929824571 24
39.39473684210623 59
39.447368421053596 11
39.45614035087816 17
39.491228070176405 18
39.491228070176405 25
39.51754385965009 10
39.51754385965009 15
39.52631578947465 39
39.605263157895706 44
39.64035087719395 11
39.6754385964922 20
39.710526315790446 2
39.710526315790446 12
39.73684210526413 40
39.79824561403606 32
39.82456140350975 6
39.83333333333431 11
39.859649122807994 36
39.95614035087817 0
40.017543859650104 7
40.026315789474666 11
40.11403508772028 42
40.21052631579046 48
40.21929824561502 11
40.22807017543958 14
40.24561403508871 24
40.25438596491327 17
40.25438596491327 37
40.289473684211515 43
40.35087719298345 1
40.41228070175538 11
40.5438596491238 59
40.552631578948365 6
40.57894736842205 57
40.58771929824661 50
40.605263157895735 11
40.666666666667666 3
40.68421052631679 8
40.68421052631679 47
40.719298245615036 28
40.75438596491328 36
40.79824561403609 11
40.80701754386065 7
40.815789473685214 56
40.824561403509776 12
40.824561403509776 15
40.824561403509776 25
40.8421052631589 49
40.85964912280802 4
40.99122807017645 11
41.00877192982557 9
41.05263157894838 17
41.0701754385975 41
41.11403508772031 24
41.140350877193995 16
41.184210526316804 11
41.2543859649133 44
41.28070175438698 6
41.37719298245716 11
41.403508771930845 42
41.41228070175541 29
41.570175438597516 11
41.5964912280712 7
41.64912280701857 36
41.73684210526419 23
41.76315789473787 11
41.771929824562434 45
41.85087719298349 17
41.85964912280805 22
41.929824561404544 34
41.938596491229106 12
41.95614035087823 11
41.982456140351914 24
42.0087719298256 3
42.0087719298256 6
42.0087719298256 20
42.13157894736946 15
42.149122807018585 11
42.15789473684315 25
42.16666666666771 48
42.21929824561508 1
42.2368421052642 38
42.34210526315894 11
42.37719298245719 26
42.38596491228175 7
42.50000000000105 47
42.5350877192993 11
42.54385964912386 36
42.56140350877298 43
42.64035087719404 27
42.6491228070186 17
42.66666666666772 42
42.728070175439655 11
42.736842105264216 6
42.80701754386071 9
42.80701754386071 58
42.85087719298352 24
42.90350877193089 50
42.91228070175545 29
42.92105263158001 11
42.938596491229134 4
42.947368421053696 53
43.02631578947475 54
43.052631578948436 12
43.11403508772037 11
43.18421052631686 7
43.21929824561511 39
43.24561403508879 2
43.24561403508879 5
43.307017543860724 11
43.35087719298353 3
43.368421052632655 10
43.421052631580025 57
43.43859649122915 15
43.43859649122915 36
43.44736842105371 17
43.46491228070283 6
43.48245614035196 41
43.49122807017652 25
43.50000000000108 11
43.692982456141436 11
43.71929824561512 24
43.789473684211615 8
43.842105263158984 42
43.850877192983546 59
43.85964912280811 14
43.85964912280811 14
43.88596491228179 11
43.96491228070285 5
43.97368421052741 7
44.0438596491239 49
44.052631578948464 16
44.07894736842215 11
44.166666666667766 12
44.18421052631689 48
44.19298245614145 6
44.24561403508882 17
44.271929824562505 11
44.29824561403619 40
44.315789473685314 47
44.33333333333444 36
44.342105263159 20
44.46491228070286 11
44.50877192982567 5
44.587719298246725 24
44.59649122807129 9
44.65789473684322 11
44.692982456141465 3
44.745614035088835 15
44.745614035088835 15
44.76315789473796 7
44.76315789473796 29
44.78070175438708 18
44.82456140350989 25
44.850877192983575 11
44.903508771930944 1
44.92105263158007 6
44.92982456140463 5
45.017543859650246 4
45.02631578947481 44
45.04385964912393 11
45.04385964912393 17
45.166666666667794 59
45.2105263157906 0
45.219298245615164 50
45.228070175439726 36
45.228070175439726 37
45.23684210526429 11
45.280701754387096 12
45.429824561404644 11
45.45614035087833 24
45.5087719298257 44
45.55263157894851 7
45.622807017545 11
45.649122807018685 6
45.69298245614149 23
45.701754385966055 45
45.7368421052643 41
45.754385964913425 28
45.807017543860795 5
45.815789473685356 11
45.84210526315904 17
45.89473684210641 39
46.00877192982571 11
46.0350877192994 3
46.05263157894852 15
46.078947368422206 1
46.10526315789589 22
46.122807017545014 36
46.131578947369576 43
46.131578947369576 47
46.1491228070187 48
46.15789473684326 25
46.175438596492384 27
46.20175438596607 11
46.30701754386081 18
46.30701754386081 29
46.32456140350993 8
46.32456140350993 24
46.333333333334494 58
46.342105263159056 7
46.35087719298362 34
46.35964912280818 42
46.3771929824573 6
46.385964912281864 9
46.394736842106425 11
46.394736842106425 12
46.42982456140467 57
46.45614035087836 59
46.58771929824678 11
46.64035087719415 17
46.64912280701871 5
46.6754385964924 20
46.78070175438714 2
46.78070175438714 11
46.91228070175556 32
46.96491228070293 16
46.973684210527495 11
47.0175438596503 36
47.09649122807136 4
47.10526315789592 6
47.131578947369604 7
47.16666666666785 11
47.192982456141536 24
47.21929824561522 10
47.245614035088906 49
47.298245614036276 44
47.35964912280821 11
47.35964912280821 15
47.37719298245733 3
47.42105263158014 53
47.4298245614047 56
47.43859649122926 17
47.49122807017663 14
47.49122807017663 25
47.508771929825755 12
47.53508771929944 42
47.53508771929944 50
47.552631578948564 11
47.62280701754506 26
47.62280701754506 54
47.63157894736962 0
47.6578947368433 5
47.74561403508892 11
47.83333333333454 6
47.85964912280822 43
47.91228070175559 36
47.92105263158015 7
47.938596491229276 11
47.94736842105384 47
48.06140350877314 24
48.10526315789595 48
48.12280701754507 41
48.13157894736963 11
48.17543859649244 9
48.192982456141564 59
48.23684210526437 17
48.27192982456262 1
48.32456140350999 11
48.3684210526328 29
48.43859649122929 5
48.517543859650345 11
48.561403508773154 6
48.622807017545085 12
48.66666666666789 15
48.69298245614158 5
48.7105263157907 7
48.7105263157907 11
48.7105263157907 42
48.71929824561526 3
48.80701754386088 36
48.82456140351 25
48.82456140351 40
48.90350877193106 11
48.92982456140474 24
49.0087719298258 20
49.02631578947492 18
49.03508771929948 17
49.052631578948606 45
49.096491228071415 11
49.14035087719422 5
49.17543859649247 4
49.28947368421177 6
49.28947368421177 11
49.29824561403633 8
49.42982456140476 1
49.48245614035213 11
49.48245614035213 18
49.50000000000125 7
49.60526315789599 23
49.631578947369675 27
49.675438596492484 11
49.70175438596617 36
49.736842105264415 12
49.7631578947381 47
49.79824561403635 24
49.83333333333459 17
49.83333333333459 43
49.85087719298372 50
49.86842105263284 11
49.8771929824574 16
49.88596491228196 42
49.96491228070302 9
49.97368421052758 15
50.01754385965039 6
50.061403508773196 3
50.061403508773196 11
50.061403508773196 48
50.07894736842232 5
50.157894736843375 25
50.20175438596618 37
50.22807017543987 0
50.23684210526443 5
50.24561403508899 41
50.25438596491355 11
50.28070175438724 58
50.2894736842118 7
50.315789473685484 2
50.35087719298373 22
50.41228070175566 57
50.44736842105391 11
50.44736842105391 49
50.57017543859777 59
50.59649122807146 36
50.631578947369704 17
50.640350877194265 11
50.66666666666795 24
50.745614035089005 6
50.75438596491357 1
50.78947368421181 28
50.83333333333462 11
50.850877192983745 12
50.94736842105392 34
51.02631578947498 11
51.061403508773225 42
51.070175438597786 10
51.07894736842235 7
51.122807017545156 14
51.219298245615335 11
51.25438596491358 4
51.26315789473814 29
51.280701754387266 15
51.3421052631592 20
51.35087719298376 56
51.39473684210657 44
51.40350877193113 3
51.41228070175569 11
51.429824561404814 17
51.47368421052762 6
51.491228070176746 25
51.491228070176746 36
51.50877192982587 18
51.50877192982587 32
51.535087719299554 24
51.57894736842236 47
51.60526315789605 11
51.76315789473816 9
51.798245614036404 11
51.8684210526329 7
51.87719298245746 43
51.94736842105395 54
51.95614035087851 59
51.964912280703075 12
51.99122807017676 11
52.017543859650445 48
52.04385964912413 53
52.06140350877325 38
52.16666666666799 50
52.184210526317116 11
52.20175438596624 6
52.2105263157908 1
52.228070175439925 17
52.236842105264486 42
52.333333333334664 8
52.342105263159226 5
52.37719298245747 11
52.385964912282034 36
52.40350877193116 24
52.57017543859783 11
52.58771929824695 15
52.58771929824695 26
52.657894736843446 7
52.7368421052645 44
52.74561403508906 3
52.754385964913624 5
52.763157894738185 11
52.78947368421187 16
52.807017543860994 0
52.82456140351012 25
52.84210526315924 41
52.8508771929838 5
52.921052631580295 57
52.92982456140486 6
52.95614035087854 11
53.026315789475035 17
53.078947368422405 12
53.1491228070189 11
53.27192982456276 24
53.28070175438732 36
53.32456140351013 18
53.33333333333469 4
53.342105263159254 11
53.394736842106624 47
53.41228070175575 42
53.447368421053994 7
53.508771929825926 23
53.53508771929961 11
53.552631578948734 9
53.605263157896104 27
53.64912280701891 49
53.657894736843474 6
53.666666666668036 5
53.6754385964926 20
53.72807017543997 11
53.72807017543997 29
53.824561403510145 17
53.84210526315927 58
53.85087719298383 2
53.88596491228208 44
53.89473684210664 15
53.921052631580324 11
54.035087719299625 48
54.07894736842243 45
54.087719298246995 3
54.11403508772068 11
54.140350877194365 24
54.15789473684349 25
54.17543859649261 36
54.192982456141735 12
54.23684210526454 7
54.23684210526454 44
54.245614035089105 40
54.307017543861036 11
54.38596491228209 6
54.48245614035227 50
54.50000000000139 11
54.58771929824701 42
54.59649122807157 22
54.614035087720694 18
54.622807017545256 17
54.63157894736982 8
54.666666666668064 5
54.69298245614175 11
54.70175438596631 43
54.75438596491368 14
54.771929824562804 18
54.885964912282105 11
54.92105263158035 10
54.929824561404914 18
55.00877192982597 24
55.02631578947509 7
55.0701754385979 36
55.07894736842246 5
55.07894736842246 11
55.11403508772071 6
55.12280701754527 18
55.17543859649264 37
55.201754385966325 15
55.21052631579089 47
55.27192982456282 11
55.307017543861065 12
55.34210526315931 9
55.39473684210668 1
55.412280701755805 4
55.421052631580366 17
55.42982456140493 3
55.464912280703174 11
55.49122807017686 25
55.5964912280716 34
55.61403508772072 5
55.65789473684353 11
55.70175438596634 16
55.76315789473827 42
55.79824561403652 57
55.81578947368564 7
55.8245614035102 28
55.842105263159326 6
55.85087719298389 11
55.87719298245757 24
55.938596491229504 39
55.947368421054065 44
55.96491228070319 36
55.991228070176874 48
56.000000000001435 29
56.008771929826 20
56.02631578947512 0
56.043859649124244 11
56.07017543859793 18
56.1228070175453 5
56.21929824561548 17
56.2368421052646 11
56.35964912280846 18
56.377192982457586 41
56.421052631580395 12
56.429824561404956 11
56.482456140352326 43
56.50877192982601 15
56.57017543859794 6
56.57017543859794 18
56.60526315789619 7
56.62280701754531 11
56.65789473684356 54
56.66666666666812 1
56.67543859649268 44
56.71052631579093 5
56.72807017544005 56
56.745614035089176 24
56.77192982456286 3
56.78070175438742 32
56.798245614036546 50
56.81578947368567 11
56.82456140351023 25
56.850877192983916 49
56.85964912280848 36
56.8771929824576 27
56.93859649122953 42
57.008771929826025 11
57.01754385965059 17
57.02631578947515 47
57.14035087719445 9
57.15789473684357 8
57.20175438596638 11
57.28070175438744 38
57.29824561403656 6
57.377192982457615 45
57.385964912282176 2
57.39473684210674 7
57.39473684210674 11
57.41228070175586 23
57.491228070176916 4
57.535087719299725 12
57.55263157894885 29
57.587719298247094 11
57.61403508772078 24
57.754385964913766 36
57.78070175438745 11
57.8157894736857 15
57.8157894736857 17
57.87719298245763 53
57.912280701755876 58
57.94736842105412 48
57.97368421052781 11
57.97368421052781 26
58.02631578947518 6
58.114035087720794 3
58.114035087720794 42
58.1578947368436 25
58.16666666666816 11
58.18421052631729 7
58.25438596491378 44
58.29824561403659 1
58.3421052631594 20
58.35964912280852 11
58.385964912282205 14
58.48245614035238 24
58.552631578948876 11
58.605263157896246 0
58.61403508772081 16
58.61403508772081 17
58.61403508772081 59
58.649122807019054 12
58.649122807019054 36
58.69298245614186 44
58.74561403508923 11
58.754385964913794 6
58.77192982456292 10
58.84210526315941 22
58.84210526315941 40
58.84210526315941 47
58.92982456140503 9
58.93859649122959 11
58.973684210527836 7
59.11403508772082 50
59.122807017545384 15
59.131578947369945 11
59.25438596491381 5
59.26315789473837 57
59.28070175438749 29
59.3245614035103 11
59.342105263159425 44
59.35087719298399 24
59.41228070175592 17
59.447368421054165 1
59.45614035087873 3
59.48245614035241 6
59.49122807017697 25
59.49122807017697 41
59.51754385965066 11
59.54385964912434 36
59.57017543859803 4
59.58771929824715 42
59.58771929824715 59
59.666666666668206 39
59.710526315791014 11
59.763157894738384 7
59.763157894738384 12
59.90350877193137 11
59.90350877193137 48
59.91228070175593 18
