0.017543859649122806 26
0.017543859649122806 46
0.02631578947368421 38
0.03508771929824561 1
0.06140350877192982 4
0.07017543859649122 25
0.07894736842105263 39
0.07894736842105263 47
0.15789473684210525 11
0.19298245614035087 32
0.21052631578947367 33
0.23684210526315788 24
0.2543859649122807 9
0.2543859649122807 19
0.26315789473684215 2
0.2719298245614036 3
0.280701754385965 12
0.280701754385965 27
0.31578947368421073 14
0.3947368421052636 28
0.42982456140350933 15
0.4561403508771936 20
0.4736842105263165 58
0.5175438596491236 8
0.5175438596491236 31
0.5263157894736851 16
0.5350877192982465 7
0.5526315789473694 6
0.5526315789473694 34
0.6491228070175451 43
0.6578947368421065 40
0.6578947368421065 48
0.7456140350877208 29
0.7982456140350894 17
0.9035087719298266 23
0.912280701754388 44
0.9210526315789495 30
0.9210526315789495 36
0.9210526315789495 37
0.9385964912280723 22
0.9912280701754409 56
1.035087719298248 24
1.035087719298248 41
1.1315789473684237 55
1.219298245614038 49
1.280701754385968 6
1.3684210526315823 7
1.3947368421052666 10
1.4298245614035123 25
1.5000000000000038 44
1.5614035087719338 46
1.5789473684210567 5
1.605263157894741 3
1.7631578947368467 15
1.8157894736842153 57
1.8333333333333381 24
1.912280701754391 36
1.9561403508771982 1
2.0087719298245665 6
2.0175438596491277 47
2.061403508771934 44
2.201754385964913 7
2.2280701754385968 43
2.5087719298245554 19
2.535087719298239 9
2.6315789473684124 24
2.6754385964912184 48
2.7280701754385857 44
2.736842105263147 6
2.789473684210514 25
2.8421052631578814 46
2.90350877192981 36
2.9385964912280547 3
3.035087719298228 7
3.087719298245595 15
3.087719298245595 41
3.166666666666646 44
3.210526315789452 17
3.2280701754385746 30
3.2631578947368194 12
3.3947368421052375 16
3.4298245614034824 24
3.464912280701727 6
3.666666666666635 29
3.666666666666635 42
3.675438596491196 50
3.754385964912247 2
3.798245614035053 27
3.8245614035087367 4
3.868421052631543 7
3.8947368421052264 36
3.9298245614034713 14
3.964912280701716 47
4.070175438596454 17
4.149122807017509 25
4.157894736842071 58
4.192982456140317 6
4.228070175438564 24
4.228070175438564 31
4.228070175438564 32
4.271929824561372 3
4.31578947368418 49
4.324561403508742 52
4.412280701754359 15
4.552631578947345 57
4.622807017543838 19
4.6315789473684 55
4.675438596491208 48
4.701754385964893 7
4.815789473684195 56
4.885964912280688 36
4.9210526315789345 6
4.964912280701743 1
5.026315789473674 24
5.070175438596483 46
5.078947368421044 23
5.087719298245606 26
5.0964912280701675 19
5.114035087719291 39
5.131578947368414 17
5.192982456140346 34
5.280701754385962 22
5.315789473684209 44
5.333333333333332 28
5.403508771929825 43
5.447368421052634 10
5.508771929824565 25
5.53508771929825 7
5.605263157894743 3
5.622807017543867 38
5.64035087719299 30
5.649122807017552 6
5.666666666666675 40
5.675438596491237 19
5.7280701754386065 8
5.736842105263168 15
5.736842105263168 44
5.763157894736853 42
5.789473684210538 9
5.824561403508785 24
5.85087719298247 12
5.877192982456155 36
5.885964912280716 11
5.885964912280716 20
5.894736842105278 37
5.90350877192984 4
5.90350877192984 47
6.008771929824579 11
6.035087719298264 1
6.087719298245634 50
6.114035087719319 11
6.219298245614059 11
6.263157894736867 16
6.263157894736867 27
6.315789473684237 11
6.333333333333361 33
6.3596491228070455 7
6.377192982456169 6
6.4122807017544154 11
6.508771929824594 11
6.605263157894772 11
6.622807017543895 24
6.631578947368457 48
6.70175438596495 11
6.75438596491232 19
6.780701754386005 17
6.798245614035128 11
6.85964912280706 41
6.868421052631621 25
6.868421052631621 36
6.894736842105306 11
6.938596491228115 3
6.947368421052676 12
6.9912280701754845 11
7.008771929824608 57
7.061403508771978 15
7.087719298245663 11
7.087719298245663 44
7.105263157894786 6
7.166666666666718 43
7.184210526315841 7
7.184210526315841 11
7.2456140350877725 2
7.280701754386019 11
7.377192982456197 11
7.377192982456197 49
7.4210526315790055 24
7.4473684210526905 19
7.473684210526375 11
7.50000000000006 14
7.517543859649184 9
7.570175438596554 11
7.666666666666732 11
7.719298245614102 1
7.76315789473691 11
7.833333333333403 6
7.833333333333403 17
7.833333333333403 42
7.859649122807088 11
7.859649122807088 36
7.86842105263165 47
7.912280701754458 46
7.956140350877266 11
7.982456140350951 4
8.008771929824636 30
8.017543859649198 7
8.043859649122883 12
8.052631578947445 11
8.070175438596568 52
8.149122807017623 11
8.219298245614116 24
8.228070175438678 25
8.2456140350878 11
8.271929824561486 3
8.271929824561486 39
8.280701754386047 58
8.342105263157979 11
8.385964912280787 15
8.40350877192991 20
8.438596491228157 11
8.500000000000089 50
8.535087719298335 11
8.56140350877202 6
8.605263157894829 48
8.631578947368514 11
8.684210526315884 17
8.728070175438692 11
8.763157894736938 1
8.7719298245615 8
8.798245614035185 32
8.82456140350887 11
8.842105263157993 7
8.850877192982555 36
8.921052631579048 11
9.017543859649226 11
9.017543859649226 24
9.096491228070281 43
9.114035087719405 11
9.131578947368528 16
9.14035087719309 12
9.210526315789583 11
9.236842105263268 9
9.289473684210638 6
9.30701754385976 11
9.333333333333446 44
9.377192982456254 55
9.385964912280816 41
9.403508771929939 11
9.500000000000117 11
9.508771929824679 17
9.57017543859661 57
9.587719298245734 25
9.596491228070295 11
9.605263157894857 3
9.631578947368542 22
9.666666666666789 7
9.692982456140474 11
9.710526315789597 15
9.789473684210652 11
9.807017543859775 47
9.815789473684337 24
9.83333333333346 1
9.842105263158022 36
9.88596491228083 11
9.921052631579077 19
9.982456140351008 11
9.99122807017557 46
10.017543859649255 6
10.061403508772063 4
10.078947368421186 11
10.14912280701768 34
10.166666666666803 27
10.175438596491365 11
10.236842105263296 12
10.263157894736981 28
10.271929824561543 11
10.324561403508913 17
10.324561403508913 26
10.324561403508913 30
10.36842105263172 11
10.456140350877337 49
10.464912280701899 11
10.491228070175584 7
10.561403508772077 11
10.570175438596639 48
10.5789473684212 23
10.614035087719447 24
10.657894736842255 11
10.73684210526331 2
10.745614035087872 6
10.754385964912434 11
10.833333333333488 36
10.850877192982612 11
10.868421052631735 37
10.877192982456297 20
10.877192982456297 42
10.912280701754543 50
10.938596491228228 3
10.94736842105279 11
10.94736842105279 25
11.017543859649283 19
11.035087719298406 15
11.043859649122968 11
11.061403508772091 14
11.087719298245776 9
11.140350877193146 11
11.140350877193146 17
11.236842105263324 11
11.324561403508941 7
11.333333333333503 11
11.333333333333503 12
11.412280701754558 24
11.42982456140368 11
11.47368421052649 6
11.526315789473859 11
11.526315789473859 44
11.543859649122982 39
11.614035087719476 8
11.622807017544037 11
11.64035087719316 43
11.684210526315969 29
11.719298245614215 11
11.728070175438777 33
11.7456140350879 47
11.815789473684394 11
11.824561403508955 36
11.85087719298264 40
11.877192982456325 1
11.912280701754572 11
11.95614035087738 17
12.000000000000188 16
12.00877192982475 11
12.052631578947558 58
12.06140350877212 57
12.105263157894928 11
12.105263157894928 42
12.140350877193175 4
12.149122807017736 7
12.149122807017736 38
12.201754385965106 6
12.201754385965106 11
12.210526315789668 24
12.2719298245616 3
12.298245614035284 11
12.298245614035284 46
12.307017543859846 25
12.359649122807216 15
12.394736842105463 11
12.42982456140371 12
12.49122807017564 11
12.508771929824764 48
12.587719298245819 11
12.631578947368627 30
12.684210526315997 11
12.771929824561614 17
12.780701754386175 11
12.780701754386175 32
12.80701754385986 9
12.815789473684422 36
12.877192982456354 11
12.929824561403723 6
12.973684210526532 7
12.973684210526532 11
13.008771929824778 24
13.07017543859671 1
13.07017543859671 11
13.131578947368642 43
13.166666666666888 11
13.263157894737066 11
13.324561403508998 50
13.342105263158121 20
13.359649122807244 11
13.456140350877423 11
13.508771929824793 42
13.526315789473916 12
13.5526315789476 11
13.587719298245847 17
13.596491228070409 19
13.60526315789497 3
13.649122807017779 11
13.65789473684234 6
13.65789473684234 10
13.666666666666902 25
13.684210526316026 15
13.684210526316026 47
13.719298245614272 27
13.719298245614272 29
13.719298245614272 41
13.728070175438834 49
13.745614035087957 11
13.807017543859889 7
13.807017543859889 24
13.807017543859889 36
13.842105263158135 11
13.842105263158135 44
13.912280701754629 19
13.938596491228314 11
13.97368421052656 22
14.035087719298492 11
14.13157894736867 11
14.219298245614286 4
14.228070175438848 2
14.228070175438848 11
14.228070175438848 19
14.307017543859903 31
14.324561403509026 11
14.385964912280958 6
14.403508771930081 17
14.421052631579204 11
14.438596491228328 5
14.456140350877451 48
14.482456140351136 23
14.517543859649383 11
14.526315789473944 9
14.605263157895 24
14.61403508771956 11
14.622807017544122 12
14.622807017544122 14
14.631578947368684 44
14.640350877193246 7
14.657894736842369 19
14.692982456140616 43
14.710526315789739 11
14.798245614035356 36
14.807017543859917 11
14.868421052631849 16
14.903508771930095 11
14.903508771930095 30
14.938596491228342 3
15.000000000000274 11
15.008771929824835 15
15.026315789473959 25
15.096491228070452 11
15.114035087719575 6
15.114035087719575 8
15.184210526316068 28
15.19298245614063 11
15.219298245614315 17
15.263157894737123 57
15.289473684210808 11
15.333333333333616 44
15.385964912280986 11
15.40350877193011 24
15.421052631579233 34
15.464912280702041 7
15.482456140351164 11
15.491228070175726 19
15.578947368421343 11
15.622807017544151 47
15.67543859649152 11
15.719298245614329 12
15.736842105263452 50
15.771929824561699 11
15.789473684210822 5
15.789473684210822 36
15.807017543859946 20
15.842105263158192 6
15.842105263158192 37
15.868421052631877 11
15.964912280702055 11
16.03508771929855 17
16.061403508772234 11
16.15789473684241 11
16.20175438596522 24
16.228070175438905 1
16.228070175438905 9
16.25438596491259 11
16.271929824561713 3
16.289473684210837 7
16.289473684210837 43
16.298245614035398 4
16.333333333333645 15
16.342105263158206 42
16.342105263158206 58
16.350877192982768 11
16.385964912281015 25
16.447368421052946 11
16.447368421052946 48
16.456140350877508 26
16.543859649123124 11
16.57017543859681 6
16.640350877193303 11
16.73684210526348 11
16.73684210526348 55
16.78070175438629 36
16.815789473684536 12
16.824561403509097 49
16.83333333333366 11
16.850877192982782 17
16.929824561403837 11
16.94736842105296 46
17.00000000000033 24
17.026315789474015 11
17.026315789474015 11
17.04385964912314 33
17.0526315789477 32
17.114035087719632 7
17.122807017544194 11
17.131578947368755 52
17.15789473684244 41
17.15789473684244 56
17.20175438596525 30
17.21052631578981 5
17.21929824561437 11
17.228070175438933 39
17.26315789473718 19
17.298245614035427 6
17.31578947368455 11
17.412280701754728 11
17.508771929824906 11
17.552631578947715 47
17.605263157895084 3
17.605263157895084 11
17.657894736842454 15
17.666666666667016 17
17.701754385965263 11
17.701754385965263 40
17.719298245614386 2
17.73684210526351 16
17.73684210526351 38
17.74561403508807 25
17.771929824561756 36
17.79824561403544 11
17.79824561403544 24
17.885964912281057 44
17.89473684210562 1
17.89473684210562 11
17.912280701754742 12
17.938596491228427 9
17.94736842105299 7
17.991228070175797 11
18.026315789474044 6
18.087719298245975 11
18.131578947368784 27
18.184210526316154 11
18.184210526316154 14
18.184210526316154 57
18.26315789473721 20
18.28070175438633 11
18.289473684210893 50
18.307017543860017 22
18.342105263158263 8
18.37719298245651 4
18.37719298245651 11
18.38596491228107 48
18.473684210526688 11
18.48245614035125 17
18.54385964912318 46
18.570175438596866 11
18.59649122807055 24
18.64035087719336 23
18.666666666667044 11
18.75438596491266 6
18.763157894737223 11
18.763157894737223 36
18.771929824561784 7
18.8596491228074 11
18.938596491228456 3
18.95614035087758 11
18.982456140351264 15
19.00877192982495 12
19.035087719298634 1
19.052631578947757 11
19.105263157895127 25
19.149122807017935 11
19.16666666666706 29
19.21929824561443 41
19.245614035088114 11
19.298245614035483 17
19.315789473684607 45
19.34210526315829 11
19.368421052631977 43
19.39473684210566 24
19.43859649122847 11
19.482456140351278 6
19.482456140351278 47
19.49122807017584 30
19.535087719298648 11
19.59649122807058 7
19.631578947368826 11
19.64912280701795 9
19.728070175439004 11
19.75438596491269 36
19.76315789473725 31
19.80701754386006 44
19.824561403509183 10
19.824561403509183 11
19.877192982456553 42
19.885964912281114 49
19.92105263157936 11
20.01754385964954 11
20.105263157895156 12
20.105263157895156 28
20.114035087719717 11
20.114035087719717 17
20.13157894736884 58
20.192982456140772 24
20.210526315789895 6
20.210526315789895 11
20.219298245614457 52
20.271929824561827 3
20.307017543860074 11
20.307017543860074 15
20.33333333333376 48
20.40350877193025 11
20.421052631579375 7
20.45614035087762 4
20.464912280702183 25
20.50000000000043 11
20.50000000000043 44
20.535087719298676 46
20.543859649123238 39
20.5526315789478 34
20.596491228070608 11
20.60526315789517 16
20.692982456140786 11
20.701754385965348 50
20.71929824561447 20
20.745614035088156 36
20.789473684210964 11
20.789473684210964 57
20.81578947368465 37
20.833333333333773 55
20.885964912281143 11
20.903508771930266 27
20.92982456140395 17
20.938596491228513 6
20.947368421053074 26
20.964912280702197 43
20.98245614035132 11
20.991228070175882 24
21.03508771929869 32
21.0789473684215 11
21.0789473684215 42
21.122807017544307 44
21.14035087719343 19
21.175438596491677 11
21.201754385965362 12
21.210526315789924 2
21.254385964912732 7
21.271929824561855 11
21.359649122807472 9
21.368421052632034 11
21.41228070175484 47
21.46491228070221 11
21.56140350877239 11
21.605263157895198 3
21.631578947368883 15
21.657894736842568 11
21.66666666666713 6
21.736842105263623 14
21.736842105263623 36
21.745614035088185 17
21.754385964912746 11
21.763157894737308 30
21.789473684210993 24
21.82456140350924 25
21.850877192982924 11
21.894736842105733 5
21.947368421053103 11
22.04385964912328 11
22.08771929824609 7
22.122807017544336 46
22.14035087719346 11
22.236842105263637 11
22.280701754386445 48
22.29824561403557 12
22.333333333333815 1
22.333333333333815 11
22.394736842105747 6
22.429824561403993 11
22.51754385964961 23
22.52631578947417 11
22.535087719298733 4
22.56140350877242 17
22.587719298246103 24
22.62280701754435 11
22.640350877193473 22
22.719298245614528 11
22.72807017543909 36
22.798245614035583 42
22.815789473684706 11
22.912280701754884 11
22.921052631579446 7
22.93859649122857 3
22.956140350877693 15
22.956140350877693 38
22.964912280702254 49
22.982456140351378 41
23.008771929825063 11
23.070175438596994 9
23.10526315789524 11
23.114035087719802 50
23.122807017544364 6
23.175438596491734 20
23.184210526316296 25
23.20175438596542 11
23.280701754386474 33
23.298245614035597 11
23.31578947368472 44
23.350877192982967 47
23.377192982456652 17
23.385964912281214 24
23.394736842105775 11
23.394736842105775 12
23.46491228070227 57
23.47368421052683 16
23.491228070175953 11
23.58771929824613 11
23.675438596491748 10
23.68421052631631 11
23.701754385965433 39
23.719298245614556 36
23.754385964912803 7
23.780701754386488 11
23.807017543860173 27
23.85087719298298 1
23.85087719298298 6
23.877192982456666 11
23.973684210526844 11
24.017543859649653 44
24.043859649123338 30
24.070175438597023 11
24.1666666666672 11
24.175438596491762 42
24.184210526316324 24
24.192982456140886 17
24.245614035088256 56
24.254385964912817 55
24.26315789473738 11
24.26315789473738 48
24.27192982456194 3
24.27192982456194 19
24.280701754386502 15
24.359649122807557 11
24.412280701754927 46
24.456140350877735 11
24.491228070175982 12
24.543859649123352 25
24.552631578947913 11
24.5789473684216 6
24.58771929824616 7
24.614035087719845 4
24.64912280701809 11
24.70175438596546 2
24.710526315790023 36
24.74561403508827 11
24.780701754386516 5
24.780701754386516 9
24.842105263158448 11
24.938596491228626 11
24.982456140351434 24
25.00877192982512 17
25.026315789474243 28
25.035087719298804 11
25.06140350877249 34
25.131578947368983 11
25.184210526316352 41
25.22807017543916 11
25.28070175438653 47
25.289473684211092 14
25.307017543860216 6
25.32456140350934 11
25.421052631579517 7
25.421052631579517 11
25.421052631579517 52
25.42982456140408 1
25.517543859649695 11
25.526315789474257 50
25.58771929824619 12
25.605263157895312 3
25.605263157895312 15
25.614035087719873 11
25.622807017544435 26
25.631578947368997 20
25.64912280701812 58
25.70175438596549 36
25.70175438596549 43
25.71052631579005 11
25.780701754386545 24
25.789473684211107 37
25.80701754386023 11
25.824561403509353 17
25.86842105263216 57
25.903508771930408 11
25.903508771930408 25
26.000000000000586 11
26.008771929825148 19
26.02631578947427 49
26.035087719298833 6
26.035087719298833 46
26.096491228070764 11
26.192982456140943 11
26.210526315790066 48
26.254385964912874 7
26.28947368421112 11
26.324561403509367 30
26.34210526315849 16
26.3859649122813 11
26.3859649122813 27
26.403508771930422 32
26.482456140351477 11
26.49122807017604 9
26.508771929825162 23
26.578947368421655 11
26.578947368421655 24
26.640350877193587 17
26.675438596491833 11
26.684210526316395 12
26.692982456140957 4
26.692982456140957 36
26.71929824561464 42
26.76315789473745 6
26.77192982456201 1
26.77192982456201 11
26.789473684211135 29
26.86842105263219 11
26.92982456140412 15
26.938596491228683 3
26.964912280702368 11
26.97368421052693 22
27.061403508772546 11
27.08771929824623 7
27.157894736842724 11
27.210526315790094 47
27.254385964912903 11
27.254385964912903 39
27.263157894737464 25
27.307017543860272 41
27.35087719298308 11
27.35087719298308 43
27.377192982456766 24
27.438596491228697 5
27.44736842105326 11
27.44736842105326 19
27.45614035087782 17
27.491228070176067 6
27.526315789474314 10
27.543859649123437 11
27.640350877193615 11
27.684210526316424 36
27.736842105263793 11
27.736842105263793 19
27.7807017543866 12
27.798245614035725 55
27.83333333333397 11
27.850877192983095 33
27.921052631579588 7
27.92982456140415 11
27.93859649122871 50
27.947368421053273 46
27.973684210526958 44
28.026315789474328 11
28.08771929824626 20
28.122807017544506 11
28.157894736842753 48
28.157894736842753 56
28.175438596491876 24
28.192982456141 2
28.192982456141 2
28.20175438596556 9
28.219298245614684 6
28.219298245614684 11
28.25438596491293 15
28.271929824562054 3
28.271929824562054 17
28.29824561403574 38
28.315789473684863 11
28.41228070175504 11
28.438596491228726 40
28.473684210526972 52
28.50877192982522 11
28.605263157895397 11
28.605263157895397 30
28.62280701754452 25
28.67543859649189 36
28.701754385965575 11
28.745614035088384 57
28.754385964912945 7
28.77192982456207 4
28.798245614035753 11
28.84210526315856 14
28.87719298245681 12
28.89473684210593 11
28.92982456140418 1
28.9473684210533 6
28.973684210526987 19
28.973684210526987 24
28.99122807017611 11
29.087719298246288 11
29.087719298246288 17
29.087719298246288 49
29.140350877193658 47
29.184210526316466 11
29.21052631579015 16
29.280701754386644 11
29.350877192983138 34
29.377192982456823 11
29.473684210527 11
29.57017543859718 11
29.57894736842174 15
29.587719298246302 7
29.605263157895426 3
29.640350877193672 5
29.666666666667357 11
29.666666666667357 36
29.67543859649192 6
29.763157894737535 11
29.771929824562097 24
29.859649122807713 11
29.921052631579645 46
29.929824561404207 9
29.929824561404207 17
29.95614035087789 11
29.95614035087789 28
29.964912280702453 44
29.973684210527015 12
29.982456140351577 25
29.982456140351577 39
30.05263157894807 11
30.096491228070878 27
30.096491228070878 48
30.149122807018248 11
30.149122807018248 43
30.21052631579018 58
30.245614035088426 11
30.26315789473755 1
30.342105263158604 11
30.350877192983166 50
30.385964912281413 32
30.394736842105974 5
30.403508771930536 6
30.42105263157966 7
30.42982456140422 23
30.438596491228783 11
30.53508771929896 11
30.543859649123522 20
30.570175438597207 24
30.596491228070892 41
30.63157894736914 11
30.657894736842824 36
30.728070175439317 11
30.74561403508844 17
30.763157894737564 37
30.807017543860372 26
30.824561403509495 11
30.85087719298318 4
30.885964912281427 30
30.90350877193055 15
30.921052631579673 11
30.938596491228797 3
31.00877192982529 55
31.01754385964985 11
31.07017543859722 12
31.07017543859722 47
31.11403508772003 11
31.131578947369153 6
31.210526315790208 11
31.254385964913016 7
31.307017543860386 11
31.307017543860386 22
31.342105263158633 25
31.368421052632318 24
31.37719298245688 10
31.37719298245688 46
31.403508771930564 11
31.464912280702496 44
31.500000000000743 11
31.500000000000743 52
31.526315789474427 57
31.561403508772674 17
31.59649122807092 11
31.64035087719373 9
31.64912280701829 36
31.684210526316537 2
31.6929824561411 11
31.789473684211277 11
31.85964912280777 6
31.885964912281455 11
31.982456140351633 11
32.035087719299 48
32.04385964912356 19
32.07894736842181 11
32.07894736842181 16
32.08771929824637 7
32.13157894736918 8
32.1491228070183 49
32.166666666667425 12
32.166666666667425 24
32.166666666667425 43
32.175438596491986 11
32.19298245614111 42
32.228070175439356 15
32.271929824562164 3
32.271929824562164 11
32.35964912280778 19
32.36842105263234 11
32.377192982456904 17
32.39473684210603 14
32.39473684210603 33
32.4473684210534 44
32.46491228070252 11
32.5614035087727 11
32.587719298246384 6
32.640350877193754 36
32.65789473684288 11
32.701754385965685 25
32.754385964913055 11
32.76315789473762 50
32.798245614035864 1
32.85087719298323 11
32.912280701755165 7
32.912280701755165 27
32.92982456140429 4
32.94736842105341 11
32.964912280702535 24
33.00000000000078 20
33.017543859649905 29
33.017543859649905 47
33.03508771929903 19
33.04385964912359 11
33.07894736842184 46
33.14035087719377 11
33.19298245614114 17
33.236842105263946 11
33.26315789473763 12
33.315789473685 6
33.333333333334124 11
33.342105263158686 9
33.394736842106056 42
33.4298245614043 11
33.47368421052711 30
33.52631578947448 11
33.52631578947448 40
33.552631578948166 15
33.605263157895536 3
33.62280701754466 11
33.63157894736922 36
33.649122807018344 19
33.657894736842906 41
33.71929824561484 11
33.73684210526396 7
33.763157894737645 24
33.815789473685015 11
33.91228070175519 11
33.956140350878 44
33.96491228070256 39
33.973684210527125 48
34.00877192982537 11
34.00877192982537 17
34.00877192982537 58
34.04385964912362 6
34.06140350877274 25
34.08771929824643 57
34.10526315789555 11
34.20175438596573 11
34.289473684211345 1
34.298245614035906 11
34.31578947368503 34
34.32456140350959 23
34.35964912280784 12
34.3684210526324 32
34.394736842106084 11
34.49122807017626 11
34.561403508772756 24
34.57017543859732 7
34.58771929824644 11
34.62280701754469 36
34.657894736842934 44
34.68421052631662 11
34.70175438596574 19
34.74561403508855 52
34.771929824562235 6
34.7807017543868 11
34.824561403509605 17
34.877192982456975 11
34.877192982456975 15
34.877192982456975 28
34.93859649122891 3
34.94736842105347 16
34.94736842105347 47
34.97368421052715 11
35.0087719298254 4
35.02631578947452 38
35.05263157894821 9
35.07017543859733 11
35.14912280701839 19
35.16666666666751 11
35.17543859649207 2
35.17543859649207 50
35.21052631579032 49
35.22807017543944 10
35.254385964913126 46
35.26315789473769 11
35.359649122807866 11
35.359649122807866 24
35.36842105263243 26
35.38596491228155 42
35.403508771930674 7
35.4210526315798 25
35.456140350878044 11
35.456140350878044 12
35.456140350878044 20
35.50000000000085 6
35.54385964912366 1
35.55263157894822 11
35.614035087720154 36
35.64035087719384 17
35.64035087719384 22
35.6491228070184 11
35.71052631579033 19
35.73684210526402 37
35.74561403508858 11
35.75438596491314 30
35.78947368421139 41
35.78947368421139 44
35.84210526315876 11
35.92105263157981 48
35.938596491228935 11
35.9473684210535 14
36.01754385964999 19
36.01754385964999 29
36.03508771929911 11
36.13157894736929 11
36.15789473684298 24
36.201754385965785 15
36.22807017543947 6
36.22807017543947 11
36.23684210526403 7
36.24561403508859 55
36.27192982456228 3
36.29824561403596 27
36.32456140350965 11
36.421052631579826 11
36.421052631579826 19
36.45614035087807 17
36.517543859650004 11
36.55263157894825 12
36.60526315789562 36
36.61403508772018 11
36.69298245614124 39
36.69298245614124 46
36.71052631579036 11
36.76315789473773 9
36.780701754386854 25
36.80701754386054 11
36.8157894736851 56
36.87719298245703 47
36.90350877193072 11
36.92105263157984 33
36.95614035087809 6
36.95614035087809 24
36.991228070176334 57
37.000000000000895 11
37.07017543859739 7
37.08771929824651 4
37.09649122807107 11
37.09649122807107 19
37.12280701754476 1
37.19298245614125 11
37.27192982456231 17
37.28947368421143 11
37.324561403509676 42
37.38596491228161 11
37.46491228070266 58
37.482456140351786 11
37.526315789474594 15
37.578947368421964 11
37.587719298246526 50
37.59649122807109 36
37.60526315789565 3
37.631578947369334 44
37.64912280701846 12
37.64912280701846 43
37.67543859649214 11
37.684210526316704 6
37.7543859649132 24
37.77192982456232 11
37.81578947368513 16
37.81578947368513 19
37.8684210526325 11
37.8684210526325 48
37.903508771930746 7
37.91228070175531 20
37.91228070175531 41
37.96491228070268 11
38.03508771929917 30
38.061403508772855 11
38.08771929824654 17
38.14035087719391 25
38.15789473684303 1
38.15789473684303 11
38.219298245614965 23
38.24561403508865 40
38.25438596491321 11
38.271929824562335 49
38.324561403509705 19
38.35087719298339 11
38.35087719298339 32
38.41228070175532 6
38.438596491229006 42
38.44736842105357 11
38.47368421052725 9
38.543859649123746 11
38.55263157894831 24
38.587719298246554 36
38.596491228071116 34
38.640350877193924 11
38.66666666666761 2
38.7368421052641 7
38.7368421052641 11
38.745614035088664 12
38.807017543860596 47
38.83333333333428 8
38.83333333333428 11
38.850877192983404 15
38.86842105263253 46
38.903508771930774 17
38.92982456140446 11
38.93859649122902 3
38.98245614035183 19
39.02631578947464 11
39.07894736842201 10
39.08771929824657 29
39.122807017544815 11
39.14035087719394 6
39.16666666666762 4
39.21929824561499 11
39.31578947368517 11
39.35087719298342 24
39.41228070175535 11
39.447368421053596 55
39.500000000000966 14
39.500000000000966 25
39.50877192982553 11
39.5614035087729 7
39.57894736842202 36
39.605263157895706 11
39.605263157895706 42
39.701754385965884 11
39.710526315790446 39
39.71929824561501 17
39.79824561403606 11
39.79824561403606 28
39.807017543860624 48
39.84210526315887 12
39.868421052632556 6
39.88596491228168 1
39.89473684210624 11
39.9035087719308 26
39.973684210527296 22
39.973684210527296 57
39.98245614035186 5
39.99122807017642 11
40.00000000000098 50
40.0877192982466 11
40.14912280701853 24
40.14912280701853 29
40.175438596492214 9
40.175438596492214 15
40.184210526316775 11
40.21052631579046 46
40.27192982456239 3
40.27192982456239 41
40.28070175438695 11
40.36842105263257 20
40.37719298245713 11
40.38596491228169 7
40.43859649122906 19
40.47368421052731 11
40.53508771929924 17
40.57017543859749 11
40.57017543859749 36
40.59649122807117 6
40.666666666667666 11
40.68421052631679 16
40.710526315790474 37
40.710526315790474 44
40.73684210526416 47
40.763157894737844 11
40.85964912280802 11
40.85964912280802 25
40.93859649122908 12
40.94736842105364 24
40.9561403508782 11
41.00877192982557 38
41.035087719299256 30
41.05263157894838 11
41.06140350877294 42
41.14912280701856 11
41.21929824561505 7
41.21929824561505 19
41.245614035088735 4
41.245614035088735 11
41.245614035088735 52
41.30701754386067 27
41.32456140350979 6
41.33333333333435 1
41.33333333333435 49
41.34210526315891 11
41.350877192983475 17
41.43859649122909 11
41.43859649122909 33
41.43859649122909 58
41.4824561403519 29
41.50000000000102 15
41.53508771929927 11
41.561403508772955 36
41.60526315789576 3
41.622807017544886 44
41.63157894736945 11
41.728070175439626 11
41.74561403508875 24
41.74561403508875 48
41.824561403509804 11
41.885964912281736 9
41.92105263157998 11
42.01754385965016 11
42.035087719299284 12
42.05263157894841 6
42.05263157894841 7
42.11403508772034 11
42.11403508772034 23
42.15789473684315 2
42.16666666666771 17
42.21052631579052 11
42.21929824561508 25
42.26315789473789 46
42.307017543860695 11
42.31578947368526 56
42.33333333333438 32
42.34210526315894 43
42.39473684210631 42
42.40350877193087 11
42.412280701755435 50
42.44736842105368 19
42.50000000000105 11
42.517543859650175 57
42.54385964912386 24
42.55263157894842 36
42.59649122807123 11
42.66666666666772 47
42.69298245614141 11
42.7631578947379 29
42.780701754387024 6
42.789473684211586 11
42.82456140350983 15
42.82456140350983 20
42.8771929824572 34
42.885964912281764 7
42.885964912281764 11
42.92982456140457 10
42.938596491229134 3
42.98245614035194 11
42.98245614035194 17
42.991228070176504 1
43.052631578948436 14
43.07894736842212 11
43.13157894736949 12
43.1754385964923 11
43.201754385965984 44
43.27192982456248 11
43.29824561403616 5
43.315789473685285 30
43.32456140350985 4
43.34210526315897 24
43.368421052632655 11
43.46491228070283 11
43.50877192982564 6
43.50877192982564 42
43.54385964912389 36
43.55263157894845 16
43.55263157894845 40
43.56140350877301 11
43.578947368422135 25
43.59649122807126 9
43.65789473684319 11
43.66666666666775 39
43.66666666666775 41
43.692982456141436 48
43.71929824561512 7
43.75438596491337 11
43.789473684211615 17
43.850877192983546 11
43.947368421053724 11
44.01754385965022 55
44.0438596491239 11
44.07894736842215 52
44.14035087719408 11
44.14035087719408 24
44.14912280701864 15
44.17543859649233 19
44.17543859649233 44
44.2280701754397 12
44.23684210526426 6
44.23684210526426 11
44.271929824562505 3
44.30701754386075 22
44.33333333333444 11
44.39473684210637 49
44.429824561404615 11
44.429824561404615 46
44.52631578947479 11
44.535087719299355 36
44.55263157894848 7
44.55263157894848 27
44.587719298246725 43
44.59649122807129 47
44.60526315789585 17
44.62280701754497 11
44.62280701754497 42
44.71929824561515 11
44.71929824561515 28
44.81578947368533 11
44.82456140350989 50
44.912280701755506 11
44.93859649122919 24
44.93859649122919 25
44.964912280702876 6
45.008771929825684 11
45.10526315789586 11
45.20175438596604 11
45.280701754387096 20
45.29824561403622 11
45.30701754386078 9
45.324561403509904 12
45.385964912281835 7
45.3947368421064 11
45.40350877193096 4
45.42105263158008 17
45.438596491229205 19
45.47368421052745 15
45.491228070176575 11
45.52631578947482 36
45.55263157894851 58
45.58771929824675 11
45.596491228071315 30
45.60526315789588 3
45.63157894736956 48
45.649122807018685 2
45.68421052631693 11
45.68421052631693 37
45.69298245614149 6
45.7368421052643 24
45.7368421052643 42
45.78070175438711 11
45.78070175438711 31
45.87719298245729 11
45.94736842105378 26
45.973684210527466 11
45.973684210527466 23
45.99122807017659 33
46.070175438597644 11
46.122807017545014 1
46.16666666666782 11
46.184210526316946 39
46.21929824561519 7
46.236842105264316 17
46.263157894738 11
46.280701754387124 56
46.29824561403625 25
46.31578947368537 32
46.35964912280818 11
46.42105263158011 6
46.42105263158011 12
46.42105263158011 16
46.45614035087836 11
46.45614035087836 19
46.51754385965029 36
46.52631578947485 47
46.53508771929941 24
46.552631578948535 11
46.605263157895905 14
46.64912280701871 11
46.74561403508889 11
46.78070175438714 10
46.79824561403626 15
46.84210526315907 11
46.85964912280819 41
46.877192982457316 42
46.93859649122925 3
46.93859649122925 11
46.982456140352056 57
47.0175438596503 9
47.026315789474864 19
47.035087719299426 11
47.05263157894855 7
47.05263157894855 17
47.05263157894855 46
47.131578947369604 11
47.131578947369604 44
47.14912280701873 6
47.14912280701873 34
47.22807017543978 11
47.236842105264344 50
47.28070175438715 27
47.32456140350996 11
47.33333333333452 24
47.350877192983646 55
47.42105263158014 11
47.456140350878385 49
47.48245614035207 4
47.508771929825755 36
47.51754385965032 11
47.51754385965032 12
47.57017543859769 48
47.614035087720495 5
47.614035087720495 11
47.6578947368433 25
47.71052631579067 11
47.73684210526436 20
47.80701754386085 11
47.86842105263278 17
47.877192982457345 6
47.885964912281906 7
47.885964912281906 30
47.90350877193103 11
47.991228070176646 42
48.00000000000121 11
48.096491228071386 11
48.12280701754507 15
48.12280701754507 38
48.13157894736963 24
48.192982456141564 11
48.27192982456262 3
48.28947368421174 11
48.32456140350999 1
48.38596491228192 11
48.456140350878414 19
48.456140350878414 47
48.4824561403521 11
48.50000000000122 36
48.517543859650345 43
48.57894736842228 11
48.60526315789596 6
48.614035087720524 12
48.64035087719421 22
48.675438596492455 11
48.68421052631702 17
48.71929824561526 7
48.728070175439825 9
48.77192982456263 11
48.86842105263281 11
48.8947368421065 45
48.92982456140474 24
48.92982456140474 44
48.96491228070299 11
49.01754385965036 25
49.06140350877317 11
49.08771929824685 19
49.105263157895976 42
49.14035087719422 2
49.157894736843346 11
49.201754385966154 5
49.24561403508896 58
49.254385964913524 11
49.28070175438721 40
49.28947368421177 16
49.33333333333458 6
49.3508771929837 11
49.43859649122932 46
49.44736842105388 11
49.44736842105388 15
49.45614035087844 52
49.49122807017669 36
49.50000000000125 17
49.50877192982581 48
49.54385964912406 11
49.55263157894862 7
49.56140350877318 4
49.60526315789599 3
49.60526315789599 41
49.631578947369675 57
49.64035087719424 11
49.64035087719424 28
49.6491228070188 50
49.71052631579073 12
49.72807017543985 24
49.736842105264415 11
49.81578947368547 39
49.83333333333459 11
49.86842105263284 23
49.92982456140477 11
50.02631578947495 11
50.061403508773196 6
50.12280701754513 11
50.14912280701881 19
50.157894736843375 1
50.157894736843375 14
50.166666666667936 30
50.19298245614162 20
50.19298245614162 29
50.210526315790744 27
50.219298245615306 11
50.219298245615306 42
50.29824561403636 32
50.315789473685484 11
50.315789473685484 17
50.377192982457416 25
50.38596491228198 7
50.38596491228198 47
50.41228070175566 11
50.43859649122935 9
50.473684210527594 19
50.482456140352156 36
50.482456140352156 44
50.50877192982584 11
50.50877192982584 33
50.5175438596504 49
50.526315789474964 24
50.60526315789602 11
50.631578947369704 10
50.65789473684339 37
50.7017543859662 11
50.77192982456269 15
50.78070175438725 55
50.78947368421181 6
50.798245614036375 11
50.80701754386094 12
50.86842105263287 26
50.89473684210655 11
50.93859649122936 3
50.93859649122936 56
50.99122807017673 5
50.99122807017673 11
51.08771929824691 11
51.13157894736972 17
51.18421052631709 11
51.219298245615335 7
51.219298245615335 46
51.23684210526446 5
51.271929824562704 43
51.280701754387266 11
51.324561403510074 24
51.324561403510074 44
51.333333333334636 42
51.377192982457444 11
51.42105263158025 34
51.44736842105394 48
51.47368421052762 11
51.47368421052762 36
51.51754385965043 6
51.5701754385978 11
51.640350877194294 4
51.649122807018855 41
51.66666666666798 11
51.73684210526447 25
51.76315789473816 11
51.859649122808335 11
51.90350877193114 12
51.94736842105395 17
51.95614035087851 11
52.00877192982588 19
52.05263157894869 7
52.05263157894869 11
52.06140350877325 50
52.0964912280715 15
52.122807017545185 24
52.14912280701887 9
52.14912280701887 11
52.15789473684343 16
52.2105263157908 1
52.228070175439925 8
52.24561403508905 6
52.24561403508905 11
52.25438596491361 52
52.27192982456273 3
52.27192982456273 19
52.31578947368554 47
52.342105263159226 11
52.438596491229404 11
52.447368421053966 30
52.447368421053966 42
52.46491228070309 36
52.53508771929958 11
52.552631578948706 58
52.605263157896076 19
52.6228070175452 57
52.63157894736976 2
52.63157894736976 11
52.649122807018884 20
52.657894736843446 27
52.72807017543994 11
52.763157894738185 17
52.82456140351012 11
52.87719298245749 7
52.921052631580295 11
52.921052631580295 24
52.973684210527665 6
52.973684210527665 22
53.00000000000135 12
53.01754385965047 11
53.09649122807153 25
53.11403508772065 11
53.21052631579083 11
53.30701754386101 11
53.38596491228206 48
53.403508771931186 1
53.403508771931186 11
53.42105263158031 15
53.456140350878556 36
53.47368421052768 43
53.500000000001364 11
53.508771929825926 44
53.561403508773296 42
53.57894736842242 17
53.57894736842242 49
53.59649122807154 11
53.605263157896104 3
53.69298245614172 11
53.70175438596628 6
53.70175438596628 7
53.710526315790844 14
53.719298245615406 4
53.719298245615406 24
53.763157894738214 23
53.78070175438734 46
53.7894736842119 11
53.7894736842119 40
53.80701754386102 39
53.85087719298383 9
53.88596491228208 11
53.982456140352255 11
54.07894736842243 11
54.09649122807156 12
54.14912280701893 19
54.17543859649261 11
54.245614035089105 47
54.27192982456279 11
54.28070175438735 32
54.36842105263297 11
54.39473684210665 17
54.4298245614049 6
54.44736842105402 36
54.456140350878584 25
54.464912280703146 11
54.47368421052771 50
54.48245614035227 10
54.49122807017683 38
54.517543859650516 24
54.53508771929964 7
54.53508771929964 55
54.561403508773324 11
54.561403508773324 28
54.6578947368435 11
54.6578947368435 41
54.675438596492626 42
54.728070175439996 30
54.74561403508912 15
54.75438596491368 11
54.85087719298386 11
54.938596491229475 3
54.94736842105404 11
54.94736842105404 44
55.02631578947509 16
55.02631578947509 33
55.043859649124215 11
55.10526315789615 19
55.10526315789615 20
55.10526315789615 27
55.11403508772071 5
55.14035087719439 11
55.15789473684352 6
55.19298245614176 12
55.21052631579089 17
55.21052631579089 46
55.23684210526457 11
55.315789473685626 24
55.32456140351019 48
55.33333333333475 11
55.368421052632996 7
55.368421052632996 19
55.421052631580366 57
55.42982456140493 11
55.43859649122949 36
55.44736842105405 43
55.526315789475106 11
55.56140350877335 9
55.622807017545284 11
55.631578947369846 19
55.631578947369846 37
55.70175438596634 34
55.71929824561546 11
55.789473684211956 42
55.79824561403652 4
55.81578947368564 11
55.81578947368564 25
55.833333333334764 58
55.85964912280845 26
55.885964912282134 6
55.894736842106695 19
55.91228070175582 11
56.008771929826 11
56.02631578947512 17
56.07017543859793 15
56.105263157896175 11
56.11403508772074 24
56.1228070175453 2
56.157894736843545 19
56.16666666666811 5
56.17543859649267 47
56.18421052631723 1
56.20175438596635 7
56.20175438596635 8
56.20175438596635 11
56.27192982456285 3
56.28947368421197 12
56.29824561403653 11
56.39473684210671 11
56.421052631580395 19
56.429824561404956 36
56.482456140352326 39
56.49122807017689 11
56.587719298247066 11
56.61403508772075 6
56.640350877194436 49
56.684210526317244 11
56.684210526317244 19
56.70175438596637 41
56.78070175438742 11
56.842105263159354 17
56.8771929824576 11
56.88596491228216 50
56.903508771931286 42
56.903508771931286 56
56.91228070175585 24
56.947368421054094 19
56.97368421052778 11
57.008771929826025 30
57.02631578947515 7
57.07017543859796 11
57.1052631578962 43
57.166666666668135 11
57.1754385964927 25
57.21052631579094 19
57.24561403508919 1
57.26315789473831 9
57.26315789473831 11
57.26315789473831 14
57.26315789473831 48
57.30701754386112 22
57.34210526315937 6
57.35964912280849 11
57.385964912282176 12
57.39473684210674 15
57.42105263158042 36
57.45614035087867 11
57.47368421052779 19
57.55263157894885 11
57.55263157894885 27
57.56140350877341 20
57.56140350877341 46
57.60526315789622 3
57.649122807019026 11
57.65789473684359 17
57.65789473684359 23
57.71052631579096 24
57.73684210526464 19
57.745614035089204 11
57.84210526315938 11
57.850877192983944 7
57.87719298245763 4
57.89473684210675 16
57.93859649122956 11
58.00000000000149 19
58.017543859650615 42
58.03508771929974 11
58.070175438597985 6
58.07894736842255 55
58.10526315789623 47
58.13157894736992 11
58.228070175440095 11
58.26315789473834 19
58.2719298245629 44
58.32456140351027 11
58.333333333334835 10
58.41228070175589 36
58.42105263158045 11
58.447368421054136 57
58.47368421052782 17
58.48245614035238 12
58.50877192982607 24
58.50877192982607 40
58.51754385965063 11
58.52631578947519 19
58.53508771929975 25
58.61403508772081 11
58.6842105263173 7
58.710526315790986 11
58.71929824561555 15
58.74561403508923 41
58.78947368421204 19
58.7982456140366 6
58.807017543861164 11
58.815789473685726 52
58.89473684210678 29
58.90350877193134 11
58.93859649122959 3
58.973684210527836 9
59.00000000000152 11
59.05263157894889 19
59.0964912280717 11
59.131578947369945 42
59.19298245614188 11
59.20175438596644 48
59.289473684212055 11
59.289473684212055 17
59.289473684212055 30
59.29824561403662 50
59.30701754386118 24
59.31578947368574 19
59.37719298245767 46
59.38596491228223 11
59.40350877193136 36
59.48245614035241 11
59.48245614035241 28
59.51754385965066 7
59.52631578947522 6
59.561403508773466 33
59.57894736842259 11
59.57894736842259 12
59.57894736842259 19
59.614035087720836 2
59.67543859649277 11
59.68421052631733 44
59.70175438596645 49
59.7368421052647 43
59.771929824562946 11
59.78947368421207 1
59.84210526315944 19
59.868421052633124 11
59.89473684210681 25
59.95614035087874 4
59.9649122807033 11
59.973684210527864 34
