0.0 59
0.017543859649122806 53
0.043859649122807015 27
0.07894736842105263 45
0.08771929824561403 31
0.10526315789473684 32
0.12280701754385964 29
0.12280701754385964 37
0.14035087719298245 34
0.15789473684210525 28
0.15789473684210525 36
0.19298245614035087 47
0.2719298245614036 22
0.3070175438596493 0
0.3070175438596493 2
0.3070175438596493 11
0.342105263157895 40
0.3596491228070179 17
0.3684210526315793 42
0.37719298245614075 1
0.3859649122807022 57
0.43859649122807076 4
0.4473684210526322 14
0.4736842105263165 18
0.49122807017543935 7
0.5087719298245622 6
0.5175438596491236 15
0.605263157894738 18
0.8070175438596509 41
0.8157894736842123 43
0.8333333333333351 5
0.8421052631578966 38
0.912280701754388 30
1.017543859649125 5
1.0526315789473708 36
1.0614035087719322 58
1.0877192982456165 48
1.2280701754385994 7
1.2368421052631609 6
1.2368421052631609 59
1.3245614035087752 26
1.3333333333333366 16
1.3596491228070209 24
1.5087719298245652 50
1.5614035087719338 5
1.6140350877193024 55
1.6315789473684252 44
1.7368421052631624 25
1.8421052631578996 15
1.9298245614035139 18
1.9473684210526367 36
1.9649122807017596 7
1.9824561403508825 29
2.0000000000000053 6
2.078947368421056 47
2.078947368421056 54
2.0877192982456174 5
2.192982456140352 59
2.2280701754385968 24
2.236842105263158 20
2.236842105263158 43
2.271929824561403 44
2.456140350877188 35
2.4999999999999942 5
2.5526315789473615 42
2.5614035087719227 4
2.6842105263157796 11
2.701754385964902 7
2.7280701754385857 6
2.7631578947368305 1
2.8421052631578814 36
2.9736842105262995 41
3.1052631578947176 24
3.157894736842085 15
3.1929824561403297 25
3.210526315789452 30
3.4385964912280436 7
3.456140350877166 6
3.4736842105262884 59
3.5087719298245332 17
3.5175438596490944 5
3.5964912280701453 53
3.6491228070175126 48
3.657894736842074 57
3.7368421052631247 27
3.7368421052631247 29
3.7368421052631247 36
3.8157894736841755 11
3.885964912280665 1
3.912280701754349 39
3.912280701754349 47
3.9298245614034713 0
3.9736842105262773 24
3.9736842105262773 31
4.017543859649084 11
4.017543859649084 50
4.026315789473646 56
4.122807017543824 14
4.149122807017509 23
4.157894736842071 43
4.166666666666632 7
4.184210526315756 6
4.245614035087687 2
4.412280701754359 45
4.47368421052629 15
4.561403508771907 22
4.57894736842103 18
4.605263157894715 11
4.6315789473684 36
4.6929824561403315 16
4.780701754385948 4
4.833333333333318 29
4.850877192982441 24
4.8947368421052495 7
4.903508771929811 25
4.912280701754373 6
4.947368421052619 34
4.964912280701743 40
4.973684210526304 18
4.982456140350866 17
4.991228070175428 32
5.0964912280701675 37
5.114035087719291 42
5.157894736842099 1
5.192982456140346 58
5.201754385964907 28
5.201754385964907 44
5.210526315789469 5
5.333333333333332 41
5.5000000000000036 30
5.5263157894736885 36
5.622807017543867 7
5.64035087719299 6
5.69298245614036 18
5.719298245614045 24
5.74561403508773 47
5.780701754385976 15
5.921052631578963 11
5.938596491228086 59
5.973684210526333 29
6.1578947368421275 17
6.1578947368421275 55
6.219298245614059 57
6.280701754385991 1
6.280701754385991 48
6.342105263157922 5
6.3596491228070455 7
6.368421052631607 6
6.421052631578977 36
6.456140350877224 11
6.456140350877224 54
6.517543859649155 38
6.526315789473717 5
6.526315789473717 27
6.5877192982456485 24
6.684210526315827 25
6.771929824561443 43
6.929824561403553 18
7.026315789473731 11
7.0438596491228544 44
7.0438596491228544 59
7.061403508771978 26
7.087719298245663 15
7.096491228070224 6
7.096491228070224 7
7.263157894736896 50
7.298245614035142 29
7.315789473684266 36
7.368421052631636 18
7.456140350877252 24
7.464912280701814 31
7.535087719298307 20
7.55263157894743 35
7.578947368421115 47
7.6052631578948 39
7.6228070175439235 42
7.6491228070176085 0
7.684210526315855 16
7.754385964912348 45
7.76315789473691 14
7.780701754386033 17
7.780701754386033 30
7.8245614035088416 6
7.8245614035088416 7
8.017543859649198 25
8.02631578947376 23
8.210526315789554 36
8.324561403508856 24
8.333333333333417 48
8.394736842105349 15
8.526315789473774 5
8.535087719298335 10
8.535087719298335 18
8.552631578947459 6
8.552631578947459 7
8.649122807017637 57
8.754385964912377 41
8.780701754386062 17
8.850877192982555 22
8.859649122807117 1
8.885964912280802 4
8.921052631579048 11
8.92982456140361 29
8.938596491228171 42
9.070175438596596 27
9.105263157894843 36
9.14035087719309 2
9.14035087719309 3
9.19298245614046 24
9.263157894736953 18
9.271929824561514 40
9.280701754386076 6
9.280701754386076 7
9.2982456140352 34
9.324561403508884 59
9.35087719298257 25
9.377192982456254 11
9.385964912280816 58
9.403508771929939 47
9.429824561403624 43
9.578947368421172 32
9.62280701754398 11
9.692982456140474 44
9.701754385965035 15
9.850877192982583 50
9.964912280701885 53
10.000000000000131 36
10.008771929824693 6
10.017543859649255 7
10.061403508772063 24
10.061403508772063 30
10.070175438596625 37
10.09649122807031 44
10.105263157894871 11
10.184210526315926 5
10.228070175438734 18
10.228070175438734 55
10.25438596491242 28
10.447368421052776 48
10.482456140351022 3
10.596491228070324 29
10.675438596491379 16
10.701754385965064 18
10.73684210526331 6
10.754385964912434 7
10.89473684210542 36
10.903508771929982 54
10.929824561403667 24
11.008771929824722 15
11.228070175438763 47
11.236842105263324 1
11.394736842105434 14
11.394736842105434 56
11.464912280701927 6
11.47368421052649 42
11.491228070175612 7
11.53508771929842 20
11.631578947368599 25
11.649122807017722 41
11.657894736842284 4
11.675438596491407 27
11.710526315789654 5
11.789473684210709 36
11.79824561403527 24
11.824561403508955 3
11.929824561403695 38
11.95614035087738 43
11.973684210526503 0
12.078947368421243 23
12.192982456140545 6
12.192982456140545 29
12.21929824561423 7
12.315789473684408 15
12.359649122807216 30
12.464912280701956 18
12.48245614035108 59
12.508771929824764 45
12.526315789473887 44
12.622807017544066 50
12.64912280701775 11
12.666666666666874 24
12.675438596491436 2
12.684210526315997 36
12.719298245614244 57
12.719298245614244 58
12.763157894737052 39
12.798245614035299 1
12.868421052631792 11
12.921052631579162 6
12.947368421052847 7
13.052631578947587 47
13.12280701754408 10
13.140350877193203 22
13.166666666666888 3
13.28070175438619 35
13.298245614035313 42
13.403508771930053 5
13.4385964912283 48
13.482456140351108 17
13.49122807017567 25
13.508771929824793 26
13.535087719298478 24
13.578947368421286 36
13.622807017544094 15
13.649122807017779 6
13.666666666666902 16
13.675438596491464 7
13.850877192982697 53
13.877192982456382 43
13.885964912280944 29
13.885964912280944 55
13.894736842105505 41
13.903508771930067 34
13.912280701754629 20
13.982456140351122 4
14.087719298245862 27
14.18421052631604 18
14.254385964912533 5
14.280701754386218 1
14.280701754386218 31
14.377192982456396 6
14.403508771930081 24
14.412280701754643 7
14.473684210526574 36
14.508771929824821 3
14.535087719298506 40
14.631578947368684 30
14.684210526316054 59
14.728070175438862 44
14.815789473684479 0
14.82456140350904 25
14.868421052631849 47
14.92982456140378 15
15.026315789473959 14
15.043859649123082 37
15.043859649123082 42
15.061403508772205 5
15.105263157895013 6
15.14035087719326 7
15.254385964912561 44
15.271929824561685 24
15.29824561403537 18
15.29824561403537 28
15.368421052631863 36
15.438596491228356 29
15.464912280702041 1
15.500000000000288 50
15.517543859649411 17
15.649122807017836 18
15.83333333333363 6
15.850877192982754 3
15.868421052631877 7
15.885964912281 57
15.982456140351179 5
15.99122807017574 23
16.000000000000302 59
16.061403508772234 4
16.070175438596795 58
16.14035087719329 24
16.15789473684241 25
16.21052631578978 2
16.236842105263467 15
16.26315789473715 36
16.289473684210837 39
16.342105263158206 48
16.350877192982768 32
16.377192982456453 56
16.403508771930138 17
16.51754385964944 42
16.543859649123124 29
16.561403508772248 6
16.596491228070494 7
16.657894736842426 16
16.692982456140673 47
16.745614035088042 41
16.903508771930152 44
16.921052631579276 30
17.008771929824892 24
17.061403508772262 18
17.15789473684244 36
17.192982456140687 3
17.289473684210865 6
17.31578947368455 38
17.333333333333673 7
17.394736842105605 43
17.42105263157929 22
17.464912280702098 54
17.491228070175783 25
17.491228070175783 27
17.508771929824906 0
17.543859649123153 15
17.543859649123153 45
17.780701754386318 20
17.807017543860002 29
17.877192982456496 24
17.94736842105299 59
17.964912280702112 5
18.017543859649482 6
18.05263157894773 36
18.06140350877229 7
18.078947368421414 31
18.1052631578951 11
18.140350877193345 4
18.289473684210893 10
18.36842105263195 34
18.36842105263195 42
18.38596491228107 11
18.412280701754757 57
18.500000000000373 44
18.517543859649496 47
18.53508771929862 3
18.631578947368798 55
18.657894736842483 14
18.69298245614073 35
18.7456140350881 6
18.7456140350881 24
18.789473684210908 7
18.85087719298284 15
18.868421052631962 48
18.947368421053017 36
19.052631578947757 5
19.07017543859688 26
19.07017543859688 44
19.105263157895127 25
19.192982456140744 30
19.307017543860045 18
19.32456140350917 17
19.32456140350917 50
19.350877192982853 58
19.42982456140391 18
19.42982456140391 59
19.43859649122847 44
19.473684210526716 6
19.517543859649525 7
19.614035087719703 24
19.64912280701795 16
19.736842105263566 1
19.745614035088128 2
19.798245614035498 44
19.80701754386006 42
19.842105263158306 36
19.877192982456553 3
19.877192982456553 23
20.01754385964954 37
20.061403508772347 11
20.140350877193402 43
20.157894736842525 15
20.201754385965334 5
20.201754385965334 6
20.219298245614457 4
20.219298245614457 17
20.254385964912704 7
20.315789473684635 53
20.33333333333376 47
20.359649122807443 20
20.359649122807443 28
20.412280701754813 59
20.4385964912285 25
20.482456140351307 5
20.482456140351307 24
20.701754385965348 27
20.736842105263595 36
20.82456140350921 45
20.850877192982896 39
20.92982456140395 6
20.991228070175882 7
21.070175438596937 5
21.0789473684215 32
21.08771929824606 56
21.096491228070622 18
21.219298245614485 3
21.228070175439047 11
21.263157894737294 5
21.280701754386417 0
21.315789473684664 18
21.35087719298291 24
21.44736842105309 5
21.44736842105309 59
21.46491228070221 15
21.473684210526773 30
21.482456140351335 42
21.552631578947828 17
21.631578947368883 36
21.657894736842568 6
21.701754385965376 22
21.7192982456145 7
21.77192982456187 25
22.105263157895212 40
22.122807017544336 1
22.122807017544336 31
22.14035087719346 11
22.14035087719346 47
22.14035087719346 54
22.219298245614514 24
22.280701754386445 14
22.280701754386445 43
22.29824561403557 4
22.29824561403557 41
22.315789473684692 57
22.385964912281185 6
22.41228070175487 11
22.421052631579432 17
22.447368421053117 7
22.482456140351363 5
22.52631578947417 36
22.56140350877242 3
22.640350877193473 16
22.754385964912775 42
22.771929824561898 15
22.83333333333383 55
22.877192982456638 34
22.973684210526816 38
22.973684210526816 48
22.973684210526816 59
22.99122807017594 11
23.05263157894787 44
23.087719298246117 24
23.10526315789524 25
23.114035087719802 6
23.175438596491734 7
23.192982456140857 1
23.280701754386474 2
23.280701754386474 18
23.280701754386474 27
23.333333333333844 17
23.42105263157946 36
23.561403508772447 29
23.74561403508824 30
23.754385964912803 23
23.84210526315842 6
23.84210526315842 43
23.89473684210579 18
23.90350877193035 3
23.912280701754913 7
23.95614035087772 24
23.964912280702283 47
24.026315789474214 50
24.078947368421584 15
24.087719298246146 39
24.27192982456194 18
24.280701754386502 10
24.289473684211064 1
24.298245614035626 17
24.31578947368475 36
24.32456140350931 0
24.32456140350931 59
24.36842105263212 20
24.37719298245668 4
24.438596491228612 25
24.570175438597037 6
24.570175438597037 35
24.614035087719845 5
24.64035087719353 7
24.824561403509325 24
24.85087719298301 29
24.877192982456695 56
24.938596491228626 11
24.96491228070231 57
24.991228070175996 26
24.991228070175996 37
25.01754385964968 48
25.149122807018106 44
25.210526315790037 36
25.22807017543916 17
25.245614035088284 3
25.28070175438653 5
25.298245614035654 6
25.3333333333339 11
25.3333333333339 43
25.368421052632147 7
25.38596491228127 15
25.394736842105832 28
25.447368421053202 44
25.49122807017601 5
25.517543859649695 59
25.631578947368997 16
25.666666666667243 1
25.69298245614093 24
25.771929824561983 25
25.780701754386545 47
25.798245614035668 31
25.894736842105846 29
25.903508771930408 14
25.982456140351463 22
26.01754385964971 30
26.02631578947427 6
26.052631578947956 45
26.096491228070764 7
26.096491228070764 58
26.105263157895326 36
26.13157894736901 5
26.18421052631638 32
26.324561403509367 44
26.350877192983052 17
26.456140350877792 4
26.464912280702354 50
26.508771929825162 53
26.517543859649724 11
26.561403508772532 24
26.587719298246217 3
26.64912280701815 55
26.692982456140957 15
26.70175438596552 0
26.75438596491289 6
26.81578947368482 2
26.82456140350938 7
26.938596491228683 1
27.000000000000615 36
27.03508771929886 20
27.043859649123423 59
27.105263157895354 25
27.149122807018163 43
27.166666666667286 49
27.228070175439218 17
27.280701754386588 34
27.34210526315852 42
27.385964912281327 48
27.429824561404136 24
27.482456140351506 6
27.491228070176067 11
27.535087719298875 18
27.552631578948 7
27.60526315789537 44
27.622807017544492 47
27.631578947369054 23
27.631578947369054 40
27.894736842105903 36
27.912280701755027 11
27.92982456140415 3
27.956140350877835 18
28.000000000000643 15
28.03508771929889 17
28.14912280701819 29
28.157894736842753 18
28.210526315790123 6
28.210526315790123 39
28.24561403508837 57
28.280701754386616 7
28.29824561403574 24
28.29824561403574 30
28.3070175438603 41
28.438596491228726 25
28.46491228070241 18
28.535087719298904 4
28.543859649123466 27
28.543859649123466 56
28.552631578948027 54
28.56140350877259 1
28.62280701754452 16
28.649122807018205 59
28.745614035088384 42
28.78070175438663 50
28.789473684211192 36
28.807017543860315 18
28.833333333334 17
28.93859649122874 6
29.008771929825233 7
29.166666666667343 24
29.192982456141028 5
29.245614035088398 18
29.271929824562083 3
29.30701754386033 11
29.30701754386033 15
29.350877192983138 48
29.403508771930507 43
29.429824561404192 31
29.438596491228754 47
29.473684210527 18
29.51754385964981 14
29.605263157895426 58
29.649122807018234 29
29.657894736842795 17
29.666666666667357 1
29.666666666667357 6
29.67543859649192 45
29.68421052631648 36
29.692982456141042 44
29.745614035088412 7
29.771929824562097 25
29.964912280702453 37
29.982456140351577 20
30.017543859649823 35
30.035087719298946 24
30.070175438597193 11
30.11403508772 42
30.228070175439303 53
30.26315789473755 5
30.26315789473755 22
30.350877192983166 2
30.350877192983166 59
30.37719298245685 0
30.394736842105974 6
30.42982456140422 28
30.42982456140422 55
30.47368421052703 7
30.48245614035159 17
30.517543859649837 26
30.57894736842177 30
30.57894736842177 36
30.596491228070892 18
30.614035087720016 3
30.614035087720016 4
30.614035087720016 15
30.807017543860372 38
30.877192982456865 44
30.90350877193055 24
31.087719298246345 29
31.105263157895468 25
31.12280701754459 6
31.201754385965646 7
31.254385964913016 47
31.263157894737578 41
31.307017543860386 17
31.315789473684948 57
31.350877192983194 48
31.350877192983194 59
31.473684210527058 36
31.49122807017618 32
31.500000000000743 23
31.614035087720044 16
31.771929824562154 24
31.85087719298321 6
31.85087719298321 50
31.90350877193058 49
31.921052631579702 15
31.929824561404264 7
31.95614035087795 3
32.035087719299 27
32.05263157894812 5
32.070175438597246 11
32.09649122807093 42
32.13157894736918 17
32.20175438596567 44
32.31578947368497 1
32.36842105263234 29
32.36842105263234 36
32.41228070175515 59
32.438596491228836 25
32.4473684210534 56
32.57894736842182 6
32.57894736842182 20
32.640350877193754 24
32.65789473684288 7
32.692982456141124 4
32.71052631579025 11
32.859649122807795 30
32.95614035087797 5
32.95614035087797 17
32.9736842105271 11
33.070175438597275 0
33.0877192982464 47
33.122807017544645 18
33.122807017544645 31
33.14035087719377 14
33.228070175439385 15
33.26315789473763 36
33.289473684211316 42
33.289473684211316 54
33.29824561403588 3
33.30701754386044 6
33.32456140350956 41
33.32456140350956 45
33.333333333334124 48
33.35964912280781 39
33.36842105263237 34
33.385964912281494 7
33.41228070175518 59
33.45614035087799 58
33.48245614035167 1
33.500000000000796 11
33.50877192982536 24
33.52631578947448 43
33.596491228070974 29
33.66666666666747 18
33.754385964913084 17
33.754385964913084 17
33.77192982456221 25
33.815789473685015 55
33.88596491228151 2
33.973684210527125 11
34.00877192982537 40
34.01754385964993 10
34.03508771929906 6
34.11403508772011 7
34.15789473684292 36
34.37719298245696 24
34.403508771930646 53
34.47368421052714 18
34.53508771929907 15
34.54385964912363 22
34.552631578948194 17
34.552631578948194 27
34.561403508772756 1
34.596491228071 18
34.605263157895564 16
34.64035087719381 3
34.64035087719381 57
34.657894736842934 50
34.763157894737674 6
34.771929824562235 4
34.78947368421136 59
34.815789473685044 11
34.84210526315873 7
34.88596491228154 5
34.90350877193066 47
34.93859649122891 37
34.94736842105347 43
35.01754385964996 26
35.05263157894821 36
35.10526315789558 25
35.11403508772014 5
35.11403508772014 49
35.13157894736926 30
35.245614035088565 24
35.27192982456225 29
35.28947368421137 48
35.36842105263243 23
35.37719298245699 17
35.412280701755236 42
35.464912280702606 28
35.47368421052717 20
35.49122807017629 6
35.57894736842191 7
35.58771929824647 44
35.71052631579033 0
35.74561403508858 18
35.824561403509634 39
35.84210526315876 15
35.84210526315876 32
35.938596491228935 44
35.9473684210535 36
35.982456140351744 3
36.0614035087728 11
36.11403508772017 24
36.201754385965785 17
36.21929824561491 6
36.254385964913155 18
36.307017543860525 7
36.39473684210614 1
36.43859649122895 25
36.50000000000088 31
36.517543859650004 59
36.69298245614124 58
36.71929824561492 47
36.76315789473773 14
36.842105263158786 36
36.85087719298335 4
36.87719298245703 45
36.91228070175528 43
36.947368421053525 6
36.98245614035177 24
37.02631578947458 17
37.03508771929914 7
37.14912280701844 15
37.17543859649213 50
37.20175438596581 18
37.263157894737745 48
37.27192982456231 41
37.28947368421143 38
37.324561403509676 3
37.324561403509676 5
37.40350877193073 30
37.421052631579855 2
37.50877192982547 55
37.535087719299156 29
37.59649122807109 16
37.61403508772021 42
37.67543859649214 6
37.72807017543951 57
37.736842105264074 36
37.76315789473776 7
37.76315789473776 54
37.76315789473776 59
37.77192982456232 25
37.850877192983376 17
37.850877192983376 24
37.93859649122899 27
37.956140350878115 5
38.3947368421062 49
38.40350877193076 6
38.45614035087813 15
38.50000000000094 1
38.50000000000094 7
38.535087719299185 47
38.543859649123746 43
38.63157894736936 36
38.66666666666761 3
38.67543859649217 17
38.67543859649217 53
38.71929824561498 24
38.78070175438691 29
38.807017543860596 0
38.82456140350972 22
38.83333333333428 59
38.88596491228165 5
38.92982456140446 4
39.008771929825514 40
39.02631578947464 39
39.0350877192992 18
39.0350877192992 44
39.10526315789569 25
39.13157894736938 6
39.21052631579043 48
39.228070175439555 7
39.23684210526412 23
39.32456140350973 10
39.3771929824571 20
39.438596491229035 11
39.491228070176405 41
39.491228070176405 50
39.500000000000966 17
39.52631578947465 36
39.57894736842202 42
39.58771929824658 24
39.6754385964922 30
39.69298245614132 1
39.763157894737816 15
39.78070175438694 35
39.859649122807994 6
39.912280701755364 37
39.94736842105361 18
39.95614035087817 7
39.973684210527296 26
40.00877192982554 3
40.19298245614134 5
40.2017543859659 58
40.22807017543958 29
40.32456140350976 17
40.35087719298345 27
40.35087719298345 47
40.38596491228169 14
40.42105263157994 5
40.42105263157994 36
40.4298245614045 57
40.43859649122906 25
40.45614035087819 24
40.500000000000995 28
40.508771929825556 11
40.58771929824661 6
40.58771929824661 16
40.67543859649223 43
40.68421052631679 7
40.83333333333434 1
40.85964912280802 18
40.9561403508782 2
41.00877192982557 4
41.0701754385975 15
41.14912280701856 17
41.17543859649224 48
41.31578947368523 6
41.31578947368523 36
41.32456140350979 24
41.32456140350979 59
41.350877192983475 3
41.37719298245716 0
41.41228070175541 7
41.43859649122909 31
41.51754385965015 34
41.53508771929927 42
41.55263157894839 56
41.60526315789576 49
41.666666666667695 45
41.68421052631682 41
41.771929824562434 25
41.780701754386996 32
41.80701754386068 50
41.877192982457174 44
41.94736842105367 30
41.97368421052735 17
41.982456140351914 18
42.02631578947472 39
42.035087719299284 55
42.043859649123846 6
42.10526315789578 11
42.13157894736946 1
42.140350877194024 7
42.16666666666771 47
42.192982456141394 24
42.21052631579052 36
42.22807017543964 29
42.37719298245719 15
42.39473684210631 53
42.39473684210631 59
42.412280701755435 44
42.42982456140456 20
42.69298245614141 3
42.70175438596597 5
42.7631578947379 18
42.7631578947379 27
42.77192982456246 6
42.780701754387024 17
42.86842105263264 7
42.90350877193089 42
42.938596491229134 54
42.98245614035194 18
43.01754385965019 5
43.043859649123874 38
43.061403508773 24
43.08771929824668 4
43.105263157895806 25
43.105263157895806 36
43.11403508772037 22
43.11403508772037 23
43.12280701754493 48
43.18421052631686 1
43.42982456140459 40
43.46491228070283 57
43.50000000000108 6
43.56140350877301 11
43.578947368422135 16
43.59649122807126 7
43.60526315789582 17
43.684210526316875 15
43.75438596491337 29
43.76315789473793 43
43.9298245614046 24
43.98245614035197 47
44.000000000001094 36
44.008771929825656 14
44.03508771929934 3
44.0438596491239 59
44.07017543859759 5
44.12280701754496 50
44.219298245615136 30
44.2280701754397 6
44.30701754386075 10
44.33333333333444 7
44.429824561404615 17
44.43859649122918 25
44.47368421052742 1
44.49122807017655 2
44.60526315789585 5
44.67543859649234 39
44.70175438596603 5
44.70175438596603 42
44.71929824561515 41
44.798245614036205 24
44.807017543860766 35
44.807017543860766 49
44.81578947368533 58
44.8684210526327 11
44.88596491228182 37
44.89473684210638 36
44.956140350878314 6
44.97368421052744 29
44.99122807017656 15
45.05263157894849 31
45.070175438597616 7
45.070175438597616 48
45.166666666667794 4
45.2105263157906 45
45.219298245615164 5
45.25438596491341 17
45.25438596491341 20
45.280701754387096 44
45.35964912280815 5
45.377192982457274 3
45.385964912281835 26
45.40350877193096 27
45.53508771929938 28
45.55263157894851 11
45.66666666666781 24
45.68421052631693 0
45.68421052631693 6
45.77192982456255 25
45.78947368421167 36
45.79824561403623 7
45.79824561403623 47
45.868421052632726 55
45.95614035087834 44
46.04385964912396 18
46.06140350877308 17
46.070175438597644 42
46.131578947369576 29
46.1491228070187 57
46.280701754387124 59
46.29824561403625 15
46.342105263159056 44
46.394736842106425 34
46.41228070175555 6
46.438596491229234 50
46.45614035087836 11
46.491228070176604 30
46.52631578947485 7
46.53508771929941 24
46.57017543859766 16
46.68421052631696 36
46.71929824561521 3
46.74561403508889 56
46.80701754386082 11
46.84210526315907 32
46.85087719298363 41
46.88596491228188 17
46.982456140352056 23
47.0175438596503 48
47.04385964912399 53
47.10526315789592 25
47.11403508772048 43
47.131578947369604 1
47.140350877194166 6
47.17543859649241 18
47.245614035088906 4
47.245614035088906 5
47.25438596491347 7
47.289473684211714 54
47.394736842106454 22
47.403508771931016 24
47.41228070175558 18
47.53508771929944 39
47.57894736842225 36
47.59649122807137 11
47.60526315789593 15
47.614035087720495 47
47.63157894736962 14
47.71052631579067 17
47.81578947368541 27
47.86842105263278 6
47.90350877193103 38
47.938596491229276 20
47.982456140352085 7
48.00877192982577 49
48.02631578947489 2
48.06140350877314 3
48.192982456141564 1
48.23684210526437 0
48.27192982456262 24
48.307017543860866 42
48.39473684210648 11
48.43859649122929 25
48.47368421052754 36
48.50000000000122 58
48.53508771929947 17
48.5964912280714 6
48.68421052631702 45
48.7105263157907 7
48.74561403508895 5
48.75438596491351 50
48.76315789473807 59
48.77192982456263 30
48.85964912280825 5
48.91228070175562 15
48.97368421052755 48
48.991228070176675 10
49.000000000001236 29
49.07894736842229 43
49.14035087719422 24
49.17543859649247 18
49.22807017543984 55
49.24561403508896 41
49.254385964913524 31
49.315789473685456 18
49.32456140351002 4
49.32456140351002 6
49.33333333333458 17
49.368421052632826 36
49.40350877193107 3
49.42982456140476 47
49.43859649122932 7
49.56140350877318 16
49.64035087719424 18
49.736842105264415 57
49.77192982456266 25
49.85964912280828 37
50.008771929825826 24
50.052631578948635 6
50.08771929824688 26
50.12280701754513 11
50.157894736843375 1
50.157894736843375 17
50.166666666667936 7
50.219298245615306 15
50.22807017543987 59
50.263157894738114 36
50.28070175438724 27
50.377192982457416 5
50.578947368422334 28
50.60526315789602 42
50.71929824561532 20
50.745614035089005 3
50.76315789473813 11
50.78070175438725 6
50.850877192983745 23
50.87719298245743 24
50.89473684210655 40
50.903508771931115 7
50.91228070175568 34
50.92105263158024 48
50.93859649122936 0
50.98245614035217 17
51.0438596491241 30
51.070175438597786 50
51.10526315789603 25
51.1578947368434 36
51.18421052631709 53
51.21052631579077 49
51.24561403508902 47
51.25438596491358 14
51.26315789473814 35
51.280701754387266 44
51.28947368421183 18
51.31578947368551 1
51.377192982457444 11
51.40350877193113 4
51.50877192982587 6
51.52631578947499 15
51.52631578947499 41
51.535087719299554 54
51.56140350877324 2
51.60526315789605 43
51.63157894736973 7
51.67543859649254 22
51.701754385966225 11
51.745614035089034 24
51.78070175438728 42
51.807017543860965 17
52.05263157894869 36
52.08771929824694 3
52.122807017545185 32
52.236842105264486 6
52.280701754387294 57
52.289473684211856 59
52.35964912280835 7
52.41228070175572 18
52.438596491229404 25
52.552631578948706 16
52.61403508772064 24
52.61403508772064 55
52.63157894736976 17
52.657894736843446 1
52.69298245614169 27
52.77192982456275 31
52.78070175438731 56
52.83333333333468 15
52.868421052632925 48
52.87719298245749 45
52.94736842105398 36
52.95614035087854 42
52.9649122807031 6
52.9649122807031 10
53.05263157894872 18
53.06140350877328 47
53.08771929824697 7
53.32456140351013 30
53.342105263159254 29
53.342105263159254 58
53.38596491228206 50
53.42105263158031 38
53.42982456140487 3
53.456140350878556 5
53.456140350878556 17
53.48245614035224 4
53.48245614035224 24
53.552631578948734 0
53.62280701754523 59
53.69298245614172 6
53.75438596491365 1
53.771929824562775 25
53.815789473685584 7
53.84210526315927 36
53.85964912280839 5
53.91228070175576 20
54.1315789473698 18
54.140350877194365 15
54.192982456141735 39
54.28070175438735 17
54.307017543861036 11
54.3157894736856 43
54.350877192983845 24
54.412280701755776 49
54.42105263158034 6
54.4298245614049 18
54.5438596491242 7
54.55263157894876 44
54.60526315789613 18
54.719298245615434 23
54.73684210526456 36
54.771929824562804 3
54.81578947368561 48
54.833333333334735 37
54.877192982457544 14
54.877192982457544 26
54.877192982457544 47
54.91228070175579 1
54.91228070175579 53
54.938596491229475 59
54.97368421052772 5
55.096491228071585 2
55.10526315789615 17
55.10526315789615 25
55.10526315789615 27
55.149122807018955 6
55.15789473684352 18
55.17543859649264 11
55.19298245614176 42
55.21929824561545 5
55.21929824561545 24
55.21929824561545 29
55.27192982456282 7
55.33333333333475 34
55.44736842105405 15
55.464912280703174 44
55.54385964912423 16
55.56140350877335 4
55.5964912280716 11
55.5964912280716 30
55.61403508772072 28
55.61403508772072 41
55.631578947369846 36
55.70175438596634 50
55.76315789473827 18
55.8245614035102 55
55.85087719298389 54
55.87719298245757 6
55.92982456140494 17
55.95614035087863 22
55.97368421052775 43
56.008771929826 7
56.08771929824705 24
56.11403508772074 3
56.20175438596635 40
56.315789473685655 5
56.368421052633025 42
56.421052631580395 35
56.43859649122952 25
56.526315789475134 36
56.57017543859794 58
56.60526315789619 6
56.692982456141806 1
56.692982456141806 47
56.692982456141806 59
56.745614035089176 7
56.745614035089176 45
56.75438596491374 15
56.75438596491374 17
56.7631578947383 48
56.956140350878655 24
57.114035087720765 5
57.14035087719445 20
57.18421052631726 18
57.24561403508919 56
57.33333333333481 6
57.35964912280849 5
57.42105263158042 36
57.42105263158042 43
57.429824561404985 0
57.438596491229546 11
57.45614035087867 3
57.47368421052779 7
57.50000000000148 5
57.5175438596506 27
57.543859649124286 42
57.57894736842253 17
57.587719298247094 31
57.61403508772078 49
57.640350877194464 4
57.692982456141834 29
57.72807017544008 59
57.77192982456289 25
57.78070175438745 1
57.82456140351026 24
57.86842105263307 30
57.88596491228219 32
57.94736842105412 5
58.017543859650615 50
58.03508771929974 18
58.061403508773424 6
58.061403508773424 15
58.20175438596641 7
58.2719298245629 11
58.31578947368571 36
58.40350877193133 17
58.438596491229575 38
58.46491228070326 18
58.500000000001506 14
58.50877192982607 47
58.53508771929975 16
58.58771929824712 23
58.63157894736993 2
58.63157894736993 2
58.69298245614186 24
58.710526315790986 48
58.71929824561555 11
58.71929824561555 42
58.78947368421204 6
58.7982456140366 3
58.92982456140503 7
59.026315789475206 57
59.10526315789626 25
59.175438596492754 5
59.210526315791 36
59.22807017544012 17
59.236842105264685 41
59.29824561403662 59
59.36842105263311 15
59.37719298245767 53
59.51754385965066 6
59.561403508773466 24
59.657894736843645 7
59.68421052631733 44
59.719298245615576 4
59.80701754386119 37
59.868421052633124 55
59.89473684210681 43
59.929824561405056 27
59.929824561405056 42
59.99122807017699 34
