0.017543859649122806 26
0.017543859649122806 44
0.03508771929824561 14
0.07894736842105263 11
0.09649122807017543 22
0.10526315789473684 27
0.10526315789473684 51
0.11403508771929824 29
0.14035087719298245 46
0.15789473684210525 12
0.15789473684210525 28
0.15789473684210525 36
0.16666666666666666 37
0.19298245614035087 15
0.19298245614035087 39
0.20175438596491227 47
0.28947368421052644 2
0.342105263157895 7
0.3684210526315793 0
0.3684210526315793 6
0.43859649122807076 53
0.46491228070175505 31
0.46491228070175505 52
0.5087719298245622 57
0.5263157894736851 40
0.605263157894738 30
0.7543859649122823 55
0.9824561403508795 44
0.9912280701754409 35
1.0701754385964937 3
1.096491228070178 6
1.1315789473684237 7
1.1929824561403537 43
1.2017543859649151 50
1.2368421052631609 36
1.3157894736842137 11
1.4385964912280738 15
1.4473684210526352 48
1.4736842105263195 20
1.5701754385964952 38
1.5789473684210567 9
1.649122807017548 44
1.7192982456140395 10
1.7631578947368467 45
1.7719298245614081 16
1.8245614035087767 6
1.8596491228070224 41
1.9210526315789525 7
1.9824561403508825 54
2.078947368421056 47
2.245614035087719 34
2.3070175438596476 42
2.315789473684209 36
2.3771929824561373 49
2.412280701754382 32
2.4649122807017494 23
2.4649122807017494 24
2.5526315789473615 6
2.5964912280701675 12
2.657894736842096 15
2.701754385964902 0
2.7105263157894632 7
2.824561403508759 44
2.8859649122806874 57
2.912280701754371 27
2.9298245614034935 30
2.9736842105262995 11
3.043859649122789 46
3.2368421052631358 8
3.2631578947368194 24
3.280701754385942 6
3.3157894736841866 4
3.324561403508748 3
3.3947368421052375 36
3.41228070175436 39
3.4298245614034824 5
3.4298245614034824 42
3.491228070175411 7
3.499999999999972 48
3.543859649122778 56
3.587719298245584 14
3.6052631578947065 50
3.622807017543829 52
3.8157894736841755 44
3.868421052631543 15
3.885964912280665 51
3.9473684210525937 47
4.008771929824523 6
4.0614035087718925 24
4.070175438596454 43
4.245614035087687 2
4.245614035087687 44
4.271929824561372 7
4.429824561403482 22
4.47368421052629 36
4.499999999999975 26
4.508771929824537 1
4.535087719298222 9
4.535087719298222 12
4.535087719298222 33
4.570175438596468 16
4.649122807017523 3
4.728070175438578 55
4.73684210526314 6
4.745614035087701 20
4.771929824561386 53
4.798245614035071 42
4.859649122807003 24
5.052631578947359 7
5.078947368421044 15
5.140350877192976 28
5.149122807017537 11
5.175438596491222 37
5.263157894736839 11
5.271929824561401 46
5.368421052631579 11
5.447368421052634 4
5.464912280701757 6
5.464912280701757 11
5.5526315789473735 36
5.561403508771935 11
5.649122807017552 44
5.657894736842113 11
5.657894736842113 24
5.824561403508785 47
5.842105263157908 7
5.859649122807031 30
5.894736842105278 27
5.973684210526333 3
5.9824561403508945 42
6.087719298245634 57
6.1315789473684426 12
6.149122807017566 11
6.166666666666689 50
6.192982456140374 6
6.263157894736867 11
6.289473684210552 15
6.368421052631607 11
6.3859649122807305 39
6.456140350877224 24
6.473684210526347 11
6.500000000000032 29
6.54385964912284 0
6.570175438596525 11
6.570175438596525 52
6.59649122807021 54
6.622807017543895 7
6.631578947368457 36
6.666666666666703 11
6.692982456140388 5
6.75438596491232 43
6.763157894736882 11
6.85964912280706 11
6.85964912280706 40
6.921052631578991 6
6.956140350877238 11
7.052631578947416 11
7.105263157894786 14
7.149122807017594 11
7.228070175438649 32
7.2456140350877725 11
7.254385964912334 24
7.298245614035142 3
7.333333333333389 45
7.359649122807074 48
7.368421052631636 16
7.403508771929882 7
7.50000000000006 15
7.508771929824622 38
7.6491228070176085 6
7.65789473684217 8
7.666666666666732 46
7.692982456140417 47
7.71052631578954 23
7.71052631578954 36
7.736842105263225 2
7.754385964912348 12
7.842105263157965 11
7.8508771929825265 4
7.938596491228143 11
8.035087719298321 11
8.052631578947445 24
8.1315789473685 11
8.18421052631587 7
8.228070175438678 11
8.263157894736924 51
8.315789473684294 19
8.324561403508856 11
8.342105263157979 20
8.377192982456226 6
8.377192982456226 55
8.421052631579034 11
8.45614035087728 44
8.464912280701842 34
8.500000000000089 27
8.517543859649212 11
8.61403508771939 11
8.622807017543952 3
8.66666666666676 35
8.710526315789568 11
8.710526315789568 15
8.754385964912377 57
8.7719298245615 22
8.789473684210623 36
8.807017543859747 11
8.850877192982555 24
8.964912280701856 7
9.105263157894843 6
9.385964912280816 46
9.421052631579062 12
9.429824561403624 11
9.526315789473802 11
9.57017543859661 47
9.587719298245734 41
9.62280701754398 11
9.649122807017665 24
9.719298245614159 11
9.745614035087844 7
9.745614035087844 52
9.815789473684337 11
9.815789473684337 48
9.83333333333346 6
9.868421052631707 36
9.912280701754515 11
9.921052631579077 15
9.929824561403638 0
9.947368421052762 3
9.982456140351008 4
9.982456140351008 43
10.008771929824693 11
10.105263157894871 11
10.122807017543995 28
10.157894736842241 8
10.166666666666803 16
10.184210526315926 37
10.20175438596505 11
10.228070175438734 9
10.263157894736981 56
10.298245614035228 11
10.394736842105406 11
10.447368421052776 24
10.491228070175584 11
10.52631578947383 7
10.535087719298392 44
10.561403508772077 6
10.614035087719447 14
10.640350877193132 33
10.780701754386119 46
10.850877192982612 12
10.877192982456297 11
10.938596491228228 20
10.94736842105279 36
10.973684210526475 11
11.00000000000016 30
11.070175438596653 11
11.122807017544023 54
11.131578947368585 15
11.166666666666831 11
11.201754385965078 39
11.228070175438763 2
11.245614035087886 24
11.26315789473701 11
11.271929824561571 3
11.289473684210694 6
11.298245614035256 50
11.307017543859818 7
11.307017543859818 27
11.333333333333503 32
11.342105263158064 49
11.359649122807188 11
11.438596491228243 47
11.456140350877366 11
11.500000000000174 23
11.508771929824736 57
11.552631578947544 11
11.649122807017722 11
11.7456140350879 11
11.79824561403527 1
11.842105263158079 11
11.868421052631764 17
11.877192982456325 43
11.938596491228257 11
11.947368421052818 48
12.017543859649312 6
12.026315789473873 36
12.043859649122997 24
12.070175438596682 31
12.070175438596682 55
12.087719298245805 7
12.122807017544051 4
12.122807017544051 40
12.342105263158093 15
12.552631578947572 12
12.570175438596696 11
12.59649122807038 3
12.666666666666874 11
12.745614035087929 6
12.763157894737052 11
12.789473684210737 41
12.842105263158107 24
12.85964912280723 11
12.877192982456354 7
12.903508771930039 38
12.921052631579162 53
12.956140350877408 11
12.96491228070197 16
12.96491228070197 17
12.982456140351093 46
13.000000000000217 42
13.01754385964934 10
13.052631578947587 11
13.096491228070395 22
13.105263157894957 36
13.149122807017765 11
13.245614035087943 11
13.298245614035313 30
13.307017543859875 47
13.342105263158121 11
13.403508771930053 20
13.4385964912283 11
13.473684210526546 6
13.508771929824793 52
13.535087719298478 11
13.5526315789476 15
13.5526315789476 29
13.631578947368656 11
13.640350877193217 24
13.666666666666902 0
13.666666666666902 7
13.701754385965149 50
13.701754385965149 50
13.728070175438834 11
13.81578947368445 27
13.824561403509012 11
13.894736842105505 57
13.92105263157919 3
13.92105263157919 11
13.938596491228314 48
14.017543859649368 11
14.052631578947615 44
14.114035087719547 11
14.122807017544108 14
14.175438596491478 1
14.18421052631604 36
14.201754385965163 6
14.210526315789725 11
14.254385964912533 4
14.254385964912533 46
14.307017543859903 11
14.403508771930081 11
14.438596491228328 24
14.44736842105289 7
14.50000000000026 11
14.543859649123068 26
14.543859649123068 51
14.596491228070438 11
14.692982456140616 11
14.7192982456143 2
14.763157894737109 15
14.77192982456167 39
14.780701754386232 43
14.789473684210794 11
14.842105263158164 44
14.885964912280972 11
14.92982456140378 6
14.964912280702027 42
14.98245614035115 11
15.000000000000274 49
15.043859649123082 34
15.070175438596767 12
15.078947368421328 11
15.096491228070452 28
15.175438596491507 11
15.175438596491507 47
15.19298245614063 37
15.228070175438877 7
15.228070175438877 23
15.228070175438877 56
15.236842105263438 24
15.245614035088 3
15.263157894737123 36
15.271929824561685 11
15.368421052631863 11
15.377192982456425 55
15.438596491228356 8
15.45614035087748 41
15.464912280702041 11
15.56140350877222 11
15.570175438596781 30
15.657894736842398 6
15.657894736842398 11
15.72807017543889 19
15.754385964912576 11
15.763157894737137 16
15.83333333333363 20
15.850877192982754 11
15.921052631579247 48
15.93859649122837 35
15.947368421052932 11
15.973684210526617 15
15.973684210526617 44
16.008771929824864 7
16.03508771929855 24
16.04385964912311 11
16.105263157895042 50
16.14035087719329 11
16.175438596491535 33
16.20175438596522 12
16.236842105263467 11
16.271929824561713 32
16.31578947368452 9
16.333333333333645 11
16.342105263158206 36
16.35964912280733 46
16.385964912281015 4
16.385964912281015 6
16.429824561403823 11
16.456140350877508 44
16.526315789474 11
16.526315789474 43
16.535087719298563 54
16.552631578947686 0
16.57017543859681 3
16.587719298245933 42
16.62280701754418 11
16.719298245614358 11
16.78947368421085 7
16.815789473684536 11
16.83333333333366 24
16.912280701754714 11
17.008771929824892 11
17.026315789474015 5
17.026315789474015 27
17.04385964912314 47
17.10526315789507 11
17.114035087719632 6
17.184210526316125 15
17.20175438596525 11
17.21052631578981 44
17.298245614035427 11
17.333333333333673 12
17.385964912281043 53
17.394736842105605 11
17.42105263157929 22
17.42105263157929 36
17.42982456140385 5
17.491228070175783 11
17.570175438596838 7
17.58771929824596 11
17.63157894736877 14
17.63157894736877 24
17.68421052631614 11
17.710526315789824 45
17.719298245614386 42
17.780701754386318 11
17.79824561403544 38
17.824561403509126 40
17.84210526315825 6
17.877192982456496 11
17.89473684210562 3
17.90350877193018 48
17.90350877193018 57
17.929824561403866 30
17.929824561403866 41
17.973684210526674 11
18.06140350877229 49
18.070175438596852 5
18.070175438596852 11
18.16666666666703 11
18.16666666666703 46
18.16666666666703 52
18.21052631578984 2
18.2192982456144 44
18.245614035088085 17
18.245614035088085 25
18.26315789473721 11
18.27192982456177 20
18.350877192982825 7
18.359649122807387 11
18.394736842105633 15
18.42982456140388 24
18.456140350877565 11
18.464912280702126 12
18.500000000000373 36
18.508771929824935 50
18.517543859649496 4
18.552631578947743 11
18.561403508772305 16
18.570175438596866 6
18.64912280701792 11
18.7456140350881 11
18.842105263158277 11
18.894736842105647 44
18.91228070175477 47
18.938596491228456 11
19.035087719298634 11
19.096491228070565 55
19.11403508771969 43
19.131578947368812 11
19.140350877193374 7
19.184210526316182 10
19.21929824561443 3
19.22807017543899 11
19.22807017543899 24
19.289473684210922 29
19.298245614035483 6
19.298245614035483 34
19.32456140350917 11
19.421052631579347 11
19.421052631579347 39
19.44736842105303 23
19.464912280702155 46
19.517543859649525 11
19.54385964912321 27
19.578947368421456 36
19.59649122807058 12
19.59649122807058 17
19.60526315789514 15
19.60526315789514 26
19.614035087719703 11
19.614035087719703 25
19.71052631578988 11
19.728070175439004 44
19.80701754386006 0
19.80701754386006 11
19.877192982456553 48
19.903508771930237 11
19.92105263157936 7
20.000000000000416 11
20.0263157894741 6
20.0263157894741 24
20.07017543859691 28
20.096491228070594 11
20.13157894736884 51
20.192982456140772 11
20.201754385965334 37
20.245614035088142 42
20.254385964912704 30
20.28947368421095 11
20.34210526315832 32
20.38596491228113 11
20.40350877193025 9
20.482456140351307 11
20.543859649123238 3
20.578947368421485 11
20.587719298246046 41
20.587719298246046 44
20.649122807017978 4
20.65789473684254 36
20.675438596491663 11
20.701754385965348 7
20.71052631578991 20
20.728070175439033 12
20.754385964912718 6
20.77192982456184 11
20.780701754386403 47
20.798245614035526 1
20.81578947368465 15
20.82456140350921 24
20.86842105263202 11
20.912280701754828 50
20.964912280702197 11
20.991228070175882 45
21.061403508772376 11
21.13157894736887 49
21.14035087719343 14
21.157894736842554 11
21.254385964912732 11
21.35087719298291 11
21.359649122807472 16
21.377192982456595 44
21.44736842105309 11
21.482456140351335 6
21.482456140351335 7
21.543859649123267 11
21.62280701754432 24
21.640350877193445 11
21.701754385965376 2
21.736842105263623 11
21.736842105263623 22
21.736842105263623 36
21.754385964912746 8
21.8333333333338 11
21.850877192982924 48
21.859649122807486 12
21.868421052632048 3
21.92982456140398 11
22.026315789474157 11
22.026315789474157 15
22.04385964912328 35
22.052631578947842 42
22.122807017544336 0
22.122807017544336 11
22.157894736842582 54
22.210526315789952 6
22.219298245614514 11
22.263157894737322 7
22.315789473684692 11
22.394736842105747 25
22.41228070175487 11
22.421052631579432 24
22.429824561403993 55
22.50877192982505 11
22.535087719298733 33
22.56140350877242 30
22.605263157895227 11
22.649122807018035 47
22.701754385965405 11
22.719298245614528 46
22.78070175438646 4
22.798245614035583 11
22.815789473684706 36
22.84210526315839 40
22.8859649122812 9
22.89473684210576 11
22.903508771930323 38
22.93859649122857 6
22.973684210526816 53
22.99122807017594 11
22.99122807017594 12
23.04385964912331 7
23.05263157894787 43
23.087719298246117 11
23.140350877193487 20
23.184210526316296 11
23.192982456140857 3
23.219298245614542 24
23.236842105263666 15
23.280701754386474 11
23.280701754386474 39
23.289473684211035 56
23.31578947368472 50
23.377192982456652 11
23.447368421053145 52
23.47368421052683 11
23.57017543859701 11
23.57894736842157 23
23.666666666667187 6
23.666666666667187 11
23.701754385965433 25
23.710526315789995 42
23.74561403508824 34
23.763157894737365 11
23.824561403509296 7
23.824561403509296 48
23.859649122807543 11
23.89473684210579 36
23.95614035087772 11
24.017543859649653 24
24.043859649123338 27
24.0526315789479 11
24.122807017544392 12
24.149122807018077 11
24.15789473684264 16
24.192982456140886 49
24.245614035088256 11
24.245614035088256 29
24.245614035088256 51
24.342105263158434 11
24.394736842105804 6
24.42982456140405 8
24.438596491228612 11
24.447368421053174 15
24.508771929825105 57
24.517543859649667 3
24.517543859649667 47
24.53508771929879 11
24.605263157895283 7
24.63157894736897 11
24.64035087719353 14
24.70175438596546 41
24.728070175439147 11
24.75438596491283 32
24.815789473684763 24
24.824561403509325 11
24.85087719298301 43
24.85964912280757 30
24.91228070175494 4
24.921052631579503 11
24.973684210526873 36
25.00877192982512 25
25.01754385964968 11
25.043859649123366 28
25.11403508771986 11
25.12280701754442 6
25.17543859649179 29
25.192982456140914 2
25.210526315790037 11
25.210526315790037 37
25.254385964912846 12
25.254385964912846 44
25.307017543860216 11
25.38596491228127 7
25.403508771930394 11
25.500000000000572 11
25.570175438597065 20
25.59649122807075 11
25.614035087719873 24
25.65789473684268 15
25.69298245614093 11
25.719298245614613 50
25.728070175439175 0
25.789473684211107 11
25.80701754386023 48
25.842105263158476 3
25.850877192983038 6
25.885964912281285 11
25.91228070175497 55
25.92105263157953 9
25.9736842105269 42
25.982456140351463 11
26.052631578947956 22
26.052631578947956 36
26.07894736842164 11
26.114035087719888 39
26.166666666667258 7
26.17543859649182 11
26.271929824561997 11
26.315789473684806 25
26.368421052632176 11
26.3859649122813 12
26.3859649122813 47
26.412280701754984 24
26.464912280702354 11
26.473684210526915 43
26.561403508772532 11
26.578947368421655 6
26.65789473684271 11
26.75438596491289 11
26.850877192983067 11
26.86842105263219 15
26.86842105263219 57
26.947368421053245 7
26.947368421053245 11
26.956140350877806 16
27.043859649123423 4
27.043859649123423 11
27.061403508772546 8
27.122807017544478 26
27.13157894736904 36
27.1403508771936 11
27.149122807018163 30
27.157894736842724 27
27.166666666667286 3
27.210526315790094 24
27.23684210526378 11
27.254385964912903 10
27.271929824562026 49
27.307017543860272 6
27.333333333333957 11
27.34210526315852 54
27.35087719298308 23
27.429824561404136 11
27.45614035087782 5
27.491228070176067 53
27.50000000000063 35
27.517543859649752 12
27.526315789474314 11
27.622807017544492 11
27.622807017544492 25
27.701754385965547 46
27.71929824561467 11
27.728070175439232 7
27.789473684211163 48
27.81578947368485 11
27.912280701755027 11
28.000000000000643 20
28.008771929825205 11
28.008771929825205 24
28.03508771929889 6
28.078947368421698 15
28.105263157895383 11
28.105263157895383 52
28.122807017544506 50
28.14035087719363 14
28.20175438596556 11
28.210526315790123 36
28.24561403508837 47
28.25438596491293 40
28.263157894737493 56
28.29824561403574 11
28.35964912280767 33
28.368421052632232 44
28.394736842105917 11
28.491228070176096 3
28.491228070176096 11
28.50877192982522 7
28.57017543859715 5
28.587719298246274 11
28.649122807018205 12
28.684210526316452 2
28.684210526316452 11
28.754385964912945 44
28.763157894737507 6
28.78070175438663 11
28.807017543860315 24
28.807017543860315 31
28.815789473684877 32
28.850877192983123 41
28.87719298245681 11
28.92982456140418 25
28.9473684210533 38
28.973684210526987 11
29.00000000000067 0
29.008771929825233 42
29.017543859649795 34
29.070175438597165 11
29.166666666667343 11
29.166666666667343 11
29.175438596491905 4
29.26315789473752 11
29.289473684211206 15
29.289473684211206 36
29.298245614035768 7
29.298245614035768 55
29.3596491228077 11
29.42105263157963 30
29.429824561404192 57
29.456140350877877 11
29.491228070176124 6
29.52631578947437 8
29.543859649123494 39
29.552631578948056 11
29.605263157895426 24
29.649122807018234 11
29.692982456141042 27
29.745614035088412 11
29.754385964912974 16
29.763157894737535 48
29.78070175438666 12
29.815789473684905 3
29.84210526315859 11
29.93859649122877 11
30.017543859649823 28
30.035087719298946 11
30.078947368421755 7
30.11403508772 47
30.131578947369125 11
30.131578947369125 46
30.21929824561474 6
30.21929824561474 37
30.228070175439303 11
30.236842105263865 25
30.32456140350948 11
30.333333333334043 49
30.350877192983166 42
30.36842105263229 22
30.36842105263229 36
30.403508771930536 24
30.42105263157966 11
30.42982456140422 20
30.464912280702467 51
30.491228070176152 43
30.500000000000714 15
30.517543859649837 11
30.5263157894744 44
30.5263157894744 50
30.614035087720016 11
30.710526315790194 11
30.807017543860372 11
30.859649122807742 7
30.90350877193055 11
30.912280701755112 12
30.94736842105336 6
31.00000000000073 11
31.035087719298975 44
31.043859649123537 23
31.096491228070906 11
31.140350877193715 3
31.192982456141085 11
31.201754385965646 24
31.289473684211263 11
31.307017543860386 4
31.38596491228144 11
31.43859649122881 53
31.447368421053373 36
31.473684210527058 42
31.48245614035162 11
31.54385964912355 25
31.578947368421797 11
31.64035087719373 7
31.64035087719373 14
31.675438596491976 6
31.675438596491976 11
31.675438596491976 54
31.6929824561411 30
31.710526315790222 15
31.736842105263907 48
31.771929824562154 11
31.771929824562154 57
31.789473684211277 46
31.833333333334085 44
31.868421052632332 11
31.96491228070251 11
31.97368421052707 47
32.00000000000075 24
32.04385964912356 12
32.061403508772685 11
32.15789473684286 11
32.175438596491986 2
32.23684210526392 8
32.25438596491304 11
32.324561403509534 41
32.35087719298322 11
32.36842105263234 43
32.40350877193059 6
32.42105263157971 7
32.42105263157971 39
32.4473684210534 11
32.46491228070252 3
32.52631578947445 36
32.543859649123576 11
32.55263157894814 16
32.587719298246384 42
32.60526315789551 27
32.640350877193754 11
32.73684210526393 11
32.798245614035864 24
32.81578947368499 55
32.83333333333411 11
32.84210526315867 44
32.859649122807795 20
32.92105263157973 15
32.92982456140429 11
32.92982456140429 50
33.00000000000078 9
33.02631578947447 11
33.07894736842184 52
33.122807017544645 11
33.131578947369206 6
33.175438596492015 12
33.2017543859657 7
33.21929824561482 11
33.315789473685 11
33.32456140350956 26
33.35964912280781 25
33.394736842106056 49
33.41228070175518 11
33.438596491228864 4
33.50877192982536 11
33.57017543859729 17
33.57017543859729 44
33.596491228070974 24
33.605263157895536 11
33.605263157895536 36
33.68421052631659 46
33.701754385965714 11
33.71929824561484 48
33.7280701754394 32
33.78947368421133 3
33.79824561403589 11
33.82456140350958 1
33.83333333333414 47
33.85087719298326 40
33.859649122807824 6
33.868421052632385 0
33.89473684210607 11
33.98245614035169 7
33.99122807017625 11
34.08771929824643 11
34.131578947369235 15
34.14912280701836 30
34.184210526316605 11
34.21052631579029 43
34.28070175438678 11
34.30701754386047 12
34.37719298245696 11
34.394736842106084 24
34.47368421052714 11
34.57017543859732 11
34.58771929824644 6
34.58771929824644 41
34.64912280701837 57
34.666666666667496 11
34.666666666667496 25
34.68421052631662 22
34.68421052631662 36
34.763157894737674 7
34.763157894737674 11
34.763157894737674 23
34.771929824562235 56
34.85964912280785 11
34.868421052632414 35
34.94736842105347 42
34.95614035087803 11
34.95614035087803 44
34.99122807017628 28
34.99122807017628 34
35.05263157894821 11
35.06140350877277 27
35.11403508772014 3
35.140350877193825 14
35.14912280701839 11
35.192982456141195 24
35.22807017543944 37
35.245614035088565 11
35.254385964913126 39
35.28947368421137 20
35.31578947368506 6
35.33333333333418 50
35.34210526315874 11
35.34210526315874 15
35.350877192983305 16
35.37719298245699 33
35.43859649122892 11
35.43859649122892 12
35.52631578947454 9
35.5350877192991 11
35.54385964912366 7
35.561403508772784 38
35.570175438597346 4
35.63157894736928 11
35.64035087719384 51
35.666666666667524 2
35.69298245614121 48
35.70175438596577 47
35.728070175439456 11
35.75438596491314 46
35.7631578947377 36
35.824561403509634 11
35.84210526315876 53
35.92105263157981 11
35.97368421052718 25
35.991228070176305 24
36.01754385964999 11
36.043859649123675 6
36.11403508772017 11
36.12280701754473 5
36.15789473684298 42
36.21052631579035 11
36.307017543860525 11
36.307017543860525 44
36.33333333333421 7
36.35087719298333 0
36.4035087719307 11
36.42982456140439 30
36.43859649122895 3
36.45614035087807 49
36.50000000000088 11
36.55263157894825 15
36.570175438597374 12
36.59649122807106 11
36.66666666666755 29
36.675438596492114 10
36.69298245614124 11
36.75438596491317 55
36.77192982456229 6
36.789473684211416 11
36.789473684211416 24
36.842105263158786 36
36.885964912281594 11
36.96491228070265 44
36.98245614035177 11
37.07894736842195 11
37.1140350877202 7
37.17543859649213 11
37.27192982456231 11
37.28070175438687 25
37.368421052632485 11
37.4561403508781 44
37.46491228070266 11
37.50000000000091 6
37.50877192982547 9
37.50877192982547 27
37.56140350877284 11
37.5701754385974 47
37.5701754385974 57
37.587719298246526 24
37.65789473684302 11
37.66666666666758 48
37.70175438596583 4
37.70175438596583 12
37.71929824561495 20
37.736842105264074 50
37.7543859649132 11
37.76315789473776 3
37.76315789473776 15
37.789473684211444 32
37.80701754386057 26
37.850877192983376 11
37.894736842106184 7
37.92105263157987 36
37.947368421053554 11
37.956140350878115 42
38.03508771929917 54
38.04385964912373 11
38.14035087719391 11
38.14912280701847 16
38.22807017543953 6
38.23684210526409 11
38.26315789473777 5
38.33333333333427 11
38.385964912281636 24
38.40350877193076 1
38.429824561404445 11
38.482456140351815 23
38.52631578947462 11
38.587719298246554 25
38.6228070175448 11
38.640350877193924 14
38.68421052631673 7
38.71052631579042 30
38.71929824561498 11
38.81578947368516 11
38.83333333333428 12
38.912280701755336 11
38.94736842105358 46
38.956140350878144 6
38.97368421052727 15
39.00000000000095 22
39.00000000000095 36
39.008771929825514 11
39.061403508772884 44
39.08771929824657 3
39.10526315789569 11
39.15789473684306 2
39.18421052631675 24
39.19298245614131 34
39.20175438596587 11
39.29824561403605 11
39.31578947368517 0
39.32456140350973 45
39.39473684210623 11
39.438596491229035 47
39.46491228070272 7
39.491228070176405 11
39.53508771929921 49
39.58771929824658 11
39.649122807018514 48
39.68421052631676 6
39.68421052631676 11
39.72807017543957 29
39.78070175438694 11
39.79824561403606 56
39.83333333333431 4
39.87719298245712 11
39.89473684210624 25
39.95614035087817 17
39.964912280702734 12
39.964912280702734 28
39.973684210527296 11
39.98245614035186 24
39.99122807017642 52
40.070175438597474 11
40.070175438597474 27
40.070175438597474 55
40.078947368422035 36
40.14912280701853 20
40.16666666666765 11
40.175438596492214 50
40.184210526316775 15
40.184210526316775 39
40.236842105264145 37
40.24561403508871 7
40.26315789473783 11
40.35964912280801 9
40.35964912280801 11
40.36842105263257 46
40.41228070175538 3
40.41228070175538 6
40.45614035087819 11
40.552631578948365 11
40.64912280701854 11
40.74561403508872 11
40.78070175438697 24
40.815789473685214 33
40.8421052631589 11
40.93859649122908 11
40.94736842105364 16
41.01754385965013 41
41.026315789474694 7
41.035087719299256 11
41.09649122807119 12
41.09649122807119 17
41.10526315789575 43
41.131578947369434 11
41.131578947369434 42
41.140350877193995 6
41.14912280701856 57
41.15789473684312 36
41.192982456141365 29
41.20175438596593 25
41.22807017543961 11
41.298245614036105 47
41.32456140350979 11
41.39473684210628 15
41.42105263157997 11
41.47368421052734 38
41.508771929825585 30
41.51754385965015 11
41.52631578947471 8
41.57894736842208 24
41.614035087720325 11
41.63157894736945 48
41.7105263157905 11
41.719298245615065 53
41.73684210526419 3
41.80701754386068 7
41.80701754386068 11
41.86842105263261 6
41.90350877193086 11
41.91228070175542 31
41.929824561404544 32
41.96491228070279 4
42.00000000000104 11
42.096491228071216 11
42.11403508772034 0
42.140350877194024 14
42.16666666666771 23
42.192982456141394 11
42.22807017543964 12
42.2368421052642 36
42.245614035088764 42
42.254385964913325 29
42.28947368421157 11
42.31578947368526 17
42.31578947368526 44
42.37719298245719 24
42.38596491228175 11
42.48245614035193 11
42.49122807017649 9
42.50877192982561 25
42.57894736842211 11
42.57894736842211 20
42.57894736842211 50
42.58771929824667 7
42.59649122807123 6
42.59649122807123 49
42.60526315789579 15
42.622807017544915 27
42.64035087719404 51
42.6491228070186 2
42.675438596492285 11
42.77192982456246 11
42.82456140350983 43
42.86842105263264 11
42.92982456140457 46
42.96491228070282 11
43.000000000001066 41
43.061403508773 3
43.061403508773 11
43.157894736843176 11
43.16666666666774 47
43.1754385964923 24
43.24561403508879 17
43.254385964913354 11
43.315789473685285 22
43.315789473685285 36
43.32456140350985 6
43.35087719298353 11
43.359649122808094 12
43.359649122808094 42
43.368421052632655 7
43.43859649122915 5
43.44736842105371 11
43.54385964912389 11
43.55263157894845 5
43.64035087719407 11
43.65789473684319 48
43.67543859649231 34
43.72807017543968 35
43.736842105264245 11
43.736842105264245 55
43.745614035088806 16
43.78070175438705 30
43.798245614036176 56
43.8157894736853 15
43.8157894736853 25
43.83333333333442 11
43.9298245614046 11
43.93859649122916 39
43.97368421052741 24
44.02631578947478 11
44.052631578948464 6
44.07017543859759 1
44.09649122807127 4
44.09649122807127 17
44.09649122807127 26
44.12280701754496 11
44.14912280701864 7
44.219298245615136 11
44.315789473685314 11
44.35964912280812 5
44.38596491228181 3
44.39473684210637 36
44.41228070175549 11
44.47368421052742 40
44.47368421052742 42
44.49122807017655 12
44.50877192982567 11
44.60526315789585 11
44.70175438596603 11
44.76315789473796 43
44.77192982456252 24
44.78070175438708 6
44.798245614036205 11
44.89473684210638 11
44.912280701755506 41
44.92982456140463 19
44.93859649122919 7
44.93859649122919 28
44.982456140352 50
44.99122807017656 11
45.008771929825684 0
45.008771929825684 20
45.02631578947481 15
45.03508771929937 47
45.070175438597616 27
45.08771929824674 11
45.122807017544986 25
45.175438596492356 17
45.18421052631692 11
45.24561403508885 37
45.24561403508885 37
45.280701754387096 11
45.34210526315903 46
45.35087719298359 33
45.377192982457274 11
45.47368421052745 11
45.47368421052745 36
45.5087719298257 6
45.57017543859763 11
45.57017543859763 24
45.58771929824675 42
45.622807017545 12
45.63157894736956 48
45.64035087719412 14
45.65789473684325 49
45.66666666666781 11
45.71052631579062 3
45.71929824561518 7
45.76315789473799 11
45.859649122808165 11
45.88596491228185 23
45.95614035087834 11
45.99122807017659 32
46.05263157894852 11
46.06140350877308 30
46.11403508772045 1
46.14035087719414 2
46.1491228070187 11
46.21052631579063 10
46.228070175439754 4
46.228070175439754 57
46.236842105264316 6
46.236842105264316 15
46.24561403508888 11
46.342105263159056 11
46.35087719298362 52
46.36842105263274 24
46.42982456140467 25
46.438596491229234 11
46.500000000001165 7
46.53508771929941 11
46.53508771929941 38
46.53508771929941 44
46.543859649123974 16
46.552631578948535 36
46.62280701754503 43
46.63157894736959 11
46.70175438596608 42
46.72807017543977 11
46.75438596491345 12
46.80701754386082 39
46.824561403509946 11
46.84210526315907 41
46.903508771931 47
46.921052631580125 11
46.96491228070293 6
46.99122807017662 8
47.0175438596503 11
47.035087719299426 3
47.078947368422234 55
47.10526315789592 9
47.11403508772048 11
47.14912280701873 17
47.16666666666785 24
47.21052631579066 11
47.28070175438715 7
47.30701754386084 11
47.33333333333452 29
47.38596491228189 50
47.403508771931016 11
47.43859649122926 20
47.447368421053824 15
47.47368421052751 1
47.500000000001194 11
47.500000000001194 53
47.51754385965032 27
47.59649122807137 11
47.60526315789593 0
47.60526315789593 48
47.63157894736962 22
47.63157894736962 36
47.69298245614155 6
47.69298245614155 11
47.73684210526436 25
47.78947368421173 11
47.81578947368541 42
47.86842105263278 34
47.885964912281906 11
47.885964912281906 12
47.89473684210647 56
47.96491228070296 24
47.982456140352085 11
47.982456140352085 17
48.06140350877314 7
48.07894736842226 11
48.17543859649244 11
48.27192982456262 11
48.34210526315911 30
48.34210526315911 43
48.359649122808236 3
48.359649122808236 4
48.3684210526328 11
48.42105263158017 6
48.44736842105385 44
48.464912280702976 11
48.561403508773154 11
48.5964912280714 51
48.65789473684333 11
48.65789473684333 15
48.7105263157907 36
48.71929824561526 46
48.71929824561526 49
48.75438596491351 11
48.76315789473807 24
48.77192982456263 47
48.84210526315913 7
48.84210526315913 9
48.85087719298369 11
48.85087719298369 17
48.92982456140474 42
48.947368421053866 11
49.01754385965036 12
49.043859649124045 11
49.043859649124045 25
49.043859649124045 57
49.14035087719422 11
49.14035087719422 14
49.149122807018784 6
49.2368421052644 11
49.263157894738086 26
49.33333333333458 11
49.34210526315914 16
49.42982456140476 11
49.526315789474936 11
49.55263157894862 39
49.56140350877318 24
49.58771929824687 48
49.60526315789599 23
49.622807017545114 7
49.622807017545114 11
49.631578947369675 2
49.675438596492484 17
49.684210526317045 3
49.684210526317045 3
49.71929824561529 11
49.789473684211785 36
49.789473684211785 50
49.81578947368547 11
49.83333333333459 43
49.86842105263284 15
49.86842105263284 20
49.8771929824574 6
49.91228070175565 11
49.91228070175565 28
49.97368421052758 27
50.008771929825826 11
50.03508771929951 44
50.04385964912407 42
50.052631578948635 46
50.07017543859776 35
50.105263157896005 11
50.14912280701881 12
50.1754385964925 0
50.20175438596618 11
50.25438596491355 37
50.29824561403636 11
50.35087719298373 25
50.35087719298373 55
50.35964912280829 24
50.39473684210654 11
50.4035087719311 7
50.44736842105391 1
50.49122807017672 4
50.49122807017672 11
50.50000000000128 17
50.587719298246896 11
50.60526315789602 6
50.61403508772058 9
50.62280701754514 30
50.640350877194265 47
50.64912280701883 32
50.684210526317074 11
50.78070175438725 11
50.78947368421181 33
50.80701754386094 45
50.86842105263287 36
50.87719298245743 11
50.96491228070305 10
50.97368421052761 11
50.99122807017673 44
51.008771929825855 3
51.070175438597786 11
51.07894736842235 15
51.1578947368434 24
51.1578947368434 42
51.166666666667965 11
51.18421052631709 7
51.26315789473814 11
51.280701754387266 12
51.28947368421183 43
51.324561403510074 17
51.333333333334636 6
51.35964912280832 11
51.4561403508785 11
51.482456140352184 38
51.55263157894868 11
51.5701754385978 48
51.649122807018855 11
51.649122807018855 44
51.65789473684342 25
51.745614035089034 11
51.78070175438728 41
51.78070175438728 49
51.84210526315921 11
51.859649122808335 51
51.93859649122939 11
51.94736842105395 22
51.94736842105395 36
51.95614035087851 24
51.964912280703075 7
52.03508771929957 11
52.04385964912413 46
52.06140350877325 6
52.06140350877325 34
52.131578947369746 11
52.14035087719431 16
52.14912280701887 17
52.19298245614168 50
52.228070175439925 11
52.27192982456273 42
52.27192982456273 54
52.289473684211856 15
52.29824561403642 20
52.3245614035101 11
52.333333333334664 3
52.333333333334664 9
52.37719298245747 40
52.41228070175572 12
52.42105263158028 8
52.42105263158028 11
52.42105263158028 27
52.42982456140484 53
52.5087719298259 47
52.51754385965046 11
52.61403508772064 11
52.6228070175452 4
52.64035087719432 14
52.710526315790815 11
52.74561403508906 7
52.754385964913624 24
52.78947368421187 6
52.807017543860994 11
52.90350877193117 11
52.90350877193117 30
52.9649122807031 25
52.973684210527665 17
53.00000000000135 11
53.026315789475035 36
53.09649122807153 11
53.12280701754521 2
53.192982456141706 11
53.289473684211885 11
53.32456140351013 23
53.38596491228206 11
53.38596491228206 42
53.48245614035224 11
53.500000000001364 15
53.508771929825926 44
53.51754385965049 6
53.51754385965049 43
53.52631578947505 7
53.54385964912417 12
53.54385964912417 48
53.552631578948734 24
53.552631578948734 39
53.57894736842242 11
53.657894736843474 3
53.6754385964926 11
53.771929824562775 11
53.79824561403646 17
53.85964912280839 46
53.868421052632954 11
53.929824561404885 26
53.93859649122945 55
53.95614035087857 57
53.96491228070313 11
54.035087719299625 9
54.04385964912419 41
54.06140350877331 11
54.087719298246995 45
54.10526315789612 36
54.15789473684349 11
54.245614035089105 6
54.254385964913666 11
54.27192982456279 25
54.307017543861036 7
54.350877192983845 11
54.350877192983845 24
54.36842105263297 47
54.39473684210665 44
54.44736842105402 11
54.50000000000139 42
54.5438596491242 11
54.59649122807157 50
54.622807017545256 17
54.64035087719438 11
54.675438596492626 12
54.70175438596631 52
54.71052631579087 15
54.71052631579087 32
54.728070175439996 20
54.73684210526456 11
54.75438596491368 0
54.75438596491368 4
54.78947368421193 56
54.833333333334735 11
54.8421052631593 49
54.86842105263298 27
54.885964912282105 28
54.885964912282105 31
54.92105263158035 10
54.929824561404914 11
54.938596491229475 16
54.97368421052772 6
54.982456140352284 3
55.02631578947509 5
55.02631578947509 11
55.08771929824702 7
55.12280701754527 11
55.149122807018955 24
55.17543859649264 30
55.1842105263172 36
55.21052631579089 33
55.21929824561545 11
55.26315789473826 37
55.315789473685626 11
55.32456140351019 51
55.412280701755805 11
55.44736842105405 17
55.50877192982598 11
55.517543859650544 44
55.517543859650544 48
55.578947368422476 25
55.60526315789616 11
55.61403508772072 42
55.70175438596634 6
55.70175438596634 11
55.70175438596634 35
55.70175438596634 43
55.74561403508915 9
55.789473684211956 46
55.79824561403652 11
55.80701754386108 12
55.8245614035102 29
55.86842105263301 7
55.894736842106695 11
55.92105263158038 15
55.92982456140494 41
55.947368421054065 24
55.991228070176874 11
56.08771929824705 11
56.14035087719442 14
56.18421052631723 11
56.2368421052646 47
56.25438596491372 34
56.263157894738285 22
56.263157894738285 36
56.27192982456285 17
56.28070175438741 11
56.30701754386109 3
56.377192982457586 11
56.421052631580395 39
56.429824561404956 6
56.473684210527765 11
56.57017543859794 11
56.60526315789619 8
56.61403508772075 2
56.649122807019 7
56.66666666666812 11
56.72807017544005 42
56.745614035089176 24
56.7631578947383 11
56.78070175438742 29
56.850877192983916 1
56.85964912280848 11
56.88596491228216 4
56.88596491228216 25
56.93859649122953 12
56.956140350878655 11
57.000000000001464 50
57.008771929826025 23
57.052631578948834 11
57.09649122807164 17
57.13157894736989 15
57.14912280701901 11
57.15789473684357 6
57.15789473684357 20
57.24561403508919 11
57.31578947368568 27
57.34210526315937 11
57.34210526315937 36
57.429824561404985 7
57.438596491229546 11
57.44736842105411 9
57.45614035087867 38
57.46491228070323 0
57.46491228070323 30
57.491228070176916 54
57.535087719299725 11
57.543859649124286 24
57.543859649124286 48
57.543859649124286 57
57.6315789473699 3
57.6315789473699 11
57.66666666666815 43
57.72807017544008 11
57.73684210526464 16
57.745614035089204 5
57.745614035089204 46
57.82456140351026 11
57.84210526315938 42
57.88596491228219 6
57.903508771931314 49
57.92105263158044 11
57.92105263158044 17
57.94736842105412 1
58.017543859650615 11
58.070175438597985 12
58.09649122807167 47
58.114035087720794 11
58.19298245614185 25
58.21052631579097 7
58.21052631579097 11
58.30701754386115 11
58.3421052631594 15
58.3421052631594 24
58.40350877193133 11
58.42105263158045 36
58.500000000001506 11
58.596491228071685 11
58.61403508772081 6
58.69298245614186 11
58.74561403508923 17
58.78947368421204 11
58.82456140351029 26
58.868421052633096 10
58.88596491228222 11
58.95614035087871 3
58.95614035087871 42
58.9824561403524 11
58.99122807017696 7
59.017543859650644 4
59.078947368422575 11
59.14035087719451 24
59.15789473684363 9
59.175438596492754 11
59.20175438596644 12
59.21929824561556 53
59.26315789473837 52
59.27192982456293 11
59.342105263159425 6
59.36842105263311 11
59.37719298245767 32
59.40350877193136 50
59.45614035087873 1
59.46491228070329 11
59.46491228070329 51
59.500000000001535 25
59.500000000001535 36
59.51754385965066 31
59.552631578948905 15
59.561403508773466 11
59.57017543859803 17
59.57017543859803 48
59.58771929824715 20
59.58771929824715 43
59.64035087719452 14
59.657894736843645 11
59.7368421052647 30
59.75438596491382 11
59.763157894738384 27
59.763157894738384 39
59.771929824562946 7
59.78947368421207 33
59.824561403510316 41
59.850877192984 11
59.85964912280856 28
59.93859649122962 24
59.94736842105418 11
59.9649122807033 47
