0.017543859649122806 11
0.07017543859649122 51
0.07894736842105263 45
0.09649122807017543 50
0.11403508771929824 43
0.15789473684210525 15
0.18421052631578946 39
0.18421052631578946 57
0.21929824561403508 26
0.2543859649122807 44
0.26315789473684215 47
0.2719298245614036 11
0.280701754385965 25
0.32456140350877216 53
0.41228070175438647 0
0.4473684210526322 7
0.4824561403508779 41
0.49122807017543935 8
0.5701754385964922 34
0.6315789473684222 35
0.7105263157894751 1
0.7368421052631594 27
0.7456140350877208 33
0.7543859649122823 17
0.7719298245614051 16
0.7982456140350894 24
0.8684210526315809 20
0.8771929824561423 28
0.8947368421052652 36
0.8947368421052652 37
0.9561403508771952 42
1.1842105263157923 7
1.2280701754385994 14
1.2456140350877223 6
1.342105263157898 23
1.3947368421052666 22
1.4298245614035123 58
1.4736842105263195 15
1.6754385964912324 36
1.6842105263157938 24
1.912280701754391 7
1.9824561403508825 6
2.0438596491228114 43
2.10526315789474 47
2.1666666666666683 1
2.3421052631578925 11
2.3421052631578925 55
2.368421052631576 10
2.412280701754382 54
2.456140350877188 36
2.5614035087719227 24
2.6315789473684124 17
2.6491228070175348 7
2.6754385964912184 41
2.7192982456140244 6
2.7280701754385857 11
2.7280701754385857 25
2.7280701754385857 57
2.736842105263147 8
2.745614035087708 2
2.745614035087708 3
2.7719298245613917 4
2.789473684210514 15
2.83333333333332 9
2.8421052631578814 39
3.2192982456140133 29
3.2368421052631358 36
3.3070175438596254 44
3.377192982456115 7
3.377192982456115 51
3.421052631578921 42
3.421052631578921 50
3.4298245614034824 24
3.456140350877166 6
3.5964912280701453 27
3.6491228070175126 11
3.7192982456140022 17
3.754385964912247 43
3.7631578947368083 16
3.7631578947368083 44
3.9035087719297876 47
4.017543859649084 36
4.0614035087718925 25
4.096491228070139 15
4.105263157894701 7
4.105263157894701 20
4.192982456140317 6
4.245614035087687 3
4.298245614035057 24
4.605263157894715 42
4.6315789473684 58
4.657894736842085 0
4.701754385964893 44
4.763157894736825 34
4.798245614035071 36
4.833333333333318 7
4.885964912280688 14
4.929824561403496 6
5.026315789473674 53
5.0964912280701675 11
5.114035087719291 4
5.166666666666661 24
5.192982456140346 57
5.254385964912277 26
5.342105263157894 8
5.342105263157894 39
5.37719298245614 35
5.385964912280702 45
5.394736842105264 1
5.412280701754387 15
5.561403508771935 7
5.578947368421058 36
5.666666666666675 6
5.701754385964922 33
5.701754385964922 47
5.710526315789483 25
5.74561403508773 3
5.85087719298247 50
5.859649122807031 28
5.912280701754401 17
5.921052631578963 37
5.9298245614035245 9
5.947368421052648 11
6.017543859649141 42
6.035087719298264 24
6.061403508771949 44
6.228070175438621 2
6.280701754385991 23
6.289473684210552 7
6.324561403508799 22
6.3596491228070455 36
6.3859649122807305 29
6.403508771929854 6
6.5877192982456485 11
6.692982456140388 51
6.70175438596495 17
6.719298245614073 15
6.75438596491232 16
6.903508771929868 24
7.000000000000046 55
7.0175438596491695 7
7.0438596491228544 25
7.131578947368471 41
7.140350877193033 6
7.140350877193033 36
7.140350877193033 43
7.184210526315841 1
7.368421052631636 20
7.412280701754444 48
7.473684210526375 54
7.491228070175499 47
7.736842105263225 57
7.745614035087787 7
7.745614035087787 17
7.771929824561472 24
7.833333333333403 58
7.8771929824562115 6
7.92105263157902 36
8.02631578947376 15
8.263157894736924 0
8.377192982456226 25
8.473684210526404 7
8.500000000000089 8
8.500000000000089 50
8.517543859649212 14
8.596491228070267 44
8.61403508771939 6
8.640350877193075 24
8.701754385965007 36
8.710526315789568 17
8.728070175438692 29
8.842105263157993 9
9.078947368421158 34
9.078947368421158 39
9.201754385965021 7
9.201754385965021 42
9.24561403508783 11
9.271929824561514 47
9.333333333333446 15
9.35087719298257 6
9.447368421052747 27
9.482456140350994 36
9.508771929824679 24
9.526315789473802 41
9.535087719298364 17
9.666666666666789 1
9.710526315789597 2
9.710526315789597 25
9.745614035087844 16
9.842105263158022 45
9.859649122807145 53
9.88596491228083 11
9.929824561403638 7
9.964912280701885 44
10.087719298245748 6
10.140350877193118 43
10.166666666666803 51
10.175438596491365 48
10.263157894736981 36
10.342105263158036 17
10.377192982456283 24
10.456140350877337 35
10.464912280701899 33
10.543859649122954 11
10.5789473684212 44
10.640350877193132 15
10.657894736842255 7
10.666666666666817 26
10.692982456140502 22
10.824561403508927 6
10.850877192982612 28
10.859649122807173 0
10.94736842105279 37
11.043859649122968 25
11.043859649122968 36
11.05263157894753 47
11.096491228070338 50
11.166666666666831 57
11.245614035087886 24
11.307017543859818 42
11.342105263158064 58
11.385964912280873 7
11.385964912280873 11
11.491228070175612 17
11.491228070175612 44
11.508771929824736 55
11.561403508772106 6
11.561403508772106 29
11.701754385965092 20
11.736842105263339 41
11.824561403508955 36
11.842105263158079 8
11.894736842105448 9
11.947368421052818 15
11.991228070175627 1
12.11403508771949 7
12.11403508771949 24
12.149122807017736 14
12.184210526315983 48
12.263157894737038 54
12.289473684210723 17
12.298245614035284 6
12.333333333333531 11
12.37719298245634 25
12.526315789473887 11
12.54385964912301 42
12.587719298245819 27
12.605263157894942 36
12.64912280701775 23
12.736842105263367 16
12.842105263158107 7
12.842105263158107 47
12.903508771930039 43
12.929824561403723 39
12.982456140351093 24
13.035087719298463 6
13.087719298245833 17
13.192982456140573 2
13.254385964912505 15
13.28070175438619 34
13.298245614035313 11
13.38596491228093 36
13.570175438596724 7
13.631578947368656 50
13.701754385965149 44
13.71052631578971 0
13.71052631578971 25
13.771929824561642 6
13.780701754386204 9
13.833333333333574 42
13.850877192982697 24
13.885964912280944 17
13.956140350877437 8
14.0789473684213 1
14.096491228070423 20
14.166666666666917 36
14.298245614035341 7
14.508771929824821 6
14.561403508772191 15
14.631578947368684 47
14.675438596491492 58
14.684210526316054 17
14.7192982456143 24
14.842105263158164 29
14.868421052631849 41
14.868421052631849 53
14.903508771930095 22
14.947368421052904 36
14.947368421052904 43
15.026315789473959 7
15.043859649123082 25
15.131578947368698 42
15.184210526316068 33
15.228070175438877 26
15.245614035088 6
15.394736842105548 10
15.40350877193011 3
15.482456140351164 17
15.552631578947658 1
15.587719298245904 24
15.649122807017836 9
15.72807017543889 16
15.72807017543889 36
15.72807017543889 36
15.745614035088014 55
15.754385964912576 7
15.78070175438626 14
15.798245614035384 45
15.807017543859946 11
15.824561403509069 4
15.83333333333363 28
15.868421052631877 15
15.973684210526617 37
15.982456140351179 6
16.070175438596795 27
16.09649122807048 50
16.15789473684241 8
16.236842105263467 29
16.280701754386275 17
16.377192982456453 25
16.429824561403823 20
16.438596491228385 47
16.456140350877508 24
16.482456140351193 7
16.508771929824878 36
16.67543859649155 2
16.68421052631611 35
16.68421052631611 42
16.719298245614358 6
16.903508771930152 3
16.921052631579276 39
16.921052631579276 48
17.00000000000033 1
17.078947368421385 17
17.175438596491563 15
17.21052631578981 7
17.245614035088057 44
17.27192982456174 41
17.289473684210865 36
17.32456140350911 24
17.385964912281043 29
17.394736842105605 57
17.456140350877536 6
17.47368421052666 34
17.517543859649468 9
17.710526315789824 25
17.877192982456496 17
17.89473684210562 51
17.929824561403866 23
17.938596491228427 7
18.070175438596852 36
18.192982456140715 6
18.192982456140715 24
18.228070175438962 47
18.359649122807387 54
18.403508771930195 3
18.421052631579318 1
18.48245614035125 15
18.500000000000373 42
18.53508771929862 50
18.570175438596866 58
18.666666666667044 7
18.666666666667044 17
18.70175438596529 8
18.719298245614414 16
18.85087719298284 36
18.90350877193021 44
18.929824561403894 6
18.938596491228456 11
18.95614035087758 4
19.043859649123196 25
19.06140350877232 24
19.11403508771969 22
19.307017543860045 27
19.39473684210566 7
19.39473684210566 9
19.403508771930223 14
19.456140350877593 43
19.464912280702155 17
19.587719298246018 20
19.631578947368826 36
19.666666666667073 6
19.70175438596532 42
19.736842105263566 48
19.789473684210936 15
19.885964912281114 33
19.903508771930237 3
19.9122807017548 53
19.929824561403922 24
19.956140350877607 0
20.000000000000416 10
20.01754385964954 47
20.035087719298662 26
20.043859649123224 44
20.12280701754428 7
20.157894736842525 2
20.157894736842525 41
20.192982456140772 57
20.263157894737265 17
20.28947368421095 55
20.307017543860074 11
20.377192982456567 25
20.40350877193025 6
20.412280701754813 36
20.640350877193416 29
20.798245614035526 1
20.798245614035526 24
20.807017543860088 28
20.850877192982896 7
20.850877192982896 42
20.87719298245658 50
21.000000000000444 37
21.043859649123252 4
21.061403508772376 17
21.0789473684215 39
21.096491228070622 15
21.14035087719343 6
21.1929824561408 36
21.1929824561408 45
21.23684210526361 51
21.271929824561855 9
21.40350877193028 3
21.57017543859695 8
21.578947368421513 7
21.66666666666713 24
21.67543859649169 34
21.710526315789938 16
21.710526315789938 25
21.754385964912746 27
21.807017543860116 47
21.842105263158363 58
21.859649122807486 17
21.87719298245661 6
21.973684210526788 36
22.000000000000473 42
22.052631578947842 48
22.061403508772404 20
22.271929824561884 43
22.30701754386013 7
22.35087719298294 29
22.40350877193031 15
22.491228070175925 1
22.535087719298733 24
22.614035087719788 6
22.657894736842596 17
22.692982456140843 54
22.754385964912775 36
22.78070175438646 23
22.903508771930323 3
23.026315789474186 14
23.035087719298748 7
23.04385964912331 25
23.122807017544364 4
23.140350877193487 9
23.219298245614542 41
23.228070175439104 11
23.31578947368472 22
23.31578947368472 42
23.333333333333844 50
23.350877192982967 6
23.403508771930337 24
23.456140350877707 17
23.53508771929876 36
23.596491228070693 47
23.6403508771935 2
23.6403508771935 35
23.649122807018063 29
23.710526315789995 15
23.73684210526368 11
23.763157894737365 7
23.771929824561926 39
23.824561403509296 0
23.929824561404036 1
24.00877192982509 11
24.00877192982509 48
24.087719298246146 6
24.122807017544392 10
24.192982456140886 27
24.254385964912817 17
24.27192982456194 24
24.27192982456194 44
24.27192982456194 53
24.307017543860187 57
24.31578947368475 36
24.37719298245668 25
24.403508771930365 3
24.491228070175982 7
24.570175438597037 51
24.657894736842653 11
24.666666666667215 8
24.70175438596546 16
24.736842105263708 42
24.824561403509325 6
24.842105263158448 55
25.00877192982512 9
25.00877192982512 45
25.01754385964968 15
25.052631578947928 17
25.052631578947928 26
25.096491228070736 36
25.105263157895298 20
25.140350877193544 24
25.201754385965476 4
25.2192982456146 7
25.22807017543916 11
25.254385964912846 29
25.37719298245671 47
25.394736842105832 44
25.561403508772504 6
25.58771929824619 11
25.666666666667243 33
25.675438596491805 50
25.71052631579005 25
25.780701754386545 28
25.789473684211107 11
25.850877192983038 17
25.86842105263216 34
25.877192982456723 36
25.894736842105846 42
25.903508771930408 3
25.947368421053216 7
26.008771929825148 24
26.02631578947427 37
26.105263157895326 44
26.149122807018134 1
26.298245614035682 6
26.324561403509367 15
26.570175438597094 43
26.64912280701815 14
26.64912280701815 17
26.65789473684271 36
26.675438596491833 7
26.789473684211135 27
26.87719298245675 24
26.885964912281313 9
27.0263157894743 23
27.03508771929886 6
27.043859649123423 25
27.07894736842167 48
27.07894736842167 58
27.122807017544478 2
27.18421052631641 47
27.228070175439218 8
27.280701754386588 4
27.29824561403571 42
27.333333333333957 11
27.40350877193045 3
27.40350877193045 7
27.438596491228697 36
27.438596491228697 41
27.44736842105326 17
27.44736842105326 44
27.464912280702382 39
27.517543859649752 22
27.596491228070807 29
27.631578947369054 15
27.692982456140985 16
27.745614035088355 24
27.77192982456204 6
27.921052631579588 11
27.93859649122871 53
27.947368421053273 54
28.03508771929889 51
28.052631578948013 57
28.078947368421698 50
28.131578947369068 7
28.219298245614684 36
28.24561403508837 17
28.29824561403574 0
28.29824561403574 11
28.324561403509424 10
28.35087719298311 1
28.377192982456794 25
28.473684210526972 35
28.491228070176096 42
28.50877192982522 6
28.51754385964978 20
28.51754385964978 43
28.61403508771996 24
28.754385964912945 9
28.84210526315856 29
28.859649122807685 7
28.903508771930493 3
28.93859649122874 15
28.964912280702425 47
29.00000000000067 36
29.04385964912348 17
29.114035087719973 48
29.245614035088398 6
29.3596491228077 4
29.482456140351562 24
29.500000000000686 45
29.587719298246302 7
29.710526315790165 25
29.763157894737535 42
29.78070175438666 36
29.84210526315859 17
29.982456140351577 6
30.11403508772 41
30.122807017544563 44
30.131578947369125 55
30.15789473684281 39
30.245614035088426 15
30.27192982456211 14
30.31578947368492 7
30.350877192983166 24
30.403508771930536 3
30.42105263157966 50
30.456140350877906 33
30.456140350877906 34
30.5263157894744 27
30.561403508772646 36
30.605263157895454 2
30.63157894736914 9
30.6403508771937 8
30.6403508771937 17
30.68421052631651 11
30.68421052631651 16
30.719298245614755 6
30.74561403508844 47
30.754385964913002 28
30.912280701755112 42
30.991228070176167 23
31.035087719298975 0
31.043859649123537 7
31.043859649123537 25
31.052631578948098 37
31.131578947369153 58
31.21929824561477 24
31.342105263158633 36
31.368421052632318 20
31.38596491228144 43
31.43859649122881 4
31.43859649122881 17
31.43859649122881 26
31.456140350877934 6
31.49122807017618 57
31.552631578948112 15
31.552631578948112 48
31.719298245614784 22
31.771929824562154 7
31.90350877193058 3
31.938596491228825 51
31.97368421052707 53
32.061403508772685 42
32.07894736842181 29
32.08771929824637 24
32.122807017544616 11
32.122807017544616 36
32.19298245614111 6
32.23684210526392 17
32.377192982456904 25
32.50000000000077 7
32.50877192982533 9
32.51754385964989 39
32.52631578947445 47
32.76315789473762 50
32.859649122807795 15
32.9035087719306 36
32.92982456140429 6
32.93859649122885 8
32.94736842105341 11
32.95614035087797 24
33.00877192982534 27
33.03508771929903 17
33.11403508772008 54
33.228070175439385 7
33.342105263158686 29
33.40350877193062 3
33.45614035087799 48
33.51754385964992 4
33.543859649123604 0
33.596491228070974 1
33.66666666666747 6
33.67543859649203 16
33.68421052631659 36
33.710526315790275 11
33.710526315790275 25
33.710526315790275 45
33.82456140350958 24
33.83333333333414 17
33.89473684210607 14
33.91228070175519 20
33.956140350878 7
34.026315789474495 43
34.03508771929906 10
34.06140350877274 42
34.08771929824643 2
34.11403508772011 55
34.16666666666748 15
34.30701754386047 47
34.33333333333415 57
34.3684210526324 41
34.37719298245696 9
34.394736842106084 58
34.403508771930646 6
34.41228070175521 35
34.46491228070258 36
34.63157894736925 17
34.64912280701837 34
34.68421052631662 7
34.69298245614118 24
34.79824561403592 44
34.85087719298329 1
34.90350877193066 3
34.91228070175522 23
35.04385964912365 25
35.10526315789558 50
35.140350877193825 6
35.21052631579032 42
35.245614035088565 36
35.28070175438681 11
35.37719298245699 8
35.412280701755236 7
35.42982456140436 17
35.47368421052717 15
35.49122807017629 39
35.561403508772784 24
35.59649122807103 4
35.59649122807103 29
35.728070175439456 28
35.877192982457004 6
35.92105263157981 22
35.929824561404374 44
35.982456140351744 48
36.00877192982543 43
36.02631578947455 0
36.02631578947455 36
36.07017543859736 11
36.07894736842192 37
36.08771929824648 47
36.14035087719385 7
36.22807017543947 17
36.24561403508859 9
36.263157894737716 1
36.33333333333421 20
36.359649122807895 42
36.37719298245702 25
36.4035087719307 3
36.42982456140439 24
36.54385964912369 41
36.55263157894825 26
36.55263157894825 33
36.61403508772018 6
36.66666666666755 16
36.780701754386854 15
36.80701754386054 36
36.80701754386054 36
36.86842105263247 7
36.938596491228964 29
36.97368421052721 11
37.02631578947458 17
37.105263157895635 51
37.1140350877202 57
37.29824561403599 24
37.35087719298336 6
37.43859649122898 53
37.44736842105354 1
37.44736842105354 50
37.46491228070266 8
37.50877192982547 42
37.50877192982547 54
37.51754385965003 14
37.54385964912372 11
37.5701754385974 2
37.587719298246526 36
37.59649122807109 7
37.67543859649214 4
37.71052631579039 25
37.82456140350969 17
37.83333333333425 55
37.8684210526325 47
37.903508771930746 3
37.92982456140443 27
38.07894736842198 44
38.08771929824654 6
38.08771929824654 15
38.12280701754479 9
38.13157894736935 48
38.166666666667595 24
38.324561403509705 7
38.324561403509705 39
38.36842105263251 36
38.491228070176376 58
38.51754385965006 41
38.6228070175448 17
38.65789473684305 42
38.692982456141294 1
38.72807017543954 0
38.76315789473779 10
38.81578947368516 23
38.82456140350972 6
38.84210526315884 34
39.0350877192992 24
39.04385964912376 25
39.05263157894832 7
39.1491228070185 36
39.28947368421149 11
39.31578947368517 43
39.39473684210623 15
39.40350877193079 3
39.42105263157991 17
39.52631578947465 29
39.5614035087729 6
39.596491228071145 11
39.649122807018514 47
39.657894736843076 16
39.657894736843076 45
39.68421052631676 57
39.754385964913254 4
39.78070175438694 7
39.7894736842115 50
39.807017543860624 42
39.9035087719308 24
39.92982456140449 36
40.00000000000098 9
40.10526315789572 48
40.122807017544844 22
40.21929824561502 17
40.29824561403608 6
40.37719298245713 25
40.508771929825556 7
40.51754385965012 41
40.64912280701854 1
40.70175438596591 15
40.710526315790474 36
40.7280701754396 8
40.73684210526416 28
40.74561403508872 27
40.771929824562406 24
40.80701754386065 43
40.83333333333434 29
40.90350877193083 3
40.921052631579954 44
40.93859649122908 20
40.9561403508782 11
40.9561403508782 42
41.01754385965013 17
41.035087719299256 6
41.05263157894838 2
41.10526315789575 37
41.140350877193995 14
41.21052631579049 11
41.236842105264174 7
41.236842105264174 33
41.28947368421154 26
41.42982456140453 47
41.49122807017646 36
41.64035087719401 24
41.7105263157905 25
41.771929824562434 6
41.78947368421156 55
41.80701754386068 11
41.81578947368524 17
41.833333333334366 4
41.85964912280805 29
41.86842105263261 9
41.94736842105367 58
41.95614035087823 35
41.96491228070279 7
42.0087719298256 15
42.10526315789578 42
42.1228070175449 53
42.192982456141394 0
42.21929824561508 54
42.27192982456245 36
42.40350877193087 3
42.42982456140456 44
42.50877192982561 6
42.50877192982561 24
42.56140350877298 43
42.61403508772035 17
42.622807017544915 41
42.6491228070186 16
42.69298245614141 7
42.71929824561509 23
42.71929824561509 57
42.77192982456246 50
42.85087719298352 39
42.885964912281764 8
42.885964912281764 10
42.947368421053696 51
42.98245614035194 1
43.03508771929931 34
43.043859649123874 25
43.052631578948436 36
43.061403508773 29
43.210526315790545 47
43.24561403508879 6
43.254385964913354 42
43.315789473685285 15
43.37719298245722 24
43.41228070175546 17
43.421052631580025 7
43.421052631580025 20
43.5175438596502 48
43.701754385966 27
43.736842105264245 9
43.83333333333442 36
43.903508771930916 3
43.903508771930916 45
43.91228070175548 4
43.91228070175548 11
43.98245614035197 6
44.14912280701864 7
44.210526315790574 17
44.24561403508882 24
44.324561403509875 22
44.377192982457245 25
44.40350877193093 42
44.46491228070286 44
44.535087719299355 2
44.587719298246725 29
44.61403508772041 36
44.62280701754497 15
44.71929824561515 6
44.76315789473796 14
44.87719298245726 7
44.99122807017656 47
45.008771929825684 17
45.03508771929937 1
45.0964912280713 41
45.114035087720424 24
45.114035087720424 50
45.228070175439726 58
45.3947368421064 36
45.40350877193096 3
45.45614035087833 6
45.482456140352014 8
45.50000000000114 43
45.50000000000114 44
45.55263157894851 42
45.58771929824675 0
45.60526315789588 7
45.60526315789588 9
45.64035087719412 16
45.66666666666781 29
45.71052631579062 25
45.71052631579062 28
45.807017543860795 17
45.82456140350992 33
45.87719298245729 11
45.92982456140466 15
45.98245614035203 24
45.99122807017659 4
46.0350877192994 48
46.070175438597644 26
46.09649122807133 53
46.11403508772045 27
46.131578947369576 37
46.175438596492384 36
46.19298245614151 6
46.228070175439754 57
46.333333333334494 7
46.605263157895905 17
46.62280701754503 20
46.62280701754503 23
46.657894736843275 55
46.70175438596608 42
46.7894736842117 47
46.83333333333451 51
46.85087719298363 24
46.88596491228188 35
46.903508771931 3
46.929824561404686 6
46.94736842105381 43
46.95614035087837 36
47.035087719299426 54
47.04385964912399 25
47.06140350877311 7
47.16666666666785 11
47.22807017543978 34
47.236842105264344 15
47.28070175438715 44
47.30701754386084 29
47.403508771931016 17
47.4298245614047 11
47.456140350878385 50
47.47368421052751 1
47.48245614035207 9
47.666666666667865 6
47.68421052631699 41
47.719298245615235 24
47.719298245615235 44
47.73684210526436 36
47.78947368421173 7
47.85087719298366 42
47.885964912281906 11
48.01754385965033 2
48.0701754385977 4
48.149122807018756 11
48.15789473684332 48
48.201754385966126 17
48.21052631579069 44
48.350877192983674 43
48.37719298245736 25
48.38596491228192 14
48.403508771931044 3
48.403508771931044 6
48.42982456140473 0
48.44736842105385 45
48.517543859650345 7
48.517543859650345 36
48.52631578947491 22
48.52631578947491 27
48.54385964912403 15
48.570175438597715 47
48.58771929824684 24
48.63157894736965 16
48.76315789473807 1
49.000000000001236 17
49.000000000001236 42
49.07894736842229 39
49.14035087719422 6
49.22807017543984 57
49.24561403508896 7
49.29824561403633 36
49.368421052632826 58
49.39473684210651 9
49.45614035087844 24
49.464912280703004 20
49.71052631579073 11
49.71052631579073 25
49.75438596491354 8
49.79824561403635 17
49.79824561403635 50
49.81578947368547 10
49.842105263159155 29
49.85087719298372 15
49.86842105263284 1
49.8771929824574 6
49.90350877193109 3
49.97368421052758 7
49.97368421052758 11
50.07017543859776 53
50.07894736842232 36
50.14912280701881 4
50.315789473685484 51
50.324561403510046 24
50.35087719298373 47
50.44736842105391 41
50.526315789474964 23
50.55263157894865 44
50.59649122807146 17
50.61403508772058 6
50.62280701754514 42
50.65789473684339 43
50.684210526317074 28
50.7017543859662 7
50.71052631579076 48
50.85964912280831 36
51.02631578947498 27
51.0438596491241 25
51.07894736842235 44
51.1578947368434 15
51.1578947368434 37
51.19298245614165 24
51.26315789473814 9
51.29824561403639 1
51.35087719298376 6
51.39473684210657 17
51.40350877193113 3
51.429824561404814 7
51.429824561404814 34
51.491228070176746 39
51.50000000000131 2
51.51754385965043 33
51.62280701754517 0
51.62280701754517 16
51.640350877194294 36
51.77192982456272 42
51.87719298245746 29
52.00000000000132 55
52.00877192982588 14
52.06140350877325 24
52.08771929824694 6
52.131578947369746 47
52.131578947369746 54
52.14035087719431 50
52.15789473684343 7
52.19298245614168 17
52.20175438596624 20
52.228070175439925 4
52.37719298245747 25
52.42105263158028 36
52.46491228070309 15
52.47368421052765 43
52.72807017543994 22
52.74561403508906 45
52.77192982456275 58
52.82456140351012 6
52.88596491228205 7
52.90350877193117 3
52.921052631580295 42
52.92982456140486 24
52.99122807017679 17
53.04385964912416 29
53.14035087719434 9
53.14035087719434 41
53.17543859649258 35
53.20175438596627 36
53.36842105263294 57
53.52631578947505 11
53.561403508773296 6
53.614035087720666 7
53.710526315790844 25
53.771929824562775 15
53.7894736842119 17
53.79824561403646 24
53.85087719298383 8
53.929824561404885 47
53.93859649122945 43
53.95614035087857 51
53.982456140352255 36
54.0175438596505 44
54.07017543859787 42
54.21052631579086 0
54.23684210526454 1
54.298245614036475 6
54.307017543861036 4
54.34210526315928 7
54.403508771931214 3
54.42105263158034 23
54.48245614035227 50
54.517543859650516 48
54.58771929824701 17
54.60526315789613 27
54.614035087720694 16
54.666666666668064 24
54.74561403508912 11
54.76315789473824 36
54.78947368421193 29
54.982456140352284 2
55.01754385965053 9
55.03508771929965 6
55.043859649124215 25
55.0701754385979 7
55.07894736842246 15
55.1842105263172 11
55.21929824561545 42
55.315789473685626 26
55.34210526315931 43
55.38596491228212 17
55.53508771929967 24
55.54385964912423 36
55.578947368422476 55
55.622807017545284 34
55.631578947369846 14
55.65789473684353 28
55.7105263157909 47
55.77192982456283 6
55.79824561403652 7
55.90350877193126 3
55.90350877193126 53
55.97368421052775 44
56.105263157896175 20
56.18421052631723 17
56.18421052631723 37
56.25438596491372 1
56.27192982456285 11
56.32456140351022 36
56.32456140351022 44
56.34210526315934 39
56.35964912280846 57
56.368421052633025 29
56.368421052633025 42
56.377192982457586 25
56.38596491228215 4
56.38596491228215 15
56.40350877193127 24
56.473684210527765 11
56.50877192982601 6
56.526315789475134 7
56.70175438596637 48
56.71929824561549 45
56.75438596491374 41
56.789473684211984 0
56.82456140351023 50
56.8771929824576 58
56.92982456140497 9
56.92982456140497 22
56.98245614035234 17
57.01754385965059 27
57.1052631578962 36
57.18421052631726 33
57.24561403508919 6
57.25438596491375 7
57.271929824562875 24
57.4035087719313 3
57.491228070176916 47
57.5175438596506 42
57.55263157894885 43
57.57017543859797 51
57.60526315789622 8
57.60526315789622 16
57.61403508772078 29
57.692982456141834 15
57.71052631579096 25
57.73684210526464 1
57.76315789473833 54
57.78070175438745 17
57.88596491228219 36
57.98245614035237 6
57.98245614035237 7
58.14035087719448 24
58.31578947368571 35
58.32456140351027 23
58.46491228070326 2
58.46491228070326 4
58.52631578947519 44
58.57894736842256 17
58.66666666666818 36
58.66666666666818 42
58.710526315790986 7
58.71929824561555 6
58.807017543861164 9
58.868421052633096 29
58.90350877193134 3
59.00000000000152 15
59.00877192982608 24
59.04385964912433 25
59.10526315789626 41
59.131578947369945 43
59.16666666666819 50
59.25438596491381 14
59.289473684212055 47
59.3245614035103 1
59.37719298245767 17
59.38596491228223 48
59.42105263158048 0
59.42982456140504 27
59.4385964912296 7
59.447368421054165 36
59.45614035087873 6
59.78947368421207 55
59.815789473685754 34
59.815789473685754 42
59.85964912280856 26
59.877192982457686 24
59.94736842105418 8
