0.02631578947368421 44
0.03508771929824561 40
0.03508771929824561 50
0.07017543859649122 48
0.15789473684210525 31
0.18421052631578946 47
0.20175438596491227 38
0.21052631578947367 16
0.21929824561403508 23
0.21929824561403508 25
0.22807017543859648 18
0.22807017543859648 24
0.24561403508771928 1
0.24561403508771928 58
0.26315789473684215 4
0.2719298245614036 2
0.280701754385965 15
0.28947368421052644 0
0.3070175438596493 34
0.31578947368421073 7
0.37719298245614075 14
0.37719298245614075 35
0.3947368421052636 6
0.4561403508771936 22
0.46491228070175505 43
0.4736842105263165 41
0.49122807017543935 27
0.5175438596491236 44
0.5877192982456151 30
0.6228070175438608 11
0.7456140350877208 36
0.7543859649122823 28
0.8070175438596509 32
0.8245614035087737 18
0.850877192982458 44
0.8684210526315809 20
0.9649122807017566 39
1.0087719298245637 5
1.0087719298245637 59
1.017543859649125 42
1.035087719298248 29
1.0438596491228094 37
1.0526315789473708 7
1.0701754385964937 54
1.096491228070178 24
1.1228070175438623 6
1.1403508771929851 57
1.1491228070175465 26
1.2894736842105294 17
1.3070175438596523 45
1.5964912280701795 15
1.6403508771929867 36
1.789473684210531 7
1.850877192982461 6
1.8947368421052682 5
1.9298245614035139 18
1.9649122807017596 24
2.0175438596491277 47
2.026315789473689 59
2.070175438596495 43
2.114035087719301 44
2.201754385964913 42
2.3947368421052597 11
2.403508771929821 25
2.403508771929821 56
2.482456140350872 50
2.5087719298245554 5
2.526315789473678 7
2.535087719298239 36
2.5614035087719227 48
2.578947368421045 6
2.657894736842096 10
2.83333333333332 24
2.83333333333332 29
2.859649122807004 0
2.912280701754371 15
2.912280701754371 30
3.254385964912258 7
3.280701754385942 4
3.289473684210503 3
3.298245614035064 55
3.3070175438596254 6
3.377192982456115 18
3.421052631578921 27
3.4298245614034824 36
3.4298245614034824 59
3.4736842105262884 1
3.666666666666635 16
3.70175438596488 24
3.7807017543859307 20
3.8070175438596143 2
3.8596491228069816 47
3.92105263157891 31
3.9824561403508385 7
3.9912280701753997 18
4.0350877192982075 6
4.052631578947331 43
4.105263157894701 17
4.122807017543824 53
4.131578947368386 14
4.157894736842071 23
4.166666666666632 39
4.192982456140317 44
4.219298245614002 15
4.2368421052631255 58
4.254385964912249 5
4.324561403508742 36
4.385964912280674 18
4.438596491228044 57
4.543859649122783 44
4.570175438596468 24
4.622807017543838 11
4.6666666666666465 22
4.6929824561403315 3
4.710526315789455 7
4.7192982456140165 18
4.745614035087701 1
4.763157894736825 6
4.763157894736825 41
4.78947368421051 29
4.938596491228058 48
4.947368421052619 59
4.964912280701743 42
5.087719298245606 38
5.166666666666661 17
5.175438596491222 50
5.210526315789469 30
5.219298245614031 36
5.254385964912277 11
5.2982456140350855 49
5.315789473684209 25
5.315789473684209 54
5.3245614035087705 45
5.342105263157894 5
5.359649122807017 4
5.438596491228072 24
5.447368421052634 7
5.491228070175442 6
5.5263157894736885 15
5.58771929824562 35
5.684210526315798 47
5.789473684210538 5
5.7982456140351 28
6.017543859649141 37
6.052631578947388 40
6.070175438596511 44
6.096491228070196 3
6.114035087719319 36
6.140350877193004 26
6.1842105263158125 7
6.201754385964936 20
6.219298245614059 6
6.280701754385991 59
6.307017543859676 24
6.315789473684237 18
6.403508771929854 29
6.403508771929854 43
6.54385964912284 10
6.657894736842142 16
6.719298245614073 32
6.824561403508813 0
6.833333333333375 15
6.91228070175443 7
6.947368421052676 6
6.9649122807018 42
7.008771929824608 36
7.140350877193033 27
7.175438596491279 24
7.1929824561404025 5
7.210526315789526 39
7.2456140350877725 11
7.263157894736896 44
7.271929824561457 57
7.280701754386019 59
7.342105263157951 2
7.438596491228129 4
7.491228070175499 50
7.50000000000006 3
7.517543859649184 17
7.517543859649184 47
7.640350877193047 7
7.666666666666732 30
7.6754385964912935 6
7.771929824561472 14
7.789473684210595 11
7.842105263157965 55
7.903508771929896 36
7.929824561403581 18
8.043859649122883 24
8.061403508772006 31
8.087719298245691 18
8.140350877193061 15
8.175438596491308 41
8.175438596491308 58
8.263157894736924 25
8.315789473684294 5
8.368421052631664 7
8.40350877192991 6
8.447368421052719 48
8.535087719298335 53
8.570175438596582 59
8.605263157894829 18
8.631578947368514 5
8.745614035087815 17
8.7719298245615 5
8.798245614035185 36
8.798245614035185 45
8.87719298245624 11
8.87719298245624 22
8.903508771929925 3
8.912280701754487 24
8.947368421052733 29
8.956140350877295 1
9.096491228070281 7
9.105263157894843 18
9.131578947368528 6
9.342105263158007 47
9.447368421052747 15
9.578947368421172 27
9.62280701754398 17
9.640350877193104 56
9.649122807017665 16
9.692982456140474 36
9.736842105263282 43
9.78070175438609 24
9.798245614035213 59
9.83333333333346 7
9.859649122807145 6
9.859649122807145 34
9.947368421052762 30
10.035087719298378 25
10.09649122807031 5
10.105263157894871 20
10.122807017543995 4
10.236842105263296 50
10.245614035087858 1
10.263157894736981 44
10.289473684210666 38
10.30701754385979 3
10.30701754385979 5
10.333333333333474 39
10.42105263157909 23
10.42105263157909 54
10.447368421052776 11
10.570175438596639 7
10.587719298245762 6
10.587719298245762 36
10.63157894736857 26
10.649122807017694 24
10.649122807017694 57
10.666666666666817 17
10.692982456140502 40
10.754385964912434 15
10.824561403508927 29
10.84210526315805 28
10.877192982456297 2
10.991228070175598 37
11.035087719298406 48
11.043859649122968 32
11.087719298245776 18
11.166666666666831 47
11.192982456140516 41
11.219298245614201 55
11.228070175438763 0
11.298245614035256 7
11.31578947368438 6
11.36842105263175 25
11.377192982456311 59
11.403508771929996 14
11.48245614035105 17
11.48245614035105 36
11.517543859649297 24
11.53508771929842 11
11.666666666666845 18
11.710526315789654 3
11.877192982456325 31
11.90350877193001 18
12.000000000000188 18
12.017543859649312 44
12.026315789473873 7
12.043859649122997 6
12.06140350877212 15
12.210526315789668 4
12.228070175438791 30
12.263157894737038 53
12.298245614035284 45
12.315789473684408 42
12.37719298245634 36
12.385964912280901 24
12.394736842105463 43
12.403508771930024 1
12.403508771930024 59
12.456140350877394 18
12.578947368421257 11
12.640350877193189 16
12.692982456140559 20
12.70175438596512 50
12.75438596491249 7
12.771929824561614 6
12.798245614035299 18
12.850877192982669 27
12.85964912280723 44
13.008771929824778 47
13.01754385964934 18
13.026315789473902 17
13.078947368421272 22
13.087719298245833 48
13.096491228070395 29
13.114035087719518 3
13.12280701754408 25
13.149122807017765 18
13.166666666666888 44
13.236842105263381 11
13.254385964912505 24
13.271929824561628 36
13.368421052631806 15
13.377192982456368 18
13.482456140351108 7
13.500000000000231 6
13.508771929824793 58
13.649122807017779 0
13.754385964912519 59
13.807017543859889 11
13.81578947368445 5
14.043859649123053 35
14.122807017544108 24
14.166666666666917 36
14.210526315789725 7
14.228070175438848 6
14.271929824561656 43
14.28947368421078 4
14.333333333333588 17
14.412280701754643 2
14.412280701754643 55
14.429824561403766 23
14.456140350877451 25
14.50000000000026 30
14.517543859649383 3
14.517543859649383 29
14.55263157894763 42
14.66666666666693 11
14.675438596491492 15
14.736842105263424 54
14.77192982456167 1
14.833333333333602 47
14.842105263158164 34
14.868421052631849 59
14.938596491228342 7
14.956140350877465 6
14.991228070175712 24
15.03508771929852 14
15.061403508772205 20
15.061403508772205 36
15.149122807017822 40
15.184210526316068 18
15.19298245614063 50
15.342105263158178 41
15.535087719298534 45
15.631578947368713 16
15.631578947368713 17
15.66666666666696 7
15.684210526316082 6
15.824561403509069 59
15.859649122807316 24
15.877192982456439 18
15.894736842105562 5
15.894736842105562 28
15.921052631579247 3
15.93859649122837 49
15.956140350877494 36
15.964912280702055 37
15.973684210526617 26
15.982456140351179 15
16.017543859649425 25
16.122807017544165 48
16.298245614035398 18
16.30701754385996 27
16.324561403509083 1
16.36842105263189 4
16.36842105263189 53
16.377192982456453 11
16.403508771930138 7
16.4122807017547 6
16.57017543859681 44
16.605263157895056 0
16.657894736842426 47
16.692982456140673 29
16.72807017543892 24
16.850877192982782 18
16.850877192982782 36
16.859649122807344 59
16.921052631579276 31
16.9385964912284 32
16.9385964912284 58
16.956140350877522 18
16.973684210526645 30
17.017543859649454 17
17.026315789474015 5
17.131578947368755 7
17.140350877193317 6
17.175438596491563 42
17.280701754386303 22
17.289473684210865 15
17.32456140350911 3
17.350877192982797 25
17.47368421052666 11
17.570175438596838 18
17.596491228070523 24
17.622807017544208 43
17.68421052631614 41
17.74561403508807 29
17.74561403508807 36
17.824561403509126 44
17.859649122807372 7
17.868421052631934 6
17.94736842105299 2
17.964912280702112 39
18.017543859649482 38
18.078947368421414 59
18.184210526316154 57
18.192982456140715 20
18.192982456140715 50
18.28070175438633 10
18.32456140350914 23
18.37719298245651 42
18.403508771930195 1
18.447368421053003 4
18.464912280702126 24
18.48245614035125 47
18.58771929824599 7
18.59649122807055 6
18.59649122807055 15
18.622807017544236 16
18.64035087719336 36
18.666666666667044 14
18.684210526316168 25
18.710526315789853 48
18.728070175438976 3
18.736842105263538 18
18.842105263158277 55
18.95614035087758 27
19.00877192982495 5
19.06140350877232 35
19.157894736842497 29
19.245614035088114 30
19.263157894737237 54
19.2719298245618 17
19.32456140350917 6
19.32456140350917 7
19.33333333333373 24
19.368421052631977 43
19.508771929824963 5
19.535087719298648 36
19.55263157894777 59
19.631578947368826 0
19.640350877193388 18
19.65789473684251 44
19.675438596491635 40
19.675438596491635 45
19.903508771930237 15
19.903508771930237 41
19.938596491228484 34
20.008771929824977 11
20.01754385964954 25
20.052631578947786 6
20.052631578947786 7
20.096491228070594 1
20.13157894736884 3
20.201754385965334 24
20.298245614035512 47
20.298245614035512 58
20.315789473684635 53
20.429824561403937 36
20.526315789474115 4
20.60526315789517 31
20.728070175439033 59
20.780701754386403 6
20.780701754386403 7
20.912280701754828 5
20.92982456140395 32
20.938596491228513 37
20.947368421053074 28
20.956140350877636 43
20.964912280702197 50
21.070175438596937 24
21.157894736842554 17
21.210526315789924 15
21.280701754386417 42
21.324561403509225 36
21.333333333333787 57
21.35087719298291 25
21.40350877193028 5
21.44736842105309 29
21.473684210526773 22
21.482456140351335 2
21.50877192982502 6
21.50877192982502 7
21.51754385964958 30
21.535087719298705 3
21.61403508771976 16
21.67543859649169 1
21.798245614035554 20
21.87719298245661 44
21.921052631579418 27
21.93859649122854 24
22.09649122807065 0
22.14035087719346 47
22.166666666667144 59
22.210526315789952 23
22.210526315789952 41
22.219298245614514 36
22.219298245614514 48
22.228070175439075 26
22.236842105263637 6
22.236842105263637 7
22.289473684211007 14
22.315789473684692 5
22.447368421053117 55
22.51754385964961 15
22.605263157895227 4
22.68421052631628 25
22.807017543860145 24
22.850877192982953 5
22.93859649122857 3
22.964912280702254 6
22.964912280702254 7
23.114035087719802 36
23.15789473684261 45
23.35964912280753 1
23.491228070175953 18
23.508771929825077 50
23.552631578947885 43
23.63157894736894 59
23.6403508771935 11
23.675438596491748 24
23.69298245614087 6
23.69298245614087 7
23.74561403508824 10
23.79824561403561 30
23.824561403509296 15
23.877192982456666 17
23.982456140351406 47
24.00877192982509 36
24.017543859649653 25
24.10526315789527 35
24.149122807018077 40
24.21929824561457 20
24.32456140350931 41
24.342105263158434 3
24.359649122807557 31
24.37719298245668 27
24.412280701754927 54
24.42105263157949 6
24.42105263157949 7
24.543859649123352 24
24.605263157895283 16
24.68421052631634 4
24.70175438596546 48
24.75438596491283 53
24.90350877193038 36
25.00877192982512 1
25.01754385964968 2
25.052631578947928 43
25.096491228070736 17
25.131578947368983 15
25.131578947368983 29
25.149122807018106 6
25.157894736842668 7
25.201754385965476 32
25.350877192983024 25
25.412280701754955 24
25.42982456140408 0
25.456140350877764 5
25.500000000000572 11
25.666666666667243 22
25.736842105263737 55
25.7456140350883 3
25.798245614035668 36
25.798245614035668 47
25.877192982456723 6
25.885964912281285 7
25.91228070175497 14
25.91228070175497 37
25.982456140351463 28
26.008771929825148 42
26.01754385964971 11
26.07894736842164 30
26.087719298246203 23
26.219298245614628 18
26.23684210526375 57
26.28070175438656 24
26.403508771930422 11
26.421052631579546 34
26.43859649122867 15
26.43859649122867 49
26.43859649122867 50
26.526315789474285 59
26.55263157894797 20
26.60526315789534 6
26.614035087719902 7
26.614035087719902 58
26.631578947369025 41
26.675438596491833 48
26.684210526316395 11
26.684210526316395 25
26.692982456140957 36
26.76315789473745 4
26.780701754386573 17
26.903508771930436 56
26.912280701754998 38
27.07894736842167 1
27.07894736842167 43
27.114035087719916 44
27.149122807018163 3
27.149122807018163 24
27.19298245614097 5
27.271929824562026 39
27.333333333333957 6
27.34210526315852 7
27.570175438597122 45
27.587719298246245 36
27.596491228070807 16
27.61403508771993 47
27.622807017544492 27
27.745614035088355 15
27.754385964912917 31
27.77192982456204 17
28.017543859649766 24
28.017543859649766 25
28.061403508772575 6
28.078947368421698 7
28.35087719298311 30
28.394736842105917 0
28.482456140351534 36
28.491228070176096 40
28.526315789474342 43
28.552631578948027 2
28.552631578948027 3
28.640350877193644 48
28.701754385965575 44
28.710526315790137 1
28.789473684211192 6
28.807017543860315 7
28.84210526315856 4
28.88596491228137 24
28.89473684210593 5
28.921052631579617 55
29.008771929825233 5
29.05263157894804 15
29.05263157894804 42
29.114035087719973 35
29.131578947369096 53
29.14912280701822 29
29.280701754386644 54
29.289473684211206 59
29.36842105263226 18
29.377192982456823 36
29.429824561404192 47
29.51754385964981 6
29.535087719298932 7
29.535087719298932 11
29.535087719298932 14
29.57894736842174 50
29.605263157895426 41
29.67543859649192 39
29.68421052631648 18
29.692982456141042 57
29.754385964912974 24
29.859649122807713 22
29.95614035087789 3
29.964912280702453 23
29.99122807017614 11
30.070175438597193 26
30.11403508772 17
30.11403508772 25
30.201754385965618 43
30.245614035088426 6
30.26315789473755 7
30.27192982456211 36
30.359649122807728 15
30.412280701755098 58
30.447368421053344 42
30.508771929825276 18
30.58771929824633 16
30.622807017544577 24
30.622807017544577 30
30.63157894736914 48
30.68421052631651 18
30.719298245614755 11
30.73684210526388 27
30.824561403509495 59
30.877192982456865 20
30.885964912281427 37
30.921052631579673 4
30.973684210527043 6
31.00000000000073 7
31.026315789474413 28
31.035087719298975 34
31.078947368421783 17
31.11403508772003 11
31.1666666666674 36
31.245614035088455 47
31.263157894737578 45
31.359649122807756 3
31.394736842106003 11
31.447368421053373 25
31.464912280702496 44
31.49122807017618 24
31.53508771929899 1
31.552631578948112 31
31.657894736842852 18
31.666666666667414 15
31.70175438596566 6
31.736842105263907 7
31.74561403508847 32
31.921052631579702 18
31.982456140351633 17
32.061403508772685 36
32.070175438597246 11
32.08771929824637 2
32.10526315789549 55
32.114035087720055 50
32.166666666667425 0
32.25438596491304 57
32.28947368421129 44
32.35964912280778 24
32.429824561404274 6
32.46491228070252 7
32.482456140351644 59
32.491228070176206 11
32.50000000000077 18
32.51754385964989 38
32.61403508772007 18
32.61403508772007 48
32.649122807018315 5
32.76315789473762 3
32.78070175438674 25
32.78070175438674 29
32.84210526315867 18
32.84210526315867 40
32.88596491228148 17
32.89473684210604 30
32.95614035087797 36
32.9736842105271 15
33.00000000000078 4
33.02631578947447 1
33.02631578947447 5
33.06140350877271 47
33.070175438597275 11
33.10526315789552 53
33.15789473684289 6
33.15789473684289 14
33.19298245614114 7
33.228070175439385 24
33.25438596491307 42
33.42105263157974 27
33.438596491228864 41
33.57894736842185 16
33.57894736842185 59
33.79824561403589 39
33.83333333333414 23
33.85087719298326 36
33.88596491228151 6
33.89473684210607 17
33.921052631579755 7
33.99122807017625 54
34.05263157894818 22
34.09649122807099 24
34.11403508772011 25
34.16666666666748 3
34.27192982456222 11
34.28070175438678 15
34.42105263157977 1
34.42105263157977 35
34.46491228070258 56
34.52631578947451 11
34.552631578948194 44
34.57017543859732 58
34.58771929824644 48
34.614035087720126 6
34.657894736842934 7
34.68421052631662 5
34.710526315790304 29
34.719298245614866 45
34.74561403508855 36
34.79824561403592 17
34.824561403509605 42
34.877192982456975 47
34.929824561404345 59
34.94736842105347 0
34.94736842105347 50
34.96491228070259 24
35.07894736842189 4
35.10526315789558 5
35.1228070175447 31
35.1228070175447 44
35.16666666666751 30
35.16666666666751 43
35.22807017543944 5
35.34210526315874 6
35.38596491228155 7
35.44736842105348 25
35.570175438597346 3
35.570175438597346 34
35.58771929824647 15
35.59649122807103 1
35.622807017544716 2
35.64035087719384 36
35.666666666667524 17
35.675438596492086 5
35.70175438596577 44
35.719298245614894 55
35.78947368421139 29
35.833333333334195 24
35.85964912280788 37
35.929824561404374 26
36.07017543859736 6
36.07894736842192 28
36.11403508772017 7
36.4035087719307 41
36.50000000000088 42
36.517543859650004 17
36.53508771929913 36
36.55263157894825 48
36.570175438597374 16
36.631578947369306 1
36.69298245614124 47
36.7017543859658 24
36.728070175439484 44
36.77192982456229 14
36.77192982456229 18
36.780701754386854 25
36.79824561403598 6
36.842105263158786 7
36.87719298245703 11
36.894736842106155 15
36.894736842106155 15
36.90350877193072 49
36.92105263157984 59
36.97368421052721 3
37.03508771929914 40
37.07894736842195 20
37.157894736843005 4
37.16666666666757 11
37.315789473685115 5
37.3421052631588 17
37.40350877193073 29
37.429824561404416 36
37.44736842105354 30
37.4561403508781 18
37.526315789474594 6
37.5701754385974 24
37.578947368421964 5
37.578947368421964 7
37.60526315789565 53
37.62280701754477 18
37.631578947369334 43
37.70175438596583 23
37.78070175438688 57
38.01754385965005 45
38.04385964912373 59
38.07894736842198 32
38.114035087720225 25
38.12280701754479 42
38.13157894736935 18
38.14912280701847 17
38.15789473684303 50
38.20175438596584 15
38.23684210526409 54
38.24561403508865 22
38.25438596491321 6
38.31578947368514 7
38.324561403509705 36
38.35087719298339 39
38.377192982457075 3
38.438596491229006 24
38.5087719298255 47
38.5087719298255 48
38.68421052631673 5
38.68421052631673 38
38.83333333333428 11
38.859649122807966 5
38.912280701755336 18
38.94736842105358 17
38.98245614035183 6
39.00000000000095 59
39.05263157894832 7
39.07894736842201 18
39.15789473684306 2
39.175438596492185 0
39.21929824561499 36
39.23684210526412 4
39.2631578947378 27
39.29824561403605 31
39.30701754386061 24
39.31578947368517 10
39.36842105263254 55
39.42982456140447 29
39.447368421053596 25
39.50877192982553 15
39.5614035087729 16
39.57017543859746 41
39.62280701754483 1
39.657894736843076 18
39.710526315790446 6
39.71929824561501 30
39.74561403508869 17
39.78070175438694 3
39.78070175438694 7
39.78070175438694 35
40.06140350877291 42
40.078947368422035 18
40.10526315789572 58
40.11403508772028 36
40.175438596492214 24
40.32456140350976 47
40.394736842106255 14
40.43859649122906 6
40.47368421052731 48
40.508771929825556 7
40.508771929825556 50
40.57017543859749 17
40.605263157895735 44
40.64035087719398 1
40.69298245614135 18
40.763157894737844 59
40.78070175438697 25
40.78947368421153 34
40.815789473685214 15
40.83333333333434 37
41.00877192982557 36
41.04385964912382 24
41.11403508772031 18
41.12280701754487 28
41.16666666666768 6
41.184210526316804 3
41.236842105264174 7
41.2543859649133 53
41.298245614036105 49
41.31578947368523 4
41.39473684210628 17
41.4824561403519 42
41.570175438597516 23
41.60526315789576 40
41.614035087720325 29
41.69298245614138 18
41.85087719298349 0
41.8947368421063 6
41.90350877193086 36
41.91228070175542 24
41.96491228070279 7
41.991228070176476 30
42.087719298246654 56
42.096491228071216 39
42.11403508772034 25
42.1228070175449 15
42.1228070175449 43
42.140350877194024 47
42.18421052631683 27
42.21929824561508 17
42.38596491228175 18
42.42105263158 48
42.42982456140456 26
42.43859649122912 22
42.48245614035193 45
42.55263157894842 16
42.56140350877298 55
42.58771929824667 3
42.622807017544915 6
42.65789473684316 1
42.66666666666772 11
42.675438596492285 44
42.69298245614141 2
42.69298245614141 7
42.71052631579053 59
42.7631578947379 18
42.780701754387024 24
42.79824561403615 36
42.92105263158001 54
42.92982456140457 42
42.92982456140457 50
43.043859649123874 11
43.043859649123874 17
43.13157894736949 18
43.35087719298353 6
43.39473684210634 4
43.421052631580025 7
43.42982456140459 15
43.44736842105371 25
43.53508771929933 31
43.64912280701863 24
43.692982456141436 36
43.701754385966 5
43.789473684211615 29
43.82456140350986 11
43.86842105263267 17
43.86842105263267 17
43.903508771930916 59
43.956140350878286 47
43.956140350878286 58
43.96491228070285 32
43.99122807017653 3
44.01754385965022 14
44.07894736842215 6
44.114035087720396 5
44.14035087719408 42
44.14912280701864 7
44.271929824562505 30
44.28070175438707 1
44.315789473685314 41
44.35087719298356 20
44.368421052632684 48
44.49122807017655 44
44.50877192982567 49
44.51754385965023 24
44.56140350877304 0
44.57894736842216 10
44.587719298246725 36
44.692982456141465 17
44.73684210526427 15
44.745614035088835 18
44.78070175438708 25
44.78070175438708 43
44.807017543860766 6
44.87719298245726 7
44.88596491228182 35
44.89473684210638 57
44.92982456140463 44
44.97368421052744 29
45.00000000000112 18
45.15789473684323 27
45.2105263157906 38
45.24561403508885 50
45.26315789473797 18
45.385964912281835 24
45.3947368421064 3
45.438596491229205 23
45.47368421052745 4
45.482456140352014 36
45.51754385965026 17
45.53508771929938 6
45.543859649123945 16
45.60526315789588 7
45.622807017545 5
45.77192982456255 47
45.807017543860795 37
45.83333333333448 1
45.88596491228185 59
45.90350877193097 11
45.90350877193097 40
46.04385964912396 15
46.070175438597644 44
46.08771929824677 29
46.11403508772045 25
46.15789473684326 28
46.228070175439754 2
46.228070175439754 43
46.25438596491344 24
46.263157894738 6
46.280701754387124 56
46.32456140350993 18
46.32456140350993 48
46.333333333334494 7
46.333333333334494 17
46.3771929824573 36
46.42982456140467 5
46.543859649123974 30
46.63157894736959 22
46.79824561403626 3
46.95614035087837 39
46.973684210527495 42
46.99122807017662 6
47.00877192982574 5
47.035087719299426 53
47.07017543859767 7
47.087719298246796 26
47.087719298246796 31
47.10526315789592 11
47.12280701754504 24
47.15789473684329 17
47.27192982456259 36
47.28070175438715 29
47.3157894736854 11
47.350877192983646 15
47.350877192983646 59
47.35964912280821 45
47.447368421053824 25
47.552631578948564 4
47.561403508773125 50
47.58771929824681 47
47.63157894736962 1
47.64035087719418 14
47.666666666667865 0
47.71052631579067 41
47.71052631579067 49
47.719298245615235 6
47.7280701754398 20
47.771929824562605 18
47.79824561403629 7
47.8421052631591 54
47.86842105263278 44
47.90350877193103 18
47.9561403508784 17
47.982456140352085 57
47.991228070176646 24
48.05263157894858 11
48.12280701754507 18
48.15789473684332 32
48.16666666666788 36
48.201754385966126 3
48.28070175438718 48
48.298245614036304 11
48.307017543860866 34
48.32456140350999 58
48.44736842105385 6
48.508771929825784 18
48.52631578947491 7
48.53508771929947 16
48.55263157894859 44
48.65789473684333 15
48.69298245614158 18
48.75438596491351 17
48.780701754387195 25
48.79824561403632 43
48.81578947368544 30
48.85964912280825 24
48.947368421053866 27
48.95614035087843 55
48.96491228070299 11
49.06140350877317 36
49.13157894736966 1
49.13157894736966 18
49.149122807018784 29
49.17543859649247 6
49.254385964913524 7
49.28947368421177 42
49.307017543860894 23
49.34210526315914 5
49.40350877193107 47
49.578947368422305 11
49.578947368422305 17
49.60526315789599 3
49.631578947369675 4
49.6491228070188 39
49.72807017543985 24
49.7631578947381 2
49.80701754386091 18
49.8771929824574 50
49.90350877193109 6
49.90350877193109 11
49.95614035087846 36
49.96491228070302 15
49.98245614035214 7
50.105263157896005 0
50.114035087720566 25
50.166666666667936 18
50.23684210526443 48
50.2894736842118 35
50.377192982457416 1
50.4035087719311 17
50.50877192982584 5
50.526315789474964 40
50.59649122807146 10
50.59649122807146 24
50.62280701754514 29
50.631578947369704 6
50.65789473684339 41
50.65789473684339 42
50.66666666666795 57
50.71052631579076 7
50.72807017543988 59
50.75438596491357 11
50.78070175438725 37
50.798245614036375 44
50.8157894736855 53
50.82456140351006 22
50.850877192983745 36
50.903508771931115 45
50.91228070175568 49
50.956140350878485 56
51.008771929825855 3
51.01754385965042 38
51.09649122807147 30
51.10526315789603 20
51.114035087720595 43
51.122807017545156 18
51.19298245614165 28
51.20175438596621 17
51.219298245615335 47
51.26315789473814 14
51.26315789473814 14
51.271929824562704 15
51.28947368421183 31
51.35964912280832 6
51.438596491229376 7
51.44736842105394 25
51.46491228070306 24
51.47368421052762 5
51.50877192982587 11
51.52631578947499 16
51.57894736842236 18
51.649122807018855 58
51.71052631579079 4
51.745614035089034 36
52.02631578947501 17
52.06140350877325 29
52.07894736842238 44
52.08771929824694 6
52.16666666666799 7
52.184210526317116 26
52.19298245614168 48
52.19298245614168 50
52.333333333334664 24
52.35087719298379 59
52.41228070175572 3
52.45614035087853 18
52.45614035087853 39
52.56140350877327 42
52.57017543859783 34
52.57894736842239 15
52.61403508772064 54
52.64035087719432 36
52.78070175438731 25
52.815789473685555 6
52.82456140351012 11
52.8508771929838 17
52.87719298245749 43
52.90350877193117 7
53.0350877192996 47
53.04385964912416 27
53.14035087719434 5
53.17543859649258 23
53.20175438596627 24
53.21929824561539 0
53.25438596491364 18
53.298245614036446 2
53.36842105263294 30
53.447368421053994 44
53.48245614035224 32
53.53508771929961 36
53.54385964912417 6
53.57017543859786 55
53.63157894736979 7
53.6754385964926 17
53.75438596491365 41
53.7894736842119 4
53.79824561403646 29
53.815789473685584 3
53.88596491228208 15
53.96491228070313 57
54.07017543859787 24
54.11403508772068 25
54.11403508772068 49
54.140350877194365 48
54.15789473684349 11
54.15789473684349 18
54.23684210526454 59
54.245614035089105 42
54.27192982456279 6
54.28070175438735 20
54.359649122808406 7
54.403508771931214 43
54.42105263158034 11
54.4298245614049 36
54.50000000000139 17
54.508771929825954 50
54.517543859650516 16
54.614035087720694 44
54.675438596492626 5
54.70175438596631 31
54.81578947368561 45
54.85087719298386 47
54.85964912280842 56
54.86842105263298 11
54.885964912282105 14
54.885964912282105 14
54.938596491229475 24
55.00000000000141 6
55.01754385965053 22
55.08771929824702 7
55.1842105263172 15
55.21929824561545 3
55.23684210526457 5
55.24561403508913 29
55.28070175438738 59
55.32456140351019 17
55.32456140351019 36
55.421052631580366 35
55.42982456140493 18
55.44736842105405 25
55.473684210527736 58
55.4824561403523 40
55.54385964912423 42
55.64035087719441 30
55.64912280701897 27
55.728070175440024 6
55.75438596491371 37
55.80701754386108 24
55.8245614035102 7
55.86842105263301 1
55.86842105263301 4
55.96491228070319 44
55.991228070176874 53
56.008771929826 0
56.052631578948805 11
56.08771929824705 48
56.14912280701898 17
56.19298245614179 43
56.21929824561548 36
56.22807017544004 28
56.429824561404956 29
56.44736842105408 59
56.45614035087864 6
56.49122807017689 15
56.50877192982601 57
56.55263157894882 7
56.62280701754531 3
56.66666666666812 47
56.67543859649268 24
56.692982456141806 5
56.78070175438742 25
56.81578947368567 38
56.82456140351023 50
56.83333333333479 2
56.93859649122953 1
56.97368421052778 17
57.04385964912427 23
57.052631578948834 18
57.09649122807164 54
57.114035087720765 36
57.12280701754533 20
57.12280701754533 26
57.18421052631726 6
57.19298245614182 42
57.21052631579094 41
57.28070175438744 7
57.31578947368568 49
57.35087719298393 44
57.385964912282176 11
57.491228070176916 59
57.50877192982604 16
57.543859649124286 24
57.543859649124286 29
57.67543859649271 11
57.798245614036574 15
57.798245614036574 17
57.84210526315938 18
57.912280701755876 6
57.912280701755876 30
57.94736842105412 4
58.008771929826054 7
58.008771929826054 36
58.02631578947518 3
58.0438596491243 48
58.114035087720794 25
58.1578947368436 32
58.23684210526466 45
58.30701754386115 43
58.41228070175589 24
58.42982456140501 0
58.48245614035238 47
58.50877192982607 11
58.50877192982607 14
58.50877192982607 55
58.62280701754537 17
58.64035087719449 6
58.73684210526467 7
58.807017543861164 1
58.90350877193134 36
59.070175438598014 11
59.10526315789626 15
59.11403508772082 27
59.19298245614188 34
59.20175438596644 31
59.210526315791 22
59.28070175438749 24
59.35087719298399 56
59.36842105263311 6
59.36842105263311 57
59.37719298245767 50
59.42982456140504 3
59.447368421054165 17
59.447368421054165 25
59.46491228070329 7
59.53508771929978 11
59.59649122807171 20
59.614035087720836 41
59.63157894736996 29
59.74561403508926 53
59.79824561403663 36
59.815789473685754 11
