0.05263157894736842 30
0.10526315789473684 43
0.12280701754385964 57
0.13157894736842105 1
0.16666666666666666 34
0.18421052631578946 12
0.20175438596491227 14
0.24561403508771928 22
0.2543859649122807 46
0.3070175438596493 16
0.31578947368421073 15
0.31578947368421073 47
0.3684210526315793 31
0.4824561403508779 26
0.5263157894736851 7
0.5438596491228079 6
0.5614035087719308 54
0.5964912280701765 0
0.605263157894738 53
0.6578947368421065 27
0.6929824561403523 23
0.728070175438598 24
0.8333333333333351 42
0.850877192982458 25
0.9649122807017566 28
1.0526315789473708 48
1.096491228070178 38
1.1052631578947394 29
1.157894736842108 59
1.1929824561403537 41
1.2105263157894766 11
1.2719298245614066 6
1.3508771929824595 1
1.3596491228070209 7
1.5000000000000038 12
1.526315789473688 24
1.6315789473684252 15
1.7017543859649167 40
1.7192982456140395 58
1.7456140350877238 20
1.789473684210531 11
1.8245614035087767 44
1.8333333333333381 36
1.8421052631578996 37
1.9473684210526367 39
2.0000000000000053 6
2.061403508771934 42
2.1403508771929847 47
2.149122807017546 18
2.157894736842107 59
2.192982456140352 7
2.289473684210525 25
2.32456140350877 24
2.3333333333333313 5
2.359649122807015 30
2.482456140350872 32
2.5087719298245554 29
2.7280701754385857 6
2.780701754385953 1
2.8070175438596365 36
2.83333333333332 43
2.8508771929824426 5
2.947368421052616 15
3.0263157894736668 7
3.0614035087719116 12
3.12280701754384 24
3.157894736842085 46
3.201754385964891 56
3.2719298245613806 55
3.3508771929824315 57
3.421052631578921 59
3.456140350877166 6
3.456140350877166 16
3.456140350877166 41
3.5087719298245332 0
3.6052631578947065 2
3.6140350877192677 5
3.7807017543859307 36
3.8070175438596143 14
3.8508771929824204 7
3.92105263157891 24
3.964912280701716 47
3.9824561403508385 44
4.0350877192982075 29
4.184210526315756 6
4.210526315789441 53
4.254385964912249 15
4.280701754385934 20
4.333333333333304 1
4.359649122806989 42
4.36842105263155 27
4.394736842105235 18
4.4912280701754135 22
4.499999999999975 11
4.675438596491208 7
4.675438596491208 44
4.7192982456140165 24
4.73684210526314 23
4.73684210526314 31
4.754385964912263 30
4.754385964912263 36
4.798245614035071 5
4.798245614035071 25
4.798245614035071 34
4.912280701754373 6
4.9210526315789345 39
5.175438596491222 11
5.263157894736839 12
5.271929824561401 43
5.315789473684209 54
5.342105263157894 29
5.394736842105264 59
5.491228070175442 44
5.5000000000000036 7
5.517543859649127 24
5.53508771929825 18
5.561403508771935 15
5.561403508771935 41
5.64035087719299 6
5.7280701754386065 36
5.7543859649122915 26
5.7982456140351 47
5.842105263157908 42
5.964912280701771 38
6.008771929824579 28
6.061403508771949 46
6.061403508771949 58
6.140350877193004 10
6.307017543859676 0
6.315789473684237 24
6.324561403508799 7
6.324561403508799 16
6.368421052631607 6
6.368421052631607 44
6.535087719298279 48
6.64912280701758 1
6.70175438596495 36
6.719298245614073 25
6.8157894736842515 37
6.868421052631621 15
6.877192982456183 27
7.0438596491228544 30
7.096491228070224 6
7.114035087719348 2
7.114035087719348 24
7.149122807017594 7
7.157894736842156 18
7.280701754386019 11
7.280701754386019 20
7.377192982456197 14
7.377192982456197 57
7.55263157894743 56
7.631578947368485 47
7.6754385964912935 36
7.789473684210595 12
7.81578947368428 53
7.8245614035088416 5
7.8245614035088416 6
7.912280701754458 24
7.97368421052639 7
8.008771929824636 29
8.017543859649198 1
8.02631578947376 59
8.061403508772006 41
8.07894736842113 46
8.087719298245691 42
8.175438596491308 15
8.271929824561486 31
8.324561403508856 40
8.552631578947459 6
8.596491228070267 43
8.649122807017637 36
8.657894736842199 48
8.684210526315884 32
8.710526315789568 24
8.745614035087815 22
8.763157894736938 44
8.807017543859747 7
8.850877192982555 18
8.964912280701856 23
9.114035087719405 34
9.19298245614046 16
9.236842105263268 1
9.280701754386076 6
9.280701754386076 39
9.30701754385976 58
9.324561403508884 30
9.447368421052747 47
9.482456140350994 15
9.508771929824679 24
9.62280701754398 36
9.640350877193104 7
9.815789473684337 18
9.83333333333346 20
9.894736842105392 25
9.912280701754515 12
9.947368421052762 49
10.008771929824693 6
10.008771929824693 10
10.210526315789611 18
10.280701754386104 29
10.30701754385979 24
10.342105263158036 18
10.438596491228214 45
10.47368421052646 7
10.491228070175584 41
10.500000000000146 1
10.543859649122954 5
10.570175438596639 44
10.587719298245762 55
10.596491228070324 36
10.666666666666817 5
10.675438596491379 48
10.675438596491379 59
10.73684210526331 6
10.78947368421068 15
10.815789473684365 0
10.929824561403667 54
10.938596491228228 14
10.956140350877352 38
11.043859649122968 42
11.05263157894753 28
11.1052631578949 5
11.1052631578949 24
11.131578947368585 26
11.21052631578964 44
11.254385964912448 27
11.26315789473701 47
11.298245614035256 7
11.438596491228243 57
11.447368421052804 50
11.464912280701927 6
11.47368421052649 2
11.500000000000174 29
11.570175438596667 36
11.605263157894914 30
11.622807017544037 46
11.710526315789654 53
11.789473684210709 37
11.789473684210709 43
11.885964912280887 1
11.90350877193001 24
11.964912280701942 5
12.06140350877212 16
12.096491228070366 15
12.122807017544051 7
12.140350877193175 12
12.192982456140545 6
12.342105263158093 42
12.350877192982654 11
12.54385964912301 36
12.631578947368627 59
12.666666666666874 41
12.70175438596512 24
12.70175438596512 31
12.85964912280723 23
12.921052631579162 6
12.947368421052847 7
12.973684210526532 20
12.991228070175655 22
13.000000000000217 32
13.035087719298463 5
13.052631578947587 48
13.087719298245833 47
13.289473684210751 18
13.324561403508998 0
13.359649122807244 5
13.403508771930053 15
13.482456140351108 39
13.500000000000231 24
13.517543859649354 1
13.517543859649354 36
13.517543859649354 42
13.60526315789497 34
13.649122807017779 6
13.736842105263396 29
13.771929824561642 7
13.877192982456382 30
14.070175438596738 56
14.087719298245862 25
14.13157894736867 59
14.201754385965163 5
14.201754385965163 18
14.254385964912533 40
14.298245614035341 24
14.377192982456396 6
14.429824561403766 43
14.491228070175698 36
14.50000000000026 14
14.508771929824821 5
14.55263157894763 10
14.596491228070438 7
14.631578947368684 12
14.649122807017807 46
14.710526315789739 15
14.710526315789739 41
14.87719298245641 57
14.903508771930095 47
14.921052631579219 44
14.92982456140378 1
14.92982456140378 16
15.043859649123082 48
15.096491228070452 24
15.105263157895013 6
15.166666666666945 2
15.271929824561685 58
15.29824561403537 44
15.421052631579233 7
15.447368421052918 18
15.45614035087748 5
15.464912280702041 36
15.61403508771959 18
15.83333333333363 6
15.894736842105562 24
16.017543859649425 5
16.017543859649425 15
16.061403508772234 38
16.09649122807048 0
16.122807017544165 28
16.14035087719329 26
16.14912280701785 31
16.15789473684241 30
16.20175438596522 39
16.24561403508803 7
16.26315789473715 1
16.36842105263189 43
16.394736842105576 55
16.438596491228385 36
16.47368421052663 54
16.508771929824878 11
16.561403508772248 6
16.692982456140673 24
16.701754385965234 23
16.719298245614358 47
16.763157894737166 37
16.824561403509097 25
16.9385964912284 27
16.956140350877522 20
17.070175438596824 7
17.087719298245947 5
17.122807017544194 48
17.131578947368755 42
17.228070175438933 22
17.289473684210865 6
17.289473684210865 53
17.32456140350911 15
17.333333333333673 32
17.412280701754728 36
17.491228070175783 24
17.508771929824906 41
17.517543859649468 46
17.543859649123153 5
17.552631578947715 18
17.622807017544208 11
17.79824561403544 16
17.89473684210562 1
17.89473684210562 7
17.964912280702112 29
18.017543859649482 6
18.06140350877229 14
18.078947368421414 34
18.1052631578951 12
18.289473684210893 24
18.298245614035455 59
18.3333333333337 42
18.38596491228107 36
18.412280701754757 43
18.42982456140388 30
18.43859649122844 40
18.48245614035125 25
18.508771929824935 0
18.53508771929862 47
18.631578947368798 15
18.719298245614414 7
18.7456140350881 6
18.95614035087758 39
19.087719298246004 24
19.096491228070565 1
19.096491228070565 49
19.11403508771969 48
19.263157894737237 57
19.307017543860045 2
19.33333333333373 50
19.359649122807415 36
19.456140350877593 20
19.473684210526716 6
19.54385964912321 7
19.55263157894777 18
19.561403508772333 31
19.833333333333744 44
19.885964912281114 24
19.938596491228484 15
19.97368421052673 29
20.000000000000416 43
20.07017543859691 42
20.201754385965334 1
20.201754385965334 6
20.23684210526358 5
20.33333333333376 36
20.350877192982882 47
20.368421052632005 7
20.40350877193025 58
20.517543859649553 23
20.587719298246046 10
20.6666666666671 16
20.684210526316225 24
20.701754385965348 30
20.736842105263595 27
20.87719298245658 25
20.92105263157939 12
20.92982456140395 6
20.938596491228513 54
20.956140350877636 11
20.956140350877636 18
20.964912280702197 26
20.964912280702197 53
21.0789473684215 59
21.105263157895184 48
21.166666666667115 28
21.201754385965362 7
21.228070175439047 29
21.24561403508817 15
21.307017543860102 36
21.324561403509225 56
21.46491228070221 22
21.482456140351335 24
21.587719298246075 39
21.61403508771976 14
21.657894736842568 6
21.736842105263623 37
21.745614035088185 43
21.798245614035554 42
21.82456140350924 18
21.868421052632048 32
21.93859649122854 0
21.93859649122854 11
22.026315789474157 7
22.166666666667144 47
22.219298245614514 18
22.280701754386445 24
22.280701754386445 36
22.333333333333815 12
22.385964912281185 6
22.40350877193031 1
22.4736842105268 46
22.552631578947857 15
22.701754385965405 5
22.78947368421102 44
22.815789473684706 41
22.824561403509268 25
22.850877192982953 7
22.964912280702254 57
23.078947368421556 18
23.078947368421556 24
23.078947368421556 40
23.10526315789524 59
23.114035087719802 6
23.140350877193487 29
23.184210526316296 20
23.20175438596542 55
23.228070175439104 38
23.25438596491279 30
23.25438596491279 36
23.271929824561912 48
23.53508771929876 16
23.543859649123323 5
23.57017543859701 43
23.675438596491748 7
23.771929824561926 27
23.78947368421105 44
23.84210526315842 6
23.859649122807543 15
23.877192982456666 24
23.982456140351406 47
24.15789473684264 42
24.175438596491762 2
24.228070175439132 36
24.228070175439132 39
24.280701754386502 31
24.350877192982995 23
24.359649122807557 5
24.456140350877735 12
24.48245614035142 58
24.508771929825105 7
24.52631578947423 59
24.570175438597037 6
24.59649122807072 29
24.657894736842653 53
24.675438596491777 24
24.68421052631634 11
24.789473684211078 0
24.79824561403564 18
25.035087719298804 10
25.087719298246174 41
25.11403508771986 44
25.16666666666723 15
25.17543859649179 14
25.201754385965476 36
25.201754385965476 56
25.236842105263722 25
25.245614035088284 48
25.298245614035654 1
25.298245614035654 6
25.3333333333339 7
25.3333333333339 46
25.342105263158462 18
25.350877192983024 5
25.473684210526887 24
25.526315789474257 30
25.561403508772504 57
25.65789473684268 42
25.70175438596549 22
25.7456140350883 54
25.7456140350883 59
25.789473684211107 47
25.824561403509353 34
25.991228070176025 44
26.02631578947427 6
26.157894736842696 7
26.17543859649182 36
26.219298245614628 5
26.219298245614628 28
26.23684210526375 18
26.271929824561997 24
26.307017543860244 27
26.368421052632176 12
26.403508771930422 16
26.464912280702354 29
26.464912280702354 55
26.473684210526915 15
26.71052631579008 37
26.736842105263765 32
26.75438596491289 6
26.75438596491289 20
26.76315789473745 44
26.86842105263219 59
26.912280701754998 5
26.98245614035149 7
27.070175438597108 24
27.1403508771936 5
27.149122807018163 36
27.201754385965533 18
27.210526315790094 48
27.228070175439218 11
27.315789473684834 5
27.333333333333957 41
27.377192982456766 4
27.39473684210589 3
27.421052631579574 43
27.482456140351506 6
27.60526315789537 47
27.71929824561467 25
27.76315789473748 18
27.7807017543866 15
27.798245614035725 58
27.807017543860287 30
27.81578947368485 7
27.850877192983095 12
27.86842105263222 24
27.964912280702396 5
28.122807017544506 36
28.210526315790123 6
28.263157894737493 23
28.280701754386616 40
28.29824561403574 1
28.29824561403574 2
28.324561403509424 26
28.438596491228726 18
28.56140350877259 18
28.61403508771996 5
28.62280701754452 57
28.631578947369082 42
28.649122807018205 7
28.66666666666733 24
28.72807017543926 3
28.72807017543926 14
28.833333333334 53
28.93859649122874 6
28.964912280702425 0
29.017543859649795 29
29.087719298246288 15
29.09649122807085 36
29.10526315789541 59
29.114035087719973 31
29.122807017544535 27
29.175438596491905 48
29.271929824562083 16
29.271929824562083 39
29.333333333334014 45
29.342105263158576 12
29.42105263157963 47
29.46491228070244 24
29.473684210527 7
29.500000000000686 5
29.52631578947437 4
29.535087719298932 10
29.535087719298932 43
29.535087719298932 46
29.666666666667357 6
29.719298245614727 1
29.754385964912974 41
29.824561403509467 18
29.83333333333403 44
29.93859649122877 22
30.00877192982526 18
30.00877192982526 54
30.06140350877263 3
30.070175438597193 36
30.078947368421755 38
30.087719298246316 30
30.122807017544563 59
30.15789473684281 42
30.26315789473755 24
30.298245614035796 7
30.394736842105974 6
30.394736842105974 15
30.42982456140422 34
30.48245614035159 55
30.69298245614107 12
30.719298245614755 32
30.79824561403581 44
30.815789473684934 5
30.859649122807742 56
30.921052631579673 20
31.043859649123537 36
31.06140350877266 24
31.12280701754459 6
31.12280701754459 7
31.140350877193715 48
31.236842105263893 47
31.263157894737578 28
31.298245614035825 5
31.350877192983194 59
31.368421052632318 46
31.394736842106003 3
31.500000000000743 18
31.561403508772674 43
31.59649122807092 18
31.622807017544606 27
31.684210526316537 37
31.70175438596566 15
31.75438596491303 2
31.85087719298321 6
31.85087719298321 18
31.85964912280777 24
31.868421052632332 25
31.91228070175514 12
31.938596491228825 29
31.95614035087795 7
32.01754385964988 36
32.08771929824637 18
32.08771929824637 23
32.14035087719374 16
32.1491228070183 41
32.1491228070183 44
32.271929824562164 39
32.280701754386726 14
32.35087719298322 11
32.35964912280778 30
32.36842105263234 4
32.482456140351644 5
32.50000000000077 40
32.52631578947445 18
32.57894736842182 6
32.62280701754463 11
32.65789473684288 24
32.71052631579025 53
32.72807017543937 1
32.72807017543937 3
32.72807017543937 49
32.745614035088494 58
32.7894736842113 7
32.83333333333411 11
32.84210526315867 42
32.99122807017622 36
33.00877192982534 15
33.02631578947447 46
33.04385964912359 47
33.0877192982464 48
33.122807017544645 12
33.14912280701833 11
33.184210526316576 43
33.19298245614114 57
33.30701754386044 6
33.333333333334124 20
33.342105263158686 11
33.36842105263237 0
33.45614035087799 24
33.57894736842185 31
33.6140350877201 7
33.6140350877201 29
33.62280701754466 26
33.68421052631659 10
33.69298245614115 11
33.77192982456221 18
33.88596491228151 11
33.96491228070256 36
34.00000000000081 18
34.03508771929906 6
34.06140350877274 3
34.078947368421865 11
34.17543859649204 22
34.17543859649204 22
34.22807017543941 18
34.2543859649131 24
34.28070175438678 11
34.298245614035906 54
34.31578947368503 15
34.31578947368503 59
34.42105263157977 1
34.43859649122889 7
34.447368421053454 4
34.447368421053454 27
34.47368421052714 56
34.4824561403517 11
34.561403508772756 55
34.63157894736925 30
34.657894736842934 43
34.68421052631662 11
34.763157894737674 6
34.79824561403592 42
34.85964912280785 47
34.877192982456975 11
34.93859649122891 36
35.0087719298254 16
35.035087719299085 48
35.05263157894821 24
35.06140350877277 46
35.07017543859733 11
35.17543859649207 32
35.21052631579032 2
35.26315789473769 7
35.26315789473769 11
35.298245614035935 18
35.34210526315874 38
35.39473684210611 3
35.403508771930674 25
35.456140350878044 11
35.456140350878044 50
35.49122807017629 6
35.622807017544716 15
35.6491228070184 11
35.65789473684296 12
35.68421052631665 34
35.833333333334195 14
35.84210526315876 11
35.85087719298332 24
35.91228070175525 23
35.91228070175525 36
35.96491228070262 18
36.02631578947455 39
36.03508771929911 11
36.096491228071045 7
36.13157894736929 0
36.13157894736929 42
36.15789473684298 59
36.21929824561491 6
36.22807017543947 11
36.263157894737716 5
36.307017543860525 28
36.33333333333421 20
36.33333333333421 46
36.421052631579826 11
36.421052631579826 18
36.43859649122895 44
36.45614035087807 43
36.473684210527196 41
36.50877192982544 49
36.526315789474566 4
36.54385964912369 1
36.5877192982465 58
36.61403508772018 11
36.61403508772018 53
36.64912280701843 24
36.65789473684299 37
36.66666666666755 47
36.728070175439484 3
36.780701754386854 40
36.80701754386054 11
36.885964912281594 36
36.90350877193072 30
36.92105263157984 7
36.9298245614044 15
36.947368421053525 6
36.98245614035177 48
37.000000000000895 11
37.12280701754476 25
37.19298245614125 11
37.21929824561494 27
37.23684210526406 44
37.315789473685115 29
37.38596491228161 11
37.44736842105354 24
37.578947368421964 57
37.67543859649214 6
37.745614035088636 7
37.7543859649132 59
37.77192982456232 50
37.81578947368513 5
37.85964912280794 36
37.87719298245706 16
37.88596491228162 31
37.903508771930746 42
38.03508771929917 55
38.061403508772855 3
38.08771929824654 18
38.14035087719391 46
38.23684210526409 15
38.24561403508865 24
38.3947368421062 18
38.40350877193076 6
38.41228070175532 22
38.482456140351815 47
38.57894736842199 7
38.596491228071116 12
38.60526315789568 4
38.61403508772024 11
38.61403508772024 41
38.63157894736936 43
38.66666666666761 2
38.692982456141294 25
38.807017543860596 11
38.83333333333428 36
38.92982456140446 48
38.956140350878144 59
39.00000000000095 11
39.00000000000095 11
39.04385964912376 24
39.07894736842201 0
39.09649122807113 5
39.13157894736938 6
39.175438596492185 30
39.18421052631675 20
39.19298245614131 11
39.25438596491324 29
39.30701754386061 54
39.385964912281665 11
39.385964912281665 14
39.39473684210623 3
39.40350877193079 7
39.543859649123775 15
39.5614035087729 26
39.57894736842202 11
39.71929824561501 1
39.73684210526413 23
39.754385964913254 49
39.77192982456238 11
39.807017543860624 36
39.84210526315887 24
39.859649122807994 6
39.87719298245712 42
39.912280701755364 46
39.95614035087817 10
39.964912280702734 11
40.0877192982466 50
40.10526315789572 12
40.15789473684309 11
40.175438596492214 53
40.2017543859659 5
40.2017543859659 34
40.21052631579046 25
40.22807017543958 7
40.22807017543958 27
40.26315789473783 39
40.289473684211515 43
40.289473684211515 47
40.35087719298345 11
40.40350877193082 38
40.4298245614045 18
40.46491228070275 56
40.49122807017643 59
40.5438596491238 11
40.58771929824661 6
40.64035087719398 24
40.666666666667666 41
40.68421052631679 4
40.70175438596591 18
40.7280701754396 3
40.73684210526416 11
40.74561403508872 16
40.78070175438697 36
40.815789473685214 18
40.85087719298346 15
40.877192982457146 48
40.929824561404516 11
40.973684210527324 57
41.05263157894838 7
41.12280701754487 11
41.184210526316804 42
41.28070175438698 32
41.31578947368523 6
41.31578947368523 11
41.33333333333435 44
41.34210526315891 28
41.38596491228172 18
41.43859649122909 24
41.456140350878215 30
41.508771929825585 11
41.54385964912383 46
41.63157894736945 37
41.675438596492256 58
41.69298245614138 55
41.70175438596594 11
41.75438596491331 36
41.79824561403612 20
41.85087719298349 44
41.885964912281736 7
41.8947368421063 11
41.91228070175542 59
41.94736842105367 29
42.02631578947472 31
42.043859649123846 6
42.06140350877297 3
42.087719298246654 11
42.096491228071216 47
42.1228070175449 2
42.15789473684315 15
42.18421052631683 0
42.2368421052642 24
42.28070175438701 11
42.40350877193087 50
42.47368421052737 11
42.49122807017649 12
42.49122807017649 25
42.6491228070186 22
42.66666666666772 11
42.71052631579053 7
42.728070175439655 36
42.7631578947379 4
42.77192982456246 6
42.833333333334394 48
42.85964912280808 11
42.85964912280808 42
42.92982456140457 41
42.938596491229134 14
42.98245614035194 49
43.03508771929931 24
43.052631578948436 11
43.13157894736949 59
43.14035087719405 39
43.21929824561511 5
43.24561403508879 11
43.307017543860724 43
43.315789473685285 57
43.39473684210634 3
43.43859649122915 11
43.46491228070283 15
43.50000000000108 6
43.53508771929933 7
43.56140350877301 23
43.61403508772038 16
43.631578947369505 11
43.67543859649231 54
43.692982456141436 5
43.692982456141436 12
43.701754385966 36
43.72807017543968 30
43.745614035088806 46
43.77192982456249 1
43.82456140350986 11
43.83333333333442 24
43.903508771930916 47
44.01754385965022 11
44.01754385965022 26
44.03508771929934 27
44.07017543859759 53
44.210526315790574 11
44.2280701754397 6
44.23684210526426 20
44.25438596491338 18
44.28070175438707 29
44.35964912280812 7
44.368421052632684 40
44.40350877193093 11
44.50877192982567 0
44.52631578947479 18
44.54385964912392 34
44.59649122807129 11
44.63157894736953 24
44.67543859649234 36
44.71929824561515 5
44.71929824561515 50
44.72807017543971 3
44.77192982456252 15
44.78070175438708 48
44.78947368421164 11
44.807017543860766 12
44.84210526315901 4
44.956140350878314 6
44.982456140352 11
45.008771929825684 44
45.02631578947481 46
45.166666666667794 10
45.166666666667794 58
45.175438596492356 11
45.18421052631692 7
45.36842105263271 11
45.41228070175552 25
45.429824561404644 24
45.438596491229205 38
45.51754385965026 44
45.56140350877307 11
45.57894736842219 2
45.649122807018685 36
45.68421052631693 6
45.68421052631693 18
45.71929824561518 47
45.754385964913425 11
45.754385964913425 42
45.921052631580096 12
45.93859649122922 5
45.94736842105378 11
46.00877192982571 7
46.00877192982571 30
46.00877192982571 59
46.06140350877308 3
46.070175438597644 39
46.078947368422206 15
46.10526315789589 29
46.122807017545014 57
46.14035087719414 11
46.228070175439754 24
46.30701754386081 32
46.31578947368537 44
46.333333333334494 11
46.3771929824573 28
46.41228070175555 6
46.47368421052748 5
46.48245614035204 16
46.491228070176604 14
46.51754385965029 49
46.51754385965029 55
46.51754385965029 56
46.52631578947485 11
46.57017543859766 43
46.605263157895905 37
46.62280701754503 36
46.63157894736959 20
46.63157894736959 31
46.71929824561521 11
46.72807017543977 48
46.80701754386082 41
46.84210526315907 7
46.88596491228188 22
46.91228070175556 11
46.921052631580125 4
47.026315789474864 24
47.035087719299426 12
47.035087719299426 46
47.035087719299426 50
47.10526315789592 11
47.140350877194166 6
47.27192982456259 59
47.298245614036276 11
47.35964912280821 25
47.38596491228189 15
47.394736842106454 3
47.394736842106454 23
47.49122807017663 11
47.500000000001194 18
47.52631578947488 47
47.59649122807137 36
47.60526315789593 1
47.666666666667865 42
47.67543859649243 7
47.68421052631699 11
47.74561403508892 44
47.824561403509975 24
47.86842105263278 6
47.877192982457345 11
48.0701754385977 11
48.096491228071386 0
48.149122807018756 12
48.21052631579069 5
48.26315789473806 11
48.28070175438718 30
48.28070175438718 54
48.28947368421174 45
48.456140350878414 11
48.50000000000122 7
48.570175438597715 36
48.5964912280714 6
48.5964912280714 43
48.622807017545085 24
48.64912280701877 11
48.68421052631702 48
48.69298245614158 15
48.728070175439825 3
48.728070175439825 59
48.73684210526439 46
48.76315789473807 26
48.84210526315913 11
48.85964912280825 1
48.95614035087843 40
49.000000000001236 4
49.01754385965036 20
49.03508771929948 2
49.03508771929948 11
49.043859649124045 41
49.1228070175451 42
49.149122807018784 58
49.22807017543984 11
49.22807017543984 44
49.263157894738086 12
49.32456140351002 6
49.32456140351002 7
49.34210526315914 47
49.3508771929837 16
49.3508771929837 25
49.3508771929837 50
49.421052631580196 11
49.421052631580196 24
49.54385964912406 36
49.61403508772055 11
49.64035087719424 27
49.74561403508898 49
49.80701754386091 11
50.000000000001265 11
50.000000000001265 15
50.04385964912407 14
50.052631578948635 6
50.061403508773196 3
50.08771929824688 34
50.14912280701881 7
50.14912280701881 44
50.157894736843375 43
50.19298245614162 11
50.219298245615306 24
50.23684210526443 42
50.29824561403636 59
50.35087719298373 57
50.377192982457416 12
50.38596491228198 11
50.4035087719311 18
50.5175438596504 36
50.578947368422334 11
50.578947368422334 44
50.60526315789602 53
50.640350877194265 48
50.7017543859662 1
50.7017543859662 39
50.77192982456269 11
50.78070175438725 6
50.86842105263287 18
50.96491228070305 11
50.98245614035217 7
51.01754385965042 24
51.01754385965042 46
51.02631578947498 31
51.05263157894866 30
51.07894736842235 4
51.122807017545156 22
51.14912280701884 47
51.1578947368434 11
51.219298245615335 23
51.219298245615335 38
51.30701754386095 15
51.35087719298376 11
51.39473684210657 3
51.39473684210657 20
51.40350877193113 18
51.41228070175569 28
51.4561403508785 0
51.47368421052762 42
51.491228070176746 12
51.491228070176746 36
51.50877192982587 6
51.52631578947499 5
51.543859649124116 11
51.57894736842236 37
51.60526315789605 55
51.61403508772061 18
51.66666666666798 50
51.73684210526447 11
51.78947368421184 29
51.807017543860965 7
51.81578947368553 24
51.83333333333465 1
51.88596491228202 59
51.90350877193114 41
51.92982456140483 11
51.93859649122939 25
52.08771929824694 32
52.122807017545185 11
52.21929824561536 16
52.228070175439925 10
52.236842105264486 6
52.31578947368554 11
52.3245614035101 18
52.46491228070309 36
52.491228070176774 2
52.5087719298259 11
52.58771929824695 48
52.605263157896076 12
52.61403508772064 15
52.61403508772064 24
52.63157894736976 7
52.67543859649257 18
52.69298245614169 46
52.701754385966254 11
52.72807017543994 3
52.7368421052645 43
52.74561403508906 42
52.74561403508906 54
52.763157894738185 27
52.89473684210661 11
52.92982456140486 58
52.95614035087854 47
52.9649122807031 6
52.973684210527665 49
53.00000000000135 44
53.08771929824697 11
53.1491228070189 5
53.15789473684346 4
53.20175438596627 1
53.28070175438732 11
53.32456140351013 30
53.32456140351013 59
53.41228070175575 24
53.42105263158031 40
53.43859649122943 36
53.43859649122943 56
53.456140350878556 7
53.47368421052768 11
53.52631578947505 29
53.59649122807154 14
53.62280701754523 18
53.62280701754523 57
53.666666666668036 11
53.69298245614172 6
53.719298245615406 12
53.771929824562775 20
53.85964912280839 11
53.85964912280839 42
53.921052631580324 15
53.97368421052769 0
53.982456140352255 50
54.05263157894875 11
54.06140350877331 3
54.16666666666805 5
54.16666666666805 18
54.21052631579086 24
54.245614035089105 11
54.28070175438735 7
54.38596491228209 46
54.412280701755776 36
54.42105263158034 6
54.43859649122946 11
54.508771929825954 53
54.53508771929964 48
54.63157894736982 11
54.69298245614175 1
54.771929824562804 47
54.780701754387366 43
54.78947368421193 41
54.79824561403649 18
54.824561403510174 11
54.824561403510174 31
54.824561403510174 59
54.833333333334735 12
54.91228070175579 18
54.97368421052772 26
54.97368421052772 42
55.00877192982597 24
55.01754385965053 11
55.043859649124215 23
55.08771929824702 16
55.10526315789615 7
55.149122807018955 6
55.19298245614176 34
55.21052631579089 11
55.22807017544001 15
55.23684210526457 4
55.23684210526457 5
55.27192982456282 18
55.359649122808435 22
55.38596491228212 36
55.39473684210668 3
55.40350877193124 11
55.50877192982598 25
55.5964912280716 11
55.5964912280716 30
55.61403508772072 39
55.789473684211956 11
55.80701754386108 24
55.8245614035102 18
55.87719298245757 6
55.92982456140494 7
55.947368421054065 2
55.947368421054065 12
55.98245614035231 11
56.052631578948805 5
56.08771929824705 42
56.14912280701898 20
56.17543859649267 11
56.19298245614179 58
56.20175438596635 49
56.24561403508916 57
56.29824561403653 18
56.29824561403653 50
56.35964912280846 36
56.368421052633025 11
56.45614035087864 28
56.49122807017689 48
56.535087719299696 15
56.55263157894882 37
56.56140350877338 11
56.587719298247066 47
56.60526315789619 6
56.60526315789619 24
56.72807017544005 3
56.75438596491374 11
56.7631578947383 7
56.78070175438742 1
56.92105263158041 5
56.947368421054094 11
57.061403508773395 12
57.14035087719445 11
57.14912280701901 14
57.21052631579094 27
57.219298245615505 46
57.23684210526463 56
57.271929824562875 18
57.271929824562875 38
57.31578947368568 4
57.33333333333481 6
57.33333333333481 11
57.33333333333481 36
57.33333333333481 44
57.35964912280849 41
57.35964912280849 42
57.4035087719313 24
57.52631578947516 11
57.596491228071656 7
57.6315789473699 25
57.692982456141834 54
57.71052631579096 0
57.71929824561552 11
57.745614035089204 18
57.84210526315938 15
57.850877192983944 40
57.86842105263307 30
57.912280701755876 11
57.956140350878684 16
58.02631578947518 44
58.061403508773424 3
58.061403508773424 6
58.07894736842255 1
58.10526315789623 11
58.175438596492725 12
58.20175438596641 24
58.29824561403659 11
58.30701754386115 36
58.32456140351027 32
58.385964912282205 55
58.40350877193133 47
58.41228070175589 5
58.41228070175589 29
58.42105263158045 7
58.438596491229575 48
58.47368421052782 42
58.491228070176945 11
58.52631578947519 20
58.61403508772081 50
58.62280701754537 39
58.6842105263173 11
58.754385964913794 46
58.78947368421204 6
58.83333333333485 59
58.868421052633096 53
58.87719298245766 11
58.90350877193134 23
58.92982456140503 18
58.964912280703274 44
59.00000000000152 24
59.070175438598014 11
59.08771929824714 57
59.11403508772082 1
59.14912280701907 15
59.24561403508925 7
59.26315789473837 11
59.28070175438749 36
59.289473684212055 12
59.289473684212055 45
59.394736842106795 3
59.394736842106795 4
59.40350877193136 2
59.42982456140504 49
59.45614035087873 11
59.51754385965066 6
59.58771929824715 31
59.59649122807171 22
59.614035087720836 5
59.64912280701908 11
59.666666666668206 42
59.666666666668206 43
59.7368421052647 41
59.79824561403663 24
59.84210526315944 11
59.85964912280856 58
