0.043859649122807015 41
0.043859649122807015 42
0.07017543859649122 16
0.14912280701754385 48
0.19298245614035087 15
0.22807017543859648 47
0.23684210526315788 2
0.3333333333333336 9
0.342105263157895 7
0.40350877192982504 30
0.42982456140350933 46
0.43859649122807076 0
0.4824561403508779 57
0.5438596491228079 44
0.5614035087719308 35
0.5789473684210537 28
0.5789473684210537 36
0.6403508771929837 3
0.728070175438598 23
0.728070175438598 27
0.728070175438598 54
0.7456140350877208 24
0.7631578947368437 56
0.8070175438596509 22
0.8596491228070194 4
0.8859649122807037 1
0.8859649122807037 26
0.8947368421052652 5
0.8947368421052652 53
0.9561403508771952 14
0.9649122807017566 6
1.0087719298245637 32
1.0701754385964937 43
1.157894736842108 7
1.2543859649122837 10
1.3333333333333366 37
1.4122807017543895 15
1.4122807017543895 38
1.421052631578951 17
1.543859649122811 24
1.6228070175438638 36
1.6929824561403553 6
1.7192982456140395 29
1.7631578947368467 39
1.7982456140350924 49
1.9298245614035139 12
1.9385964912280753 55
1.973684210526321 3
1.973684210526321 7
2.0000000000000053 42
2.0087719298245665 52
2.03508771929825 50
2.0526315789473726 40
2.0964912280701786 46
2.10526315789474 47
2.1842105263157907 48
2.3421052631578925 24
2.3859649122806985 44
2.4210526315789433 6
2.4999999999999942 20
2.6315789473684124 15
2.666666666666657 11
2.666666666666657 36
2.789473684210514 7
2.789473684210514 11
2.8947368421052486 11
2.991228070175422 4
3.0263157894736668 44
3.043859649122789 57
3.1052631578947176 12
3.12280701754384 11
3.1403508771929625 24
3.1491228070175237 6
3.2192982456140133 11
3.3070175438596254 3
3.3157894736841866 11
3.41228070175436 11
3.4824561403508496 0
3.5087719298245332 11
3.5087719298245332 46
3.5175438596490944 29
3.578947368421023 27
3.5964912280701453 7
3.6052631578947065 11
3.70175438596488 11
3.710526315789441 36
3.789473684210492 1
3.798245614035053 11
3.8157894736841755 2
3.8508771929824204 15
3.877192982456104 6
3.8947368421052264 11
3.9385964912280325 24
3.9736842105262773 47
3.9912280701753997 11
4.026315789473646 43
4.0877192982455774 11
4.184210526315756 11
4.192982456140317 48
4.210526315789441 34
4.280701754385934 11
4.298245614035057 30
4.307017543859619 9
4.377192982456112 11
4.403508771929797 7
4.47368421052629 11
4.508771929824537 14
4.570175438596468 11
4.605263157894715 6
4.640350877192962 3
4.640350877192962 8
4.640350877192962 16
4.6666666666666465 11
4.6666666666666465 42
4.6929824561403315 33
4.728070175438578 50
4.73684210526314 24
4.754385964912263 36
4.763157894736825 11
4.807017543859633 44
4.859649122807003 11
4.956140350877181 11
5.043859649122798 1
5.052631578947359 11
5.070175438596483 15
5.1228070175438525 4
5.157894736842099 22
5.210526315789469 7
5.333333333333332 6
5.438596491228072 17
5.464912280701757 35
5.48245614035088 12
5.508771929824565 11
5.508771929824565 32
5.53508771929825 24
5.596491228070182 28
5.605263157894743 11
5.614035087719305 29
5.701754385964922 11
5.7543859649122915 44
5.780701754385976 55
5.7982456140351 11
5.7982456140351 36
5.877192982456155 47
5.894736842105278 11
5.947368421052648 5
5.973684210526333 3
5.973684210526333 41
5.991228070175456 11
6.017543859649141 7
6.061403508771949 6
6.061403508771949 52
6.070175438596511 54
6.087719298245634 11
6.087719298245634 11
6.149122807017566 27
6.1842105263158125 11
6.201754385964936 44
6.245614035087744 53
6.280701754385991 11
6.280701754385991 15
6.280701754385991 37
6.333333333333361 24
6.333333333333361 48
6.377192982456169 11
6.473684210526347 11
6.482456140350909 40
6.508771929824594 57
6.54385964912284 39
6.6140350877193335 26
6.631578947368457 46
6.710526315789512 0
6.719298245614073 42
6.7894736842105665 6
6.8157894736842515 11
6.824561403508813 7
6.842105263157936 9
6.842105263157936 36
6.894736842105306 1
7.131578947368471 24
7.140350877193033 50
7.166666666666718 30
7.184210526315841 12
7.1929824561404025 11
7.254385964912334 4
7.289473684210581 11
7.307017543859704 2
7.307017543859704 3
7.385964912280759 11
7.438596491228129 16
7.482456140350937 11
7.491228070175499 15
7.517543859649184 6
7.578947368421115 11
7.631578947368485 7
7.6754385964912935 11
7.684210526315855 23
7.745614035087787 47
7.771929824561472 11
7.86842105263165 11
7.885964912280773 36
7.885964912280773 36
7.929824561403581 24
7.938596491228143 38
7.956140350877266 45
7.964912280701828 11
8.008771929824636 46
8.02631578947376 14
8.061403508772006 11
8.157894736842184 11
8.228070175438678 20
8.2456140350878 6
8.263157894736924 12
8.28947368421061 11
8.377192982456226 48
8.377192982456226 56
8.385964912280787 11
8.438596491228157 7
8.482456140350966 11
8.578947368421144 11
8.587719298245705 1
8.605263157894829 8
8.640350877193075 3
8.675438596491322 11
8.701754385965007 15
8.728070175438692 24
8.7719298245615 11
8.868421052631678 11
8.92982456140361 36
8.92982456140361 42
8.964912280701856 11
8.973684210526418 6
8.973684210526418 34
9.061403508772035 11
9.157894736842213 11
9.175438596491336 29
9.24561403508783 7
9.254385964912391 11
9.377192982456254 12
9.429824561403624 4
9.429824561403624 43
9.429824561403624 52
9.438596491228186 11
9.500000000000117 22
9.526315789473802 24
9.526315789473802 27
9.535087719298364 11
9.62280701754398 47
9.631578947368542 11
9.67543859649135 0
9.692982456140474 46
9.701754385965035 6
9.72807017543872 11
9.736842105263282 9
9.763157894736967 39
9.824561403508898 11
9.83333333333346 57
9.842105263158022 30
9.859649122807145 50
9.912280701754515 15
9.921052631579077 11
9.973684210526446 3
9.973684210526446 36
10.017543859649255 11
10.052631578947501 7
10.114035087719433 11
10.114035087719433 32
10.210526315789611 11
10.236842105263296 16
10.30701754385979 11
10.324561403508913 24
10.403508771929967 11
10.429824561403652 6
10.464912280701899 1
10.500000000000146 41
10.596491228070324 28
10.640350877193132 42
10.657894736842255 35
10.692982456140502 12
10.719298245614187 11
10.798245614035242 2
10.815789473684365 11
10.850877192982612 53
10.859649122807173 7
10.868421052631735 48
10.885964912280858 55
10.903508771929982 49
10.912280701754543 11
10.982456140351037 8
11.008771929824722 11
11.008771929824722 44
11.017543859649283 36
11.1052631578949 11
11.122807017544023 15
11.122807017544023 24
11.15789473684227 6
11.201754385965078 11
11.228070175438763 37
11.228070175438763 40
11.289473684210694 26
11.298245614035256 11
11.307017543859818 3
11.394736842105434 11
11.491228070175612 11
11.500000000000174 47
11.53508771929842 14
11.53508771929842 23
11.561403508772106 4
11.58771929824579 11
11.64035087719316 33
11.666666666666845 7
11.666666666666845 43
11.684210526315969 11
11.815789473684394 54
11.885964912280887 6
11.921052631579133 24
12.06140350877212 36
12.087719298245805 12
12.096491228070366 11
12.122807017544051 42
12.192982456140545 11
12.201754385965106 45
12.2719298245616 50
12.289473684210723 11
12.315789473684408 46
12.333333333333531 15
12.385964912280901 11
12.473684210526518 7
12.473684210526518 57
12.48245614035108 11
12.48245614035108 56
12.578947368421257 11
12.614035087719504 6
12.640350877193189 3
12.675438596491436 11
12.70175438596512 1
12.719298245614244 24
12.75438596491249 30
12.771929824561614 11
12.850877192982669 48
12.868421052631792 11
12.947368421052847 44
12.96491228070197 11
13.035087719298463 16
13.061403508772148 11
13.105263157894957 36
13.166666666666888 34
13.166666666666888 38
13.184210526316011 20
13.289473684210751 7
13.342105263158121 6
13.368421052631806 47
13.517543859649354 24
13.54385964912304 15
13.614035087719532 0
13.692982456140587 4
13.736842105263396 43
13.81578947368445 1
13.824561403509012 22
13.833333333333574 41
13.850877192982697 42
13.964912280701999 49
13.97368421052656 3
13.97368421052656 39
14.008771929824807 46
14.070175438596738 6
14.096491228070423 7
14.149122807017793 36
14.201754385965163 52
14.263157894737095 32
14.28947368421078 2
14.315789473684465 24
14.324561403509026 27
14.605263157895 12
14.631578947368684 11
14.684210526316054 50
14.684210526316054 55
14.728070175438862 11
14.754385964912547 15
14.798245614035356 6
14.82456140350904 11
14.82456140350904 53
14.833333333333602 48
14.903508771930095 7
14.921052631579219 11
14.964912280702027 42
15.017543859649397 11
15.043859649123082 14
15.078947368421328 30
15.114035087719575 11
15.114035087719575 24
15.19298245614063 36
15.19298245614063 36
15.210526315789753 11
15.228070175438877 1
15.236842105263438 47
15.245614035088 9
15.307017543859931 3
15.307017543859931 11
15.394736842105548 43
15.40350877193011 11
15.500000000000288 11
15.526315789473973 6
15.570175438596781 57
15.596491228070466 11
15.596491228070466 28
15.649122807017836 23
15.66666666666696 26
15.710526315789767 7
15.798245614035384 5
15.824561403509069 4
15.83333333333363 16
15.912280701754685 24
15.964912280702055 15
16.122807017544165 41
16.131578947368727 42
16.175438596491535 37
16.236842105263467 36
16.25438596491259 6
16.350877192982768 54
16.500000000000316 8
16.51754385964944 7
16.596491228070494 39
16.640350877193303 3
16.710526315789796 24
16.78070175438629 12
16.798245614035412 11
16.824561403509097 48
16.824561403509097 48
16.83333333333366 52
16.89473684210559 11
16.982456140351207 6
16.99122807017577 11
17.035087719298577 49
17.087719298245947 11
17.09649122807051 50
17.10526315789507 47
17.131578947368755 0
17.175438596491563 15
17.184210526316125 1
17.184210526316125 11
17.192982456140687 35
17.245614035088057 42
17.280701754386303 11
17.280701754386303 36
17.32456140350911 7
17.32456140350911 46
17.350877192982797 27
17.36842105263192 34
17.37719298245648 11
17.47368421052666 11
17.508771929824906 24
17.543859649123153 40
17.570175438596838 11
17.666666666667016 11
17.6929824561407 9
17.710526315789824 6
17.728070175438948 17
17.728070175438948 30
17.763157894737194 11
17.780701754386318 2
17.95614035087755 4
17.973684210526674 3
18.043859649123167 55
18.131578947368784 7
18.149122807017907 22
18.15789473684247 41
18.192982456140715 43
18.307017543860017 24
18.32456140350914 36
18.359649122807387 42
18.359649122807387 44
18.38596491228107 15
18.394736842105633 1
18.43859649122844 6
18.447368421053003 45
18.552631578947743 14
18.631578947368798 16
18.79824561403547 48
18.921052631579332 32
18.938596491228456 7
18.973684210526702 47
19.052631578947757 29
19.105263157895127 24
19.16666666666706 6
19.21929824561443 5
19.236842105263552 57
19.289473684210922 46
19.307017543860045 3
19.307017543860045 38
19.368421052631977 36
19.412280701754785 39
19.473684210526716 42
19.508771929824963 50
19.561403508772333 12
19.587719298246018 11
19.59649122807058 15
19.59649122807058 53
19.622807017544265 0
19.631578947368826 1
19.684210526316196 11
19.70175438596532 44
19.745614035088128 7
19.780701754386374 11
19.842105263158306 43
19.877192982456553 11
19.894736842105676 6
19.903508771930237 24
19.97368421052673 11
19.982456140351292 25
20.07017543859691 11
20.087719298246032 4
20.096491228070594 49
20.166666666667087 11
20.263157894737265 11
20.359649122807443 11
20.412280701754813 30
20.412280701754813 36
20.44736842105306 33
20.45614035087762 11
20.526315789474115 5
20.5526315789478 7
20.5526315789478 11
20.587719298246046 42
20.61403508771973 28
20.622807017544293 6
20.631578947368855 54
20.640350877193416 3
20.701754385965348 24
20.77192982456184 48
20.789473684210964 41
20.807017543860088 15
20.842105263158334 47
20.903508771930266 1
20.98245614035132 56
21.122807017544307 37
21.157894736842554 20
21.166666666667115 44
21.271929824561855 2
21.271929824561855 2
21.35087719298291 6
21.359649122807472 7
21.429824561403965 16
21.45614035087765 36
21.50000000000046 24
21.56140350877239 34
21.701754385965376 42
21.72807017543906 29
21.798245614035554 46
21.807017543860116 55
21.8333333333338 12
21.842105263158363 11
21.88596491228117 40
21.921052631579418 50
21.93859649122854 11
21.973684210526788 3
22.017543859649596 15
22.03508771929872 11
22.03508771929872 27
22.04385964912328 14
22.078947368421527 6
22.114035087719774 10
22.122807017544336 25
22.131578947368897 11
22.175438596491706 7
22.219298245614514 4
22.228070175439075 11
22.228070175439075 43
22.29824561403557 24
22.324561403509254 11
22.40350877193031 8
22.421052631579432 11
22.429824561403993 39
22.45614035087768 0
22.4736842105268 22
22.500000000000487 36
22.51754385964961 11
22.52631578947417 9
22.614035087719788 11
22.657894736842596 57
22.710526315789966 11
22.710526315789966 47
22.719298245614528 17
22.745614035088213 30
22.745614035088213 48
22.807017543860145 6
22.807017543860145 11
22.815789473684706 42
22.850877192982953 1
22.903508771930323 11
22.982456140351378 7
23.0000000000005 11
23.0000000000005 31
23.017543859649624 32
23.09649122807068 11
23.09649122807068 23
23.09649122807068 24
23.15789473684261 49
23.192982456140857 11
23.20175438596542 35
23.228070175439104 15
23.289473684211035 11
23.298245614035597 44
23.30701754386016 3
23.385964912281214 11
23.47368421052683 25
23.482456140351392 11
23.53508771929876 6
23.543859649123323 36
23.57894736842157 11
23.675438596491748 11
23.771929824561926 11
23.78947368421105 7
23.868421052632105 11
23.89473684210579 24
23.90350877193035 12
23.964912280702283 11
24.00877192982509 41
24.00877192982509 42
24.06140350877246 11
24.06140350877246 26
24.15789473684264 11
24.184210526316324 1
24.228070175439132 16
24.254385964912817 11
24.26315789473738 6
24.307017543860187 38
24.333333333333872 50
24.350877192982995 4
24.350877192982995 11
24.350877192982995 20
24.359649122807557 44
24.438596491228612 15
24.447368421053174 11
24.543859649123352 11
24.5789473684216 47
24.58771929824616 36
24.59649122807072 7
24.64035087719353 3
24.64035087719353 11
24.68421052631634 46
24.6929824561409 24
24.719298245614585 48
24.719298245614585 52
24.736842105263708 11
24.763157894737393 2
24.824561403509325 25
24.833333333333886 11
24.929824561404065 11
24.982456140351434 33
24.991228070175996 6
25.026315789474243 11
25.035087719298804 30
25.12280701754442 11
25.12280701754442 42
25.2192982456146 11
25.298245614035654 57
25.315789473684777 11
25.342105263158462 27
25.412280701754955 7
25.412280701754955 11
25.49122807017601 24
25.508771929825134 11
25.54385964912338 14
25.605263157895312 11
25.614035087719873 28
25.631578947368997 36
25.64912280701812 15
25.70175438596549 11
25.719298245614613 6
25.75438596491286 34
25.789473684211107 55
25.798245614035668 11
25.894736842105846 11
25.92105263157953 1
25.92105263157953 8
25.929824561404093 12
25.9736842105269 3
25.991228070176025 11
26.008771929825148 53
26.07017543859708 37
26.07894736842164 43
26.087719298246203 11
26.087719298246203 41
26.17543859649182 25
26.18421052631638 11
26.219298245614628 7
26.219298245614628 49
26.23684210526375 42
26.28070175438656 11
26.28947368421112 24
26.377192982456737 11
26.403508771930422 46
26.44736842105323 6
26.456140350877792 47
26.473684210526915 11
26.482456140351477 4
26.570175438597094 11
26.666666666667272 11
26.675438596491833 36
26.70175438596552 48
26.71929824561464 40
26.745614035088327 50
26.76315789473745 11
26.789473684211135 22
26.859649122807628 11
26.859649122807628 15
26.956140350877806 0
26.956140350877806 11
27.0263157894743 7
27.0263157894743 16
27.03508771929886 29
27.052631578947985 11
27.052631578947985 32
27.08771929824623 24
27.175438596491848 6
27.228070175439218 23
27.307017543860272 3
27.35087719298308 30
27.35087719298308 42
27.50000000000063 39
27.526315789474314 25
27.570175438597122 43
27.61403508771993 1
27.71929824561467 36
27.83333333333397 7
27.86842105263222 9
27.88596491228134 24
27.903508771930465 6
27.98245614035152 52
28.070175438597136 15
28.078947368421698 35
28.175438596491876 12
28.20175438596556 11
28.25438596491293 2
28.280701754386616 20
28.29824561403574 11
28.324561403509424 47
28.342105263158548 27
28.368421052632232 57
28.394736842105917 11
28.41228070175504 8
28.46491228070241 42
28.491228070176096 11
28.578947368421712 46
28.587719298246274 11
28.61403508771996 4
28.631578947369082 6
28.640350877193644 3
28.640350877193644 7
28.67543859649189 48
28.684210526316452 11
28.684210526316452 24
28.754385964912945 41
28.763157894737507 36
28.78070175438663 11
28.859649122807685 1
28.87719298245681 11
28.87719298245681 25
28.973684210526987 11
29.04385964912348 14
29.070175438597165 11
29.10526315789541 55
29.131578947369096 26
29.15789473684278 50
29.166666666667343 11
29.280701754386644 15
29.280701754386644 49
29.298245614035768 54
29.3596491228077 6
29.447368421053316 7
29.482456140351562 24
29.508771929825247 12
29.52631578947437 11
29.57894736842174 42
29.62280701754455 11
29.63157894736911 38
29.692982456141042 30
29.719298245614727 11
29.807017543860344 36
29.815789473684905 11
29.824561403509467 16
29.912280701755083 11
29.94736842105333 34
29.964912280702453 39
29.973684210527015 3
29.99122807017614 46
30.00877192982526 11
30.087719298246316 6
30.10526315789544 11
30.184210526316495 47
30.201754385965618 11
30.228070175439303 1
30.228070175439303 25
30.254385964912988 7
30.254385964912988 53
30.280701754386673 24
30.298245614035796 11
30.350877192983166 33
30.394736842105974 11
30.491228070176152 11
30.491228070176152 15
30.552631578948084 43
30.605263157895454 28
30.649122807018262 48
30.69298245614107 12
30.69298245614107 42
30.710526315790194 11
30.74561403508844 4
30.79824561403581 20
30.807017543860372 11
30.807017543860372 56
30.815789473684934 6
30.85087719298318 36
30.90350877193055 11
30.938596491228797 57
31.00000000000073 11
31.01754385964985 37
31.07017543859722 7
31.078947368421783 0
31.078947368421783 24
31.096491228070906 11
31.11403508772003 22
31.12280701754459 52
31.192982456141085 11
31.289473684211263 11
31.289473684211263 23
31.307017543860386 3
31.38596491228144 11
31.48245614035162 11
31.54385964912355 6
31.570175438597236 50
31.578947368421797 11
31.578947368421797 25
31.605263157895482 1
31.657894736842852 27
31.675438596491976 11
31.70175438596566 15
31.74561403508847 2
31.8070175438604 42
31.842105263158647 31
31.85087719298321 32
31.877192982456894 7
31.877192982456894 24
31.894736842106017 36
31.97368421052707 30
32.05263157894812 47
32.09649122807093 17
32.20175438596567 46
32.271929824562164 6
32.34210526315866 49
32.4473684210534 39
32.491228070176206 12
32.51754385964989 11
32.543859649123576 14
32.5614035087727 44
32.61403508772007 11
32.62280701754463 16
32.640350877193754 3
32.675438596492 24
32.675438596492 48
32.68421052631656 7
32.71052631579025 11
32.807017543860425 11
32.87719298245692 4
32.9035087719306 11
32.912280701755165 15
32.92982456140429 25
32.93859649122885 36
33.00000000000078 6
33.00000000000078 11
33.00000000000078 42
33.0877192982464 1
33.09649122807096 11
33.11403508772008 41
33.122807017544645 9
33.175438596492015 44
33.19298245614114 11
33.26315789473763 20
33.289473684211316 11
33.385964912281494 11
33.47368421052711 24
33.48245614035167 11
33.48245614035167 11
33.500000000000796 7
33.50877192982536 8
33.53508771929904 12
33.57894736842185 11
33.67543859649203 11
33.701754385965714 46
33.7280701754394 6
33.77192982456221 11
33.868421052632385 11
33.88596491228151 35
33.921052631579755 47
33.96491228070256 11
33.973684210527125 3
33.98245614035169 36
33.98245614035169 50
34.06140350877274 11
34.11403508772011 42
34.12280701754467 15
34.131578947369235 27
34.1403508771938 34
34.15789473684292 11
34.245614035088536 30
34.2543859649131 11
34.26315789473766 1
34.27192982456222 24
34.28070175438678 25
34.30701754386047 7
34.350877192983276 11
34.350877192983276 55
34.447368421053454 11
34.456140350878016 6
34.53508771929907 43
34.54385964912363 11
34.57894736842188 12
34.64035087719381 11
34.64912280701837 29
34.657894736842934 48
34.73684210526399 11
34.83333333333417 11
34.929824561404345 11
35.0087719298254 4
35.02631578947452 11
35.02631578947452 33
35.02631578947452 36
35.04385964912365 53
35.07017543859733 24
35.09649122807102 46
35.11403508772014 7
35.1228070175447 11
35.15789473684295 23
35.18421052631663 6
35.21052631579032 38
35.21929824561488 11
35.22807017543944 42
35.236842105264 2
35.307017543860496 3
35.31578947368506 11
35.33333333333418 15
35.350877192983305 31
35.412280701755236 11
35.4210526315798 16
35.4210526315798 49
35.4210526315798 57
35.42982456140436 22
35.456140350878044 39
35.508771929825414 11
35.59649122807103 28
35.60526315789559 11
35.622807017544716 10
35.622807017544716 12
35.63157894736928 25
35.65789473684296 26
35.675438596492086 17
35.675438596492086 41
35.70175438596577 11
35.70175438596577 20
35.78947368421139 47
35.79824561403595 11
35.86842105263244 24
35.885964912281565 32
35.89473684210613 11
35.91228070175525 6
35.929824561404374 7
35.96491228070262 37
35.982456140351744 0
35.991228070176305 11
36.043859649123675 14
36.0614035087728 9
36.07017543859736 36
36.08771929824648 11
36.18421052631666 11
36.28070175438684 11
36.34210526315877 42
36.37719298245702 11
36.39473684210614 50
36.473684210527196 11
36.517543859650004 30
36.54385964912369 15
36.570175438597374 11
36.64035087719387 3
36.64035087719387 6
36.64035087719387 27
36.64035087719387 48
36.66666666666755 11
36.66666666666755 12
36.66666666666755 24
36.675438596492114 45
36.736842105264046 7
36.75438596491317 44
36.76315789473773 11
36.85964912280791 11
36.95614035087809 11
36.98245614035177 25
37.052631578948265 11
37.1140350877202 36
37.14035087719388 4
37.14912280701844 11
37.157894736843005 46
37.24561403508862 11
37.27192982456231 29
37.30701754386055 54
37.3421052631588 11
37.368421052632485 6
37.43859649122898 11
37.4561403508781 42
37.46491228070266 24
37.535087719299156 11
37.54385964912372 7
37.631578947369334 11
37.64912280701846 47
37.684210526316704 55
37.71052631579039 12
37.72807017543951 11
37.7543859649132 15
37.82456140350969 11
37.92105263157987 11
37.97368421052724 3
38.01754385965005 11
38.02631578947461 43
38.0964912280711 6
38.0964912280711 39
38.114035087720225 11
38.14035087719391 20
38.15789473684303 36
38.2105263157904 11
38.219298245614965 16
38.26315789473777 24
38.30701754386058 11
38.33333333333427 25
38.33333333333427 34
38.35964912280795 7
38.40350877193076 11
38.50000000000094 11
38.50000000000094 49
38.5087719298255 44
38.57017543859743 42
38.596491228071116 11
38.60526315789568 46
38.6228070175448 48
38.692982456141294 11
38.72807017543954 2
38.72807017543954 9
38.754385964913226 12
38.77192982456235 8
38.78947368421147 11
38.807017543860596 30
38.807017543860596 50
38.82456140350972 6
38.859649122807966 57
38.88596491228165 11
38.964912280702706 15
38.98245614035183 11
39.061403508772884 23
39.061403508772884 24
39.07894736842201 11
39.1491228070185 44
39.16666666666762 7
39.175438596492185 11
39.18421052631675 27
39.20175438596587 36
39.21929824561499 41
39.228070175439555 35
39.27192982456236 4
39.27192982456236 11
39.30701754386061 3
39.36842105263254 11
39.36842105263254 11
39.447368421053596 33
39.46491228070272 11
39.50877192982553 47
39.543859649123775 14
39.552631578948336 6
39.5614035087729 10
39.5614035087729 11
39.649122807018514 40
39.649122807018514 58
39.657894736843076 11
39.68421052631676 25
39.68421052631676 42
39.701754385965884 43
39.72807017543957 56
39.74561403508869 22
39.754385964913254 11
39.79824561403606 12
39.85087719298343 11
39.859649122807994 24
39.921052631579926 32
39.94736842105361 11
39.973684210527296 7
40.04385964912379 11
40.06140350877291 1
40.14035087719397 11
40.175438596492214 15
40.21929824561502 38
40.236842105264145 11
40.24561403508871 36
40.25438596491327 46
40.28070175438695 6
40.33333333333432 11
40.4298245614045 11
40.447368421053625 31
40.52631578947468 11
40.57017543859749 9
40.57017543859749 20
40.58771929824661 28
40.59649122807117 48
40.62280701754486 11
40.62280701754486 44
40.64035087719398 3
40.657894736843105 24
40.719298245615036 11
40.78070175438697 7
40.79824561403609 42
40.80701754386065 52
40.815789473685214 11
40.83333333333434 5
40.8421052631589 12
40.877192982457146 26
40.91228070175539 11
40.91228070175539 37
41.00877192982557 6
41.00877192982557 11
41.01754385965013 16
41.035087719299256 25
41.078947368422064 30
41.10526315789575 11
41.16666666666768 39
41.20175438596593 11
41.21929824561505 50
41.28947368421154 36
41.298245614036105 11
41.32456140350979 5
41.3684210526326 47
41.38596491228172 15
41.39473684210628 11
41.403508771930845 0
41.403508771930845 4
41.41228070175541 53
41.456140350878215 24
41.49122807017646 11
41.49122807017646 43
41.561403508772955 49
41.58771929824664 7
41.58771929824664 11
41.60526315789576 57
41.68421052631682 11
41.73684210526419 6
41.74561403508875 41
41.771929824562434 54
41.780701754386996 11
41.877192982457174 11
41.885964912281736 12
41.91228070175542 42
41.97368421052735 3
41.97368421052735 11
42.07017543859753 11
42.16666666666771 11
42.21929824561508 2
42.254385964913325 24
42.26315789473789 11
42.33333333333438 36
42.34210526315894 27
42.359649122808065 11
42.38596491228175 25
42.39473684210631 7
42.44736842105368 44
42.45614035087824 11
42.464912280702805 6
42.49122807017649 46
42.52631578947474 34
42.55263157894842 11
42.57894736842211 48
42.59649122807123 15
42.6491228070186 11
42.69298245614141 1
42.74561403508878 11
42.77192982456246 5
42.842105263158956 11
42.86842105263264 29
42.92105263158001 23
42.92982456140457 12
42.938596491229134 11
43.000000000001066 20
43.02631578947475 42
43.03508771929931 11
43.043859649123874 14
43.052631578948436 24
43.061403508773 8
43.105263157895806 55
43.13157894736949 11
43.157894736843176 9
43.19298245614142 6
43.201754385965984 7
43.22807017543967 11
43.22807017543967 47
43.29824561403616 43
43.307017543860724 3
43.32456140350985 11
43.35087719298353 30
43.37719298245722 36
43.421052631580025 11
43.43859649122915 17
43.5175438596502 11
43.53508771929933 4
43.61403508772038 11
43.631578947369505 50
43.71052631579056 11
43.736842105264245 25
43.736842105264245 39
43.77192982456249 10
43.80701754386074 11
43.80701754386074 15
43.8157894736853 16
43.850877192983546 24
43.903508771930916 11
43.92105263158004 6
43.9298245614046 46
43.97368421052741 0
43.97368421052741 12
44.000000000001094 11
44.008771929825656 7
44.061403508773026 22
44.08771929824671 29
44.09649122807127 11
44.14035087719408 42
44.19298245614145 11
44.219298245615136 35
44.28947368421163 11
44.324561403509875 32
44.33333333333444 1
44.368421052632684 44
44.38596491228181 11
44.421052631580054 36
44.429824561404615 33
44.482456140351985 11
44.56140350877304 48
44.57894736842216 11
44.640350877194095 3
44.640350877194095 49
44.640350877194095 56
44.64912280701866 6
44.64912280701866 24
44.67543859649234 11
44.72807017543971 57
44.77192982456252 11
44.81578947368533 7
44.8684210526327 11
44.903508771930944 9
44.964912280702876 11
45.017543859650246 12
45.017543859650246 15
45.061403508773054 11
45.08771929824674 25
45.08771929824674 47
45.15789473684323 11
45.20175438596604 27
45.25438596491341 11
45.35087719298359 11
45.377192982457274 6
45.377192982457274 46
45.40350877193096 38
45.429824561404644 20
45.44736842105377 11
45.44736842105377 24
45.46491228070289 36
45.543859649123945 1
45.543859649123945 11
45.57894736842219 28
45.622807017545 7
45.63157894736956 30
45.64035087719412 11
45.66666666666781 4
45.71052631579062 2
45.7368421052643 11
45.78947368421167 44
45.83333333333448 11
45.859649122808165 37
45.868421052632726 42
45.92982456140466 11
45.973684210527466 3
46.026315789474836 11
46.0350877192994 17
46.04385964912396 50
46.06140350877308 12
46.10526315789589 6
46.122807017545014 11
46.21929824561519 11
46.228070175439754 15
46.24561403508888 24
46.289473684211686 53
46.31578947368537 11
46.41228070175555 11
46.438596491229234 7
46.438596491229234 25
46.50877192982573 11
46.50877192982573 36
46.543859649123974 14
46.58771929824678 48
46.605263157895905 11
46.605263157895905 55
46.61403508772047 16
46.64035087719415 9
46.68421052631696 52
46.70175438596608 11
46.71929824561521 34
46.79824561403626 11
46.815789473685385 23
46.83333333333451 6
46.85964912280819 0
46.877192982457316 1
46.89473684210644 11
46.929824561404686 17
46.973684210527495 47
46.99122807017662 11
47.0175438596503 43
47.04385964912399 24
47.04385964912399 42
47.087719298246796 11
47.087719298246796 57
47.10526315789592 12
47.184210526316974 11
47.245614035088906 7
47.245614035088906 46
47.26315789473803 39
47.28070175438715 11
47.30701754386084 3
47.37719298245733 11
47.43859649122926 15
47.447368421053824 54
47.47368421052751 11
47.552631578948564 36
47.561403508773125 6
47.561403508773125 8
47.57017543859769 11
47.63157894736962 10
47.666666666667865 11
47.70175438596611 49
47.76315789473804 11
47.78070175438717 17
47.78947368421173 25
47.79824561403629 4
47.8421052631591 24
47.85964912280822 11
47.85964912280822 20
47.91228070175559 30
47.9561403508784 11
48.00877192982577 44
48.05263157894858 7
48.05263157894858 11
48.149122807018756 11
48.149122807018756 12
48.15789473684332 42
48.245614035088934 11
48.28070175438718 1
48.28947368421174 6
48.307017543860866 29
48.34210526315911 11
48.350877192983674 9
48.37719298245736 22
48.38596491228192 44
48.43859649122929 11
48.456140350878414 50
48.52631578947491 46
48.53508771929947 11
48.570175438597715 48
48.5964912280714 36
48.614035087720524 17
48.63157894736965 11
48.64035087719421 3
48.64035087719421 24
48.64912280701877 15
48.728070175439825 11
48.76315789473807 44
48.82456140351 11
48.833333333334565 47
48.85964912280825 7
48.92105263158018 11
48.991228070176675 32
49.01754385965036 6
49.01754385965036 11
49.08771929824685 35
49.11403508772054 11
49.14035087719422 25
49.19298245614159 12
49.201754385966154 2
49.201754385966154 33
49.210526315790716 11
49.307017543860894 11
49.40350877193107 11
49.412280701755634 16
49.43859649122932 17
49.43859649122932 24
49.50000000000125 11
49.56140350877318 43
49.58771929824687 41
49.59649122807143 11
49.59649122807143 42
49.631578947369675 0
49.64035087719424 36
49.66666666666792 7
49.684210526317045 5
49.69298245614161 11
49.74561403508898 6
49.75438596491354 56
49.789473684211785 11
49.83333333333459 46
49.85964912280828 15
49.88596491228196 11
49.92105263158021 1
49.92982456140477 4
49.97368421052758 3
49.98245614035214 11
50.04385964912407 14
50.07017543859776 9
50.07894736842232 11
50.08771929824688 26
50.09649122807144 57
50.105263157896005 27
50.1754385964925 11
50.19298245614162 30
50.19298245614162 55
50.23684210526443 12
50.23684210526443 24
50.263157894738114 17
50.271929824562676 11
50.2894736842118 20
50.368421052632854 11
50.4035087719311 39
50.46491228070303 11
50.473684210527594 6
50.473684210527594 7
50.49122807017672 25
50.55263157894865 48
50.56140350877321 11
50.57017543859777 28
50.65789473684339 11
50.684210526317074 36
50.692982456141635 47
50.692982456141635 47
50.71052631579076 23
50.71052631579076 42
50.75438596491357 11
50.76315789473813 49
50.80701754386094 37
50.850877192983745 11
50.86842105263287 50
50.91228070175568 34
50.94736842105392 11
51.00000000000129 1
51.03508771929954 24
51.0438596491241 11
51.070175438597786 15
51.08771929824691 17
51.14035087719428 11
51.166666666667965 53
51.20175438596621 6
51.23684210526446 11
51.280701754387266 7
51.280701754387266 12
51.30701754386095 3
51.333333333334636 11
51.41228070175569 43
51.429824561404814 11
51.482456140352184 10
51.52631578947499 11
51.535087719299554 38
51.62280701754517 11
51.71929824561535 11
51.72807017543991 36
51.78070175438728 9
51.81578947368553 11
51.82456140351009 42
51.83333333333465 24
51.84210526315921 25
51.912280701755705 11
51.912280701755705 17
51.92982456140483 6
52.00877192982588 11
52.06140350877325 4
52.0964912280715 7
52.10526315789606 11
52.20175438596624 11
52.2105263157908 16
52.280701754387294 15
52.29824561403642 1
52.29824561403642 11
52.3245614035101 12
52.394736842106596 11
52.47368421052765 30
52.491228070176774 11
52.491228070176774 57
52.53508771929958 48
52.552631578948706 27
52.56140350877327 47
52.58771929824695 11
52.58771929824695 44
52.63157894736976 24
52.64035087719432 3
52.657894736843446 6
52.657894736843446 41
52.68421052631713 11
52.69298245614169 2
52.69298245614169 22
52.71929824561538 20
52.7368421052645 17
52.763157894738185 29
52.77192982456275 36
52.77192982456275 36
52.78070175438731 11
52.79824561403643 0
52.87719298245749 11
52.90350877193117 7
52.93859649122942 42
52.973684210527665 11
53.07017543859784 11
53.07017543859784 11
53.16666666666802 11
53.192982456141706 25
53.192982456141706 40
53.21929824561539 32
53.25438596491364 52
53.2631578947382 11
53.28070175438732 50
53.35964912280838 11
53.36842105263294 12
53.38596491228206 6
53.42982456140487 24
53.456140350878556 11
53.4912280701768 9
53.4912280701768 15
53.54385964912417 14
53.552631578948734 11
53.561403508773296 17
53.605263157896104 33
53.64912280701891 11
53.710526315790844 7
53.73684210526453 8
53.74561403508909 11
53.79824561403646 39
53.815789473685584 36
53.824561403510145 49
53.84210526315927 11
53.93859649122945 11
53.97368421052769 3
54.035087719299625 11
54.05263157894875 42
54.11403508772068 6
54.11403508772068 35
54.1315789473698 11
54.192982456141735 4
54.22807017543998 11
54.22807017543998 24
54.32456140351016 11
54.38596491228209 17
54.412280701755776 12
54.42105263158034 11
54.4298245614049 47
54.517543859650516 7
54.517543859650516 11
54.517543859650516 48
54.5438596491242 25
54.60526315789613 23
54.614035087720694 11
54.70175438596631 15
54.71052631579087 11
54.75438596491368 30
54.76315789473824 55
54.79824561403649 26
54.80701754386105 11
54.8421052631593 6
54.85964912280842 36
54.90350877193123 11
55.00000000000141 11
55.00000000000141 27
55.00877192982597 16
55.02631578947509 24
55.05263157894878 57
55.096491228071585 11
55.10526315789615 34
55.149122807018955 20
55.19298245614176 9
55.19298245614176 11
55.21052631579089 17
55.24561403508913 44
55.28947368421194 11
55.307017543861065 3
55.32456140351019 7
55.33333333333475 10
55.38596491228212 11
55.421052631580366 46
55.45614035087861 12
55.4824561403523 11
55.517543859650544 41
55.55263157894879 28
55.56140350877335 42
55.570175438597914 6
55.578947368422476 11
55.675438596492654 11
55.69298245614178 50
55.75438596491371 37
55.77192982456283 11
55.8245614035102 24
55.86842105263301 11
55.894736842106695 25
55.90350877193126 36
55.91228070175582 15
55.947368421054065 43
55.96491228070319 11
56.03508771929968 17
56.06140350877337 11
56.14035087719442 7
56.157894736843545 11
56.18421052631723 2
56.25438596491372 11
56.29824561403653 6
56.29824561403653 47
56.32456140351022 4
56.3508771929839 11
56.44736842105408 11
56.49122807017689 48
56.50000000000145 12
56.54385964912426 11
56.62280701754531 24
56.640350877194436 3
56.640350877194436 11
56.67543859649268 42
56.736842105264614 11
56.77192982456286 53
56.83333333333479 11
56.85964912280848 17
56.86842105263304 54
56.88596491228216 49
56.903508771931286 9
56.92982456140497 11
56.947368421054094 36
56.956140350878655 7
57.008771929826025 22
57.02631578947515 6
57.02631578947515 11
57.04385964912427 14
57.12280701754533 11
57.12280701754533 15
57.21052631579094 52
57.219298245615505 0
57.219298245615505 11
57.24561403508919 25
57.25438596491375 32
57.31578947368568 11
57.41228070175586 11
57.42105263158042 24
57.44736842105411 27
57.482456140352355 1
57.491228070176916 56
57.50877192982604 11
57.543859649124286 12
57.57894736842253 20
57.60526315789622 11
57.640350877194464 8
57.68421052631727 5
57.68421052631727 17
57.701754385966396 11
57.754385964913766 6
57.754385964913766 39
57.76315789473833 7
57.798245614036574 11
57.798245614036574 43
57.807017543861136 16
57.82456140351026 42
57.859649122808506 38
57.89473684210675 11
57.89473684210675 30
57.89473684210675 57
57.97368421052781 3
57.99122807017693 11
57.99122807017693 36
58.03508771929974 33
58.08771929824711 11
58.10526315789623 50
58.14035087719448 45
58.16666666666816 47
58.18421052631729 11
58.21052631579097 41
58.21929824561553 24
58.280701754387465 11
58.333333333334835 15
58.37719298245764 11
58.4561403508787 4
58.4561403508787 48
58.47368421052782 11
58.48245614035238 6
58.500000000001506 23
58.50877192982607 17
58.51754385965063 46
58.570175438598 7
58.570175438598 11
58.58771929824712 12
58.596491228071685 25
58.605263157896246 9
58.66666666666818 11
58.763157894738356 11
58.859649122808534 11
58.93859649122959 42
58.95614035087871 11
59.017543859650644 24
59.03508771929977 36
59.05263157894889 11
59.14912280701907 11
59.184210526317315 10
59.210526315791 6
59.24561403508925 11
59.27192982456293 35
59.289473684212055 26
59.29824561403662 34
59.30701754386118 3
59.33333333333486 17
59.342105263159425 11
59.37719298245767 7
59.4385964912296 11
59.53508771929978 11
59.54385964912434 15
59.63157894736996 11
59.63157894736996 12
59.657894736843645 1
59.67543859649277 2
59.72807017544014 11
59.72807017544014 11
59.78070175438751 55
59.815789473685754 24
59.824561403510316 11
59.868421052633124 46
59.89473684210681 27
59.921052631580494 11
59.93859649122962 6
59.94736842105418 25
59.94736842105418 49
