0.008771929824561403 58
0.06140350877192982 24
0.08771929824561403 46
0.11403508771929824 41
0.15789473684210525 43
0.15789473684210525 47
0.21929824561403508 3
0.2719298245614036 45
0.342105263157895 14
0.35087719298245645 26
0.35087719298245645 40
0.3596491228070179 42
0.40350877192982504 2
0.4561403508771936 9
0.4561403508771936 15
0.4561403508771936 39
0.5087719298245622 1
0.5087719298245622 44
0.5789473684210537 34
0.605263157894738 7
0.6140350877192994 6
0.6315789473684222 16
0.6754385964912294 4
0.789473684210528 32
0.8771929824561423 24
0.912280701754388 27
1.0263157894736865 28
1.0438596491228094 56
1.1403508771929851 57
1.2631578947368451 33
1.342105263157898 6
1.4473684210526352 7
1.4736842105263195 44
1.5000000000000038 36
1.5087719298245652 37
1.5526315789473724 25
1.6140350877193024 46
1.649122807017548 42
1.649122807017548 43
1.649122807017548 55
1.6754385964912324 24
1.7982456140350924 15
1.8157894736842153 22
1.8684210526315839 30
2.026315789473689 48
2.0438596491228114 17
2.070175438596495 6
2.0964912280701786 47
2.192982456140352 11
2.192982456140352 41
2.2105263157894743 44
2.280701754385964 7
2.368421052631576 3
2.3859649122806985 23
2.4736842105263106 24
2.491228070175433 11
2.491228070175433 20
2.5438596491228003 36
2.570175438596484 10
2.7631578947368305 1
2.7982456140350753 6
2.859649122807004 25
2.877192982456126 38
3.114035087719279 7
3.1315789473684013 15
3.2280701754385746 4
3.2719298245613806 24
3.2719298245613806 52
3.3421052631578703 17
3.3947368421052375 27
3.4298245614034824 16
3.4824561403508496 12
3.5263157894736556 6
3.543859649122778 19
3.5614035087719005 11
3.587719298245584 36
3.657894736842074 11
3.675438596491196 58
3.70175438596488 3
3.754385964912247 11
3.8596491228069816 11
3.9473684210525937 7
3.9473684210525937 14
3.956140350877155 11
4.026315789473646 42
4.052631578947331 11
4.070175438596454 24
4.149122807017509 11
4.166666666666632 25
4.201754385964879 44
4.245614035087687 11
4.254385964912249 6
4.298245614035057 30
4.31578947368418 43
4.342105263157865 11
4.342105263157865 19
4.42105263157892 46
4.438596491228044 11
4.456140350877167 15
4.482456140350852 47
4.482456140350852 48
4.482456140350852 57
4.535087719298222 11
4.6315789473684 11
4.6315789473684 36
4.728070175438578 11
4.780701754385948 7
4.824561403508756 11
4.8684210526315645 24
4.9210526315789345 11
4.9210526315789345 34
4.947368421052619 12
4.982456140350866 6
5.017543859649113 11
5.035087719298236 3
5.052631578947359 17
5.078947368421044 41
5.114035087719291 11
5.1228070175438525 1
5.1228070175438525 2
5.140350877192976 32
5.175438596491222 20
5.210526315789469 11
5.263157894736839 31
5.289473684210524 40
5.307017543859647 4
5.307017543859647 11
5.359649122807017 55
5.403508771929825 11
5.412280701754387 39
5.421052631578949 9
5.438596491228072 26
5.473684210526319 25
5.5000000000000036 11
5.596491228070182 11
5.614035087719305 7
5.666666666666675 24
5.675438596491237 36
5.69298245614036 11
5.710526315789483 6
5.780701754385976 15
5.789473684210538 11
5.85087719298247 46
5.877192982456155 19
5.885964912280716 11
5.973684210526333 28
5.9824561403508945 11
6.017543859649141 44
6.078947368421073 5
6.078947368421073 11
6.078947368421073 12
6.149122807017566 22
6.175438596491251 11
6.228070175438621 16
6.271929824561429 11
6.298245614035114 8
6.368421052631607 3
6.368421052631607 11
6.421052631578977 47
6.4385964912281 6
6.4385964912281 7
6.464912280701785 11
6.464912280701785 24
6.482456140350909 37
6.49122807017547 27
6.508771929824594 33
6.535087719298279 43
6.54385964912284 42
6.5614035087719635 11
6.605263157894772 30
6.657894736842142 11
6.710526315789512 1
6.710526315789512 17
6.719298245614073 36
6.75438596491232 11
6.780701754386005 25
6.850877192982498 11
6.947368421052676 11
7.0438596491228544 11
7.078947368421101 44
7.105263157894786 15
7.114035087719348 5
7.140350877193033 11
7.149122807017594 19
7.166666666666718 6
7.175438596491279 12
7.175438596491279 49
7.236842105263211 11
7.263157894736896 7
7.263157894736896 24
7.271929824561457 48
7.280701754386019 56
7.333333333333389 11
7.342105263157951 46
7.350877192982512 57
7.359649122807074 50
7.385964912280759 4
7.429824561403567 11
7.508771929824622 14
7.526315789473745 11
7.6228070175439235 11
7.701754385964978 3
7.719298245614102 11
7.76315789473691 36
7.780701754386033 10
7.81578947368428 11
7.81578947368428 38
7.8508771929825265 20
7.859649122807088 19
7.859649122807088 29
7.86842105263165 17
7.894736842105335 6
7.912280701754458 11
7.982456140350951 9
8.008771929824636 11
8.061403508772006 24
8.087719298245691 7
8.087719298245691 25
8.105263157894814 11
8.114035087719376 43
8.201754385964993 11
8.271929824561486 12
8.29824561403517 11
8.324561403508856 23
8.368421052631664 47
8.394736842105349 11
8.429824561403596 15
8.491228070175527 11
8.491228070175527 52
8.587719298245705 11
8.61403508771939 2
8.622807017543952 6
8.684210526315884 11
8.780701754386062 11
8.807017543859747 36
8.82456140350887 58
8.850877192982555 19
8.859649122807117 24
8.87719298245624 11
8.894736842105363 41
8.921052631579048 7
8.973684210526418 11
9.026315789473788 16
9.03508771929835 3
9.070175438596596 11
9.08771929824572 55
9.157894736842213 1
9.166666666666774 11
9.184210526315898 19
9.236842105263268 27
9.24561403508783 48
9.263157894736953 11
9.35087719298257 6
9.35964912280713 11
9.368421052631692 12
9.394736842105377 25
9.456140350877309 11
9.46491228070187 4
9.46491228070187 32
9.51754385964924 30
9.552631578947487 11
9.649122807017665 11
9.657894736842227 24
9.719298245614159 39
9.745614035087844 11
9.754385964912405 7
9.754385964912405 15
9.824561403508898 44
9.842105263158022 11
9.850877192982583 36
9.877192982456268 9
9.9385964912282 11
9.982456140351008 46
10.035087719298378 11
10.078947368421186 6
10.131578947368556 11
10.228070175438734 11
10.298245614035228 47
10.324561403508913 11
10.333333333333474 20
10.36842105263172 3
10.36842105263172 17
10.42105263157909 11
10.456140350877337 24
10.464912280701899 12
10.47368421052646 22
10.482456140351022 43
10.500000000000146 1
10.517543859649269 11
10.5789473684212 44
10.587719298245762 7
10.614035087719447 11
10.701754385965064 25
10.710526315789625 11
10.807017543859804 6
10.807017543859804 11
10.807017543859804 19
10.89473684210542 36
10.903508771929982 11
10.903508771929982 28
10.973684210526475 56
11.00000000000016 11
11.061403508772091 14
11.078947368421215 15
11.096491228070338 11
11.184210526315955 48
11.192982456140516 11
11.254385964912448 24
11.289473684210694 11
11.385964912280873 11
11.385964912280873 26
11.394736842105434 40
11.42105263157912 7
11.456140350877366 37
11.48245614035105 11
11.53508771929842 6
11.543859649122982 4
11.552631578947544 34
11.561403508772106 12
11.578947368421229 11
11.614035087719476 17
11.657894736842284 57
11.675438596491407 11
11.701754385965092 3
11.719298245614215 42
11.736842105263339 27
11.771929824561585 11
11.824561403508955 16
11.868421052631764 11
11.885964912280887 30
11.912280701754572 44
11.938596491228257 36
11.964912280701942 11
12.00877192982475 25
12.052631578947558 24
12.06140350877212 11
12.070175438596682 41
12.105263157894928 2
12.157894736842298 11
12.254385964912476 7
12.254385964912476 11
12.263157894737038 6
12.263157894737038 47
12.32456140350897 9
12.333333333333531 1
12.350877192982654 11
12.385964912280901 58
12.403508771930024 15
12.447368421052833 11
12.500000000000203 17
12.54385964912301 11
12.640350877193189 11
12.657894736842312 12
12.736842105263367 11
12.798245614035299 20
12.824561403508984 19
12.833333333333545 11
12.833333333333545 42
12.850877192982669 24
12.85964912280723 23
12.929824561403723 11
12.956140350877408 55
12.982456140351093 36
12.991228070175655 6
13.026315789473902 11
13.035087719298463 3
13.07017543859671 10
13.087719298245833 7
13.105263157894957 5
13.12280701754408 11
13.201754385965135 48
13.219298245614258 11
13.254385964912505 49
13.271929824561628 19
13.315789473684436 11
13.315789473684436 25
13.315789473684436 50
13.324561403508998 44
13.412280701754614 11
13.421052631579176 17
13.482456140351108 1
13.508771929824793 11
13.578947368421286 52
13.587719298245847 32
13.60526315789497 11
13.622807017544094 4
13.649122807017779 24
13.701754385965149 11
13.719298245614272 6
13.728070175438834 15
13.754385964912519 12
13.754385964912519 38
13.798245614035327 11
13.850877192982697 44
13.894736842105505 11
13.903508771930067 46
13.92105263157919 7
13.991228070175683 11
14.02631578947393 36
14.087719298245862 11
14.13157894736867 43
14.18421052631604 11
14.201754385965163 47
14.219298245614286 9
14.219298245614286 30
14.263157894737095 17
14.280701754386218 11
14.280701754386218 45
14.324561403509026 19
14.368421052631835 3
14.377192982456396 11
14.429824561403766 44
14.44736842105289 6
14.44736842105289 24
14.473684210526574 11
14.543859649123068 27
14.570175438596753 11
14.61403508771956 14
14.622807017544122 16
14.622807017544122 25
14.66666666666693 11
14.754385964912547 7
14.763157894737109 11
14.798245614035356 22
14.807017543859917 31
14.850877192982725 12
14.859649122807287 11
14.868421052631849 8
14.956140350877465 11
15.03508771929852 1
15.052631578947643 11
15.052631578947643 15
15.070175438596767 36
15.08771929824589 17
15.149122807017822 11
15.149122807017822 48
15.175438596491507 6
15.201754385965192 44
15.236842105263438 42
15.245614035088 11
15.245614035088 24
15.263157894737123 20
15.315789473684493 19
15.342105263158178 11
15.429824561403795 46
15.438596491228356 11
15.526315789473973 57
15.535087719298534 11
15.56140350877222 44
15.578947368421343 7
15.596491228070466 2
15.61403508771959 39
15.631578947368713 11
15.649122807017836 5
15.657894736842398 43
15.701754385965206 3
15.701754385965206 4
15.72807017543889 11
15.72807017543889 50
15.824561403509069 11
15.824561403509069 28
15.868421052631877 26
15.903508771930124 6
15.903508771930124 17
15.921052631579247 11
15.929824561403809 25
15.93859649122837 9
15.947368421052932 12
16.008771929824864 34
16.017543859649425 11
16.04385964912311 24
16.114035087719603 11
16.114035087719603 36
16.131578947368727 47
16.184210526316097 40
16.21052631578978 11
16.280701754386275 58
16.30701754385996 11
16.377192982456453 15
16.403508771930138 7
16.403508771930138 11
16.429824561403823 37
16.46491228070207 19
16.500000000000316 1
16.500000000000316 11
16.500000000000316 30
16.596491228070494 11
16.63157894736874 6
16.692982456140673 11
16.692982456140673 44
16.719298245614358 17
16.763157894737166 23
16.78947368421085 11
16.84210526315822 24
16.88596491228103 11
16.903508771930152 55
16.982456140351207 11
17.026315789474015 10
17.035087719298577 3
17.04385964912314 12
17.078947368421385 11
17.10526315789507 48
17.15789473684244 36
17.175438596491563 11
17.21052631578981 44
17.236842105263495 7
17.236842105263495 25
17.27192982456174 11
17.280701754386303 27
17.280701754386303 41
17.31578947368455 33
17.359649122807358 6
17.36842105263192 11
17.42105263157929 16
17.456140350877536 42
17.464912280702098 11
17.53508771929859 17
17.561403508772276 11
17.614035087719646 52
17.622807017544208 32
17.63157894736877 19
17.64035087719333 24
17.657894736842454 11
17.666666666667016 9
17.701754385965263 15
17.719298245614386 20
17.754385964912633 1
17.754385964912633 11
17.780701754386318 4
17.85087719298281 11
17.94736842105299 11
17.95614035087755 44
18.043859649123167 11
18.070175438596852 7
18.078947368421414 47
18.087719298245975 6
18.140350877193345 11
18.140350877193345 12
18.15789473684247 39
18.16666666666703 14
18.184210526316154 46
18.201754385965277 36
18.236842105263523 11
18.27192982456177 57
18.28070175438633 50
18.307017543860017 5
18.3333333333337 11
18.350877192982825 17
18.36842105263195 3
18.42982456140388 11
18.43859649122844 24
18.456140350877565 19
18.526315789474058 11
18.54385964912318 25
18.622807017544236 11
18.631578947368798 38
18.719298245614414 11
18.7456140350881 44
18.75438596491266 5
18.79824561403547 30
18.815789473684593 6
18.815789473684593 11
18.90350877193021 7
18.91228070175477 11
19.00877192982495 11
19.026315789474072 15
19.07017543859688 19
19.07017543859688 48
19.087719298246004 2
19.105263157895127 11
19.11403508771969 22
19.16666666666706 17
19.201754385965305 11
19.236842105263552 12
19.236842105263552 24
19.245614035088114 36
19.298245614035483 11
19.3859649122811 9
19.39473684210566 11
19.456140350877593 45
19.49122807017584 11
19.526315789474086 46
19.54385964912321 6
19.587719298246018 11
19.684210526316196 11
19.70175438596532 3
19.719298245614443 29
19.736842105263566 7
19.780701754386374 11
19.789473684210936 44
19.80701754386006 56
19.833333333333744 43
19.850877192982868 25
19.85964912280743 4
19.877192982456553 11
19.877192982456553 19
19.929824561403922 58
19.97368421052673 11
19.982456140351292 17
20.008771929824977 47
20.035087719298662 24
20.07017543859691 11
20.087719298246032 55
20.114035087719717 41
20.12280701754428 49
20.166666666667087 11
20.17543859649165 20
20.219298245614457 16
20.263157894737265 11
20.271929824561827 6
20.28947368421095 36
20.33333333333376 12
20.350877192982882 15
20.359649122807443 11
20.45614035087762 11
20.526315789474115 42
20.5526315789478 11
20.570175438596923 7
20.631578947368855 34
20.649122807017978 11
20.692982456140786 50
20.736842105263595 40
20.745614035088156 11
20.745614035088156 44
20.754385964912718 28
20.798245614035526 17
20.82456140350921 39
20.833333333333773 24
20.842105263158334 11
20.86842105263202 31
20.87719298245658 10
20.903508771930266 23
20.903508771930266 27
20.92105263157939 57
20.92982456140395 19
20.938596491228513 11
21.000000000000444 6
21.017543859649567 48
21.03508771929869 3
21.03508771929869 11
21.070175438596937 30
21.096491228070622 9
21.13157894736887 11
21.157894736842554 25
21.228070175439047 11
21.324561403509225 11
21.333333333333787 36
21.40350877193028 7
21.40350877193028 37
21.421052631579403 11
21.429824561403965 12
21.44736842105309 5
21.491228070175897 19
21.51754385964958 11
21.61403508771976 11
21.61403508771976 17
21.631578947368883 24
21.657894736842568 32
21.67543859649169 15
21.710526315789938 11
21.7192982456145 14
21.72807017543906 6
21.745614035088185 19
21.807017543860116 11
21.903508771930294 11
21.921052631579418 52
21.93859649122854 4
21.947368421053103 47
22.000000000000473 11
22.09649122807065 11
22.122807017544336 1
22.19298245614083 11
22.236842105263637 7
22.289473684211007 11
22.3596491228075 33
22.368421052632062 3
22.377192982456624 36
22.385964912281185 11
22.429824561403993 17
22.429824561403993 24
22.45614035087768 6
22.46491228070224 25
22.482456140351363 11
22.52631578947417 12
22.57894736842154 2
22.57894736842154 11
22.63157894736891 20
22.67543859649172 11
22.771929824561898 11
22.807017543860145 9
22.807017543860145 41
22.815789473684706 46
22.84210526315839 19
22.868421052632076 11
22.956140350877693 48
22.964912280702254 11
23.0000000000005 15
23.017543859649624 16
23.05263157894787 8
23.061403508772433 7
23.061403508772433 11
23.070175438596994 42
23.10526315789524 50
23.15789473684261 11
23.184210526316296 6
23.184210526316296 49
23.20175438596542 44
23.228070175439104 24
23.245614035088227 17
23.25438596491279 11
23.271929824561912 57
23.31578947368472 1
23.31578947368472 43
23.342105263158405 30
23.350877192982967 11
23.403508771930337 55
23.42105263157946 36
23.429824561404022 22
23.447368421053145 11
23.508771929825077 27
23.543859649123323 11
23.58771929824613 38
23.62280701754438 12
23.6403508771935 11
23.649122807018063 58
23.701754385965433 3
23.73684210526368 11
23.771929824561926 25
23.833333333333858 11
23.877192982456666 47
23.885964912281228 7
23.912280701754913 6
23.929824561404036 11
24.017543859649653 4
24.026315789474214 11
24.026315789474214 24
24.043859649123338 26
24.06140350877246 17
24.122807017544392 11
24.21929824561457 11
24.31578947368475 11
24.32456140350931 15
24.36842105263212 19
24.412280701754927 11
24.464912280702297 36
24.508771929825105 9
24.508771929825105 11
24.605263157895283 11
24.622807017544407 44
24.64035087719353 6
24.70175438596546 11
24.710526315790023 7
24.719298245614585 12
24.728070175439147 10
24.79824561403564 11
24.824561403509325 23
24.824561403509325 24
24.877192982456695 17
24.894736842105818 11
24.894736842105818 19
24.894736842105818 48
24.921052631579503 52
24.95614035087775 1
24.991228070175996 11
25.035087719298804 3
25.078947368421613 25
25.087719298246174 11
25.087719298246174 20
25.16666666666723 19
25.184210526316352 11
25.22807017543916 44
25.263157894737407 14
25.28070175438653 11
25.359649122807586 41
25.368421052632147 6
25.37719298245671 11
25.394736842105832 42
25.421052631579517 31
25.473684210526887 11
25.508771929825134 36
25.517543859649695 50
25.54385964912338 7
25.570175438597065 11
25.614035087719873 30
25.622807017544435 24
25.64912280701812 15
25.666666666667243 11
25.675438596491805 28
25.69298245614093 17
25.69298245614093 32
25.76315789473742 11
25.81578947368479 12
25.81578947368479 16
25.824561403509353 47
25.850877192983038 34
25.8596491228076 11
25.956140350877778 11
26.052631578947956 11
26.07017543859708 2
26.07894736842164 27
26.096491228070764 4
26.096491228070764 6
26.149122807018134 11
26.219298245614628 9
26.245614035088312 11
26.245614035088312 49
26.307017543860244 46
26.34210526315849 11
26.368421052632176 3
26.377192982456737 7
26.377192982456737 37
26.3859649122813 25
26.421052631579546 24
26.43859649122867 11
26.508771929825162 17
26.535087719298847 11
26.55263157894797 36
26.561403508772532 43
26.587719298246217 42
26.631578947369025 11
26.631578947369025 39
26.70175438596552 29
26.728070175439203 11
26.77192982456201 19
26.82456140350938 6
26.82456140350938 11
26.912280701754998 12
26.912280701754998 48
26.92105263157956 11
26.97368421052693 15
27.017543859649738 11
27.043859649123423 45
27.052631578947985 56
27.061403508772546 19
27.114035087719916 11
27.210526315790094 7
27.210526315790094 11
27.210526315790094 57
27.219298245614656 24
27.271929824562026 33
27.28947368421115 55
27.307017543860272 11
27.324561403509396 17
27.40350877193045 11
27.464912280702382 58
27.50000000000063 11
27.543859649123437 20
27.552631578948 6
27.596491228070807 11
27.596491228070807 36
27.692982456140985 11
27.692982456140985 25
27.701754385965547 3
27.745614035088355 22
27.76315789473748 47
27.789473684211163 11
27.81578947368485 41
27.83333333333397 42
27.88596491228134 11
27.88596491228134 30
27.88596491228134 46
27.92982456140415 9
27.92982456140415 50
27.98245614035152 11
28.008771929825205 12
28.017543859649766 24
28.04385964912345 7
28.078947368421698 11
28.14035087719363 17
28.14912280701819 19
28.175438596491876 4
28.175438596491876 11
28.192982456141 43
28.271929824562054 11
28.280701754386616 6
28.29824561403574 15
28.368421052632232 11
28.41228070175504 1
28.438596491228726 19
28.46491228070241 11
28.56140350877259 11
28.578947368421712 10
28.61403508771996 16
28.640350877193644 36
28.657894736842767 11
28.684210526316452 40
28.692982456141014 23
28.736842105263822 26
28.754385964912945 11
28.807017543860315 14
28.815789473684877 24
28.850877192983123 11
28.850877192983123 48
28.87719298245681 7
28.92982456140418 44
28.9473684210533 11
28.9473684210533 42
28.956140350877863 17
29.00000000000067 25
29.008771929825233 6
29.035087719298918 3
29.04385964912348 11
29.09649122807085 38
29.10526315789541 12
29.10526315789541 12
29.140350877193658 11
29.20175438596559 19
29.20175438596559 31
29.236842105263836 11
29.25438596491296 27
29.30701754386033 49
29.333333333334014 11
29.36842105263226 46
29.429824561404192 11
29.52631578947437 11
29.561403508772617 2
29.614035087719987 24
29.62280701754455 11
29.62280701754455 15
29.62280701754455 57
29.640350877193672 9
29.68421052631648 36
29.692982456141042 47
29.710526315790165 7
29.719298245614727 11
29.72807017543929 32
29.73684210526385 6
29.771929824562097 17
29.815789473684905 11
29.912280701755083 11
30.0000000000007 20
30.00877192982526 11
30.10526315789544 11
30.15789473684281 30
30.201754385965618 11
30.201754385965618 12
30.254385964912988 4
30.254385964912988 43
30.298245614035796 11
30.307017543860358 25
30.342105263158604 50
30.36842105263229 3
30.385964912281413 52
30.394736842105974 11
30.412280701755098 24
30.464912280702467 6
30.491228070176152 11
30.491228070176152 41
30.508771929825276 42
30.543859649123522 7
30.552631578948084 55
30.58771929824633 11
30.58771929824633 17
30.58771929824633 34
30.596491228070892 28
30.68421052631651 11
30.728070175439317 36
30.73684210526388 1
30.780701754386687 11
30.78947368421125 48
30.877192982456865 11
30.94736842105336 15
30.973684210527043 11
31.07017543859722 11
31.1666666666674 11
31.192982456141085 6
31.210526315790208 24
31.263157894737578 11
31.298245614035825 12
31.350877192983194 9
31.350877192983194 37
31.359649122807756 11
31.368421052632318 46
31.37719298245688 7
31.403508771930564 17
31.412280701755126 16
31.43859649122881 44
31.456140350877934 11
31.49122807017618 5
31.552631578948112 11
31.614035087720044 25
31.622807017544606 42
31.622807017544606 47
31.64912280701829 11
31.70175438596566 3
31.74561403508847 11
31.74561403508847 45
31.771929824562154 36
31.780701754386715 19
31.833333333334085 33
31.842105263158647 11
31.921052631579702 6
31.938596491228825 11
32.008771929825315 24
32.035087719299 11
32.061403508772685 22
32.13157894736918 11
32.15789473684286 29
32.21052631579023 7
32.219298245614794 17
32.219298245614794 57
32.228070175439356 11
32.271929824562164 15
32.29824561403585 56
32.324561403509534 11
32.333333333334096 4
32.35087719298322 14
32.36842105263234 49
32.385964912281466 1
32.39473684210603 12
32.41228070175515 43
32.42105263157971 11
32.429824561404274 10
32.429824561404274 30
32.45614035087796 20
32.51754385964989 11
32.55263157894814 58
32.57894736842182 8
32.57894736842182 23
32.596491228070946 39
32.61403508772007 11
32.649122807018315 6
32.71052631579025 11
32.72807017543937 48
32.73684210526393 42
32.754385964913055 50
32.807017543860425 11
32.807017543860425 24
32.81578947368499 36
32.87719298245692 46
32.9035087719306 11
32.92105263157973 25
32.98245614035166 41
32.99122807017622 19
33.00000000000078 11
33.03508771929903 3
33.03508771929903 7
33.03508771929903 17
33.05263157894815 2
33.05263157894815 9
33.09649122807096 11
33.19298245614114 11
33.2017543859657 52
33.289473684211316 11
33.37719298245693 6
33.385964912281494 11
33.48245614035167 11
33.48245614035167 44
33.491228070176234 12
33.552631578948166 47
33.57894736842185 11
33.596491228070974 15
33.605263157895536 24
33.67543859649203 11
33.77192982456221 11
33.78947368421133 27
33.85087719298326 17
33.85087719298326 42
33.859649122807824 7
33.859649122807824 36
33.868421052632385 11
33.90350877193063 19
33.93859649122888 32
33.96491228070256 11
33.98245614035169 29
33.99122807017625 38
34.06140350877274 11
34.08771929824643 44
34.10526315789555 6
34.15789473684292 11
34.21052631579029 16
34.22807017543941 25
34.2543859649131 11
34.350877192983276 11
34.3684210526324 3
34.403508771930646 24
34.41228070175521 4
34.447368421053454 11
34.508771929825386 55
34.54385964912363 11
34.58771929824644 12
34.64035087719381 11
34.666666666667496 1
34.666666666667496 17
34.67543859649206 48
34.68421052631662 7
34.70175438596574 26
34.710526315790304 30
34.73684210526399 11
34.75438596491311 9
34.83333333333417 6
34.83333333333417 11
34.868421052632414 34
34.90350877193066 36
34.91228070175522 20
34.921052631579784 15
34.929824561404345 11
34.96491228070259 42
34.97368421052715 40
35.02631578947452 11
35.11403508772014 43
35.1228070175447 11
35.16666666666751 50
35.17543859649207 5
35.20175438596576 24
35.21929824561488 11
35.31578947368506 11
35.37719298245699 39
35.412280701755236 11
35.42982456140436 49
35.48245614035173 17
35.48245614035173 47
35.508771929825414 11
35.517543859649976 7
35.517543859649976 28
35.5350877192991 25
35.561403508772784 6
35.60526315789559 11
35.68421052631665 12
35.70175438596577 3
35.70175438596577 11
35.79824561403595 11
35.84210526315876 41
35.89473684210613 11
35.89473684210613 14
35.92105263157981 8
35.9473684210535 19
35.9473684210535 36
35.95614035087806 58
35.991228070176305 11
36.00000000000087 24
36.07894736842192 42
36.08771929824648 11
36.18421052631666 11
36.24561403508859 1
36.24561403508859 15
36.28070175438684 10
36.28070175438684 11
36.2894736842114 6
36.29824561403596 17
36.32456140350965 37
36.34210526315877 7
36.368421052632456 33
36.37719298245702 11
36.37719298245702 22
36.45614035087807 9
36.473684210527196 11
36.473684210527196 23
36.49122807017632 4
36.54385964912369 2
36.570175438597374 11
36.61403508772018 48
36.66666666666755 11
36.76315789473773 11
36.780701754386854 12
36.79824561403598 24
36.80701754386054 52
36.842105263158786 25
36.85964912280791 11
36.947368421053525 44
36.95614035087809 11
36.991228070176334 30
36.991228070176334 36
37.00877192982546 16
37.01754385965002 6
37.03508771929914 3
37.052631578948265 11
37.1140350877202 17
37.13157894736932 27
37.14912280701844 11
37.16666666666757 7
37.19298245614125 42
37.24561403508862 11
37.3421052631588 11
37.368421052632485 20
37.38596491228161 57
37.41228070175529 47
37.429824561404416 19
37.43859649122898 11
37.535087719299156 11
37.5701754385974 15
37.578947368421964 50
37.59649122807109 24
37.631578947369334 11
37.64912280701846 46
37.72807017543951 11
37.745614035088636 6
37.81578947368513 39
37.82456140350969 11
37.87719298245706 12
37.894736842106184 19
37.92105263157987 11
37.92105263157987 56
37.92982456140443 17
37.97368421052724 32
37.99122807017636 7
37.99122807017636 43
38.01754385965005 11
38.03508771929917 36
38.114035087720225 11
38.14912280701847 25
38.166666666667595 9
38.2105263157904 11
38.23684210526409 41
38.30701754386058 11
38.30701754386058 42
38.36842105263251 3
38.3947368421062 24
38.40350877193076 11
38.47368421052725 6
38.491228070176376 49
38.50000000000094 11
38.56140350877287 48
38.57017543859743 4
38.596491228071116 11
38.66666666666761 19
38.692982456141294 11
38.745614035088664 17
38.78947368421147 11
38.82456140350972 7
38.88596491228165 11
38.89473684210621 15
38.92982456140446 46
38.97368421052727 12
38.98245614035183 11
39.07894736842201 11
39.07894736842201 36
39.15789473684306 34
39.175438596492185 11
39.19298245614131 24
39.20175438596587 6
39.27192982456236 11
39.34210526315886 26
39.34210526315886 47
39.36842105263254 11
39.42105263157991 42
39.438596491229035 14
39.45614035087816 25
39.46491228070272 11
39.46491228070272 30
39.552631578948336 38
39.5614035087729 11
39.5614035087729 17
39.657894736843076 7
39.657894736843076 11
39.701754385965884 3
39.754385964913254 11
39.807017543860624 16
39.82456140350975 20
39.85087719298343 11
39.87719298245712 9
39.921052631579926 58
39.92982456140449 6
39.94736842105361 11
39.99122807017642 24
39.99122807017642 50
40.03508771929923 2
40.03508771929923 57
40.04385964912379 11
40.070175438597474 12
40.122807017544844 36
40.131578947369405 10
40.14035087719397 11
40.14912280701853 43
40.21929824561502 15
40.236842105264145 11
40.25438596491327 44
40.25438596491327 46
40.33333333333432 11
40.36842105263257 23
40.36842105263257 41
40.37719298245713 17
40.37719298245713 19
40.40350877193082 1
40.4298245614045 11
40.447368421053625 28
40.49122807017643 7
40.52631578947468 11
40.53508771929924 42
40.552631578948365 48
40.62280701754486 11
40.64912280701854 4
40.657894736843105 6
40.69298245614135 22
40.719298245615036 11
40.73684210526416 40
40.763157894737844 25
40.78947368421153 24
40.815789473685214 11
40.877192982457146 5
40.89473684210627 33
40.91228070175539 11
40.94736842105364 52
40.99122807017645 19
41.00877192982557 11
41.035087719299256 3
41.10526315789575 11
41.15789473684312 39
41.16666666666768 12
41.16666666666768 36
41.192982456141365 17
41.20175438596593 11
41.27192982456242 47
41.298245614036105 11
41.298245614036105 37
41.32456140350979 7
41.38596491228172 6
41.39473684210628 11
41.403508771930845 55
41.49122807017646 11
41.54385964912383 15
41.55263157894839 49
41.58771929824664 9
41.58771929824664 11
41.58771929824664 24
41.622807017544886 44
41.64912280701857 42
41.68421052631682 11
41.74561403508875 30
41.780701754386996 11
41.78947368421156 46
41.824561403509804 27
41.86842105263261 43
41.877192982457174 11
41.97368421052735 11
42.0087719298256 17
42.0087719298256 32
42.07017543859753 11
42.07017543859753 25
42.11403508772034 6
42.15789473684315 7
42.16666666666771 11
42.21052631579052 36
42.26315789473789 11
42.26315789473789 12
42.28070175438701 20
42.359649122808065 11
42.36842105263263 3
42.36842105263263 19
42.38596491228175 24
42.40350877193087 50
42.412280701755435 41
42.45614035087824 11
42.464912280702805 57
42.49122807017649 48
42.55263157894842 11
42.59649122807123 44
42.60526315789579 16
42.6491228070186 11
42.728070175439655 4
42.74561403508878 11
42.7631578947379 42
42.82456140350983 17
42.842105263158956 6
42.842105263158956 11
42.86842105263264 15
42.91228070175545 19
42.938596491229134 11
42.97368421052738 44
42.98245614035194 1
42.98245614035194 14
42.991228070176504 7
43.03508771929931 11
43.13157894736949 11
43.18421052631686 24
43.201754385965984 46
43.201754385965984 47
43.21929824561511 19
43.22807017543967 11
43.254385964913354 36
43.29824561403616 9
43.32456140350985 11
43.359649122808094 12
43.37719298245722 25
43.41228070175546 58
43.421052631580025 11
43.42982456140459 34
43.49122807017652 19
43.50000000000108 44
43.5175438596502 11
43.526315789474765 2
43.57017543859757 6
43.57017543859757 52
43.61403508772038 11
43.64035087719407 17
43.701754385966 3
43.71052631579056 11
43.80701754386074 11
43.82456140350986 7
43.83333333333442 45
43.850877192983546 26
43.87719298245723 42
43.903508771930916 11
43.98245614035197 10
43.98245614035197 24
44.000000000001094 11
44.02631578947478 30
44.09649122807127 11
44.19298245614145 11
44.19298245614145 15
44.19298245614145 19
44.263157894737944 23
44.263157894737944 23
44.28070175438707 8
44.28947368421163 11
44.29824561403619 6
44.29824561403619 36
44.38596491228181 11
44.429824561404615 48
44.4561403508783 12
44.4561403508783 17
44.4561403508783 19
44.4561403508783 41
44.482456140351985 11
44.482456140351985 38
44.57894736842216 11
44.61403508772041 49
44.64912280701866 7
44.67543859649234 11
44.6842105263169 25
44.73684210526427 20
44.77192982456252 11
44.78070175438708 24
44.807017543860766 4
44.81578947368533 50
44.8684210526327 11
44.903508771930944 19
44.912280701755506 44
44.964912280702876 11
44.99122807017656 42
45.00000000000112 9
45.008771929825684 22
45.02631578947481 6
45.03508771929937 3
45.061403508773054 11
45.114035087720424 27
45.14912280701867 47
45.15789473684323 11
45.2105263157906 1
45.25438596491341 11
45.271929824562534 17
45.34210526315903 36
45.35087719298359 11
45.36842105263271 28
45.40350877193096 16
45.41228070175552 33
45.44736842105377 11
45.47368421052745 7
45.51754385965026 15
45.543859649123945 11
45.55263157894851 12
45.55263157894851 44
45.57894736842219 24
45.64035087719412 11
45.65789473684325 57
45.7368421052643 11
45.74561403508886 19
45.754385964913425 6
45.83333333333448 11
45.92982456140466 11
45.99122807017659 25
46.026315789474836 11
46.026315789474836 55
46.08771929824677 17
46.10526315789589 42
46.122807017545014 11
46.19298245614151 46
46.21929824561519 11
46.25438596491344 39
46.27192982456256 37
46.29824561403625 7
46.30701754386081 30
46.31578947368537 11
46.36842105263274 3
46.3771929824573 24
46.3771929824573 48
46.385964912281864 36
46.394736842106425 44
46.40350877193099 19
46.40350877193099 52
46.41228070175555 11
46.447368421053795 31
46.48245614035204 6
46.48245614035204 32
46.50877192982573 11
46.52631578947485 14
46.605263157895905 11
46.64912280701871 12
46.70175438596608 11
46.710526315790645 9
46.77192982456258 41
46.79824561403626 11
46.84210526315907 15
46.868421052632755 1
46.88596491228188 4
46.89473684210644 11
46.903508771931 17
46.929824561404686 5
46.99122807017662 11
47.0175438596503 2
47.06140350877311 58
47.078947368422234 47
47.087719298246796 11
47.09649122807136 19
47.131578947369604 7
47.17543859649241 24
47.184210526316974 11
47.192982456141536 20
47.192982456141536 20
47.21052631579066 6
47.21929824561522 42
47.22807017543978 50
47.28070175438715 11
47.289473684211714 29
47.298245614036276 25
47.37719298245733 11
47.4298245614047 36
47.47368421052751 11
47.57017543859769 11
47.57894736842225 19
47.60526315789593 27
47.666666666667865 11
47.67543859649243 49
47.70175438596611 3
47.70175438596611 34
47.719298245615235 17
47.74561403508892 12
47.76315789473804 11
47.83333333333454 10
47.85964912280822 11
47.89473684210647 43
47.938596491229276 6
47.9561403508784 11
47.96491228070296 7
47.97368421052752 24
48.05263157894858 11
48.10526315789595 1
48.12280701754507 23
48.149122807018756 11
48.16666666666788 15
48.201754385966126 16
48.245614035088934 11
48.32456140350999 48
48.33333333333455 42
48.34210526315911 11
48.42105263158017 9
48.43859649122929 11
48.44736842105385 5
48.47368421052754 36
48.4824561403521 29
48.52631578947491 17
48.53508771929947 11
48.57894736842228 30
48.60526315789596 25
48.60526315789596 57
48.63157894736965 11
48.65789473684333 26
48.66666666666789 6
48.728070175439825 11
48.77192982456263 24
48.79824561403632 7
48.82456140351 11
48.84210526315913 12
48.92105263158018 11
48.95614035087843 45
48.96491228070299 4
49.01754385965036 11
49.02631578947492 19
49.02631578947492 47
49.03508771929948 3
49.11403508772054 11
49.19298245614159 39
49.19298245614159 55
49.210526315790716 11
49.254385964913524 44
49.307017543860894 11
49.32456140351002 22
49.33333333333458 1
49.34210526315914 17
49.39473684210651 6
49.40350877193107 11
49.49122807017669 15
49.50000000000125 11
49.517543859650374 36
49.526315789474936 29
49.570175438597744 24
49.59649122807143 11
49.631578947369675 7
49.64035087719424 50
49.6491228070188 20
49.69298245614161 11
49.789473684211785 11
49.88596491228196 11
49.91228070175565 25
49.93859649122933 12
49.947368421053895 33
49.98245614035214 11
50.07017543859776 14
50.07894736842232 11
50.105263157896005 42
50.12280701754513 6
50.13157894736969 9
50.157894736843375 17
50.1754385964925 11
50.271929824562676 11
50.271929824562676 48
50.2894736842118 28
50.29824561403636 38
50.324561403510046 27
50.35964912280829 58
50.368421052632854 1
50.368421052632854 3
50.368421052632854 11
50.368421052632854 24
50.41228070175566 44
50.46491228070303 7
50.46491228070303 11
50.50877192982584 2
50.56140350877321 11
50.56140350877321 36
50.57017543859777 32
50.65789473684339 11
50.67543859649251 41
50.684210526317074 19
50.736842105264444 49
50.75438596491357 11
50.75438596491357 46
50.77192982456269 56
50.8157894736855 15
50.850877192983745 6
50.850877192983745 11
50.850877192983745 30
50.94736842105392 11
50.956140350878485 47
50.97368421052761 17
50.98245614035217 43
51.00000000000129 16
51.03508771929954 12
51.0438596491241 4
51.0438596491241 11
51.14035087719428 11
51.166666666667965 24
51.219298245615335 25
51.219298245615335 42
51.23684210526446 11
51.24561403508902 37
51.24561403508902 57
51.29824561403639 7
51.333333333334636 11
51.429824561404814 11
51.52631578947499 11
51.56140350877324 40
51.57894736842236 6
51.60526315789605 36
51.62280701754517 11
51.640350877194294 1
51.67543859649254 19
51.6842105263171 10
51.701754385966225 3
51.71929824561535 11
51.76315789473816 5
51.78947368421184 17
51.81578947368553 11
51.84210526315921 9
51.912280701755705 11
51.964912280703075 24
51.97368421052764 34
52.00877192982588 11
52.017543859650445 23
52.05263157894869 50
52.10526315789606 11
52.10526315789606 20
52.131578947369746 7
52.131578947369746 12
52.14035087719431 15
52.20175438596624 11
52.2105263157908 48
52.24561403508905 8
52.29824561403642 11
52.30701754386098 6
52.333333333334664 42
52.394736842106596 11
52.491228070176774 11
52.500000000001336 19
52.52631578947502 25
52.552631578948706 52
52.58771929824695 11
52.605263157896076 17
52.649122807018884 36
52.68421052631713 11
52.71929824561538 41
52.7368421052645 43
52.7368421052645 55
52.763157894738185 24
52.78070175438731 11
52.82456140351012 19
52.87719298245749 11
52.90350877193117 47
52.95614035087854 7
52.973684210527665 11
52.99122807017679 39
53.0350877192996 3
53.0350877192996 6
53.07017543859784 11
53.12280701754521 4
53.131578947369775 30
53.15789473684346 19
53.16666666666802 11
53.22807017543995 12
53.2631578947382 11
53.350877192983816 46
53.35964912280838 11
53.42105263158031 17
53.447368421053994 42
53.456140350878556 11
53.46491228070312 15
53.54385964912417 9
53.552631578948734 11
53.561403508773296 24
53.605263157896104 57
53.614035087720666 14
53.64035087719435 22
53.64912280701891 11
53.69298245614172 36
53.72807017543997 26
53.74561403508909 11
53.763157894738214 6
53.78070175438734 7
53.79824561403646 16
53.79824561403646 49
53.83333333333471 1
53.83333333333471 25
53.84210526315927 11
53.93859649122945 11
54.00000000000138 2
54.02631578947506 58
54.035087719299625 11
54.035087719299625 27
54.04385964912419 5
54.1315789473698 11
54.14912280701893 48
54.22807017543998 11
54.23684210526454 17
54.32456140351016 11
54.32456140351016 12
54.359649122808406 24
54.36842105263297 3
54.42105263158034 11
54.464912280703146 33
54.464912280703146 50
54.49122807017683 6
54.517543859650516 11
54.517543859650516 43
54.561403508773324 20
54.561403508773324 42
54.60526315789613 32
54.614035087720694 7
54.614035087720694 11
54.71052631579087 11
54.73684210526456 36
54.76315789473824 41
54.78947368421193 15
54.80701754386105 11
54.833333333334735 47
54.85087719298386 19
54.90350877193123 11
55.00000000000141 11
55.05263157894878 17
55.096491228071585 11
55.14035087719439 25
55.15789473684352 24
55.19298245614176 11
55.201754385966325 4
55.21052631579089 28
55.21929824561545 6
55.254385964913695 9
55.28070175438738 46
55.28947368421194 11
55.34210526315931 19
55.38596491228212 11
55.421052631580366 12
55.43859649122949 44
55.44736842105405 7
55.4824561403523 11
55.53508771929967 10
55.578947368422476 11
55.60526315789616 38
55.631578947369846 30
55.675438596492654 11
55.675438596492654 42
55.70175438596634 3
55.77192982456283 11
55.780701754387394 36
55.86842105263301 11
55.86842105263301 17
55.87719298245757 56
55.91228070175582 23
55.947368421054065 6
55.95614035087863 24
55.96491228070319 11
56.06140350877337 11
56.11403508772074 15
56.1228070175453 55
56.13157894736986 48
56.14912280701898 44
56.157894736843545 11
56.18421052631723 5
56.21929824561548 37
56.24561403508916 34
56.25438596491372 11
56.28070175438741 7
56.3508771929839 11
56.44736842105408 11
56.44736842105408 25
56.51754385965057 12
56.54385964912426 11
56.59649122807163 16
56.640350877194436 11
56.67543859649268 6
56.684210526317244 17
56.736842105264614 11
56.75438596491374 24
56.78070175438742 47
56.789473684211984 42
56.80701754386111 41
56.82456140351023 36
56.83333333333479 11
56.850877192983916 27
56.85964912280848 49
56.8771929824576 46
56.8771929824576 50
56.92982456140497 11
56.96491228070322 9
57.01754385965059 20
57.02631578947515 11
57.03508771929971 3
57.114035087720765 7
57.12280701754533 11
57.15789473684357 14
57.219298245615505 11
57.28070175438744 4
57.289473684212 39
57.31578947368568 11
57.4035087719313 6
57.41228070175586 11
57.438596491229546 15
57.491228070176916 2
57.50000000000148 17
57.50877192982604 11
57.5175438596506 57
57.535087719299725 58
57.55263157894885 24
57.60526315789622 11
57.61403508772078 12
57.701754385966396 11
57.754385964913766 25
57.798245614036574 11
57.82456140351026 44
57.86842105263307 36
57.89473684210675 11
57.903508771931314 42
57.912280701755876 30
57.94736842105412 7
57.956140350878684 22
57.98245614035237 19
57.99122807017693 11
58.07894736842255 48
58.08771929824711 5
58.08771929824711 11
58.13157894736992 6
58.175438596492725 26
58.18421052631729 11
58.280701754387465 11
58.31578947368571 17
58.35087719298396 24
58.36842105263308 3
58.37719298245764 11
58.47368421052782 11
58.552631578948876 45
58.570175438598 11
58.66666666666818 11
58.67543859649274 9
58.710526315790986 12
58.710526315790986 47
58.73684210526467 52
58.763157894738356 11
58.763157894738356 15
58.78070175438748 7
58.85087719298397 41
58.859649122808534 6
58.859649122808534 11
58.912280701755904 36
58.95614035087871 11
58.99122807017696 46
59.00000000000152 33
59.017543859650644 42
59.05263157894889 11
59.05263157894889 29
59.06140350877345 25
59.131578947369945 17
59.14912280701907 11
59.14912280701907 24
59.15789473684363 32
59.175438596492754 44
59.236842105264685 1
59.24561403508925 11
59.289473684212055 50
59.342105263159425 11
59.35964912280855 4
59.38596491228223 10
59.394736842106795 16
59.4385964912296 11
59.47368421052785 20
59.53508771929978 11
59.58771929824715 6
59.614035087720836 7
59.6228070175454 31
59.63157894736996 11
59.70175438596645 3
59.72807017544014 11
59.7368421052647 43
59.75438596491382 56
59.771929824562946 23
59.80701754386119 12
59.824561403510316 11
59.877192982457686 39
59.921052631580494 11
59.921052631580494 49
59.94736842105418 17
59.94736842105418 24
59.95614035087874 36
59.973684210527864 57
