0.017543859649122806 58
0.043859649122807015 1
0.06140350877192982 2
0.08771929824561403 34
0.13157894736842105 42
0.21052631578947367 32
0.21052631578947367 45
0.21929824561403508 53
0.2543859649122807 40
0.280701754385965 59
0.31578947368421073 5
0.31578947368421073 11
0.31578947368421073 20
0.32456140350877216 4
0.5000000000000008 28
0.5701754385964922 43
0.5964912280701765 39
0.6228070175438608 48
0.6491228070175451 47
0.7192982456140365 35
0.7368421052631594 36
0.7456140350877208 37
0.7631578947368437 0
0.789473684210528 27
0.8333333333333351 38
0.8421052631578966 54
0.9473684210526337 7
0.9561403508771952 14
0.9561403508771952 16
0.9649122807017566 24
0.973684210526318 6
0.973684210526318 11
0.9824561403508795 15
0.9824561403508795 50
1.0000000000000022 23
1.0526315789473708 22
1.219298245614038 55
1.2280701754385994 5
1.3157894736842137 59
1.587719298245618 5
1.6315789473684252 36
1.6578947368421095 25
1.6842105263157938 7
1.7017543859649167 6
1.7368421052631624 17
1.8157894736842153 26
1.8333333333333381 24
1.850877192982461 5
1.9385964912280753 1
2.0964912280701786 43
2.1666666666666683 18
2.2631578947368416 11
2.2982456140350864 15
2.3070175438596476 42
2.3421052631578925 5
2.403508771929821 4
2.4210526315789433 7
2.4210526315789433 59
2.4298245614035046 6
2.4736842105263106 47
2.482456140350872 18
2.526315789473678 36
2.701754385964902 24
2.745614035087708 11
2.859649122807004 10
2.868421052631565 3
2.912280701754371 20
2.9298245614034935 57
2.9385964912280547 48
2.956140350877177 18
3.0175438596491055 39
3.0526315789473504 41
3.0614035087719116 17
3.1052631578947176 29
3.157894736842085 44
3.166666666666646 11
3.1754385964912073 7
3.2192982456140133 31
3.2368421052631358 6
3.298245614035064 30
3.421052631578921 36
3.4298245614034824 59
3.4824561403508496 1
3.5087719298245332 44
3.5701754385964617 24
3.5964912280701453 2
3.6052631578947065 15
3.8070175438596143 56
3.912280701754349 7
3.964912280701716 6
4.096491228070139 58
4.166666666666632 29
4.210526315789441 3
4.219298245614002 16
4.219298245614002 25
4.298245614035057 47
4.31578947368418 36
4.385964912280674 34
4.438596491228044 24
4.447368421052605 44
4.535087719298222 40
4.6315789473684 14
4.649122807017523 7
4.657894736842085 27
4.6929824561403315 6
4.745614035087701 50
4.877192982456126 53
4.885964912280688 43
4.9210526315789345 15
4.964912280701743 17
4.982456140350866 59
5.175438596491222 44
5.210526315789469 36
5.210526315789469 55
5.219298245614031 48
5.219298245614031 54
5.236842105263154 42
5.280701754385962 11
5.289473684210524 4
5.2982456140350855 23
5.307017543859647 24
5.333333333333332 20
5.342105263157894 22
5.385964912280702 7
5.421052631578949 6
5.543859649122812 11
5.543859649122812 28
5.5526315789473735 3
5.5526315789473735 25
5.561403508771935 0
5.58771929824562 35
5.596491228070182 30
5.631578947368428 18
5.710526315789483 32
5.719298245614045 37
5.736842105263168 44
5.771929824561415 41
5.90350877192984 18
5.912280701754401 11
5.991228070175456 57
6.043859649122826 59
6.105263157894758 36
6.114035087719319 7
6.1315789473684426 47
6.149122807017566 6
6.175438596491251 24
6.192982456140374 1
6.210526315789497 5
6.210526315789497 45
6.228070175438621 15
6.350877192982484 29
6.403508771929854 11
6.429824561403539 38
6.517543859649155 42
6.842105263157936 7
6.842105263157936 18
6.877192982456183 6
6.894736842105306 3
6.982456140350923 39
7.000000000000046 36
7.0175438596491695 17
7.0175438596491695 31
7.0438596491228544 24
7.114035087719348 44
7.131578947368471 2
7.157894736842156 59
7.210526315789526 16
7.271929824561457 48
7.333333333333389 58
7.385964912280759 25
7.403508771929882 50
7.517543859649184 4
7.535087719298307 15
7.55263157894743 43
7.570175438596554 7
7.6052631578948 6
7.701754385964978 44
7.745614035087787 1
7.833333333333403 17
7.859649122807088 18
7.8771929824562115 11
7.885964912280773 30
7.894736842105335 36
7.912280701754458 24
7.947368421052705 26
7.947368421052705 47
7.991228070175513 5
8.052631578947445 41
8.18421052631587 0
8.219298245614116 59
8.23684210526324 3
8.263157894736924 14
8.29824561403517 7
8.324561403508856 27
8.333333333333417 6
8.359649122807102 5
8.464912280701842 57
8.526315789473774 53
8.56140350877202 5
8.605263157894829 20
8.640350877193075 17
8.649122807017637 34
8.71929824561413 25
8.736842105263253 42
8.780701754386062 24
8.789473684210623 36
8.842105263157993 15
8.859649122807117 5
9.026315789473788 7
9.052631578947473 55
9.061403508772035 6
9.175438596491336 1
9.473684210526432 29
9.578947368421172 3
9.640350877193104 22
9.649122807017665 24
9.657894736842227 4
9.666666666666789 45
9.684210526315912 36
9.736842105263282 5
9.736842105263282 23
9.754385964912405 7
9.771929824561528 11
9.789473684210652 6
9.877192982456268 44
9.903508771929953 59
9.921052631579077 32
9.973684210526446 11
10.017543859649255 17
10.052631578947501 25
10.14912280701768 15
10.14912280701768 40
10.166666666666803 30
10.20175438596505 16
10.228070175438734 44
10.482456140351022 7
10.517543859649269 6
10.517543859649269 24
10.570175438596639 1
10.5789473684212 36
10.5789473684212 42
10.587719298245762 28
10.596491228070324 58
10.622807017544009 56
10.63157894736857 18
10.63157894736857 47
10.666666666666817 2
10.675438596491379 44
10.692982456140502 37
10.780701754386119 50
10.868421052631735 5
10.921052631579105 3
10.973684210526475 5
10.973684210526475 31
11.219298245614201 7
11.219298245614201 41
11.236842105263324 20
11.245614035087886 6
11.289473684210694 39
11.359649122807188 48
11.385964912280873 24
11.385964912280873 25
11.42105263157912 29
11.438596491228243 44
11.456140350877366 15
11.47368421052649 36
11.508771929824736 0
11.53508771929842 10
11.631578947368599 1
11.69298245614053 54
11.7456140350879 4
11.763157894737024 35
11.771929824561585 57
11.789473684210709 44
11.868421052631764 5
11.885964912280887 11
11.885964912280887 27
11.894736842105448 14
11.912280701754572 18
11.947368421052818 7
11.964912280701942 17
11.973684210526503 6
11.982456140351065 49
12.026315789473873 38
12.11403508771949 43
12.122807017544051 42
12.254385964912476 24
12.263157894737038 3
12.368421052631778 36
12.447368421052833 30
12.447368421052833 47
12.464912280701956 5
12.473684210526518 29
12.48245614035108 59
12.526315789473887 55
12.570175438596696 11
12.675438596491436 7
12.70175438596512 6
12.719298245614244 25
12.763157894737052 15
12.973684210526532 44
13.026315789473902 53
13.087719298245833 18
13.096491228070395 50
13.12280701754408 24
13.12280701754408 26
13.184210526316011 45
13.192982456140573 16
13.263157894737066 36
13.350877192982683 48
13.403508771930053 7
13.412280701754614 1
13.429824561403738 6
13.578947368421286 5
13.587719298245847 20
13.60526315789497 3
13.614035087719532 18
13.614035087719532 41
13.666666666666902 23
13.719298245614272 39
13.824561403509012 4
13.894736842105505 44
13.929824561403752 22
13.97368421052656 59
13.991228070175683 24
14.052631578947615 25
14.070175438596738 15
14.087719298245862 29
14.140350877193232 7
14.157894736842355 6
14.157894736842355 34
14.157894736842355 36
14.192982456140601 32
14.201754385965163 2
14.201754385965163 58
14.254385964912533 57
14.263157894737095 47
14.271929824561656 11
14.368421052631835 18
14.412280701754643 5
14.491228070175698 40
14.570175438596753 43
14.7192982456143 42
14.728070175438862 17
14.745614035087986 30
14.833333333333602 56
14.859649122807287 24
14.868421052631849 31
14.87719298245641 7
14.885964912280972 6
14.947368421052904 3
14.991228070175712 0
15.043859649123082 1
15.052631578947643 36
15.131578947368698 29
15.271929824561685 18
15.377192982456425 15
15.385964912280986 25
15.394736842105548 48
15.473684210526603 5
15.526315789473973 14
15.605263157895028 7
15.61403508771959 6
15.631578947368713 28
15.640350877193274 11
15.640350877193274 50
15.66666666666696 37
15.72807017543889 24
15.745614035088014 27
15.903508771930124 4
15.929824561403809 55
15.947368421052932 36
16.03508771929855 10
16.105263157895042 47
16.175438596491535 17
16.184210526316097 16
16.289473684210837 3
16.333333333333645 7
16.342105263158206 6
16.447368421052946 41
16.51754385964944 54
16.561403508772248 29
16.587719298245933 1
16.587719298245933 18
16.596491228070494 24
16.666666666666988 57
16.68421052631611 15
16.719298245614358 25
16.83333333333366 18
16.84210526315822 36
16.99122807017577 39
17.04385964912314 30
17.061403508772262 7
17.070175438596824 6
17.087719298245947 35
17.10526315789507 49
17.280701754386303 53
17.342105263158235 59
17.359649122807358 48
17.37719298245648 42
17.403508771930166 45
17.412280701754728 0
17.42105263157929 18
17.464912280702098 24
17.491228070175783 20
17.517543859649468 43
17.552631578947715 23
17.596491228070523 26
17.614035087719646 5
17.63157894736877 3
17.64035087719333 29
17.73684210526351 2
17.73684210526351 36
17.763157894737194 18
17.78947368421088 1
17.78947368421088 7
17.79824561403544 6
17.921052631579304 47
17.95614035087755 50
17.982456140351236 4
17.982456140351236 18
17.991228070175797 15
18.05263157894773 25
18.15789473684247 17
18.201754385965277 58
18.21052631578984 22
18.289473684210893 5
18.3333333333337 24
18.342105263158263 59
18.350877192982825 31
18.49122807017581 41
18.517543859649496 7
18.526315789474058 6
18.53508771929862 38
18.631578947368798 36
18.763157894737223 34
18.79824561403547 27
18.80701754386003 11
18.824561403509154 32
18.96491228070214 42
18.973684210526702 3
19.000000000000387 1
19.052631578947757 40
19.06140350877232 11
19.087719298246004 29
19.087719298246004 43
19.149122807017935 14
19.17543859649162 16
19.201754385965305 24
19.201754385965305 55
19.245614035088114 7
19.254385964912675 6
19.28070175438636 5
19.289473684210922 17
19.298245614035483 15
19.315789473684607 30
19.315789473684607 48
19.3859649122811 25
19.482456140351278 5
19.526315789474086 36
19.745614035088128 47
19.833333333333744 18
19.982456140351292 6
19.982456140351292 7
20.01754385964954 20
20.061403508772347 4
20.07017543859691 24
20.096491228070594 11
20.201754385965334 44
20.23684210526358 57
20.271929824561827 50
20.28947368421095 18
20.307017543860074 1
20.315789473684635 3
20.421052631579375 36
20.60526315789517 15
20.640350877193416 17
20.640350877193416 37
20.6666666666671 11
20.675438596491663 28
20.71052631578991 6
20.71929824561447 7
20.71929824561447 25
20.77192982456184 54
20.938596491228513 24
20.97368421052676 11
21.14035087719343 45
21.271929824561855 2
21.271929824561855 27
21.29824561403554 48
21.315789473684664 36
21.429824561403965 23
21.438596491228527 6
21.45614035087765 7
21.45614035087765 53
21.46491228070221 41
21.543859649123267 43
21.57017543859695 17
21.57017543859695 47
21.587719298246075 30
21.605263157895198 0
21.657894736842568 3
21.807017543860116 24
21.903508771930294 39
21.912280701754856 15
22.052631578947842 25
22.09649122807065 56
22.122807017544336 49
22.14035087719346 4
22.14912280701802 11
22.166666666667144 6
22.166666666667144 16
22.184210526316267 7
22.210526315789952 36
22.2456140350882 29
22.385964912281185 5
22.429824561403993 11
22.491228070175925 22
22.57017543859698 10
22.587719298246103 17
22.587719298246103 50
22.62280701754435 11
22.62280701754435 31
22.657894736842596 18
22.67543859649172 24
22.68421052631628 35
22.771929824561898 14
22.815789473684706 58
22.89473684210576 6
22.912280701754884 7
23.0000000000005 3
23.026315789474186 34
23.10526315789524 36
23.131578947368926 18
23.175438596491734 1
23.219298245614542 15
23.219298245614542 43
23.280701754386474 55
23.30701754386016 48
23.324561403509282 57
23.385964912281214 47
23.438596491228584 38
23.491228070175953 20
23.543859649123323 24
23.543859649123323 26
23.57017543859701 25
23.596491228070693 40
23.62280701754438 6
23.6403508771935 7
23.666666666667187 29
23.833333333333858 44
23.859649122807543 30
23.885964912281228 42
24.00000000000053 36
24.026315789474214 0
24.10526315789527 41
24.21929824561457 4
24.342105263158434 3
24.350877192982995 6
24.350877192982995 32
24.36842105263212 7
24.412280701754927 24
24.438596491228612 59
24.456140350877735 18
24.48245614035142 45
24.52631578947423 15
24.53508771929879 17
24.70175438596546 5
24.719298245614585 11
24.8070175438602 2
24.842105263158448 18
24.85087719298301 5
24.894736842105818 36
24.90350877193038 25
24.90350877193038 50
25.06140350877249 43
25.078947368421613 6
25.096491228070736 7
25.157894736842668 16
25.2192982456146 47
25.263157894737407 48
25.28070175438653 24
25.307017543860216 23
25.32456140350934 49
25.394736842105832 18
25.412280701754955 17
25.42982456140408 42
25.517543859649695 59
25.58771929824619 29
25.614035087719873 37
25.64912280701812 54
25.675438596491805 1
25.675438596491805 18
25.684210526316367 3
25.719298245614613 28
25.736842105263737 53
25.780701754386545 27
25.789473684211107 36
25.798245614035668 56
25.80701754386023 6
25.824561403509353 7
25.833333333333915 15
25.938596491228655 18
26.02631578947427 11
26.140350877193573 30
26.149122807018134 24
26.23684210526375 25
26.28947368421112 17
26.298245614035682 4
26.324561403509367 20
26.368421052632176 18
26.39473684210586 14
26.43859649122867 39
26.535087719298847 6
26.561403508772532 7
26.65789473684271 0
26.684210526316395 36
26.77192982456201 22
26.789473684211135 11
26.956140350877806 41
27.017543859649738 24
27.0263157894743 3
27.03508771929886 47
27.1403508771936 15
27.1403508771936 17
27.228070175439218 43
27.228070175439218 48
27.263157894737464 6
27.28947368421115 7
27.333333333333957 29
27.35087719298308 59
27.385964912281327 11
27.39473684210589 31
27.45614035087782 5
27.517543859649752 57
27.570175438597122 25
27.570175438597122 50
27.578947368421684 36
27.675438596491862 5
27.77192982456204 45
27.81578947368485 34
27.87719298245678 5
27.88596491228134 24
27.921052631579588 10
27.947368421053273 44
27.98245614035152 17
27.99122807017608 6
28.017543859649766 7
28.017543859649766 35
28.131578947369068 18
28.14912280701819 16
28.184210526316438 40
28.280701754386616 55
28.315789473684863 44
28.342105263158548 2
28.368421052632232 3
28.377192982456794 4
28.377192982456794 4
28.421052631579602 30
28.447368421053287 5
28.447368421053287 15
28.473684210526972 36
28.526315789474342 49
28.535087719298904 27
28.649122807018205 32
28.66666666666733 11
28.66666666666733 29
28.7192982456147 6
28.7192982456147 20
28.736842105263822 1
28.745614035088384 7
28.754385964912945 24
28.807017543860315 17
28.82456140350944 43
28.850877192983123 47
28.859649122807685 18
28.903508771930493 25
28.93859649122874 11
28.9473684210533 58
29.078947368421726 5
29.175438596491905 23
29.175438596491905 38
29.175438596491905 48
29.228070175439274 11
29.289473684211206 44
29.36842105263226 36
29.447368421053316 6
29.46491228070244 18
29.473684210527 42
29.482456140351562 7
29.62280701754455 24
29.63157894736911 17
29.710526315790165 3
29.754385964912974 15
29.8859649122814 50
29.912280701755083 26
29.93859649122877 11
30.017543859649823 14
30.035087719298946 54
30.043859649123508 41
30.175438596491933 6
30.21929824561474 7
30.236842105263865 25
30.26315789473755 36
30.307017543860358 56
30.333333333334043 0
30.456140350877906 4
30.456140350877906 17
30.464912280702467 5
30.47368421052703 18
30.491228070176152 24
30.58771929824633 37
30.666666666667385 1
30.666666666667385 47
30.69298245614107 30
30.754385964913002 28
30.763157894737564 31
30.771929824562125 18
30.824561403509495 59
30.877192982456865 57
30.90350877193055 6
30.90350877193055 53
30.94736842105336 7
31.00000000000073 29
31.043859649123537 11
31.052631578948098 3
31.052631578948098 22
31.06140350877266 15
31.12280701754459 48
31.140350877193715 16
31.140350877193715 16
31.157894736842838 36
31.157894736842838 45
31.2807017543867 17
31.289473684211263 5
31.289473684211263 20
31.359649122807756 24
31.552631578948112 11
31.570175438597236 25
31.570175438597236 55
31.631578947369167 6
31.64912280701829 44
31.675438596491976 7
31.728070175439345 49
31.842105263158647 1
31.85964912280777 18
31.877192982456894 2
31.921052631579702 27
31.97368421052707 59
32.05263157894812 36
32.10526315789549 11
32.10526315789549 17
32.20175438596567 50
32.228070175439356 24
32.2631578947376 58
32.280701754386726 5
32.35964912280778 6
32.36842105263234 15
32.39473684210603 3
32.40350877193059 7
32.4473684210534 41
32.482456140351644 47
32.535087719299014 4
32.535087719299014 5
32.57894736842182 29
32.66666666666744 5
32.9035087719306 25
32.92982456140429 17
32.94736842105341 36
32.964912280702535 30
33.02631578947447 0
33.02631578947447 59
33.04385964912359 23
33.07894736842184 48
33.0877192982464 6
33.09649122807096 24
33.131578947369206 7
33.228070175439385 42
33.236842105263946 1
33.315789473685 35
33.4298245614043 5
33.50877192982536 40
33.64035087719378 14
33.64035087719378 18
33.67543859649203 15
33.7280701754394 17
33.73684210526396 3
33.815789473685015 6
33.8421052631587 36
33.859649122807824 7
33.90350877193063 20
33.956140350878 32
33.96491228070256 24
34.03508771929906 44
34.08771929824643 18
34.08771929824643 43
34.131578947369235 16
34.192982456141166 38
34.22807017543941 29
34.236842105263975 25
34.31578947368503 47
34.33333333333415 34
34.35964912280784 11
34.42105263157977 39
34.447368421053454 5
34.456140350878016 44
34.500000000000824 1
34.54385964912363 6
34.552631578948194 5
34.552631578948194 17
34.58771929824644 7
34.614035087720126 4
34.70175438596574 31
34.73684210526399 36
34.75438596491311 5
34.78947368421136 41
34.824561403509605 55
34.83333333333417 24
34.85087719298329 50
34.929824561404345 49
34.982456140351715 15
34.99122807017628 42
35.02631578947452 5
35.02631578947452 48
35.07894736842189 3
35.087719298246455 54
35.15789473684295 53
35.21052631579032 45
35.21929824561488 10
35.236842105264 30
35.27192982456225 6
35.28947368421137 29
35.31578947368506 7
35.33333333333418 22
35.37719298245699 17
35.412280701755236 2
35.412280701755236 57
35.561403508772784 37
35.570175438597346 25
35.570175438597346 25
35.60526315789559 1
35.63157894736928 36
35.70175438596577 24
35.78947368421139 28
35.85087719298332 27
35.929824561404374 58
36.00000000000087 6
36.05263157894824 7
36.0614035087728 59
36.13157894736929 47
36.201754385965785 17
36.2894736842114 15
36.29824561403596 26
36.421052631579826 3
36.49122807017632 44
36.526315789474566 36
36.570175438597374 24
36.69298245614124 1
36.69298245614124 4
36.728070175439484 6
36.789473684211416 7
36.79824561403598 43
36.85964912280791 41
36.90350877193072 25
36.91228070175528 23
36.97368421052721 48
36.98245614035177 29
37.02631578947458 17
37.02631578947458 39
37.12280701754476 16
37.14035087719388 59
37.16666666666757 50
37.263157894737745 14
37.421052631579855 36
37.43859649122898 24
37.4561403508781 6
37.473684210527225 0
37.50877192982547 30
37.51754385965003 7
37.526315789474594 20
37.59649122807109 15
37.60526315789565 5
37.72807017543951 1
37.76315789473776 3
37.82456140350969 17
37.947368421053554 47
38.10526315789566 5
38.13157894736935 49
38.18421052631672 6
38.23684210526409 25
38.24561403508865 7
38.30701754386058 11
38.30701754386058 24
38.31578947368514 36
38.429824561404445 27
38.491228070176376 59
38.50000000000094 55
38.5087719298255 29
38.649122807018486 17
38.68421052631673 44
38.692982456141294 35
38.71929824561498 18
38.7368421052641 34
38.77192982456235 4
38.78947368421147 40
38.87719298245709 18
38.903508771930774 15
38.912280701755336 6
38.9210526315799 42
38.9210526315799 48
38.94736842105358 1
38.94736842105358 2
38.97368421052727 7
38.98245614035183 18
39.02631578947464 43
39.10526315789569 3
39.1491228070185 31
39.175438596492185 24
39.18421052631675 56
39.21052631579043 36
39.21929824561499 41
39.42982456140447 38
39.47368421052728 17
39.48245614035184 50
39.57017543859746 25
39.57894736842202 29
39.61403508772027 22
39.64035087719395 6
39.649122807018514 59
39.68421052631676 45
39.701754385965884 7
39.78070175438694 30
39.78070175438694 47
39.93859649122905 10
40.04385964912379 24
40.05263157894835 39
40.09649122807116 42
40.10526315789572 36
40.11403508772028 16
40.184210526316775 54
40.21052631579046 15
40.21052631579046 57
40.236842105264145 32
40.29824561403608 17
40.36842105263257 6
40.43859649122906 7
40.43859649122906 18
40.447368421053625 3
40.500000000000995 20
40.53508771929924 37
40.57894736842205 5
40.59649122807117 44
40.614035087720296 11
40.64035087719398 58
40.657894736843105 1
40.78070175438697 23
40.824561403509776 28
40.824561403509776 43
40.85087719298346 4
40.868421052632584 48
40.877192982457146 18
40.88596491228171 14
40.90350877193083 25
40.91228070175539 24
40.921052631579954 27
41.00000000000101 36
41.0701754385975 0
41.09649122807119 6
41.12280701754487 17
41.16666666666768 7
41.184210526316804 53
41.26315789473786 11
41.31578947368523 29
41.33333333333435 49
41.37719298245716 18
41.51754385965015 15
41.5964912280712 47
41.780701754386996 24
41.78947368421156 3
41.79824561403612 50
41.80701754386068 5
41.80701754386068 59
41.81578947368524 42
41.81578947368524 55
41.824561403509804 6
41.877192982457174 1
41.8947368421063 7
41.8947368421063 36
41.94736842105367 17
42.05263157894841 30
42.2368421052642 25
42.298245614036134 41
42.48245614035193 2
42.5350877192993 18
42.55263157894842 6
42.570175438597545 43
42.622807017544915 7
42.6491228070186 24
42.77192982456246 17
42.789473684211586 36
42.81578947368527 29
42.81578947368527 48
42.82456140350983 15
42.92105263158001 26
42.92982456140457 4
43.08771929824668 59
43.105263157895806 1
43.105263157895806 16
43.13157894736949 3
43.13157894736949 42
43.22807017543967 5
43.28070175438704 6
43.35087719298353 7
43.41228070175546 47
43.5175438596502 24
43.55263157894845 34
43.57017543859757 25
43.59649122807126 17
43.61403508772038 35
43.684210526316875 36
43.798245614036176 0
43.8157894736853 44
43.894736842106354 22
44.008771929825656 6
44.02631578947478 27
44.07894736842215 7
44.08771929824671 40
44.105263157895834 18
44.114035087720396 50
44.13157894736952 15
44.19298245614145 10
44.19298245614145 59
44.33333333333444 11
44.38596491228181 24
44.41228070175549 31
44.421052631580054 17
44.43859649122918 30
44.47368421052742 3
44.50877192982567 14
44.55263157894848 45
44.56140350877304 41
44.56140350877304 49
44.57894736842216 36
44.62280701754497 54
44.64912280701866 23
44.66666666666778 58
44.71929824561515 29
44.73684210526427 6
44.754385964913396 43
44.76315789473796 42
44.76315789473796 48
44.807017543860766 7
44.82456140350989 1
44.903508771930944 25
45.008771929825684 4
45.228070175439726 47
45.24561403508885 17
45.24561403508885 44
45.25438596491341 20
45.25438596491341 24
45.30701754386078 38
45.35087719298359 53
45.35964912280815 59
45.438596491229205 15
45.45614035087833 55
45.46491228070289 6
45.47368421052745 36
45.5087719298257 37
45.53508771929938 7
45.53508771929938 57
45.815789473685356 3
45.859649122808165 28
45.912280701755535 18
45.93859649122922 42
46.017543859650274 2
46.026315789474836 18
46.04385964912396 17
46.09649122807133 16
46.122807017545014 24
46.15789473684326 32
46.19298245614151 6
46.21929824561519 1
46.236842105264316 25
46.27192982456256 7
46.35087719298362 11
46.36842105263274 36
46.394736842106425 0
46.42982456140467 50
46.447368421053795 44
46.52631578947485 59
46.62280701754503 43
46.64035087719415 5
46.710526315790645 30
46.710526315790645 48
46.74561403508889 15
46.868421052632755 11
46.868421052632755 17
46.921052631580125 6
46.99122807017662 24
47.00000000000118 7
47.04385964912399 47
47.087719298246796 4
47.11403508772048 42
47.140350877194166 11
47.14912280701873 29
47.15789473684329 3
47.22807017543978 41
47.26315789473803 36
47.47368421052751 26
47.52631578947488 11
47.57017543859769 25
47.60526315789593 20
47.64912280701874 6
47.666666666667865 17
47.7280701754398 7
47.76315789473804 18
47.76315789473804 49
47.771929824562605 45
47.78947368421173 34
47.85964912280822 24
47.9561403508784 58
48.043859649124016 11
48.05263157894858 15
48.13157894736963 14
48.15789473684332 36
48.16666666666788 18
48.16666666666788 31
48.17543859649244 22
48.254385964913496 43
48.28947368421174 5
48.28947368421174 42
48.37719298245736 6
48.456140350878414 7
48.464912280702976 27
48.49122807017666 17
48.50000000000122 3
48.508771929825784 35
48.517543859650345 23
48.517543859650345 23
48.54385964912403 11
48.58771929824684 18
48.60526315789596 59
48.728070175439825 24
48.728070175439825 48
48.74561403508895 50
48.87719298245737 47
48.90350877193106 25
48.98245614035211 0
48.98245614035211 30
49.000000000001236 18
49.01754385965036 53
49.052631578948606 36
49.08771929824685 16
49.105263157895976 6
49.16666666666791 4
49.18421052631703 7
49.28947368421177 10
49.315789473685456 17
49.359649122808264 15
49.39473684210651 40
49.42982456140476 5
49.464912280703004 42
49.49122807017669 18
49.54385964912406 29
49.55263157894862 2
49.59649122807143 24
49.622807017545114 41
49.6491228070188 39
49.79824561403635 55
49.83333333333459 6
49.842105263159155 3
49.91228070175565 7
49.92105263158021 43
49.947368421053895 36
49.96491228070302 57
49.98245614035214 5
50.03508771929951 20
50.14035087719425 17
50.1754385964925 5
50.23684210526443 1
50.23684210526443 25
50.271929824562676 59
50.46491228070303 24
50.482456140352156 37
50.56140350877321 6
50.578947368422334 5
50.640350877194265 7
50.640350877194265 42
50.64912280701883 38
50.66666666666795 15
50.67543859649251 48
50.692982456141635 47
50.84210526315918 36
50.903508771931115 28
50.96491228070305 17
50.96491228070305 49
51.061403508773225 50
51.18421052631709 3
51.21052631579077 54
51.24561403508902 4
51.25438596491358 30
51.28947368421183 6
51.333333333334636 24
51.36842105263288 45
51.377192982457444 7
51.51754385965043 0
51.51754385965043 29
51.5701754385978 25
51.57894736842236 27
51.60526315789605 56
51.73684210526447 36
51.754385964913595 14
51.78947368421184 17
51.83333333333465 58
51.84210526315921 43
51.87719298245746 32
51.89473684210658 42
51.97368421052764 15
51.99122807017676 11
51.99122807017676 26
52.00000000000132 34
52.017543859650445 6
52.07894736842238 16
52.10526315789606 7
52.20175438596624 24
52.21929824561536 18
52.37719298245747 23
52.37719298245747 59
52.41228070175572 44
52.42982456140484 11
52.45614035087853 22
52.46491228070309 20
52.46491228070309 41
52.5087719298259 47
52.52631578947502 3
52.61403508772064 17
52.6228070175452 48
52.63157894736976 36
52.74561403508906 6
52.74561403508906 29
52.83333333333468 7
52.8508771929838 18
52.90350877193117 25
52.91228070175573 44
52.973684210527665 57
53.0350877192996 1
53.04385964912416 39
53.07017543859784 24
53.07017543859784 42
53.08771929824697 2
53.245614035089076 44
53.28070175438732 15
53.32456140351013 4
53.342105263159254 18
53.3771929824575 50
53.41228070175575 17
53.47368421052768 6
53.52631578947505 36
53.53508771929961 30
53.561403508773296 7
53.59649122807154 18
53.614035087720666 40
53.64035087719435 5
53.657894736843474 59
53.6754385964926 53
53.868421052632954 3
53.93859649122945 24
54.02631578947506 35
54.04385964912419 0
54.087719298246995 31
54.16666666666805 49
54.2017543859663 6
54.23684210526454 17
54.23684210526454 25
54.245614035089105 42
54.254385964913666 44
54.27192982456279 29
54.28947368421191 7
54.32456140351016 47
54.42105263158034 36
54.464912280703146 27
54.57894736842245 48
54.58771929824701 15
54.74561403508912 5
54.79824561403649 45
54.79824561403649 59
54.80701754386105 24
54.929824561404914 6
54.97368421052772 44
54.982456140352284 11
55.01754385965053 7
55.06140350877334 17
55.06140350877334 20
55.0701754385979 16
55.12280701754527 55
55.19298245614176 58
55.21052631579089 3
55.21052631579089 11
55.23684210526457 41
55.26315789473826 18
55.2982456140365 44
55.315789473685626 36
55.37719298245756 14
55.40350877193124 4
55.421052631580366 42
55.45614035087861 37
55.50000000000142 43
55.570175438597914 25
55.622807017545284 54
55.65789473684353 6
55.66666666666809 44
55.675438596492654 24
55.69298245614178 50
55.74561403508915 7
55.789473684211956 57
55.81578947368564 30
55.885964912282134 17
55.894736842106695 15
55.938596491229504 28
56.052631578948805 5
56.14035087719442 47
56.157894736843545 38
56.19298245614179 34
56.210526315790915 36
56.24561403508916 23
56.34210526315934 18
56.38596491228215 6
56.482456140352326 7
56.526315789475134 48
56.54385964912426 24
56.55263157894882 3
56.59649122807163 42
56.62280701754531 2
56.71052631579093 17
56.736842105264614 22
56.903508771931286 25
56.91228070175585 32
56.9912280701769 0
57.000000000001464 26
57.02631578947515 27
57.1052631578962 36
57.114035087720765 6
57.20175438596638 15
57.21052631579094 7
57.41228070175586 24
57.41228070175586 49
57.46491228070323 59
57.47368421052779 1
57.482456140352355 4
57.50000000000148 18
57.5175438596506 17
57.543859649124286 29
57.62280701754534 39
57.6315789473699 5
57.6315789473699 56
57.649122807019026 31
57.65789473684359 20
57.84210526315938 6
57.89473684210675 3
57.93859649122956 7
57.956140350878684 47
58.00000000000149 11
58.00000000000149 18
58.00000000000149 36
58.00000000000149 40
58.008771929826054 42
58.008771929826054 50
58.061403508773424 16
58.08771929824711 30
58.175438596492725 5
58.21929824561553 11
58.23684210526466 25
58.280701754387465 24
58.3421052631594 17
58.35964912280852 18
58.41228070175589 41
58.42982456140501 53
58.47368421052782 5
58.47368421052782 59
58.48245614035238 48
58.491228070176945 57
58.50877192982607 15
58.570175438598 6
58.62280701754537 55
58.649122807019054 11
58.66666666666818 7
58.72807017544011 58
58.89473684210678 36
59.00000000000152 14
59.14912280701907 18
59.14912280701907 24
59.15789473684363 17
59.184210526317315 42
59.236842105264685 3
59.29824561403662 6
59.37719298245767 0
59.394736842106795 7
59.394736842106795 45
59.54385964912434 18
59.561403508773466 4
59.57017543859803 25
59.58771929824715 11
59.7368421052647 59
59.74561403508926 18
59.771929824562946 47
59.78947368421207 36
59.815789473685754 15
59.94736842105418 11
59.982456140352426 17
