0.03508771929824561 22
0.07017543859649122 43
0.07894736842105263 26
0.07894736842105263 47
0.10526315789473684 34
0.11403508771929824 14
0.13157894736842105 37
0.14912280701754385 55
0.15789473684210525 46
0.16666666666666666 30
0.17543859649122806 12
0.21052631578947367 7
0.22807017543859648 15
0.23684210526315788 6
0.26315789473684215 1
0.280701754385965 33
0.31578947368421073 39
0.41228070175438647 57
0.4824561403508779 11
0.49122807017543935 23
0.5350877192982465 48
0.5964912280701765 16
0.6140350877192994 24
0.6929824561403523 44
0.7105263157894751 36
0.7982456140350894 50
0.8070175438596509 28
0.8421052631578966 0
0.9561403508771952 32
0.9561403508771952 53
0.9649122807017566 6
0.9824561403508795 42
1.0000000000000022 7
1.157894736842108 9
1.1666666666666694 54
1.1842105263157923 2
1.280701754385968 41
1.3245614035087752 38
1.3947368421052666 18
1.403508771929828 11
1.4122807017543895 24
1.4473684210526352 15
1.4736842105263195 44
1.6929824561403553 6
1.789473684210531 7
1.789473684210531 36
1.8245614035087767 12
1.8421052631578996 18
1.8771929824561453 3
1.8859649122807067 27
1.9561403508771982 47
2.0087719298245665 51
2.2105263157894743 24
2.3508771929824537 43
2.3508771929824537 44
2.4210526315789433 6
2.456140350877188 30
2.4736842105263106 18
2.578947368421045 7
2.6403508771929736 20
2.666666666666657 15
2.6842105263157796 46
2.745614035087708 52
2.8157894736841977 57
2.868421052631565 36
3.0087719298245443 24
3.043859649122789 1
3.0964912280701564 18
3.0964912280701564 48
3.1052631578947176 25
3.1491228070175237 6
3.166666666666646 12
3.1929824561403297 0
3.201754385964891 41
3.3596491228069927 7
3.421052631578921 3
3.421052631578921 50
3.5701754385964617 44
3.666666666666635 14
3.7192982456140022 19
3.798245614035053 39
3.8070175438596143 24
3.8157894736841755 42
3.8245614035087367 47
3.877192982456104 6
3.885964912280665 15
3.912280701754349 55
3.9473684210525937 36
4.017543859649084 18
4.140350877192947 7
4.175438596491194 46
4.184210526315756 16
4.31578947368418 12
4.36842105263155 22
4.605263157894715 6
4.605263157894715 24
4.657894736842085 43
4.9210526315789345 7
4.929824561403496 3
5.026315789473674 36
5.070175438596483 23
5.0964912280701675 15
5.131578947368414 40
5.140350877192976 37
5.192982456140346 30
5.210526315789469 48
5.333333333333332 6
5.385964912280702 56
5.403508771929825 18
5.403508771929825 24
5.447368421052634 57
5.473684210526319 5
5.5000000000000036 4
5.58771929824562 42
5.657894736842113 1
5.657894736842113 2
5.657894736842113 35
5.710526315789483 7
5.710526315789483 47
5.763157894736853 32
5.789473684210538 28
5.868421052631593 51
5.877192982456155 29
5.877192982456155 34
5.877192982456155 50
5.90350877192984 20
5.921052631578963 0
5.9824561403508945 54
6.061403508771949 6
6.078947368421073 41
6.105263157894758 36
6.166666666666689 12
6.201754385964936 24
6.254385964912306 3
6.289473684210552 10
6.307017543859676 15
6.368421052631607 18
6.49122807017547 7
6.6140350877193335 39
6.684210526315827 52
6.7894736842105665 6
6.982456140350923 16
6.982456140350923 38
7.000000000000046 24
7.0438596491228544 26
7.078947368421101 18
7.105263157894786 44
7.184210526315841 14
7.184210526315841 36
7.271929824561457 7
7.271929824561457 11
7.385964912280759 9
7.4473684210526905 48
7.473684210526375 42
7.491228070175499 46
7.517543859649184 6
7.517543859649184 15
7.578947368421115 3
7.578947368421115 27
7.578947368421115 47
7.596491228070239 30
7.736842105263225 53
7.798245614035157 24
7.92105263157902 17
8.043859649122883 57
8.052631578947445 7
8.052631578947445 25
8.052631578947445 29
8.2456140350878 6
8.263157894736924 36
8.280701754386047 50
8.438596491228157 20
8.570175438596582 12
8.596491228070267 24
8.701754385965007 22
8.728070175438692 15
8.7719298245615 55
8.82456140350887 0
8.833333333333432 7
8.903508771929925 3
8.92982456140361 42
8.947368421052733 46
8.956140350877295 56
8.973684210526418 6
8.991228070175541 4
9.114035087719405 39
9.149122807017651 2
9.166666666666774 44
9.210526315789583 23
9.280701754386076 18
9.342105263158007 36
9.342105263158007 36
9.394736842105377 24
9.447368421052747 47
9.614035087719419 7
9.701754385965035 6
9.78070175438609 16
9.877192982456268 1
9.88596491228083 41
9.9385964912282 15
9.99122807017557 9
9.99122807017557 48
10.008771929824693 52
10.052631578947501 43
10.140350877193118 33
10.14912280701768 25
10.14912280701768 37
10.192982456140488 24
10.192982456140488 44
10.228070175438734 3
10.394736842105406 7
10.42105263157909 36
10.429824561403652 6
10.438596491228214 30
10.52631578947383 40
10.68421052631594 50
10.692982456140502 14
10.728070175438749 28
10.824561403508927 46
10.903508771929982 18
10.973684210526475 32
10.991228070175598 24
11.008771929824722 17
11.149122807017708 15
11.15789473684227 6
11.184210526315955 7
11.236842105263324 18
11.245614035087886 44
11.31578947368438 47
11.377192982456311 4
11.394736842105434 31
11.42982456140368 26
11.456140350877366 25
11.500000000000174 36
11.53508771929842 57
11.552631578947544 3
11.570175438596667 54
11.701754385965092 53
11.763157894737024 0
11.789473684210709 24
11.877192982456325 42
11.885964912280887 6
11.947368421052818 39
11.964912280701942 7
12.043859649122997 51
12.052631578947558 20
12.096491228070366 12
12.157894736842298 48
12.16666666666686 18
12.16666666666686 55
12.201754385965106 44
12.210526315789668 38
12.359649122807216 15
12.49122807017564 35
12.53508771929845 34
12.578947368421257 16
12.578947368421257 36
12.587719298245819 24
12.614035087719504 6
12.640350877193189 2
12.684210526315997 1
12.70175438596512 10
12.745614035087929 7
12.75438596491249 30
12.763157894737052 25
12.877192982456354 3
12.877192982456354 29
12.938596491228285 41
12.947368421052847 23
12.947368421052847 52
13.026315789473902 22
13.087719298245833 50
13.184210526316011 47
13.201754385965135 11
13.342105263158121 6
13.38596491228093 24
13.412280701754614 49
13.4385964912283 18
13.482456140351108 11
13.49122807017567 42
13.508771929824793 4
13.526315789473916 7
13.5526315789476 43
13.570175438596724 15
13.596491228070409 27
13.65789473684234 36
13.666666666666902 44
13.92105263157919 46
13.938596491228314 57
13.991228070175683 8
14.052631578947615 12
14.070175438596738 6
14.070175438596738 25
14.114035087719547 44
14.166666666666917 1
14.166666666666917 48
14.18421052631604 24
14.192982456140601 18
14.201754385965163 3
14.201754385965163 14
14.307017543859903 7
14.324561403509026 11
14.429824561403766 45
14.438596491228328 11
14.50000000000026 20
14.543859649123068 11
14.640350877193246 11
14.736842105263424 11
14.736842105263424 36
14.745614035087986 33
14.780701754386232 15
14.798245614035356 6
14.833333333333602 11
14.92982456140378 11
14.956140350877465 9
14.98245614035115 24
15.026315789473959 11
15.043859649123082 44
15.052631578947643 47
15.08771929824589 7
15.122807017544137 11
15.157894736842383 37
15.219298245614315 11
15.271929824561685 32
15.315789473684493 11
15.342105263158178 18
15.377192982456425 16
15.377192982456425 17
15.377192982456425 25
15.385964912280986 39
15.412280701754671 11
15.438596491228356 30
15.491228070175726 43
15.50877192982485 11
15.526315789473973 3
15.526315789473973 6
15.543859649123096 1
15.605263157895028 11
15.605263157895028 56
15.640350877193274 4
15.657894736842398 28
15.701754385965206 11
15.745614035088014 40
15.78070175438626 24
15.798245614035384 11
15.815789473684507 36
15.824561403509069 46
15.868421052631877 7
15.877192982456439 18
15.894736842105562 11
15.982456140351179 55
15.99122807017574 11
15.99122807017574 15
16.08771929824592 11
16.131578947368727 2
16.15789473684241 48
16.184210526316097 11
16.184210526316097 12
16.25438596491259 6
16.271929824561713 17
16.280701754386275 11
16.280701754386275 52
16.289473684210837 5
16.31578947368452 44
16.377192982456453 11
16.456140350877508 0
16.47368421052663 11
16.57017543859681 11
16.57894736842137 24
16.614035087719618 18
16.649122807017864 7
16.666666666666988 11
16.68421052631611 25
16.763157894737166 11
16.850877192982782 3
16.859649122807344 11
16.89473684210559 36
16.921052631579276 47
16.956140350877522 11
16.964912280702084 42
16.982456140351207 6
16.99122807017577 53
17.0526315789477 11
17.078947368421385 27
17.122807017544194 46
17.14912280701788 11
17.14912280701788 20
17.20175438596525 15
17.245614035088057 11
17.26315789473718 44
17.30701754385999 23
17.350877192982797 22
17.37719298245648 24
17.385964912281043 9
17.385964912281043 12
17.403508771930166 11
17.42982456140385 7
17.447368421052975 43
17.456140350877536 17
17.491228070175783 57
17.500000000000345 11
17.517543859649468 50
17.53508771929859 54
17.596491228070523 11
17.64035087719333 41
17.6929824561407 11
17.710526315789824 6
17.710526315789824 14
17.771929824561756 4
17.780701754386318 49
17.78947368421088 11
17.868421052631934 18
17.885964912281057 11
17.89473684210562 30
17.973684210526674 36
17.982456140351236 11
17.991228070175797 25
18.078947368421414 11
18.096491228070537 5
18.140350877193345 48
18.175438596491592 3
18.175438596491592 11
18.175438596491592 16
18.175438596491592 24
18.21052631578984 7
18.27192982456177 11
18.28070175438633 18
18.289473684210893 17
18.36842105263195 11
18.412280701754757 15
18.43859649122844 6
18.447368421053003 39
18.464912280702126 11
18.789473684210908 47
18.877192982456524 38
18.921052631579332 44
18.973684210526702 24
19.000000000000387 7
19.035087719298634 46
19.052631578947757 36
19.16666666666706 6
19.32456140350917 12
19.32456140350917 26
19.33333333333373 11
19.3859649122811 25
19.42982456140391 8
19.42982456140391 11
19.5000000000004 3
19.526315789474086 11
19.535087719298648 42
19.60526315789514 0
19.622807017544265 2
19.622807017544265 11
19.622807017544265 15
19.622807017544265 27
19.622807017544265 52
19.719298245614443 11
19.771929824561813 18
19.771929824561813 24
19.780701754386374 7
19.789473684210936 17
19.81578947368462 11
19.894736842105676 6
19.903508771930237 4
19.9122807017548 11
19.92105263157936 9
19.92105263157936 50
19.938596491228484 10
20.008771929824977 11
20.105263157895156 11
20.13157894736884 36
20.149122807017964 5
20.166666666667087 37
20.192982456140772 18
20.192982456140772 30
20.201754385965334 11
20.201754385965334 51
20.263157894737265 43
20.298245614035512 11
20.307017543860074 44
20.34210526315832 1
20.359649122807443 46
20.38596491228113 41
20.39473684210569 11
20.49122807017587 11
20.56140350877236 7
20.570175438596923 24
20.578947368421485 32
20.587719298246046 11
20.596491228070608 28
20.61403508771973 17
20.622807017544293 6
20.622807017544293 48
20.640350877193416 57
20.65789473684254 47
20.675438596491663 31
20.684210526316225 11
20.692982456140786 25
20.76315789473728 33
20.780701754386403 11
20.82456140350921 3
20.833333333333773 15
20.87719298245658 11
20.956140350877636 56
20.964912280702197 42
20.97368421052676 11
20.97368421052676 16
20.991228070175882 49
21.008771929825006 23
21.070175438596937 11
21.166666666667115 11
21.210526315789924 36
21.219298245614485 14
21.263157894737294 11
21.34210526315835 7
21.35087719298291 6
21.359649122807472 5
21.359649122807472 11
21.368421052632034 24
21.438596491228527 17
21.45614035087765 11
21.535087719298705 18
21.552631578947828 11
21.57017543859695 39
21.640350877193445 9
21.649122807018006 11
21.66666666666713 34
21.67543859649169 22
21.72807017543906 46
21.745614035088185 11
21.842105263158363 11
21.93859649122854 11
22.000000000000473 25
22.03508771929872 4
22.03508771929872 11
22.04385964912328 15
22.078947368421527 6
22.114035087719774 44
22.131578947368897 7
22.131578947368897 11
22.14912280701802 3
22.166666666667144 24
22.175438596491706 29
22.228070175439075 11
22.2456140350882 18
22.25438596491276 17
22.289473684211007 36
22.289473684211007 42
22.324561403509254 11
22.324561403509254 50
22.421052631579432 11
22.421052631579432 41
22.482456140351363 30
22.491228070175925 44
22.51754385964961 11
22.52631578947417 47
22.587719298246103 18
22.587719298246103 48
22.614035087719788 11
22.68421052631628 54
22.692982456140843 43
22.692982456140843 55
22.710526315789966 11
22.807017543860145 6
22.807017543860145 11
22.903508771930323 11
22.921052631579446 7
22.964912280702254 24
22.982456140351378 0
22.99122807017594 58
23.0000000000005 11
23.061403508772433 12
23.078947368421556 17
23.09649122807068 11
23.114035087719802 2
23.140350877193487 57
23.15789473684261 53
23.184210526316296 5
23.192982456140857 11
23.25438596491279 15
23.289473684211035 11
23.30701754386016 25
23.36842105263209 9
23.36842105263209 36
23.385964912281214 11
23.403508771930337 42
23.456140350877707 51
23.47368421052683 3
23.482456140351392 11
23.508771929825077 27
23.53508771929876 6
23.53508771929876 44
23.57894736842157 11
23.675438596491748 11
23.701754385965433 7
23.763157894737365 24
23.771929824561926 11
23.771929824561926 16
23.833333333333858 29
23.868421052632105 11
23.89473684210579 18
23.90350877193035 10
23.90350877193035 17
23.964912280702283 11
24.0526315789479 49
24.06140350877246 11
24.15789473684264 11
24.1666666666672 4
24.245614035088256 52
24.254385964912817 11
24.26315789473738 6
24.350877192982995 11
24.394736842105804 47
24.447368421053174 11
24.447368421053174 36
24.464912280702297 15
24.48245614035142 7
24.543859649123352 11
24.561403508772475 24
24.5789473684216 48
24.614035087719845 25
24.64035087719353 11
24.675438596491777 12
24.70175438596546 5
24.719298245614585 14
24.728070175439147 17
24.728070175439147 50
24.736842105263708 11
24.79824561403564 3
24.8070175438602 1
24.833333333333886 11
24.929824561404065 11
24.95614035087775 18
24.96491228070231 23
24.96491228070231 23
24.991228070175996 6
25.026315789474243 11
25.087719298246174 9
25.12280701754442 11
25.17543859649179 37
25.2192982456146 11
25.263157894737407 7
25.289473684211092 20
25.289473684211092 41
25.315789473684777 11
25.3333333333339 33
25.359649122807586 24
25.412280701754955 11
25.500000000000572 32
25.508771929825134 11
25.508771929825134 44
25.526315789474257 28
25.526315789474257 36
25.552631578947942 17
25.605263157895312 11
25.64912280701812 42
25.675438596491805 15
25.70175438596549 11
25.719298245614613 6
25.719298245614613 46
25.736842105263737 30
25.789473684211107 39
25.798245614035668 11
25.894736842105846 11
25.91228070175497 12
25.92105263157953 25
25.991228070176025 11
25.991228070176025 22
25.991228070176025 27
26.052631578947956 7
26.087719298246203 11
26.096491228070764 0
26.096491228070764 55
26.12280701754445 3
26.12280701754445 3
26.157894736842696 24
26.18421052631638 11
26.219298245614628 43
26.254385964912874 47
26.28070175438656 11
26.298245614035682 4
26.34210526315849 18
26.368421052632176 17
26.377192982456737 11
26.44736842105323 6
26.473684210526915 11
26.570175438597094 11
26.570175438597094 16
26.570175438597094 35
26.570175438597094 48
26.60526315789534 2
26.60526315789534 36
26.640350877193587 34
26.65789473684271 38
26.666666666667272 11
26.70175438596552 40
26.76315789473745 11
26.76315789473745 42
26.80701754386026 9
26.833333333333943 7
26.859649122807628 11
26.885964912281313 15
26.956140350877806 11
26.956140350877806 24
27.000000000000615 5
27.008771929825176 44
27.03508771929886 18
27.043859649123423 12
27.052631578947985 11
27.070175438597108 31
27.122807017544478 26
27.122807017544478 49
27.13157894736904 50
27.149122807018163 11
27.175438596491848 6
27.18421052631641 17
27.228070175439218 25
27.24561403508834 11
27.34210526315852 11
27.438596491228697 11
27.44736842105326 3
27.50000000000063 57
27.535087719298875 11
27.587719298246245 46
27.61403508771993 7
27.631578947369054 11
27.65789473684274 44
27.684210526316424 36
27.728070175439232 11
27.736842105263793 20
27.754385964912917 24
27.82456140350941 11
27.850877192983095 10
27.850877192983095 41
27.903508771930465 6
27.921052631579588 11
28.008771929825205 17
28.017543859649766 11
28.017543859649766 30
28.09649122807082 15
28.114035087719945 11
28.122807017544506 43
28.122807017544506 47
28.14912280701819 42
28.175438596491876 51
28.210526315790123 11
28.219298245614684 14
28.25438596491293 18
28.289473684211178 54
28.3070175438603 11
28.394736842105917 7
28.40350877193048 11
28.429824561404164 4
28.491228070176096 44
28.500000000000657 11
28.51754385964978 9
28.535087719298904 25
28.543859649123466 48
28.552631578948027 24
28.56140350877259 12
28.596491228070835 11
28.631578947369082 6
28.657894736842767 23
28.692982456141014 11
28.763157894737507 36
28.77192982456207 3
28.789473684211192 11
28.833333333334 17
28.88596491228137 11
28.89473684210593 56
28.982456140351548 11
29.078947368421726 11
29.15789473684278 1
29.175438596491905 11
29.184210526316466 7
29.26315789473752 42
29.271929824562083 11
29.30701754386033 15
29.350877192983138 24
29.3596491228077 6
29.36842105263226 11
29.36842105263226 16
29.385964912281384 46
29.403508771930507 0
29.42105263157963 39
29.46491228070244 11
29.535087719298932 50
29.561403508772617 11
29.561403508772617 32
29.587719298246302 44
29.657894736842795 11
29.657894736842795 17
29.754385964912974 11
29.78947368421122 55
29.84210526315859 25
29.84210526315859 36
29.850877192983152 11
29.94736842105333 11
29.964912280702453 7
29.982456140351577 18
29.982456140351577 47
30.035087719298946 12
30.043859649123508 11
30.087719298246316 6
30.096491228070878 2
30.096491228070878 3
30.131578947369125 20
30.140350877193686 11
30.149122807018248 24
30.184210526316495 37
30.184210526316495 49
30.228070175439303 9
30.236842105263865 11
30.245614035088426 44
30.298245614035796 30
30.307017543860358 22
30.333333333334043 11
30.342105263158604 45
30.394736842105974 57
30.42982456140422 11
30.456140350877906 28
30.464912280702467 53
30.48245614035159 17
30.500000000000714 33
30.517543859649837 15
30.517543859649837 48
30.5263157894744 11
30.561403508772646 4
30.570175438597207 18
30.622807017544577 11
30.719298245614755 11
30.74561403508844 7
30.815789473684934 6
30.815789473684934 11
30.85087719298318 34
30.912280701755112 11
30.921052631579673 36
30.94736842105336 24
30.95614035087792 18
31.00877192982529 11
31.00877192982529 42
31.026315789474413 40
31.105263157895468 11
31.149122807018276 25
31.201754385965646 11
31.298245614035825 11
31.307017543860386 17
31.342105263158633 12
31.394736842106003 11
31.421052631579688 3
31.48245614035162 41
31.49122807017618 11
31.526315789474427 7
31.54385964912355 6
31.54385964912355 18
31.58771929824636 11
31.614035087720044 5
31.684210526316537 11
31.719298245614784 14
31.728070175439345 15
31.74561403508847 24
31.780701754386715 11
31.789473684211277 27
31.789473684211277 46
31.79824561403584 10
31.842105263158647 47
31.877192982456894 11
31.938596491228825 9
31.938596491228825 50
31.97368421052707 11
32.00000000000075 36
32.008771929825315 38
32.01754385964988 39
32.070175438597246 11
32.09649122807093 43
32.122807017544616 42
32.122807017544616 42
32.13157894736918 17
32.14035087719374 35
32.15789473684286 0
32.166666666667425 11
32.166666666667425 16
32.2631578947376 11
32.271929824562164 6
32.30701754386041 7
32.35964912280778 11
32.377192982456904 23
32.40350877193059 26
32.45614035087796 11
32.45614035087796 25
32.491228070176206 48
32.543859649123576 24
32.55263157894814 11
32.587719298246384 30
32.649122807018315 11
32.649122807018315 54
32.692982456141124 4
32.745614035088494 3
32.745614035088494 11
32.84210526315867 11
32.86842105263236 20
32.93859649122885 11
32.93859649122885 15
32.94736842105341 44
32.95614035087797 17
33.00000000000078 6
33.03508771929903 11
33.07894736842184 36
33.0877192982464 7
33.131578947369206 11
33.175438596492015 46
33.228070175439385 11
33.236842105263946 42
33.24561403508851 49
33.32456140350956 11
33.342105263158686 24
33.42105263157974 11
33.491228070176234 29
33.500000000000796 12
33.51754385964992 11
33.58771929824641 2
33.58771929824641 58
33.6140350877201 11
33.62280701754466 32
33.649122807018344 9
33.701754385965714 47
33.710526315790275 11
33.7280701754394 6
33.763157894737645 25
33.763157894737645 43
33.78070175438677 17
33.807017543860454 11
33.868421052632385 7
33.868421052632385 55
33.90350877193063 11
34.00000000000081 11
34.026315789474495 8
34.0701754385973 3
34.09649122807099 11
34.12280701754467 57
34.1403508771938 24
34.14912280701836 15
34.15789473684292 36
34.192982456141166 11
34.289473684211345 11
34.31578947368503 56
34.33333333333415 41
34.342105263158714 50
34.350877192983276 42
34.38596491228152 11
34.456140350878016 6
34.46491228070258 18
34.46491228070258 48
34.4824561403517 11
34.500000000000824 53
34.52631578947451 19
34.561403508772756 27
34.57894736842188 11
34.596491228071 17
34.62280701754469 22
34.63157894736925 39
34.64912280701837 7
34.657894736842934 0
34.67543859649206 11
34.771929824562235 11
34.824561403509605 4
34.868421052632414 11
34.877192982456975 30
34.93859649122891 24
34.93859649122891 24
34.96491228070259 11
34.96491228070259 16
35.0087719298254 18
35.035087719299085 33
35.04385964912365 34
35.06140350877277 11
35.07017543859733 25
35.140350877193825 46
35.15789473684295 11
35.18421052631663 6
35.192982456141195 37
35.21929824561488 14
35.236842105264 36
35.254385964913126 11
35.34210526315874 12
35.350877192983305 9
35.350877192983305 11
35.359649122807866 15
35.36842105263243 20
35.37719298245699 28
35.39473684210611 3
35.4210526315798 17
35.42982456140436 7
35.44736842105348 11
35.464912280702606 42
35.517543859649976 1
35.54385964912366 11
35.561403508772784 47
35.64035087719384 11
35.65789473684296 18
35.73684210526402 11
35.73684210526402 24
35.74561403508858 10
35.833333333334195 11
35.91228070175525 6
35.929824561404374 11
36.02631578947455 11
36.096491228071045 23
36.12280701754473 11
36.21052631579035 7
36.21929824561491 11
36.24561403508859 17
36.307017543860525 49
36.315789473685086 11
36.315789473685086 36
36.315789473685086 41
36.37719298245702 25
36.412280701755265 11
36.44736842105351 48
36.473684210527196 12
36.50877192982544 11
36.53508771929913 24
36.570175438597374 15
36.578947368421936 42
36.59649122807106 52
36.60526315789562 11
36.64035087719387 6
36.7017543859658 11
36.71929824561492 3
36.71929824561492 51
36.74561403508861 50
36.79824561403598 11
36.8157894736851 26
36.894736842106155 11
36.91228070175528 43
36.95614035087809 4
36.991228070176334 11
37.000000000000895 7
37.06140350877283 9
37.07017543859739 0
37.07017543859739 17
37.07894736842195 2
37.08771929824651 11
37.18421052631669 11
37.2280701754395 54
37.25438596491318 40
37.28070175438687 11
37.28070175438687 18
37.33333333333424 24
37.368421052632485 6
37.377192982457046 11
37.39473684210617 36
37.429824561404416 47
37.473684210527225 11
37.5701754385974 11
37.60526315789565 12
37.61403508772021 57
37.64912280701846 31
37.66666666666758 11
37.684210526316704 25
37.684210526316704 32
37.692982456141266 42
37.70175438596583 30
37.736842105264074 20
37.76315789473776 11
37.76315789473776 16
37.78070175438688 15
37.789473684211444 7
37.81578947368513 46
37.85964912280794 11
37.894736842106184 17
37.956140350878115 11
38.04385964912373 3
38.052631578948294 11
38.0964912280711 6
38.13157894736935 24
38.14912280701847 11
38.24561403508865 11
38.34210526315883 11
38.429824561404445 48
38.438596491229006 11
38.47368421052725 36
38.535087719299185 11
38.57017543859743 7
38.63157894736936 11
38.640350877193924 41
38.71929824561498 14
38.71929824561498 17
38.72807017543954 11
38.7368421052641 12
38.7368421052641 53
38.77192982456235 9
38.807017543860596 42
38.82456140350972 6
38.82456140350972 11
38.859649122807966 18
38.9210526315799 11
38.92982456140446 24
38.93859649122902 22
38.99122807017639 15
38.99122807017639 25
39.017543859650075 11
39.08771929824657 4
39.114035087720254 11
39.1491228070185 50
39.21052631579043 11
39.23684210526412 34
39.29824561403605 47
39.30701754386061 11
39.35087719298342 7
39.36842105263254 3
39.36842105263254 49
39.40350877193079 11
39.42982456140447 18
39.42982456140447 33
39.447368421053596 0
39.500000000000966 11
39.53508771929921 17
39.552631578948336 6
39.552631578948336 36
39.596491228071145 11
39.64035087719395 46
39.69298245614132 10
39.69298245614132 11
39.72807017543957 24
39.73684210526413 5
39.78070175438694 23
39.7894736842115 11
39.83333333333431 39
39.859649122807994 5
39.868421052632556 12
39.88596491228168 11
39.921052631579926 42
39.921052631579926 55
39.98245614035186 11
39.99122807017642 30
40.00000000000098 1
40.03508771929923 56
40.06140350877291 52
40.078947368422035 11
40.10526315789572 20
40.131578947369405 7
40.175438596492214 11
40.2017543859659 15
40.2017543859659 37
40.27192982456239 11
40.28070175438695 6
40.29824561403608 25
40.30701754386064 28
40.35964912280801 17
40.36842105263257 11
40.36842105263257 57
40.40350877193082 48
40.45614035087819 38
40.46491228070275 11
40.48245614035187 9
40.52631578947468 24
40.561403508772926 11
40.561403508772926 16
40.57017543859749 2
40.63157894736942 36
40.657894736843105 11
40.69298245614135 3
40.75438596491328 11
40.85087719298346 11
40.91228070175539 7
40.91228070175539 51
40.94736842105364 11
40.94736842105364 35
41.00000000000101 12
41.00877192982557 6
41.04385964912382 11
41.11403508772031 42
41.140350877193995 11
41.16666666666768 47
41.184210526316804 17
41.21929824561505 4
41.236842105264174 11
41.32456140350979 24
41.32456140350979 46
41.33333333333435 11
41.41228070175541 15
41.41228070175541 18
41.42982456140453 11
41.50000000000102 1
41.51754385965015 44
41.52631578947471 11
41.55263157894839 50
41.60526315789576 25
41.622807017544886 11
41.64912280701857 41
41.69298245614138 7
41.7105263157905 36
41.719298245615065 11
41.73684210526419 6
41.780701754386996 26
41.81578947368524 11
41.85964912280805 54
41.91228070175542 11
42.0087719298256 11
42.0087719298256 17
42.01754385965016 3
42.10526315789578 11
42.1228070175449 24
42.13157894736946 12
42.192982456141394 9
42.201754385965955 11
42.21052631579052 40
42.21929824561508 14
42.21929824561508 32
42.22807017543964 42
42.26315789473789 0
42.28070175438701 30
42.298245614036134 11
42.37719298245719 48
42.39473684210631 11
42.42982456140456 49
42.464912280702805 6
42.464912280702805 20
42.464912280702805 44
42.47368421052737 7
42.49122807017649 11
42.58771929824667 11
42.622807017544915 15
42.684210526316846 11
42.780701754387024 11
42.789473684211586 36
42.833333333334394 17
42.8771929824572 11
42.91228070175545 25
42.92105263158001 24
42.97368421052738 11
43.03508771929931 18
43.03508771929931 47
43.07017543859756 11
43.07894736842212 39
43.11403508772037 1
43.16666666666774 11
43.19298245614142 6
43.254385964913354 7
43.254385964913354 22
43.263157894737915 11
43.263157894737915 12
43.307017543860724 29
43.34210526315897 3
43.34210526315897 42
43.35087719298353 4
43.359649122808094 11
43.359649122808094 16
43.4035087719309 46
43.42982456140459 34
43.43859649122915 52
43.45614035087827 11
43.45614035087827 23
43.53508771929933 27
43.55263157894845 11
43.55263157894845 55
43.64035087719407 10
43.64035087719407 43
43.64912280701863 11
43.65789473684319 17
43.71929824561512 24
43.745614035088806 11
43.83333333333442 15
43.842105263158984 11
43.86842105263267 36
43.903508771930916 9
43.92105263158004 6
43.93859649122916 11
43.956140350878286 50
44.03508771929934 7
44.03508771929934 11
44.061403508773026 2
44.13157894736952 11
44.219298245615136 25
44.2280701754397 11
44.324561403509875 11
44.35087719298356 48
44.38596491228181 41
44.39473684210637 12
44.421052631580054 11
44.44736842105374 33
44.4561403508783 42
44.482456140351985 17
44.50000000000111 5
44.51754385965023 11
44.51754385965023 24
44.56140350877304 30
44.61403508772041 11
44.64912280701866 6
44.66666666666778 3
44.71052631579059 11
44.71929824561515 18
44.745614035088835 46
44.807017543860766 11
44.82456140350989 7
44.82456140350989 20
44.89473684210638 47
44.903508771930944 11
44.94736842105375 36
45.00000000000112 11
45.04385964912393 15
45.08771929824674 56
45.0964912280713 11
45.175438596492356 0
45.19298245614148 11
45.2105263157906 37
45.228070175439726 28
45.28947368421166 11
45.30701754386078 17
45.31578947368534 24
45.377192982457274 6
45.385964912281835 11
45.482456140352014 4
45.482456140352014 11
45.491228070176575 49
45.52631578947482 12
45.52631578947482 25
45.543859649123945 44
45.57017543859763 42
45.57894736842219 11
45.60526315789588 7
45.61403508772044 9
45.67543859649237 11
45.71929824561518 14
45.77192982456255 11
45.868421052632726 11
45.964912280702904 11
45.99122807017659 3
46.026315789474836 36
46.06140350877308 11
46.08771929824677 39
46.10526315789589 6
46.11403508772045 24
46.131578947369576 17
46.15789473684326 11
46.15789473684326 16
46.184210526316946 1
46.25438596491344 11
46.25438596491344 15
46.263157894738 27
46.280701754387124 26
46.280701754387124 32
46.289473684211686 46
46.31578947368537 29
46.333333333334494 48
46.35087719298362 11
46.35087719298362 54
46.35964912280818 50
46.3771929824573 18
46.385964912281864 7
46.447368421053795 11
46.543859649123974 11
46.64035087719415 11
46.657894736843275 12
46.73684210526433 11
46.75438596491345 47
46.83333333333451 6
46.83333333333451 11
46.83333333333451 25
46.85087719298363 55
46.877192982457316 41
46.91228070175556 24
46.921052631580125 30
46.929824561404686 11
46.929824561404686 42
46.95614035087837 17
47.026315789474864 11
47.10526315789592 36
47.12280701754504 11
47.16666666666785 7
47.17543859649241 23
47.184210526316974 20
47.21929824561522 11
47.3157894736854 3
47.3157894736854 11
47.32456140350996 9
47.32456140350996 18
47.41228070175558 11
47.46491228070295 15
47.508771929825755 11
47.543859649124 44
47.552631578948564 2
47.561403508773125 6
47.57017543859769 22
47.58771929824681 10
47.59649122807137 53
47.60526315789593 11
47.614035087720495 4
47.62280701754506 34
47.70175438596611 11
47.71052631579067 24
47.78070175438717 17
47.78947368421173 12
47.79824561403629 11
47.86842105263278 38
47.89473684210647 11
47.89473684210647 18
47.91228070175559 0
47.92105263158015 57
47.938596491229276 44
47.94736842105384 7
47.982456140352085 8
47.991228070176646 11
48.043859649124016 42
48.087719298246824 11
48.140350877194194 25
48.184210526317 11
48.184210526317 36
48.28070175438718 11
48.28947368421174 6
48.31578947368543 48
48.37719298245736 11
48.47368421052754 11
48.4824561403521 46
48.508771929825784 24
48.55263157894859 49
48.570175438597715 11
48.60526315789596 17
48.622807017545085 47
48.64035087719421 3
48.66666666666789 11
48.675438596492455 15
48.728070175439825 7
48.728070175439825 51
48.76315789473807 11
48.76315789473807 50
48.85964912280825 11
48.92105263158018 12
48.92105263158018 33
48.95614035087843 11
48.95614035087843 16
48.97368421052755 18
48.991228070176675 56
49.01754385965036 6
49.02631578947492 9
49.052631578948606 11
49.105263157895976 44
49.149122807018784 11
49.17543859649247 40
49.201754385966154 30
49.21929824561528 14
49.24561403508896 11
49.263157894738086 36
49.307017543860894 24
49.34210526315914 11
49.359649122808264 27
49.38596491228195 43
49.39473684210651 42
49.42982456140476 17
49.43859649122932 11
49.43859649122932 52
49.44736842105388 25
49.50877192982581 7
49.5350877192995 11
49.54385964912406 20
49.631578947369675 11
49.72807017543985 11
49.74561403508898 4
49.74561403508898 6
49.82456140351003 11
49.88596491228196 15
49.92105263158021 11
49.96491228070302 3
50.01754385965039 11
50.052631578948635 12
50.105263157896005 24
50.114035087720566 11
50.13157894736969 46
50.14035087719425 55
50.14912280701881 28
50.210526315790744 11
50.219298245615306 37
50.25438596491355 17
50.263157894738114 41
50.2894736842118 48
50.29824561403636 7
50.30701754386092 11
50.34210526315917 32
50.34210526315917 36
50.4035087719311 11
50.46491228070303 18
50.473684210527594 6
50.49122807017672 47
50.50000000000128 11
50.50877192982584 42
50.59649122807146 11
50.692982456141635 11
50.736842105264444 9
50.75438596491357 25
50.78947368421181 11
50.84210526315918 18
50.85964912280831 23
50.88596491228199 11
50.903508771931115 24
50.98245614035217 11
51.0438596491241 2
51.070175438597786 17
51.07894736842235 11
51.08771929824691 7
51.09649122807147 15
51.10526315789603 26
51.166666666667965 50
51.175438596492526 11
51.18421052631709 12
51.20175438596621 6
51.271929824562704 11
51.28947368421183 3
51.28947368421183 54
51.324561403510074 39
51.35964912280832 8
51.36842105263288 11
51.41228070175569 18
51.42105263158025 36
51.46491228070306 11
51.482456140352184 30
51.50000000000131 0
51.535087719299554 10
51.56140350877324 11
51.61403508772061 49
51.62280701754517 42
51.649122807018855 53
51.65789473684342 11
51.692982456141664 18
51.701754385966225 24
51.754385964913595 11
51.754385964913595 16
51.78947368421184 43
51.81578947368553 34
51.83333333333465 27
51.84210526315921 57
51.85087719298377 11
51.8684210526329 7
51.87719298245746 4
51.88596491228202 17
51.88596491228202 22
51.90350877193114 20
51.92982456140483 6
51.94736842105395 11
52.04385964912413 11
52.06140350877325 25
52.122807017545185 18
52.14035087719431 11
52.14912280701887 41
52.236842105264486 11
52.26315789473817 48
52.26315789473817 51
52.30701754386098 15
52.30701754386098 35
52.31578947368554 12
52.333333333334664 11
52.35964912280835 47
52.42982456140484 11
52.438596491229404 9
52.500000000001336 24
52.500000000001336 36
52.52631578947502 11
52.61403508772064 3
52.6228070175452 11
52.649122807018884 7
52.657894736843446 6
52.710526315790815 17
52.71929824561538 11
52.71929824561538 14
52.7368421052645 42
52.815789473685555 11
52.91228070175573 11
53.00877192982591 11
53.05263157894872 52
53.06140350877328 56
53.10526315789609 11
53.1491228070189 18
53.20175438596627 11
53.236842105264515 46
53.298245614036446 11
53.298245614036446 24
53.32456140351013 33
53.342105263159254 38
53.36842105263294 25
53.38596491228206 6
53.394736842106624 11
53.42982456140487 7
53.447368421053994 12
53.4912280701768 11
53.51754385965049 15
53.51754385965049 18
53.52631578947505 17
53.57017543859786 50
53.57894736842242 36
53.58771929824698 11
53.59649122807154 44
53.64912280701891 43
53.68421052631716 11
53.763157894738214 30
53.78070175438734 11
53.85087719298383 42
53.877192982457515 11
53.93859649122945 3
53.97368421052769 11
54.00877192982594 4
54.07017543859787 11
54.07017543859787 18
54.09649122807156 24
54.11403508772068 6
54.14912280701893 9
54.16666666666805 11
54.192982456141735 41
54.21929824561542 7
54.22807017543998 47
54.26315789473823 11
54.26315789473823 20
54.28070175438735 27
54.28947368421191 48
54.34210526315928 17
54.359649122808406 11
54.456140350878584 11
54.53508771929964 2
54.55263157894876 11
54.55263157894876 16
54.57894736842245 12
54.57894736842245 23
54.57894736842245 57
54.64912280701894 11
54.6578947368435 36
54.675438596492626 0
54.675438596492626 25
54.675438596492626 49
54.728070175439996 15
54.74561403508912 11
54.824561403510174 46
54.8421052631593 6
54.8421052631593 11
54.85087719298386 1
54.89473684210667 24
54.938596491229475 11
54.96491228070316 42
55.00000000000141 7
55.03508771929965 11
55.0701754385979 28
55.13157894736983 11
55.16666666666808 17
55.22807017544001 11
55.22807017544001 37
55.26315789473826 3
55.28070175438738 39
55.32456140351019 11
55.39473684210668 40
55.40350877193124 32
55.421052631580366 11
55.4824561403523 10
55.517543859650544 11
55.570175438597914 6
55.61403508772072 11
55.69298245614178 24
55.7105263157909 11
55.7105263157909 12
55.736842105264586 36
55.780701754387394 7
55.80701754386108 11
55.81578947368564 43
55.85964912280845 9
55.90350877193126 11
55.92982456140494 52
55.938596491229504 15
55.97368421052775 50
55.98245614035231 25
55.991228070176874 17
56.000000000001435 11
56.008771929826 34
56.043859649124244 30
56.07894736842249 41
56.07894736842249 42
56.09649122807161 11
56.09649122807161 47
56.14035087719442 4
56.19298245614179 11
56.20175438596635 22
56.21929824561548 14
56.2368421052646 54
56.27192982456285 48
56.28947368421197 11
56.29824561403653 6
56.3508771929839 46
56.38596491228215 11
56.482456140352326 11
56.49122807017689 24
56.535087719299696 1
56.54385964912426 29
56.56140350877338 7
56.578947368422504 11
56.587719298247066 3
56.62280701754531 20
56.67543859649268 11
56.77192982456286 11
56.81578947368567 17
56.81578947368567 36
56.842105263159354 12
56.86842105263304 11
56.903508771931286 51
56.92105263158041 18
56.96491228070322 11
56.9912280701769 27
57.02631578947515 6
57.052631578948834 26
57.061403508773395 11
57.14912280701901 15
57.15789473684357 11
57.19298245614182 42
57.25438596491375 11
57.28070175438744 18
57.289473684212 24
57.289473684212 25
57.35087719298393 7
57.35087719298393 11
57.35087719298393 16
57.44736842105411 11
57.50000000000148 55
57.50877192982604 29
57.543859649124286 11
57.57017543859797 5
57.57017543859797 9
57.640350877194464 11
57.640350877194464 17
57.72807017544008 33
57.73684210526464 11
57.73684210526464 49
57.754385964913766 6
57.83333333333482 11
57.84210526315938 39
57.89473684210675 36
57.912280701755876 3
57.929824561405 11
57.964912280703246 41
57.964912280703246 47
57.97368421052781 12
57.98245614035237 56
58.02631578947518 2
58.02631578947518 11
58.08771929824711 24
58.122807017545355 11
58.14035087719448 7
58.21929824561553 11
58.24561403508922 48
58.2719298245629 4
58.29824561403659 23
58.30701754386115 42
58.31578947368571 11
58.35964912280852 15
58.37719298245764 50
58.41228070175589 11
58.42105263158045 18
58.4561403508787 17
58.48245614035238 6
58.500000000001506 1
58.50877192982607 11
58.52631578947519 46
58.596491228071685 25
58.605263157896246 11
58.61403508772081 30
58.657894736843616 29
58.69298245614186 0
58.701754385966424 11
58.74561403508923 38
58.7982456140366 11
58.88596491228222 24
58.89473684210678 11
58.921052631580466 7
58.973684210527836 36
58.9824561403524 20
58.99122807017696 11
59.08771929824714 11
59.10526315789626 12
59.122807017545384 57
59.184210526317315 11
59.210526315791 6
59.236842105264685 3
59.28070175438749 9
59.28070175438749 11
59.28070175438749 17
59.37719298245767 11
59.42105263158048 42
59.42982456140504 10
59.46491228070329 32
59.47368421052785 11
59.51754385965066 44
59.57017543859803 11
59.57017543859803 15
59.666666666668206 11
59.68421052631733 24
59.70175438596645 7
59.719298245615576 14
59.719298245615576 40
59.763157894738384 11
59.79824561403663 18
59.83333333333488 47
59.850877192984 41
59.85964912280856 11
59.90350877193137 25
59.93859649122962 6
59.95614035087874 11
59.99122807017699 44
