0.043859649122807015 33
0.043859649122807015 42
0.05263157894736842 25
0.07894736842105263 36
0.11403508771929824 40
0.14035087719298245 43
0.21929824561403508 0
0.21929824561403508 28
0.280701754385965 54
0.32456140350877216 39
0.342105263157895 47
0.342105263157895 57
0.3684210526315793 15
0.41228070175438647 7
0.41228070175438647 34
0.4473684210526322 11
0.4561403508771936 8
0.49122807017543935 2
0.5263157894736851 27
0.5877192982456151 1
0.6578947368421065 35
0.6578947368421065 37
0.728070175438598 44
0.7368421052631594 48
0.8771929824561423 36
0.8947368421052652 29
0.9298245614035109 41
0.9561403508771952 17
0.9561403508771952 45
0.9649122807017566 16
0.9912280701754409 24
1.0263157894736865 20
1.0614035087719322 44
1.1228070175438623 26
1.1491228070175465 7
1.219298245614038 5
1.2280701754385994 10
1.2456140350877223 3
1.2894736842105294 4
1.3157894736842137 9
1.3508771929824595 55
1.3859649122807052 25
1.4473684210526352 53
1.5087719298245652 5
1.6140350877193024 58
1.6315789473684252 50
1.6403508771929867 42
1.6754385964912324 1
1.6754385964912324 36
1.7105263157894781 15
1.7982456140350924 43
1.8684210526315839 23
1.8684210526315839 24
1.8859649122807067 7
1.9385964912280753 5
2.1228070175438623 29
2.1315789473684235 47
2.4736842105263106 36
2.6842105263157796 7
2.692982456140341 5
2.7192982456140244 25
2.736842105263147 24
2.745614035087708 3
2.745614035087708 39
2.9210526315789322 8
2.9649122807017383 42
2.991228070175422 44
2.999999999999983 11
3.0263157894736668 15
3.0263157894736668 57
3.12280701754384 27
3.166666666666646 41
3.2719298245613806 36
3.3421052631578703 11
3.368421052631554 4
3.4035087719297987 43
3.421052631578921 7
3.4473684210526048 0
3.578947368421023 48
3.6052631578947065 24
3.63157894736839 5
3.833333333333298 9
3.833333333333298 11
3.877192982456104 1
3.912280701754349 29
3.92105263157891 47
3.956140350877155 16
4.026315789473646 2
4.052631578947331 25
4.070175438596454 36
4.078947368421016 17
4.157894736842071 7
4.245614035087687 3
4.342105263157865 15
4.377192982456112 50
4.42105263157892 11
4.47368421052629 24
4.587719298245592 44
4.614035087719277 34
4.6315789473684 45
4.84210526315788 55
4.8684210526315645 36
4.885964912280688 7
4.982456140350866 40
5.1228070175438525 42
5.157894736842099 14
5.166666666666661 6
5.175438596491222 17
5.210526315789469 28
5.219298245614031 22
5.254385964912277 20
5.342105263157894 24
5.385964912280702 25
5.394736842105264 33
5.491228070175442 8
5.614035087719305 7
5.631578947368428 37
5.649122807017552 15
5.666666666666675 36
5.684210526315798 27
5.789473684210538 53
5.833333333333346 9
5.877192982456155 57
5.90350877192984 6
5.973684210526333 54
6.000000000000018 17
6.026315789473703 35
6.035087719298264 47
6.114035087719319 48
6.210526315789497 24
6.342105263157922 7
6.464912280701785 36
6.473684210526347 5
6.517543859649155 29
6.54385964912284 58
6.578947368421087 39
6.640350877193018 6
6.666666666666703 41
6.719298245614073 25
6.80701754385969 11
6.8157894736842515 23
6.894736842105306 0
6.947368421052676 16
6.956140350877238 15
7.0438596491228544 26
7.070175438596539 7
7.078947368421101 24
7.1929824561404025 44
7.263157894736896 36
7.298245614035142 17
7.377192982456197 6
7.561403508771992 2
7.6052631578948 50
7.614035087719362 44
7.666666666666732 29
7.754385964912348 43
7.798245614035157 7
7.81578947368428 1
7.81578947368428 47
7.947368421052705 24
8.052631578947445 20
8.052631578947445 25
8.061403508772006 36
8.114035087719376 6
8.122807017543938 17
8.263157894736924 15
8.394736842105349 57
8.421052631579034 27
8.429824561403596 42
8.500000000000089 48
8.526315789473774 7
8.596491228070267 8
8.605263157894829 5
8.631578947368514 10
8.640350877193075 3
8.640350877193075 4
8.640350877193075 55
8.649122807017637 9
8.66666666666676 41
8.815789473684308 14
8.815789473684308 24
8.815789473684308 34
8.850877192982555 6
8.859649122807117 36
8.912280701754487 29
9.157894736842213 17
9.254385964912391 7
9.280701754386076 39
9.385964912280816 25
9.438596491228186 22
9.57017543859661 15
9.587719298245734 6
9.596491228070295 47
9.640350877193104 5
9.657894736842227 36
9.67543859649135 0
9.684210526315912 24
9.903508771929953 58
9.912280701754515 5
9.9385964912282 16
9.9385964912282 45
9.982456140351008 7
9.982456140351008 17
9.99122807017557 1
10.000000000000131 53
10.140350877193118 3
10.184210526315926 42
10.192982456140488 28
10.324561403508913 6
10.36842105263172 43
10.456140350877337 36
10.52631578947383 9
10.543859649122954 48
10.552631578947516 24
10.605263157894885 37
10.68421052631594 8
10.710526315789625 7
10.719298245614187 25
10.728070175438749 41
10.78947368421068 17
10.877192982456297 15
10.912280701754543 23
10.956140350877352 40
10.973684210526475 20
11.035087719298406 50
11.061403508772091 6
11.096491228070338 2
11.228070175438763 54
11.254385964912448 36
11.359649122807188 35
11.377192982456311 47
11.394736842105434 33
11.42105263157912 24
11.42982456140368 42
11.438596491228243 7
11.596491228070352 17
11.64035087719316 3
11.736842105263339 39
11.771929824561585 5
11.780701754386147 4
11.79824561403527 6
11.938596491228257 57
11.991228070175627 43
12.017543859649312 55
12.052631578947558 11
12.052631578947558 25
12.052631578947558 36
12.070175438596682 0
12.131578947368613 1
12.16666666666686 7
12.184210526315983 15
12.289473684210723 24
12.342105263158093 29
12.394736842105463 26
12.412280701754586 9
12.421052631579148 17
12.447368421052833 14
12.53508771929845 6
12.578947368421257 11
12.59649122807038 48
12.771929824561614 41
12.850877192982669 36
12.894736842105477 7
12.929824561403723 10
12.929824561403723 16
13.078947368421272 34
13.140350877193203 3
13.149122807017765 58
13.157894736842326 24
13.157894736842326 47
13.219298245614258 17
13.271929824561628 6
13.289473684210751 1
13.38596491228093 25
13.394736842105491 27
13.456140350877423 44
13.482456140351108 45
13.49122807017567 15
13.561403508772162 20
13.587719298245847 11
13.622807017544094 7
13.649122807017779 22
13.649122807017779 36
13.675438596491464 5
13.81578947368445 53
13.842105263158135 11
13.859649122807259 4
13.929824561403752 50
13.956140350877437 29
14.000000000000245 8
14.008771929824807 6
14.017543859649368 17
14.02631578947393 24
14.280701754386218 9
14.298245614035341 43
14.298245614035341 44
14.350877192982711 7
14.44736842105289 36
14.631578947368684 2
14.640350877193246 3
14.7192982456143 25
14.745614035087986 6
14.798245614035356 15
14.815789473684479 17
14.842105263158164 23
14.894736842105534 24
14.92982456140378 0
14.964912280702027 47
14.98245614035115 29
15.03508771929852 42
15.052631578947643 39
15.078947368421328 7
15.166666666666945 28
15.245614035088 36
15.307017543859931 5
15.482456140351164 6
15.50877192982485 40
15.578947368421343 37
15.61403508771959 17
15.67543859649152 55
15.763157894737137 24
15.807017543859946 7
15.859649122807316 48
15.921052631579247 16
15.921052631579247 54
15.93859649122837 4
15.982456140351179 44
16.04385964912311 36
16.052631578947672 25
16.061403508772234 43
16.078947368421357 14
16.105263157895042 15
16.131578947368727 29
16.14035087719329 3
16.15789473684241 9
16.166666666666973 1
16.219298245614343 6
16.24561403508803 8
16.280701754386275 42
16.36842105263189 5
16.4122807017547 17
16.500000000000316 41
16.500000000000316 50
16.526315789474 58
16.535087719298563 7
16.62280701754418 57
16.63157894736874 24
16.63157894736874 33
16.745614035088042 47
16.798245614035412 20
16.815789473684536 11
16.84210526315822 36
16.929824561403837 26
16.956140350877522 6
17.192982456140687 29
17.21052631578981 17
17.228070175438933 1
17.26315789473718 7
17.298245614035427 34
17.359649122807358 11
17.385964912281043 25
17.412280701754728 15
17.464912280702098 53
17.500000000000345 24
17.543859649123153 43
17.58771929824596 27
17.596491228070523 5
17.64035087719333 3
17.64035087719333 36
17.6929824561407 6
17.771929824561756 45
17.859649122807372 22
17.90350877193018 48
17.912280701754742 39
17.991228070175797 7
18.00877192982492 17
18.017543859649482 4
18.035087719298605 9
18.1052631578951 11
18.16666666666703 2
18.175438596491592 5
18.2192982456144 29
18.342105263158263 8
18.36842105263195 24
18.42982456140388 0
18.42982456140388 6
18.42982456140388 11
18.43859649122844 36
18.526315789474058 47
18.64912280701792 5
18.719298245614414 7
18.719298245614414 15
18.719298245614414 25
18.80701754386003 17
18.80701754386003 42
18.824561403509154 5
18.91228070175477 16
19.11403508771969 1
19.12280701754425 11
19.140350877193374 3
19.16666666666706 6
19.236842105263552 24
19.236842105263552 36
19.245614035088114 35
19.403508771930223 23
19.44736842105303 7
19.464912280702155 11
19.535087719298648 10
19.59649122807058 20
19.60526315789514 17
19.64912280701795 50
19.71052631578988 14
19.71052631578988 29
19.76315789473725 57
19.85964912280743 55
19.903508771930237 6
19.903508771930237 9
19.9122807017548 40
20.0263157894741 15
20.035087719298662 36
20.052631578947786 25
20.07894736842147 11
20.096491228070594 4
20.105263157895156 24
20.149122807017964 28
20.17543859649165 7
20.40350877193025 17
20.464912280702183 42
20.5526315789478 37
20.640350877193416 3
20.640350877193416 6
20.728070175439033 44
20.728070175439033 58
20.736842105263595 8
20.833333333333773 36
20.842105263158334 29
20.903508771930266 7
20.947368421053074 11
20.97368421052676 24
20.98245614035132 48
21.02631578947413 47
21.052631578947814 27
21.061403508772376 5
21.149122807017992 54
21.166666666667115 39
21.201754385965362 17
21.219298245614485 1
21.29824561403554 53
21.333333333333787 15
21.377192982456595 6
21.385964912281157 25
21.482456140351335 0
21.50877192982502 41
21.526315789474143 26
21.578947368421513 33
21.578947368421513 34
21.631578947368883 7
21.631578947368883 36
21.640350877193445 11
21.701754385965376 2
21.77192982456187 9
21.842105263158363 24
21.903508771930294 16
21.98245614035135 42
21.98245614035135 43
22.000000000000473 17
22.061403508772404 22
22.114035087719774 6
22.14035087719346 3
22.175438596491706 4
22.236842105263637 57
22.25438596491276 1
22.324561403509254 44
22.333333333333815 20
22.333333333333815 50
22.3596491228075 7
22.429824561403993 36
22.491228070175925 45
22.640350877193473 15
22.649122807018035 29
22.710526315789966 24
22.719298245614528 25
22.798245614035583 17
22.807017543860145 47
22.850877192982953 6
22.89473684210576 11
23.05263157894787 48
23.087719298246117 7
23.166666666667172 42
23.21052631578998 8
23.228070175439104 36
23.333333333333844 14
23.57894736842157 24
23.58771929824613 6
23.596491228070693 17
23.6403508771935 3
23.649122807018063 9
23.649122807018063 43
23.657894736842625 23
23.719298245614556 29
23.815789473684735 7
23.912280701754913 41
23.94736842105316 15
24.026315789474214 36
24.0526315789479 25
24.096491228070708 1
24.254385964912817 4
24.32456140350931 6
24.394736842105804 17
24.42105263157949 55
24.42982456140405 5
24.447368421053174 0
24.447368421053174 24
24.456140350877735 11
24.500000000000544 58
24.543859649123352 7
24.58771929824616 47
24.79824561403564 29
24.824561403509325 36
24.85964912280757 27
24.868421052632133 11
24.894736842105818 16
24.90350877193038 53
25.06140350877249 6
25.087719298246174 10
25.087719298246174 20
25.105263157895298 39
25.12280701754442 28
25.131578947368983 35
25.140350877193544 3
25.192982456140914 17
25.236842105263722 2
25.254385964912846 15
25.27192982456197 7
25.307017543860216 8
25.315789473684777 24
25.359649122807586 42
25.38596491228127 25
25.412280701754955 5
25.447368421053202 11
25.517543859649695 9
25.526315789474257 37
25.622807017544435 36
25.622807017544435 50
25.771929824561983 34
25.780701754386545 1
25.789473684211107 45
25.798245614035668 6
25.850877192983038 43
25.877192982456723 41
25.991228070176025 17
26.000000000000586 7
26.01754385964971 54
26.18421052631638 24
26.18421052631638 26
26.201754385965504 40
26.23684210526375 33
26.263157894737436 22
26.33333333333393 4
26.33333333333393 48
26.368421052632176 47
26.3859649122813 5
26.421052631579546 36
26.429824561404107 11
26.508771929825162 42
26.535087719298847 6
26.561403508772532 15
26.640350877193587 3
26.71929824561464 25
26.728070175439203 7
26.789473684211135 17
26.903508771930436 11
26.956140350877806 14
27.052631578947985 24
27.13157894736904 11
27.219298245614656 36
27.23684210526378 0
27.271929824562026 6
27.385964912281327 9
27.45614035087782 7
27.587719298246245 17
27.622807017544492 23
27.65789473684274 43
27.692982456140985 42
27.76315789473748 39
27.82456140350941 29
27.86842105263222 15
27.88596491228134 16
27.894736842105903 58
27.921052631579588 24
28.008771929825205 6
28.017543859649766 36
28.052631578948013 25
28.09649122807082 27
28.14035087719363 3
28.14035087719363 57
28.14912280701819 47
28.184210526316438 7
28.219298245614684 11
28.315789473684863 41
28.385964912281356 17
28.41228070175504 4
28.45614035087785 55
28.552631578948027 48
28.56140350877259 50
28.736842105263822 20
28.745614035088384 6
28.77192982456207 2
28.789473684211192 24
28.815789473684877 36
28.84210526315856 42
28.912280701755055 7
29.140350877193658 29
29.15789473684278 53
29.175438596491905 15
29.184210526316466 17
29.245614035088398 45
29.289473684211206 43
29.298245614035768 9
29.385964912281384 25
29.482456140351562 6
29.587719298246302 5
29.614035087719987 36
29.640350877193672 3
29.649122807018234 7
29.657894736842795 24
29.692982456141042 5
29.929824561404207 47
29.964912280702453 1
29.964912280702453 34
29.982456140351577 17
29.99122807017614 42
30.096491228070878 28
30.11403508772 11
30.21929824561474 6
30.236842105263865 0
30.342105263158604 35
30.36842105263229 11
30.36842105263229 44
30.37719298245685 7
30.412280701755098 36
30.464912280702467 22
30.48245614035159 15
30.491228070176152 4
30.500000000000714 37
30.517543859649837 48
30.5263157894744 24
30.57894736842177 14
30.605263157895454 27
30.605263157895454 39
30.614035087720016 5
30.666666666667385 33
30.69298245614107 8
30.719298245614755 25
30.780701754386687 17
30.833333333334057 26
30.877192982456865 16
30.95614035087792 6
31.06140350877266 1
31.105263157895468 7
31.140350877193715 3
31.140350877193715 41
31.149122807018276 5
31.1666666666674 11
31.1666666666674 40
31.17543859649196 9
31.210526315790208 36
31.315789473684948 10
31.394736842106003 24
31.43859649122881 11
31.508771929825304 29
31.54385964912355 23
31.578947368421797 17
31.631578947369167 42
31.6929824561411 6
31.710526315790222 47
31.789473684211277 15
31.833333333334085 7
31.85087719298321 54
31.90350877193058 50
32.008771929825315 36
32.008771929825315 58
32.05263157894812 25
32.07894736842181 1
32.2631578947376 24
32.30701754386041 2
32.35964912280778 57
32.377192982456904 17
32.429824561404274 6
32.52631578947445 43
32.5614035087727 7
32.57017543859726 4
32.57017543859726 44
32.640350877193754 3
32.640350877193754 55
32.71052631579025 0
32.72807017543937 48
32.78070175438674 42
32.807017543860425 36
32.95614035087797 8
33.04385964912359 9
33.09649122807096 15
33.131578947369206 24
33.16666666666745 6
33.175438596492015 17
33.289473684211316 7
33.289473684211316 39
33.342105263158686 11
33.385964912281494 25
33.41228070175518 5
33.447368421053426 1
33.491228070176234 47
33.50877192982536 5
33.605263157895536 36
33.77192982456221 5
33.868421052632385 16
33.90350877193063 6
33.92982456140432 42
33.973684210527125 17
34.00000000000081 24
34.00000000000081 53
34.01754385964993 7
34.1403508771938 3
34.15789473684292 34
34.20175438596573 14
34.245614035088536 50
34.403508771930646 15
34.403508771930646 36
34.561403508772756 45
34.614035087720126 1
34.64035087719381 6
34.64912280701837 4
34.657894736842934 48
34.666666666667496 22
34.710526315790304 27
34.719298245614866 25
34.74561403508855 7
34.771929824562235 17
34.771929824562235 17
34.80701754386048 29
34.83333333333417 41
34.84210526315873 11
34.868421052632414 24
34.91228070175522 9
35.07017543859733 28
35.07894736842189 42
35.192982456141195 35
35.20175438596576 36
35.22807017543944 58
35.27192982456225 47
35.307017543860496 10
35.37719298245699 6
35.37719298245699 57
35.42982456140436 0
35.44736842105348 23
35.47368421052717 7
35.47368421052717 37
35.47368421052717 40
35.570175438597346 17
35.64035087719384 3
35.71052631579033 15
35.73684210526402 24
35.7631578947377 11
35.7631578947377 26
35.84210526315876 2
35.92105263157981 43
35.991228070176305 33
36.00000000000087 36
36.043859649123675 29
36.05263157894824 25
36.096491228071045 8
36.11403508772017 6
36.201754385965785 7
36.22807017543947 42
36.29824561403596 44
36.32456140350965 5
36.368421052632456 17
36.42982456140439 39
36.5877192982465 48
36.5877192982465 50
36.5877192982465 54
36.60526315789562 24
36.622807017544744 55
36.64912280701843 20
36.728070175439484 4
36.780701754386854 9
36.79824561403598 36
36.85087719298335 6
36.85964912280791 16
36.9298245614044 7
37.000000000000895 41
37.01754385965002 15
37.052631578948265 47
37.14035087719388 3
37.14912280701844 27
37.16666666666757 17
37.377192982457046 42
37.38596491228161 25
37.4561403508781 29
37.473684210527225 24
37.55263157894828 1
37.587719298246526 6
37.59649122807109 36
37.65789473684302 7
37.82456140350969 14
37.87719298245706 44
37.91228070175531 45
37.96491228070268 17
37.97368421052724 0
37.97368421052724 53
38.17543859649216 11
38.324561403509705 6
38.324561403509705 15
38.34210526315883 24
38.35087719298339 34
38.385964912281636 7
38.3947368421062 36
38.45614035087813 43
38.51754385965006 48
38.52631578947462 42
38.640350877193924 3
38.65789473684305 9
38.71929824561498 25
38.76315789473779 17
38.807017543860596 4
38.83333333333428 47
38.86842105263253 22
38.9210526315799 58
39.02631578947464 50
39.061403508772884 6
39.08771929824657 1
39.09649122807113 5
39.114035087720254 7
39.122807017544815 44
39.19298245614131 5
39.19298245614131 36
39.21052631579043 24
39.35087719298342 23
39.35087719298342 41
39.3771929824571 2
39.3771929824571 2
39.42105263157991 29
39.5614035087729 17
39.63157894736939 15
39.66666666666764 8
39.6754385964922 42
39.79824561403606 6
39.84210526315887 7
39.85087719298343 16
39.99122807017642 36
40.017543859650104 44
40.04385964912379 35
40.05263157894835 25
40.05263157894835 28
40.078947368422035 5
40.078947368422035 24
40.14035087719397 3
40.14035087719397 11
40.35087719298345 20
40.35964912280801 17
40.35964912280801 40
40.394736842106255 0
40.447368421053625 37
40.447368421053625 55
40.48245614035187 48
40.53508771929924 6
40.53508771929924 9
40.57017543859749 7
40.614035087720296 47
40.78947368421153 36
40.824561403509776 42
40.88596491228171 4
40.93859649122908 15
40.94736842105364 24
40.973684210527324 5
41.15789473684312 17
41.17543859649224 39
41.2543859649133 44
41.26315789473786 1
41.27192982456242 6
41.28070175438698 54
41.298245614036105 7
41.32456140350979 41
41.350877192983475 11
41.38596491228172 25
41.44736842105365 14
41.58771929824664 36
41.63157894736945 11
41.64035087719401 3
41.719298245615065 53
41.728070175439626 29
41.81578947368524 24
41.95614035087823 17
42.0087719298256 6
42.02631578947472 7
42.087719298246654 50
42.17543859649227 42
42.245614035088764 15
42.307017543860695 33
42.32456140350982 8
42.38596491228175 36
42.39473684210631 47
42.412280701755435 9
42.412280701755435 48
42.50000000000105 58
42.54385964912386 34
42.684210526316846 24
42.71929824561509 25
42.74561403508878 6
42.75438596491334 7
42.75438596491334 17
42.780701754387024 27
42.842105263158956 16
42.91228070175545 2
42.95614035087826 0
42.95614035087826 43
42.96491228070282 4
43.03508771929931 29
43.07017543859756 22
43.14035087719405 3
43.18421052631686 36
43.254385964913354 23
43.27192982456248 5
43.2894736842116 1
43.32456140350985 42
43.38596491228178 57
43.48245614035196 6
43.48245614035196 7
43.55263157894845 15
43.55263157894845 17
43.55263157894845 24
43.5877192982467 41
43.59649122807126 39
43.956140350878286 11
43.98245614035197 36
44.052631578948464 25
44.157894736843204 55
44.17543859649233 47
44.18421052631689 26
44.210526315790574 7
44.219298245615136 6
44.28947368421163 9
44.315789473685314 20
44.324561403509875 48
44.35087719298356 17
44.421052631580054 24
44.429824561404615 50
44.46491228070286 29
44.47368421052742 42
44.640350877194095 3
44.67543859649234 8
44.76315789473796 44
44.78070175438708 36
44.859649122808136 15
44.859649122808136 40
44.93859649122919 7
44.956140350878314 6
45.02631578947481 28
45.04385964912393 4
45.070175438597616 14
45.14912280701867 17
45.28947368421166 24
45.385964912281835 25
45.42105263158008 37
45.57894736842219 36
45.596491228071315 0
45.596491228071315 45
45.622807017545 43
45.65789473684325 5
45.66666666666781 7
45.69298245614149 6
45.754385964913425 42
45.83333333333448 16
45.8508771929836 11
45.912280701755535 54
45.92982456140466 53
45.93859649122922 57
45.94736842105378 17
45.95614035087834 47
46.06140350877308 44
46.122807017545014 58
46.14035087719414 3
46.15789473684326 24
46.16666666666782 9
46.16666666666782 15
46.21929824561519 35
46.236842105264316 48
46.30701754386081 27
46.32456140350993 41
46.3771929824573 36
46.394736842106425 7
46.42982456140467 6
46.447368421053795 2
46.50877192982573 29
46.6754385964924 10
46.71929824561521 25
46.73684210526433 34
46.74561403508889 17
46.75438596491345 20
46.77192982456258 11
46.77192982456258 50
46.903508771931 42
46.99122807017662 8
47.00877192982574 1
47.026315789474864 24
47.06140350877311 33
47.078947368422234 39
47.12280701754504 4
47.12280701754504 7
47.12280701754504 44
47.15789473684329 23
47.16666666666785 6
47.17543859649241 36
47.17543859649241 43
47.27192982456259 22
47.28070175438715 11
47.47368421052751 15
47.543859649124 17
47.64035087719418 3
47.719298245615235 29
47.73684210526436 47
47.85087719298366 7
47.89473684210647 24
47.90350877193103 6
47.97368421052752 36
48.035087719299455 9
48.05263157894858 25
48.05263157894858 42
48.245614035088934 48
48.28947368421174 0
48.307017543860866 1
48.34210526315911 17
48.39473684210648 57
48.57894736842228 7
48.58771929824684 55
48.64035087719421 6
48.69298245614158 14
48.76315789473807 24
48.77192982456263 36
48.780701754387195 15
48.82456140351 16
49.11403508772054 50
49.14035087719422 3
49.14035087719422 17
49.201754385966154 4
49.2368421052644 5
49.307017543860894 7
49.33333333333458 11
49.359649122808264 27
49.368421052632826 8
49.37719298245739 6
49.38596491228195 25
49.42982456140476 26
49.517543859650374 47
49.526315789474936 42
49.570175438597744 36
49.58771929824687 5
49.631578947369675 24
49.75438596491354 41
49.80701754386091 29
49.90350877193109 9
49.93859649122933 17
49.98245614035214 2
50.000000000001265 28
50.03508771929951 7
50.08771929824688 15
50.114035087720566 6
50.13157894736969 20
50.19298245614162 54
50.219298245615306 45
50.25438596491355 48
50.263157894738114 53
50.368421052632854 36
50.39473684210654 37
50.50000000000128 24
50.640350877194265 3
50.640350877194265 5
50.67543859649251 42
50.67543859649251 42
50.71929824561532 25
50.736842105264444 17
50.745614035089005 58
50.76315789473813 7
50.77192982456269 40
50.850877192983745 6
50.9298245614048 34
50.93859649122936 1
51.02631578947498 0
51.061403508773225 23
51.166666666667965 36
51.19298245614165 43
51.21052631579077 29
51.280701754387266 4
51.29824561403639 47
51.35087719298376 5
51.36842105263288 24
51.39473684210657 15
51.47368421052762 22
51.491228070176746 7
51.51754385965043 33
51.535087719299554 17
51.587719298246924 6
51.6842105263171 39
51.77192982456272 27
51.81578947368553 9
51.81578947368553 16
51.85087719298377 35
51.964912280703075 36
52.05263157894869 25
52.07894736842238 41
52.14035087719431 3
52.14912280701887 55
52.15789473684343 42
52.175438596492555 48
52.20175438596624 10
52.21929824561536 7
52.236842105264486 24
52.31578947368554 14
52.3245614035101 6
52.333333333334664 17
52.37719298245747 5
52.40350877193116 50
52.657894736843446 29
52.701754385966254 15
52.763157894738185 36
52.807017543860994 57
52.93859649122942 5
52.94736842105398 7
52.95614035087854 44
52.98245614035223 20
52.99122807017679 8
53.04385964912416 43
53.06140350877328 6
53.078947368422405 47
53.10526315789609 24
53.131578947369775 17
53.30701754386101 5
53.30701754386101 42
53.35964912280838 4
53.38596491228206 25
53.47368421052768 0
53.51754385965049 2
53.561403508773296 36
53.59649122807154 11
53.64035087719435 3
53.6754385964926 7
53.68421052631716 9
53.710526315790844 29
53.79824561403646 6
53.929824561404885 17
53.97368421052769 5
53.97368421052769 24
54.00877192982594 15
54.087719298246995 48
54.12280701754524 39
54.254385964913666 44
54.359649122808406 36
54.36842105263297 11
54.403508771931214 7
54.53508771929964 6
54.6578947368435 58
54.675438596492626 44
54.719298245615434 25
54.728070175439996 17
54.80701754386105 16
54.8421052631593 24
54.85964912280842 47
54.89473684210667 43
54.91228070175579 5
54.96491228070316 23
54.982456140352284 28
54.991228070176845 11
55.00000000000141 53
55.043859649124215 26
55.043859649124215 27
55.10526315789615 44
55.12280701754527 34
55.13157894736983 7
55.14035087719439 3
55.15789473684352 36
55.16666666666808 5
55.27192982456282 6
55.315789473685626 15
55.315789473685626 45
55.368421052632996 37
55.40350877193124 20
55.42982456140493 50
55.43859649122949 4
55.45614035087861 8
55.526315789475106 17
55.55263157894879 9
55.5964912280716 29
55.61403508772072 42
55.675438596492654 22
55.684210526317216 54
55.69298245614178 41
55.7105263157909 24
55.85964912280845 7
55.885964912282134 11
55.938596491229504 14
55.95614035087863 1
55.95614035087863 36
56.000000000001435 57
56.008771929826 6
56.052631578948805 25
56.13157894736986 48
56.22807017544004 11
56.263157894738285 55
56.32456140351022 17
56.45614035087864 0
56.50877192982601 33
56.578947368422504 24
56.587719298247066 7
56.62280701754531 15
56.640350877194436 3
56.640350877194436 47
56.692982456141806 40
56.745614035089176 6
56.75438596491374 36
56.7631578947383 42
56.77192982456286 11
56.77192982456286 44
56.80701754386111 39
57.02631578947515 43
57.052631578948834 2
57.12280701754533 17
57.28070175438744 11
57.30701754386112 35
57.31578947368568 7
57.385964912282176 25
57.429824561404985 5
57.429824561404985 9
57.44736842105411 24
57.45614035087867 27
57.482456140352355 6
57.5175438596506 4
57.55263157894885 36
57.649122807019026 1
57.66666666666815 5
57.77192982456289 50
57.798245614036574 16
57.912280701755876 42
57.92105263158044 17
57.929824561405 15
57.964912280703246 8
57.964912280703246 44
58.0438596491243 7
58.0438596491243 48
58.14035087719448 3
58.21929824561553 6
58.23684210526466 29
58.31578947368571 24
58.333333333334835 58
58.35087719298396 36
58.42105263158045 47
58.46491228070326 44
58.48245614035238 43
58.71929824561555 17
58.71929824561555 25
58.77192982456292 7
58.84210526315941 44
58.868421052633096 23
58.95614035087871 6
59.06140350877345 42
59.0964912280717 11
59.14912280701907 36
59.184210526317315 24
59.20175438596644 45
59.236842105264685 15
59.24561403508925 29
59.30701754386118 9
59.31578947368574 34
59.3245614035103 39
59.36842105263311 53
59.40350877193136 0
59.4385964912296 11
59.500000000001535 7
59.51754385965066 17
59.561403508773466 14
59.59649122807171 4
59.64035087719452 3
59.68421052631733 11
59.69298245614189 6
59.877192982457686 22
59.94736842105418 36
59.9649122807033 11
59.9649122807033 28
59.973684210527864 41
