0.017543859649122806 0
0.03508771929824561 32
0.12280701754385964 59
0.13157894736842105 2
0.18421052631578946 38
0.19298245614035087 42
0.21929824561403508 7
0.24561403508771928 14
0.26315789473684215 6
0.280701754385965 11
0.280701754385965 15
0.3333333333333336 31
0.3596491228070179 29
0.3596491228070179 35
0.5000000000000008 18
0.5000000000000008 23
0.5087719298245622 24
0.5350877192982465 48
0.5438596491228079 39
0.5526315789473694 22
0.5526315789473694 47
0.5789473684210537 40
0.5877192982456151 50
0.5964912280701765 5
0.6140350877192994 30
0.6228070175438608 54
0.6315789473684222 11
0.6578947368421065 1
0.666666666666668 4
0.6754385964912294 28
0.6754385964912294 36
0.6754385964912294 37
0.7456140350877208 17
0.7543859649122823 16
0.7807017543859666 56
0.8421052631578966 20
0.8421052631578966 25
0.850877192982458 18
0.8684210526315809 44
0.9561403508771952 7
0.973684210526318 18
0.9912280701754409 6
1.017543859649125 11
1.0526315789473708 27
1.078947368421055 45
1.1052631578947394 53
1.1228070175438623 57
1.219298245614038 12
1.3070175438596523 34
1.3771929824561437 24
1.464912280701758 42
1.5000000000000038 26
1.5526315789473724 11
1.5701754385964952 36
1.5964912280701795 15
1.6929824561403553 7
1.7192982456140395 6
1.789473684210531 59
1.8421052631578996 41
1.8947368421052682 17
1.9210526315789525 58
1.9824561403508825 5
2.0000000000000053 1
2.0964912280701786 10
2.114035087719301 3
2.245614035087719 24
2.2631578947368416 11
2.280701754385964 44
2.3771929824561373 47
2.4298245614035046 7
2.447368421052627 6
2.4649122807017494 36
2.535087719298239 18
2.657894736842096 5
2.7105263157894632 29
2.745614035087708 4
2.90350877192981 15
2.912280701754371 30
2.947368421052616 12
2.956140350877177 11
2.956140350877177 17
3.114035087719279 24
3.1315789473684013 25
3.166666666666646 7
3.1754385964912073 6
3.2280701754385746 5
3.2631578947368194 50
3.2719298245613806 42
3.3596491228069927 36
3.456140350877166 3
3.543859649122778 0
3.578947368421023 5
3.6140350877192677 43
3.6491228070175126 48
3.6842105263157574 11
3.7280701754385634 18
3.7368421052631247 59
3.745614035087686 16
3.7719298245613695 2
3.877192982456104 14
3.877192982456104 44
3.8947368421052264 7
3.9035087719297876 6
3.9736842105262773 17
3.9824561403508385 24
3.9824561403508385 27
4.052631578947331 1
4.078947368421016 41
4.096491228070139 5
4.096491228070139 29
4.184210526315756 20
4.210526315789441 15
4.210526315789441 47
4.254385964912249 36
4.350877192982427 45
4.447368421052605 49
4.517543859649098 11
4.622807017543838 7
4.622807017543838 23
4.6315789473684 6
4.701754385964893 5
4.73684210526314 18
4.745614035087701 31
4.798245614035071 3
4.798245614035071 22
4.833333333333318 5
4.84210526315788 4
4.850877192982441 24
4.877192982456126 18
4.947368421052619 53
5.114035087719291 57
5.140350877192976 11
5.149122807017537 36
5.228070175438592 18
5.228070175438592 54
5.245614035087716 25
5.315789473684209 29
5.315789473684209 44
5.333333333333332 30
5.3508771929824555 7
5.359649122807017 6
5.412280701754387 32
5.438596491228072 12
5.5000000000000036 43
5.517543859649127 15
5.596491228070182 5
5.596491228070182 42
5.605263157894743 50
5.614035087719305 1
5.649122807017552 37
5.657894736842113 58
5.719298245614045 24
5.719298245614045 28
5.7280701754386065 18
5.780701754385976 17
5.859649122807031 0
5.947368421052648 34
5.9824561403508945 44
6.026315789473703 11
6.043859649122826 36
6.078947368421073 7
6.078947368421073 47
6.087719298245634 6
6.140350877193004 3
6.201754385964936 18
6.429824561403539 11
6.482456140350909 26
6.482456140350909 27
6.49122807017547 38
6.500000000000032 5
6.526315789473717 29
6.5877192982456485 24
6.5877192982456485 56
6.640350877193018 10
6.657894736842142 20
6.692982456140388 48
6.736842105263197 16
6.80701754385969 1
6.80701754385969 7
6.8157894736842515 6
6.824561403508813 15
6.868421052631621 44
6.885964912280745 59
6.938596491228115 36
7.0438596491228544 5
7.061403508771978 4
7.122807017543909 40
7.1929824561404025 35
7.263157894736896 11
7.307017543859704 2
7.359649122807074 5
7.385964912280759 44
7.412280701754444 42
7.456140350877252 24
7.473684210526375 5
7.473684210526375 39
7.482456140350937 3
7.517543859649184 14
7.535087719298307 7
7.543859649122869 6
7.614035087719362 30
7.6754385964912935 25
7.736842105263225 11
7.833333333333403 36
7.833333333333403 57
7.842105263157965 45
7.903508771929896 47
8.122807017543938 12
8.1315789473685 11
8.1315789473685 15
8.271929824561486 6
8.271929824561486 7
8.324561403508856 24
8.342105263157979 31
8.377192982456226 11
8.552631578947459 17
8.552631578947459 53
8.578947368421144 59
8.657894736842199 1
8.684210526315884 0
8.701754385965007 23
8.728070175438692 36
8.736842105263253 18
8.807017543859747 42
8.82456140350887 3
8.92982456140361 50
9.000000000000103 6
9.000000000000103 7
9.008771929824665 25
9.026315789473788 27
9.043859649122911 22
9.08771929824572 20
9.105263157894843 5
9.131578947368528 18
9.14035087719309 4
9.19298245614046 24
9.377192982456254 18
9.421052631579062 11
9.438596491228186 15
9.62280701754398 36
9.72807017543872 6
9.72807017543872 7
9.72807017543872 16
9.771929824561528 47
9.798245614035213 43
9.83333333333346 29
9.877192982456268 18
9.894736842105392 30
10.000000000000131 41
10.061403508772063 24
10.166666666666803 3
10.20175438596505 54
10.263157894736981 59
10.289473684210666 34
10.342105263158036 32
10.403508771929967 48
10.456140350877337 6
10.456140350877337 7
10.456140350877337 42
10.517543859649269 36
10.52631578947383 25
10.587719298245762 17
10.622807017544009 37
10.745614035087872 15
10.754385964912434 28
10.824561403508927 39
10.84210526315805 2
10.850877192982612 1
10.921052631579105 56
10.929824561403667 24
10.956140350877352 29
11.087719298245776 57
11.149122807017708 14
11.175438596491393 12
11.184210526315955 6
11.192982456140516 7
11.219298245614201 4
11.324561403508941 18
11.403508771929996 45
11.412280701754558 36
11.456140350877366 50
11.508771929824736 3
11.552631578947544 20
11.561403508772106 11
11.58771929824579 47
11.622807017544037 5
11.622807017544037 17
11.649122807017722 42
11.657894736842284 40
11.666666666666845 43
11.771929824561585 31
11.79824561403527 24
11.842105263158079 58
11.859649122807202 11
11.877192982456325 27
11.912280701754572 6
11.929824561403695 7
12.052631578947558 15
12.140350877193175 18
12.192982456140545 30
12.254385964912476 38
12.307017543859846 36
12.32456140350897 26
12.333333333333531 59
12.403508771930024 25
12.500000000000203 35
12.614035087719504 23
12.640350877193189 6
12.666666666666874 7
12.666666666666874 24
12.666666666666874 53
12.719298245614244 16
12.789473684210737 49
12.850877192982669 3
12.85964912280723 42
12.877192982456354 12
13.157894736842326 1
13.157894736842326 11
13.201754385965135 36
13.289473684210751 22
13.298245614035313 4
13.359649122807244 15
13.368421052631806 6
13.403508771930053 7
13.4385964912283 47
13.535087719298478 24
13.596491228070409 41
13.675438596491464 48
13.728070175438834 5
13.912280701754629 59
13.929824561403752 20
13.964912280701999 29
13.982456140351122 25
14.017543859649368 17
14.017543859649368 50
14.096491228070423 6
14.096491228070423 36
14.140350877193232 7
14.192982456140601 3
14.377192982456396 2
14.403508771930081 24
14.438596491228328 11
14.456140350877451 44
14.464912280702013 30
14.508771929824821 12
14.535087719298506 5
14.605263157895 32
14.631578947368684 18
14.640350877193246 42
14.66666666666693 15
14.780701754386232 14
14.82456140350904 6
14.87719298245641 7
14.92982456140378 18
14.92982456140378 45
14.991228070175712 36
15.043859649123082 34
15.078947368421328 54
15.08771929824589 1
15.14035087719326 17
15.263157894737123 47
15.271929824561685 24
15.315789473684493 25
15.377192982456425 4
15.377192982456425 5
15.385964912280986 44
15.464912280702041 11
15.517543859649411 58
15.535087719298534 3
15.552631578947658 6
15.552631578947658 27
15.587719298245904 29
15.596491228070466 37
15.61403508771959 7
15.66666666666696 41
15.710526315789767 16
15.789473684210822 28
15.83333333333363 59
15.850877192982754 18
15.885964912281 36
15.973684210526617 15
16.052631578947672 42
16.08771929824592 31
16.14035087719329 24
16.21052631578978 18
16.280701754386275 6
16.342105263158206 11
16.350877192982768 7
16.447368421052946 50
16.46491228070207 17
16.47368421052663 53
16.491228070175755 5
16.491228070175755 23
16.508771929824878 48
16.57894736842137 12
16.596491228070494 20
16.640350877193303 39
16.649122807017864 25
16.701754385965234 57
16.73684210526348 30
16.78070175438629 36
16.815789473684536 56
16.877192982456467 3
16.982456140351207 40
17.00000000000033 43
17.008771929824892 6
17.008771929824892 24
17.026315789474015 5
17.078947368421385 11
17.078947368421385 47
17.087719298245947 7
17.09649122807051 59
17.122807017544194 1
17.192982456140687 38
17.20175438596525 49
17.280701754386303 15
17.438596491228413 42
17.456140350877536 4
17.52631578947403 22
17.675438596491578 36
17.73684210526351 6
17.754385964912633 35
17.78947368421088 18
17.824561403509126 7
17.877192982456496 24
17.912280701754742 2
17.964912280702112 29
17.982456140351236 18
18.184210526316154 27
18.2192982456144 3
18.2192982456144 41
18.27192982456177 59
18.342105263158263 0
18.38596491228107 25
18.412280701754757 14
18.464912280702126 6
18.517543859649496 11
18.552631578947743 7
18.570175438596866 36
18.58771929824599 15
18.58771929824599 45
18.64035087719336 12
18.666666666667044 26
18.70175438596529 16
18.7456140350881 24
18.833333333333716 58
18.90350877193021 47
18.947368421053017 20
18.947368421053017 50
19.000000000000387 48
19.00877192982495 30
19.026315789474072 17
19.149122807017935 44
19.192982456140744 6
19.21929824561443 42
19.236842105263552 43
19.28070175438636 7
19.32456140350917 1
19.456140350877593 34
19.464912280702155 36
19.508771929824963 44
19.517543859649525 5
19.517543859649525 59
19.535087719298648 4
19.561403508772333 3
19.614035087719703 24
19.614035087719703 29
19.719298245614443 25
19.719298245614443 54
19.894736842105676 15
19.92105263157936 6
19.938596491228484 31
20.008771929824977 7
20.12280701754428 39
20.219298245614457 32
20.307017543860074 5
20.359649122807443 36
20.368421052632005 23
20.39473684210569 17
20.482456140351307 24
20.570175438596923 37
20.631578947368855 11
20.640350877193416 43
20.649122807017978 6
20.71929824561447 47
20.728070175439033 27
20.736842105263595 18
20.745614035088156 7
20.82456140350921 28
20.833333333333773 11
20.850877192982896 29
20.87719298245658 41
20.87719298245658 57
20.903508771930266 3
21.000000000000444 12
21.052631578947814 25
21.157894736842554 56
21.201754385965362 15
21.254385964912732 36
21.280701754386417 30
21.280701754386417 50
21.28947368421098 20
21.29824561403554 5
21.35087719298291 24
21.377192982456595 6
21.438596491228527 48
21.44736842105309 2
21.482456140351335 7
21.482456140351335 44
21.61403508771976 4
21.62280701754432 5
21.692982456140815 16
21.72807017543906 40
21.763157894737308 22
21.912280701754856 42
21.964912280702226 45
22.03508771929872 14
22.09649122807065 29
22.105263157895212 1
22.105263157895212 6
22.14912280701802 36
22.219298245614514 7
22.219298245614514 24
22.2456140350882 3
22.25438596491276 43
22.377192982456624 59
22.385964912281185 25
22.500000000000487 49
22.50877192982505 15
22.543859649123295 47
22.67543859649172 10
22.815789473684706 18
22.83333333333383 6
22.859649122807514 35
22.912280701754884 17
22.94736842105313 12
22.956140350877693 7
23.04385964912331 36
23.087719298246117 24
23.10526315789524 18
23.184210526316296 11
23.350877192982967 26
23.350877192982967 31
23.394736842105775 11
23.561403508772447 6
23.561403508772447 30
23.58771929824613 3
23.596491228070693 11
23.605263157895255 57
23.63157894736894 20
23.68421052631631 48
23.69298245614087 4
23.69298245614087 7
23.719298245614556 25
23.728070175439118 44
23.73684210526368 34
23.780701754386488 59
23.78947368421105 11
23.815789473684735 15
23.815789473684735 38
23.859649122807543 41
23.921052631579474 1
23.938596491228598 36
23.95614035087772 24
23.982456140351406 11
24.06140350877246 50
24.078947368421584 5
24.078947368421584 12
24.1666666666672 0
24.175438596491762 11
24.21929824561457 5
24.245614035088256 23
24.254385964912817 53
24.254385964912817 54
24.254385964912817 58
24.289473684211064 6
24.359649122807557 17
24.359649122807557 47
24.36842105263212 11
24.42105263157949 7
24.48245614035142 5
24.561403508772475 11
24.59649122807072 27
24.675438596491777 32
24.68421052631634 16
24.6929824561409 5
24.719298245614585 42
24.75438596491283 11
24.824561403509325 24
24.833333333333886 36
24.868421052632133 18
24.91228070175494 39
24.929824561404065 3
24.947368421053188 11
24.96491228070231 1
24.982456140351434 2
25.01754385964968 6
25.052631578947928 25
25.12280701754442 15
25.140350877193544 11
25.149122807018106 7
25.192982456140914 12
25.3333333333339 11
25.37719298245671 44
25.526315789474257 11
25.54385964912338 37
25.605263157895312 5
25.65789473684268 14
25.684210526316367 48
25.69298245614093 24
25.719298245614613 11
25.728070175439175 36
25.736842105263737 44
25.7456140350883 6
25.771929824561983 4
25.80701754386023 29
25.81578947368479 43
25.824561403509353 45
25.833333333333915 30
25.833333333333915 56
25.8596491228076 28
25.877192982456723 7
25.91228070175497 11
25.96491228070234 20
26.000000000000586 22
26.043859649123394 17
26.105263157895326 11
26.17543859649182 41
26.17543859649182 47
26.192982456140943 5
26.271929824561997 3
26.298245614035682 11
26.307017543860244 12
26.3859649122813 25
26.429824561404107 15
26.429824561404107 42
26.473684210526915 6
26.49122807017604 11
26.54385964912341 0
26.561403508772532 24
26.60526315789534 7
26.622807017544464 36
26.684210526316395 11
26.87719298245675 1
26.87719298245675 11
26.894736842105875 44
27.0263157894743 57
27.061403508772546 27
27.070175438597108 11
27.201754385965533 6
27.263157894737464 11
27.333333333333957 7
27.359649122807642 17
27.421052631579574 12
27.421052631579574 31
27.421052631579574 49
27.429824561404136 24
27.438596491228697 5
27.45614035087782 11
27.482456140351506 50
27.491228070176067 39
27.517543859649752 36
27.61403508771993 3
27.649122807018177 11
27.675438596491862 16
27.71929824561467 25
27.736842105263793 15
27.82456140350941 53
27.83333333333397 58
27.842105263158533 11
27.850877192983095 4
27.92982456140415 6
27.93859649122871 40
28.000000000000643 47
28.03508771929889 11
28.052631578948013 34
28.061403508772575 7
28.070175438597136 59
28.09649122807082 48
28.105263157895383 30
28.114035087719945 23
28.219298245614684 1
28.228070175439246 11
28.29824561403574 20
28.29824561403574 24
28.41228070175504 36
28.421052631579602 11
28.46491228070241 17
28.50877192982522 5
28.51754385964978 2
28.535087719298904 12
28.605263157895397 29
28.61403508771996 11
28.657894736842767 6
28.657894736842767 26
28.78070175438663 32
28.798245614035753 7
28.807017543860315 11
28.921052631579617 54
28.956140350877863 3
28.99122807017611 42
29.00000000000067 11
29.04385964912348 15
29.05263157894804 25
29.166666666667343 24
29.192982456141028 11
29.20175438596559 45
29.26315789473752 0
29.280701754386644 14
29.298245614035768 38
29.30701754386033 18
29.30701754386033 36
29.31578947368489 17
29.350877192983138 59
29.385964912281384 6
29.385964912281384 11
29.403508771930507 41
29.52631578947437 7
29.57894736842174 11
29.649122807018234 12
29.771929824562097 11
29.771929824562097 27
29.798245614035782 18
29.815789473684905 47
29.8859649122814 50
29.929824561404207 4
29.964912280702453 11
30.035087719298946 24
30.043859649123508 43
30.087719298246316 48
30.096491228070878 1
30.10526315789544 44
30.11403508772 6
30.131578947369125 35
30.15789473684281 11
30.16666666666737 17
30.201754385965618 36
30.236842105263865 22
30.254385964912988 7
30.298245614035796 3
30.350877192983166 11
30.350877192983166 15
30.37719298245685 30
30.385964912281413 25
30.517543859649837 37
30.53508771929896 42
30.543859649123522 11
30.63157894736914 20
30.649122807018262 59
30.657894736842824 29
30.666666666667385 16
30.675438596491947 10
30.73684210526388 11
30.763157894737564 12
30.84210526315862 6
30.89473684210599 28
30.90350877193055 24
30.929824561404235 11
30.982456140351605 7
30.991228070176167 17
31.096491228070906 36
31.12280701754459 11
31.192982456141085 1
31.236842105263893 57
31.315789473684948 11
31.508771929825304 11
31.570175438597236 6
31.631578947369167 47
31.64035087719373 3
31.64035087719373 43
31.657894736842852 15
31.70175438596566 11
31.719298245614784 7
31.719298245614784 25
31.74561403508847 59
31.771929824562154 24
31.789473684211277 29
31.815789473684962 17
31.85087719298321 44
31.877192982456894 12
31.894736842106017 11
31.91228070175514 0
31.991228070176195 36
32.008771929825315 4
32.008771929825315 41
32.01754385964988 23
32.05263157894812 2
32.08771929824637 11
32.122807017544616 58
32.280701754386726 11
32.29824561403585 6
32.41228070175515 31
32.4473684210534 7
32.47368421052708 11
32.491228070176206 45
32.640350877193754 17
32.640350877193754 24
32.649122807018315 30
32.66666666666744 11
32.71929824561481 5
32.745614035088494 59
32.78070175438674 27
32.7894736842113 18
32.7894736842113 42
32.859649122807795 11
32.88596491228148 36
32.9035087719306 14
32.964912280702535 15
32.964912280702535 20
32.98245614035166 3
32.99122807017622 12
33.02631578947447 6
33.05263157894815 11
33.05263157894815 25
33.05263157894815 50
33.14035087719377 39
33.175438596492015 7
33.24561403508851 11
33.36842105263237 53
33.394736842106056 54
33.40350877193062 40
33.41228070175518 32
33.438596491228864 11
33.447368421053426 47
33.45614035087799 29
33.46491228070255 17
33.50877192982536 24
33.543859649123604 43
33.605263157895536 34
33.63157894736922 11
33.657894736842906 16
33.66666666666747 1
33.754385964913084 6
33.78070175438677 36
33.82456140350958 11
33.82456140350958 44
33.85087719298326 5
33.90350877193063 7
34.01754385964993 11
34.08771929824643 4
34.10526315789555 12
34.17543859649204 18
34.21052631579029 11
34.26315789473766 17
34.27192982456222 15
34.289473684211345 57
34.31578947368503 18
34.32456140350959 3
34.350877192983276 59
34.3684210526324 38
34.3684210526324 41
34.37719298245696 24
34.38596491228152 25
34.403508771930646 11
34.47368421052714 22
34.4824561403517 6
34.53508771929907 5
34.58771929824644 0
34.596491228071 11
34.63157894736925 5
34.63157894736925 7
34.657894736842934 26
34.67543859649206 36
34.68421052631662 44
34.78947368421136 11
34.921052631579784 30
34.982456140351715 11
34.982456140351715 44
34.99122807017628 48
35.0087719298254 42
35.035087719299085 5
35.07017543859733 17
35.07894736842189 35
35.16666666666751 43
35.17543859649207 11
35.21052631579032 6
35.21929824561488 12
35.245614035088565 24
35.26315789473769 47
35.298245614035935 20
35.359649122807866 7
35.36842105263243 11
35.48245614035173 10
35.49122807017629 37
35.517543859649976 27
35.55263157894822 18
35.561403508772784 11
35.570175438597346 36
35.57894736842191 15
35.58771929824647 2
35.614035087720154 39
35.666666666667524 3
35.675438596492086 44
35.719298245614894 25
35.75438596491314 11
35.780701754386826 5
35.80701754386051 50
35.89473684210613 17
35.92105263157981 23
35.929824561404374 28
35.938596491228935 6
35.9473684210535 11
36.08771929824648 7
36.11403508772017 1
36.11403508772017 24
36.14035087719385 11
36.149122807018415 59
36.16666666666754 4
36.27192982456228 58
36.307017543860525 56
36.33333333333421 11
36.33333333333421 12
36.39473684210614 49
36.43859649122895 31
36.464912280702634 36
36.526315789474566 11
36.526315789474566 14
36.53508771929913 5
36.54385964912369 42
36.64912280701843 16
36.66666666666755 6
36.71929824561492 11
36.71929824561492 17
36.8157894736851 7
36.885964912281594 15
36.894736842106155 5
36.91228070175528 11
36.92105263157984 45
36.97368421052721 48
36.98245614035177 24
37.00877192982546 3
37.052631578948265 25
37.06140350877283 44
37.07894736842195 41
37.07894736842195 47
37.105263157895635 11
37.13157894736932 0
37.19298245614125 30
37.29824561403599 11
37.35964912280792 36
37.39473684210617 6
37.40350877193073 32
37.44736842105354 12
37.49122807017635 11
37.51754385965003 29
37.54385964912372 7
37.54385964912372 17
37.61403508772021 53
37.631578947369334 20
37.684210526316704 11
37.850877192983376 24
37.87719298245706 11
37.92982456140443 27
37.947368421053554 57
38.02631578947461 54
38.07017543859742 11
38.12280701754479 6
38.12280701754479 50
38.15789473684303 43
38.19298245614128 15
38.24561403508865 4
38.24561403508865 18
38.25438596491321 36
38.26315789473777 11
38.271929824562335 7
38.29824561403602 34
38.34210526315883 17
38.35087719298339 3
38.385964912281636 25
38.45614035087813 11
38.491228070176376 18
38.491228070176376 42
38.491228070176376 44
38.5087719298255 1
38.56140350877287 12
38.596491228071116 18
38.640350877193924 5
38.649122807018486 11
38.71052631579042 22
38.71929824561498 24
38.754385964913226 59
38.78947368421147 44
38.84210526315884 11
38.84210526315884 40
38.850877192983404 6
38.89473684210621 47
38.94736842105358 48
39.00000000000095 7
39.0350877192992 11
39.122807017544815 2
39.1491228070185 36
39.16666666666762 17
39.20175438596587 41
39.228070175439555 11
39.42105263157991 11
39.47368421052728 30
39.500000000000966 15
39.552631578948336 29
39.57894736842202 6
39.58771929824658 24
39.596491228071145 49
39.61403508772027 11
39.62280701754483 58
39.64035087719395 16
39.64035087719395 43
39.6754385964922 12
39.69298245614132 3
39.71929824561501 25
39.73684210526413 7
39.7894736842115 0
39.807017543860624 11
39.807017543860624 23
39.82456140350975 38
39.92982456140449 44
39.964912280702734 20
39.98245614035186 26
39.99122807017642 17
40.00000000000098 11
40.04385964912379 36
40.05263157894835 31
40.14912280701853 14
40.15789473684309 18
40.19298245614134 11
40.21929824561502 42
40.30701754386064 6
40.3157894736852 45
40.32456140350976 4
40.38596491228169 11
40.40350877193082 57
40.42105263157994 18
40.43859649122906 50
40.45614035087819 24
40.46491228070275 7
40.46491228070275 37
40.47368421052731 1
40.57894736842205 11
40.58771929824661 18
40.710526315790474 47
40.771929824562406 11
40.78947368421153 12
40.80701754386065 15
40.815789473685214 17
40.91228070175539 48
40.93859649122908 36
40.96491228070276 11
40.973684210527324 28
41.035087719299256 3
41.035087719299256 6
41.05263157894838 25
41.10526315789575 18
41.15789473684312 11
41.17543859649224 5
41.192982456141365 7
41.28947368421154 44
41.31578947368523 35
41.32456140350979 24
41.350877192983475 11
41.37719298245716 5
41.37719298245716 29
41.41228070175541 32
41.42105263157997 42
41.456140350878215 27
41.54385964912383 11
41.64035087719401 17
41.675438596492256 41
41.73684210526419 11
41.74561403508875 30
41.76315789473787 6
41.833333333334366 36
41.90350877193086 12
41.92105263157998 7
41.929824561404544 11
41.95614035087823 43
42.11403508772034 15
42.1228070175449 11
42.192982456141394 24
42.298245614036134 20
42.307017543860695 0
42.31578947368526 11
42.37719298245719 3
42.38596491228175 25
42.40350877193087 4
42.464912280702805 17
42.49122807017649 6
42.50877192982561 11
42.52631578947474 54
42.5350877192993 47
42.622807017544915 18
42.622807017544915 39
42.631578947369476 16
42.6491228070186 7
42.6491228070186 53
42.65789473684316 2
42.70175438596597 11
42.70175438596597 59
42.728070175439655 36
42.75438596491334 50
42.789473684211586 18
42.80701754386071 49
42.86842105263264 1
42.8771929824572 48
42.894736842106326 11
42.92982456140457 29
42.947368421053696 22
43.01754385965019 12
43.01754385965019 57
43.061403508773 24
43.08771929824668 11
43.19298245614142 34
43.21929824561511 6
43.28070175438704 11
43.2894736842116 17
43.2894736842116 18
43.37719298245722 7
43.4035087719309 44
43.421052631580025 15
43.43859649122915 18
43.473684210527395 11
43.53508771929933 42
43.53508771929933 58
43.59649122807126 45
43.60526315789582 40
43.62280701754494 36
43.66666666666775 11
43.71052631579056 23
43.71929824561512 3
43.71929824561512 25
43.77192982456249 14
43.85964912280811 11
43.86842105263267 27
43.9298245614046 24
43.947368421053724 6
43.947368421053724 43
44.008771929825656 1
44.008771929825656 31
44.01754385965022 30
44.052631578948464 11
44.105263157895834 7
44.114035087720396 17
44.13157894736952 12
44.24561403508882 11
44.35087719298356 47
44.43859649122918 11
44.4561403508783 18
44.482456140351985 4
44.51754385965023 36
44.5701754385976 0
44.63157894736953 11
44.63157894736953 20
44.640350877194095 26
44.67543859649234 6
44.72807017543971 15
44.798245614036205 24
44.82456140350989 11
44.83333333333445 7
44.83333333333445 48
44.92105263158007 44
44.93859649122919 17
45.017543859650246 11
45.05263157894849 25
45.061403508773054 3
45.070175438597616 50
45.2105263157906 11
45.228070175439726 18
45.24561403508885 12
45.40350877193096 6
45.40350877193096 11
45.41228070175552 36
45.429824561404644 29
45.438596491229205 37
45.50000000000114 42
45.543859649123945 38
45.56140350877307 7
45.596491228071315 11
45.622807017545 16
45.66666666666781 24
45.72807017543974 17
45.78070175438711 32
45.78947368421167 11
45.78947368421167 41
45.98245614035203 11
46.00877192982571 28
46.00877192982571 49
46.0350877192994 15
46.131578947369576 6
46.16666666666782 47
46.175438596492384 11
46.19298245614151 2
46.25438596491344 53
46.289473684211686 7
46.289473684211686 30
46.30701754386081 36
46.35964912280818 12
46.36842105263274 11
46.3771929824573 43
46.385964912281864 25
46.40350877193099 3
46.491228070176604 29
46.51754385965029 27
46.53508771929941 24
46.552631578948535 17
46.5614035087731 4
46.5614035087731 11
46.58771929824678 59
46.75438596491345 11
46.7894736842117 48
46.79824561403626 35
46.85964912280819 6
46.94736842105381 11
46.96491228070293 20
46.982456140352056 54
46.99122807017662 0
47.0175438596503 7
47.09649122807136 42
47.140350877194166 11
47.184210526316974 22
47.2017543859661 36
47.245614035088906 10
47.33333333333452 11
47.342105263159084 15
47.36842105263277 18
47.37719298245733 17
47.38596491228189 50
47.394736842106454 14
47.403508771931016 24
47.47368421052751 12
47.52631578947488 11
47.53508771929944 29
47.58771929824681 6
47.614035087720495 23
47.719298245615235 11
47.719298245615235 25
47.74561403508892 3
47.74561403508892 7
47.89473684210647 43
47.91228070175559 11
47.96491228070296 5
47.982456140352085 47
48.01754385965033 31
48.05263157894858 5
48.096491228071386 36
48.10526315789595 11
48.16666666666788 34
48.201754385966126 17
48.21052631579069 59
48.27192982456262 24
48.298245614036304 11
48.31578947368543 1
48.31578947368543 6
48.47368421052754 7
48.49122807017666 11
48.52631578947491 58
48.53508771929947 39
48.561403508773154 30
48.570175438597715 29
48.57894736842228 57
48.58771929824684 12
48.614035087720524 16
48.64035087719421 4
48.64912280701877 15
48.68421052631702 11
48.77192982456263 40
48.780701754387195 48
48.84210526315913 18
48.87719298245737 11
48.92982456140474 27
48.991228070176675 36
49.000000000001236 17
49.043859649124045 6
49.052631578948606 25
49.07017543859773 11
49.08771929824685 3
49.14035087719422 24
49.16666666666791 44
49.201754385966154 7
49.254385964913524 49
49.263157894738086 11
49.27192982456265 18
49.29824561403633 20
49.45614035087844 11
49.50877192982581 59
49.570175438597744 26
49.58771929824687 44
49.631578947369675 43
49.6491228070188 11
49.684210526317045 5
49.69298245614161 42
49.70175438596617 12
49.70175438596617 50
49.72807017543985 2
49.77192982456266 6
49.79824561403635 47
49.82456140351003 17
49.842105263159155 11
49.88596491228196 36
49.93859649122933 7
49.95614035087846 15
50.008771929825826 24
50.03508771929951 11
50.052631578948635 41
50.114035087720566 5
50.13157894736969 45
50.157894736843375 1
50.20175438596618 0
50.22807017543987 11
50.38596491228198 25
50.41228070175566 37
50.421052631580224 11
50.429824561404786 3
50.50000000000128 6
50.50000000000128 56
50.61403508772058 11
50.64912280701883 17
50.66666666666795 7
50.66666666666795 18
50.71929824561532 4
50.736842105264444 48
50.78070175438725 36
50.80701754386094 11
50.8157894736855 12
50.84210526315918 30
50.86842105263287 42
50.87719298245743 24
50.91228070175568 5
51.00000000000129 11
51.01754385965042 14
51.0438596491241 28
51.08771929824691 38
51.122807017545156 44
51.14912280701884 29
51.19298245614165 11
51.228070175439896 6
51.26315789473814 15
51.3421052631592 27
51.377192982457444 18
51.385964912282006 11
51.39473684210657 7
51.42105263158025 22
51.44736842105394 17
51.482456140352184 53
51.51754385965043 23
51.543859649124116 59
51.57894736842236 11
51.60526315789605 16
51.63157894736973 20
51.63157894736973 47
51.67543859649254 36
51.67543859649254 54
51.6842105263171 35
51.71929824561535 25
51.745614035089034 24
51.77192982456272 3
51.77192982456272 11
51.87719298245746 32
51.92982456140483 12
51.95614035087851 6
51.964912280703075 11
52.017543859650445 50
52.02631578947501 57
52.04385964912413 42
52.122807017545185 1
52.122807017545185 7
52.15789473684343 5
52.15789473684343 10
52.15789473684343 11
52.26315789473817 18
52.27192982456273 17
52.27192982456273 31
52.35087719298379 11
52.35087719298379 43
52.45614035087853 49
52.543859649124144 11
52.57017543859783 15
52.57017543859783 36
52.61403508772064 24
52.68421052631713 6
52.69298245614169 48
52.7368421052645 11
52.79824561403643 4
52.815789473685555 44
52.859649122808364 7
52.87719298245749 29
52.92982456140486 11
53.04385964912416 12
53.05263157894872 25
53.078947368422405 17
53.11403508772065 3
53.11403508772065 30
53.12280701754521 11
53.21929824561539 5
53.2631578947382 2
53.298245614036446 18
53.31578947368557 11
53.31578947368557 45
53.36842105263294 58
53.41228070175575 6
53.42105263158031 40
53.447368421053994 47
53.46491228070312 36
53.48245614035224 24
53.508771929825926 11
53.59649122807154 7
53.70175438596628 11
53.73684210526453 34
53.75438596491365 27
53.85964912280839 0
53.85964912280839 1
53.877192982457515 15
53.89473684210664 11
53.9035087719312 17
53.9035087719312 59
53.96491228070313 20
54.00000000000138 18
54.087719298246995 11
54.140350877194365 6
54.15789473684349 12
54.22807017543998 5
54.27192982456279 42
54.28070175438735 11
54.298245614036475 44
54.32456140351016 7
54.33333333333472 50
54.350877192983845 24
54.359649122808406 36
54.38596491228209 25
54.4298245614049 5
54.456140350878584 3
54.47368421052771 11
54.517543859650516 39
54.59649122807157 16
54.64035087719438 14
54.64912280701894 48
54.666666666668064 11
54.728070175439996 17
54.75438596491368 57
54.85964912280842 11
54.86842105263298 6
54.877192982457544 4
54.94736842105404 1
54.94736842105404 44
55.05263157894878 7
55.05263157894878 11
55.1842105263172 15
55.21929824561545 24
55.24561403508913 11
55.24561403508913 43
55.254385964913695 36
55.26315789473826 47
55.27192982456282 12
55.2982456140365 26
55.38596491228212 23
55.38596491228212 30
55.38596491228212 37
55.43859649122949 11
55.4824561403523 18
55.50000000000142 5
55.526315789475106 17
55.5964912280716 6
55.622807017545284 18
55.631578947369846 11
55.65789473684353 22
55.70175438596634 49
55.7105263157909 31
55.71929824561546 25
55.71929824561546 29
55.736842105264586 59
55.780701754387394 7
55.79824561403652 3
55.8245614035102 11
55.96491228070319 1
56.01754385965056 11
56.01754385965056 32
56.07894736842249 28
56.08771929824705 24
56.14912280701898 36
56.16666666666811 27
56.210526315790915 11
56.28070175438741 38
56.28070175438741 42
56.29824561403653 20
56.32456140351022 6
56.34210526315934 54
56.3508771929839 17
56.38596491228215 12
56.39473684210671 44
56.40350877193127 11
56.49122807017689 15
56.49122807017689 41
56.51754385965057 7
56.59649122807163 11
56.60526315789619 48
56.640350877194436 53
56.649122807019 50
56.72807017544005 35
56.77192982456286 18
56.789473684211984 11
56.798245614036546 2
56.85964912280848 59
56.88596491228216 0
56.92105263158041 58
56.92982456140497 29
56.956140350878655 4
56.956140350878655 24
56.98245614035234 11
57.04385964912427 36
57.052631578948834 6
57.052631578948834 25
57.07894736842252 47
57.1052631578962 43
57.14035087719445 3
57.1754385964927 11
57.1754385964927 17
57.24561403508919 7
57.36842105263305 11
57.41228070175586 57
57.45614035087867 42
57.50000000000148 12
57.56140350877341 11
57.587719298247094 16
57.65789473684359 30
57.71929824561552 45
57.754385964913766 11
57.78070175438745 6
57.798245614036574 15
57.82456140351026 24
57.89473684210675 40
57.93859649122956 36
57.94736842105412 11
57.956140350878684 59
57.964912280703246 34
57.97368421052781 7
58.00000000000149 17
58.0438596491243 5
58.14035087719448 11
58.26315789473834 14
58.280701754387465 29
58.30701754386115 18
58.333333333334835 11
58.37719298245764 5
58.385964912282205 25
58.47368421052782 1
58.48245614035238 3
58.50877192982607 6
58.52631578947519 11
58.56140350877344 48
58.57894736842256 27
58.61403508772081 12
58.63157894736993 20
58.69298245614186 24
58.701754385966424 7
58.71929824561555 11
58.74561403508923 18
58.7982456140366 17
58.83333333333485 36
58.89473684210678 47
58.912280701755904 11
58.93859649122959 43
58.94736842105415 49
58.964912280703274 50
59.03508771929977 4
59.10526315789626 11
59.10526315789626 15
59.210526315791 18
59.236842105264685 6
59.26315789473837 42
59.289473684212055 23
59.29824561403662 11
59.29824561403662 31
59.33333333333486 59
59.36842105263311 5
59.4385964912296 7
59.49122807017697 11
59.500000000001535 10
59.561403508773466 24
59.57894736842259 18
59.59649122807171 17
59.68421052631733 11
59.719298245615576 25
59.72807017544014 12
59.72807017544014 36
59.824561403510316 3
59.85964912280856 26
59.877192982457686 11
59.89473684210681 22
59.929824561405056 30
59.95614035087874 1
59.9649122807033 6
