4e-05 39
4e-05 39
4e-05 39
4e-05 39
4e-05 39
4e-05 39
4e-05 39
4e-05 39
4e-05 39
4e-05 39
4e-05 39
4e-05 39
4e-05 39
4e-05 39
4e-05 39
4e-05 39
4e-05 39
4e-05 39
4e-05 39
4e-05 39
4e-05 39
4e-05 39
4e-05 39
4e-05 39
4e-05 39
4e-05 39
4e-05 39
4e-05 39
4e-05 39
4e-05 39
4e-05 39
4e-05 39
4e-05 39
4e-05 39
4e-05 39
4e-05 39
4e-05 39
4e-05 39
4e-05 39
4e-05 39
4e-05 39
4e-05 39
4e-05 39
4e-05 39
4e-05 39
4e-05 39
4e-05 39
4e-05 39
4e-05 39
4e-05 39
4e-05 39
4e-05 39
4e-05 39
4e-05 39
4e-05 39
4e-05 39
4e-05 39
4e-05 39
4e-05 39
4e-05 39
4e-05 40
4e-05 41
4e-05 42
4e-05 43
4e-05 44
4e-05 45
4e-05 47
4e-05 48
4e-05 49
4e-05 50
4e-05 51
4e-05 52
4e-05 53
4e-05 54
4e-05 55
4e-05 56
4e-05 57
4e-05 58
4e-05 59
6.000000000000001e-05 31
6.000000000000001e-05 32
6.000000000000001e-05 33
6.000000000000001e-05 34
6.000000000000001e-05 35
6.000000000000001e-05 36
6.000000000000001e-05 37
6.000000000000001e-05 38
6.000000000000001e-05 46
8e-05 23
8e-05 24
8e-05 25
8e-05 26
8e-05 27
8e-05 28
8e-05 29
8e-05 30
0.0001 15
0.0001 16
0.0001 17
0.0001 18
0.0001 19
0.0001 20
0.0001 21
0.0001 22
0.00012 7
0.00012 8
0.00012 9
0.00012 10
0.00012 11
0.00012 12
0.00012 13
0.00012 14
0.00014000000000000001 0
0.00014000000000000001 1
0.00014000000000000001 2
0.00014000000000000001 3
0.00014000000000000001 4
0.00014000000000000001 5
0.00014000000000000001 6
0.00014000000000000001 42
0.00014000000000000001 50
0.00014000000000000001 53
0.00016 32
0.00016 35
0.00016 36
0.00016 48
0.00016 54
0.00018 30
0.00018 38
0.0002 15
0.0002 18
0.0002 34
0.00024 42
0.00024 50
0.00024 53
0.00024 56
0.00026000000000000003 4
0.00026000000000000003 19
0.00026000000000000003 29
0.00026000000000000003 32
0.00026000000000000003 35
0.00026000000000000003 36
0.00026000000000000003 47
0.00028000000000000003 1
0.00028000000000000003 22
0.00028000000000000003 30
0.00028000000000000003 48
0.00028000000000000003 51
0.00028000000000000003 54
0.00030000000000000003 15
0.00030000000000000003 18
0.00030000000000000003 38
0.00030000000000000003 41
0.00030000000000000003 49
0.00032 0
0.00032 3
0.00032 9
0.00032 46
0.00034 5
0.00034 13
0.00034 23
0.00034 34
0.00034 42
0.00034 50
0.00034 53
0.00036 2
0.00036 32
0.00036 35
0.00036 36
0.00036 44
0.00038 4
0.00038 6
0.00038 16
0.00038 17
0.00038 20
0.00038 30
0.0004 15
0.0004 18
0.0004 26
0.0004 39
0.0004 43
0.0004 45
0.0004 48
0.0004 54
0.0004 57
0.00042 1
0.00042 7
0.00042 10
0.00042 19
0.00042 27
0.00042 38
0.00042 55
0.00044 29
0.00044 33
0.00044 42
0.00044 50
0.00044 53
0.00044 56
0.00046 22
0.00046 24
0.00046 32
0.00046 35
0.00046 36
0.00046 40
0.00046 52
0.00046 58
0.00048 14
0.00048 25
0.00048 30
0.00048 31
0.00048 34
0.00048 37
0.00048 47
0.00048 59
0.0005 0
0.0005 3
0.0005 4
0.0005 15
0.0005 18
0.0005200000000000001 9
0.0005200000000000001 11
0.0005200000000000001 28
0.0005200000000000001 48
0.0005200000000000001 51
0.0005200000000000001 54
0.0005400000000000001 5
0.0005400000000000001 8
0.0005400000000000001 21
0.0005400000000000001 38
0.0005400000000000001 42
0.0005400000000000001 50
0.0005400000000000001 53
0.0005600000000000002 1
0.0005600000000000002 12
0.0005600000000000002 13
0.0005600000000000002 32
0.0005600000000000002 35
0.0005600000000000002 36
0.0005600000000000002 41
0.0005600000000000002 49
0.0005800000000000002 2
0.0005800000000000002 19
0.0005800000000000002 30
0.0005800000000000002 46
0.0006000000000000003 15
0.0006000000000000003 18
0.0006000000000000003 23
0.0006200000000000003 4
0.0006200000000000003 6
0.0006200000000000003 29
0.0006200000000000003 34
0.0006400000000000004 22
0.0006400000000000004 42
0.0006400000000000004 48
0.0006400000000000004 50
0.0006400000000000004 53
0.0006400000000000004 54
0.0006400000000000004 56
0.0006600000000000004 16
0.0006600000000000004 17
0.0006600000000000004 20
0.0006600000000000004 32
0.0006600000000000004 35
0.0006600000000000004 36
0.0006600000000000004 38
0.0006800000000000005 0
0.0006800000000000005 3
0.0006800000000000005 30
0.0006800000000000005 44
0.0007000000000000005 1
0.0007000000000000005 15
0.0007000000000000005 18
0.0007000000000000005 47
0.0007200000000000006 7
0.0007200000000000006 9
0.0007200000000000006 10
0.0007200000000000006 26
0.0007400000000000006 4
0.0007400000000000006 5
0.0007400000000000006 19
0.0007400000000000006 42
0.0007400000000000006 50
0.0007400000000000006 53
0.0007600000000000007 27
0.0007600000000000007 32
0.0007600000000000007 34
0.0007600000000000007 35
0.0007600000000000007 36
0.0007600000000000007 39
0.0007600000000000007 43
0.0007600000000000007 45
0.0007600000000000007 48
0.0007600000000000007 51
0.0007600000000000007 54
0.0007600000000000007 57
0.0007800000000000007 13
0.0007800000000000007 30
0.0007800000000000007 38
0.0008000000000000008 2
0.0008000000000000008 15
0.0008000000000000008 18
0.0008000000000000008 29
0.0008000000000000008 55
0.0008200000000000008 22
0.0008200000000000008 33
0.0008200000000000008 41
0.0008200000000000008 49
0.0008400000000000009 1
0.0008400000000000009 14
0.0008400000000000009 24
0.0008400000000000009 42
0.0008400000000000009 46
0.0008400000000000009 50
0.0008400000000000009 53
0.0008400000000000009 56
0.000860000000000001 0
0.000860000000000001 3
0.000860000000000001 4
0.000860000000000001 6
0.000860000000000001 23
0.000860000000000001 32
0.000860000000000001 35
0.000860000000000001 36
0.000880000000000001 25
0.000880000000000001 30
0.000880000000000001 40
0.000880000000000001 48
0.000880000000000001 52
0.000880000000000001 54
0.000880000000000001 58
0.0009000000000000011 15
0.0009000000000000011 18
0.0009000000000000011 19
0.0009000000000000011 31
0.0009000000000000011 34
0.0009000000000000011 37
0.0009000000000000011 38
0.0009200000000000011 9
0.0009200000000000011 11
0.0009200000000000011 47
0.0009200000000000011 59
0.0009400000000000012 5
0.0009400000000000012 16
0.0009400000000000012 17
0.0009400000000000012 20
0.0009400000000000012 42
0.0009400000000000012 50
0.0009400000000000012 53
0.0009600000000000012 8
0.0009600000000000012 28
0.0009600000000000012 32
0.0009600000000000012 35
0.0009600000000000012 36
0.0009800000000000013 1
0.0009800000000000013 4
0.0009800000000000013 21
0.0009800000000000013 29
0.0009800000000000013 30
0.0010000000000000013 12
0.0010000000000000013 13
0.0010000000000000013 15
0.0010000000000000013 18
0.0010000000000000013 22
0.0010000000000000013 44
0.0010000000000000013 48
0.0010000000000000013 51
0.0010000000000000013 54
0.0010200000000000014 2
0.0010200000000000014 7
0.0010200000000000014 10
0.0010200000000000014 38
0.0010400000000000014 0
0.0010400000000000014 3
0.0010400000000000014 26
0.0010400000000000014 34
0.0010400000000000014 42
0.0010400000000000014 50
0.0010400000000000014 53
0.0010400000000000014 56
0.0010600000000000015 19
0.0010600000000000015 32
0.0010600000000000015 35
0.0010600000000000015 36
0.0010800000000000015 30
0.0010800000000000015 41
0.0010800000000000015 49
0.0011000000000000016 4
0.0011000000000000016 6
0.0011000000000000016 15
0.0011000000000000016 18
0.0011000000000000016 27
0.0011000000000000016 46
0.0011200000000000016 1
0.0011200000000000016 9
0.0011200000000000016 23
0.0011200000000000016 39
0.0011200000000000016 43
0.0011200000000000016 45
0.0011200000000000016 48
0.0011200000000000016 54
0.0011200000000000016 57
0.0011400000000000017 5
0.0011400000000000017 38
0.0011400000000000017 42
0.0011400000000000017 47
0.0011400000000000017 50
0.0011400000000000017 53
0.0011600000000000017 29
0.0011600000000000017 32
0.0011600000000000017 35
0.0011600000000000017 36
0.0011800000000000018 22
0.0011800000000000018 30
0.0011800000000000018 34
0.0011800000000000018 55
0.0012000000000000018 14
0.0012000000000000018 15
0.0012000000000000018 18
0.0012000000000000018 33
0.001220000000000002 0
0.001220000000000002 3
0.001220000000000002 4
0.001220000000000002 13
0.001220000000000002 16
0.001220000000000002 17
0.001220000000000002 19
0.001220000000000002 20
0.001220000000000002 24
0.001240000000000002 2
0.001240000000000002 42
0.001240000000000002 48
0.001240000000000002 50
0.001240000000000002 51
0.001240000000000002 53
0.001240000000000002 54
0.001240000000000002 56
0.001260000000000002 1
0.001260000000000002 32
0.001260000000000002 35
0.001260000000000002 36
0.001260000000000002 38
0.001280000000000002 25
0.001280000000000002 30
0.0013000000000000021 15
0.0013000000000000021 18
0.0013000000000000021 40
0.0013000000000000021 52
0.0013000000000000021 58
0.0013200000000000022 7
0.0013200000000000022 9
0.0013200000000000022 10
0.0013200000000000022 11
0.0013200000000000022 31
0.0013200000000000022 34
0.0013200000000000022 37
0.0013200000000000022 44
0.0013400000000000022 4
0.0013400000000000022 5
0.0013400000000000022 6
0.0013400000000000022 29
0.0013400000000000022 41
0.0013400000000000022 42
0.0013400000000000022 49
0.0013400000000000022 50
0.0013400000000000022 53
0.0013600000000000023 22
0.0013600000000000023 26
0.0013600000000000023 32
0.0013600000000000023 35
0.0013600000000000023 36
0.0013600000000000023 46
0.0013600000000000023 47
0.0013600000000000023 48
0.0013600000000000023 54
0.0013600000000000023 59
0.0013800000000000023 8
0.0013800000000000023 19
0.0013800000000000023 23
0.0013800000000000023 30
0.0013800000000000023 38
0.0014000000000000024 0
0.0014000000000000024 1
0.0014000000000000024 3
0.0014000000000000024 15
0.0014000000000000024 18
0.0014000000000000024 28
0.0014200000000000024 21
0.0014400000000000025 12
0.0014400000000000025 13
0.0014400000000000025 27
0.0014400000000000025 42
0.0014400000000000025 50
0.0014400000000000025 53
0.0014400000000000025 56
0.0014600000000000025 2
0.0014600000000000025 4
0.0014600000000000025 32
0.0014600000000000025 34
0.0014600000000000025 35
0.0014600000000000025 36
0.0014800000000000026 30
0.0014800000000000026 39
0.0014800000000000026 43
0.0014800000000000026 45
0.0014800000000000026 48
0.0014800000000000026 51
0.0014800000000000026 54
0.0014800000000000026 57
0.0015000000000000026 15
0.0015000000000000026 16
0.0015000000000000026 17
0.0015000000000000026 18
0.0015000000000000026 20
0.0015000000000000026 38
0.0015200000000000027 9
0.0015200000000000027 29
0.0015400000000000027 1
0.0015400000000000027 5
0.0015400000000000027 19
0.0015400000000000027 22
0.0015400000000000027 42
0.0015400000000000027 50
0.0015400000000000027 53
0.0015600000000000028 14
0.0015600000000000028 32
0.0015600000000000028 35
0.0015600000000000028 36
0.0015600000000000028 55
0.0015800000000000028 0
0.0015800000000000028 3
0.0015800000000000028 4
0.0015800000000000028 6
0.0015800000000000028 30
0.0015800000000000028 33
0.0015800000000000028 47
0.001600000000000003 15
0.001600000000000003 18
0.001600000000000003 24
0.001600000000000003 34
0.001600000000000003 41
0.001600000000000003 48
0.001600000000000003 49
0.001600000000000003 54
0.001620000000000003 7
0.001620000000000003 10
0.001620000000000003 38
0.001620000000000003 46
0.001640000000000003 23
0.001640000000000003 42
0.001640000000000003 44
0.001640000000000003 50
0.001640000000000003 53
0.001640000000000003 56
0.001660000000000003 13
0.001660000000000003 32
0.001660000000000003 35
0.001660000000000003 36
0.001680000000000003 1
0.001680000000000003 2
0.001680000000000003 25
0.001680000000000003 26
0.001680000000000003 30
0.0017000000000000032 4
0.0017000000000000032 15
0.0017000000000000032 18
0.0017000000000000032 19
0.0017000000000000032 29
0.0017200000000000032 9
0.0017200000000000032 11
0.0017200000000000032 22
0.0017200000000000032 40
0.0017200000000000032 48
0.0017200000000000032 51
0.0017200000000000032 52
0.0017200000000000032 54
0.0017200000000000032 58
0.0017400000000000033 5
0.0017400000000000033 31
0.0017400000000000033 34
0.0017400000000000033 37
0.0017400000000000033 38
0.0017400000000000033 42
0.0017400000000000033 50
0.0017400000000000033 53
0.0017600000000000033 0
0.0017600000000000033 3
0.0017600000000000033 32
0.0017600000000000033 35
0.0017600000000000033 36
0.0017800000000000034 16
0.0017800000000000034 17
0.0017800000000000034 20
0.0017800000000000034 27
0.0017800000000000034 30
0.0018000000000000034 8
0.0018000000000000034 15
0.0018000000000000034 18
0.0018000000000000034 47
0.0018000000000000034 59
0.0018200000000000035 1
0.0018200000000000035 4
0.0018200000000000035 6
0.0018400000000000035 28
0.0018400000000000035 39
0.0018400000000000035 42
0.0018400000000000035 43
0.0018400000000000035 45
0.0018400000000000035 48
0.0018400000000000035 50
0.0018400000000000035 53
0.0018400000000000035 54
0.0018400000000000035 56
0.0018400000000000035 57
0.0018600000000000036 19
0.0018600000000000036 21
0.0018600000000000036 32
0.0018600000000000036 35
0.0018600000000000036 36
0.0018600000000000036 38
0.0018600000000000036 41
0.0018600000000000036 49
0.0018800000000000036 12
0.0018800000000000036 13
0.0018800000000000036 29
0.0018800000000000036 30
0.0018800000000000036 34
0.0018800000000000036 46
0.0019000000000000037 2
0.0019000000000000037 15
0.0019000000000000037 18
0.0019000000000000037 22
0.0019000000000000037 23
0.0019200000000000037 7
0.0019200000000000037 9
0.0019200000000000037 10
0.0019200000000000037 14
0.0019400000000000038 0
0.0019400000000000038 3
0.0019400000000000038 4
0.0019400000000000038 5
0.0019400000000000038 42
0.0019400000000000038 50
0.0019400000000000038 53
0.0019400000000000038 55
0.001960000000000004 1
0.001960000000000004 32
0.001960000000000004 33
0.001960000000000004 35
0.001960000000000004 36
0.001960000000000004 44
0.001960000000000004 48
0.001960000000000004 51
0.001960000000000004 54
0.001980000000000004 24
0.001980000000000004 30
0.001980000000000004 38
0.002000000000000004 15
0.002000000000000004 18
0.002000000000000004 26
0.002020000000000004 19
0.002020000000000004 34
0.002020000000000004 47
0.002040000000000004 42
0.002040000000000004 50
0.002040000000000004 53
0.002040000000000004 56
0.002060000000000004 4
0.002060000000000004 6
0.002060000000000004 16
0.002060000000000004 17
0.002060000000000004 20
0.002060000000000004 29
0.002060000000000004 32
0.002060000000000004 35
0.002060000000000004 36
0.002080000000000004 22
0.002080000000000004 25
0.002080000000000004 30
0.002080000000000004 48
0.002080000000000004 54
0.002100000000000004 1
0.002100000000000004 13
0.002100000000000004 15
0.002100000000000004 18
0.002100000000000004 38
0.0021200000000000043 0
0.0021200000000000043 2
0.0021200000000000043 3
0.0021200000000000043 9
0.0021200000000000043 11
0.0021200000000000043 27
0.0021200000000000043 41
0.0021200000000000043 49
0.0021400000000000043 5
0.0021400000000000043 40
0.0021400000000000043 42
0.0021400000000000043 46
0.0021400000000000043 50
0.0021400000000000043 52
0.0021400000000000043 53
0.0021400000000000043 58
0.0021600000000000044 23
0.0021600000000000044 31
0.0021600000000000044 32
0.0021600000000000044 34
0.0021600000000000044 35
0.0021600000000000044 36
0.0021600000000000044 37
0.0021800000000000044 4
0.0021800000000000044 19
0.0021800000000000044 30
0.0022000000000000045 15
0.0022000000000000045 18
0.0022000000000000045 39
0.0022000000000000045 43
0.0022000000000000045 45
0.0022000000000000045 48
0.0022000000000000045 51
0.0022000000000000045 54
0.0022000000000000045 57
0.0022200000000000045 7
0.0022200000000000045 8
0.0022200000000000045 10
0.0022200000000000045 38
0.0022400000000000046 1
0.0022400000000000046 29
0.0022400000000000046 42
0.0022400000000000046 47
0.0022400000000000046 50
0.0022400000000000046 53
0.0022400000000000046 56
0.0022400000000000046 59
0.0022600000000000046 22
0.0022600000000000046 32
0.0022600000000000046 35
0.0022600000000000046 36
0.0022800000000000047 14
0.0022800000000000047 28
0.0022800000000000047 30
0.0022800000000000047 44
0.0023000000000000047 0
0.0023000000000000047 3
0.0023000000000000047 4
0.0023000000000000047 6
0.0023000000000000047 15
0.0023000000000000047 18
0.0023000000000000047 21
0.0023000000000000047 34
0.002320000000000005 9
0.002320000000000005 12
0.002320000000000005 13
0.002320000000000005 26
0.002320000000000005 48
0.002320000000000005 54
0.002320000000000005 55
0.002340000000000005 2
0.002340000000000005 5
0.002340000000000005 16
0.002340000000000005 17
0.002340000000000005 19
0.002340000000000005 20
0.002340000000000005 33
0.002340000000000005 38
0.002340000000000005 42
0.002340000000000005 50
0.002340000000000005 53
0.002360000000000005 24
0.002360000000000005 32
0.002360000000000005 35
0.002360000000000005 36
0.002380000000000005 1
0.002380000000000005 30
0.002380000000000005 41
0.002380000000000005 49
0.002400000000000005 15
0.002400000000000005 18
0.002400000000000005 46
0.002420000000000005 4
0.002420000000000005 23
0.002420000000000005 29
0.002440000000000005 22
0.002440000000000005 34
0.002440000000000005 42
0.002440000000000005 48
0.002440000000000005 50
0.002440000000000005 51
0.002440000000000005 53
0.002440000000000005 54
0.002440000000000005 56
0.002460000000000005 27
0.002460000000000005 32
0.002460000000000005 35
0.002460000000000005 36
0.002460000000000005 38
0.002460000000000005 47
0.002480000000000005 0
0.002480000000000005 3
0.002480000000000005 25
0.002480000000000005 30
0.0025000000000000053 15
0.0025000000000000053 18
0.0025000000000000053 19
0.0025200000000000053 1
0.0025200000000000053 7
0.0025200000000000053 9
0.0025200000000000053 10
0.0025200000000000053 11
0.0025400000000000054 4
0.0025400000000000054 5
0.0025400000000000054 6
0.0025400000000000054 13
0.0025400000000000054 42
0.0025400000000000054 50
0.0025400000000000054 53
0.0025600000000000054 2
0.0025600000000000054 32
0.0025600000000000054 35
0.0025600000000000054 36
0.0025600000000000054 39
0.0025600000000000054 40
0.0025600000000000054 43
0.0025600000000000054 45
0.0025600000000000054 48
0.0025600000000000054 52
0.0025600000000000054 54
0.0025600000000000054 57
0.0025600000000000054 58
0.0025800000000000055 30
0.0025800000000000055 31
0.0025800000000000055 34
0.0025800000000000055 37
0.0025800000000000055 38
0.0026000000000000055 15
0.0026000000000000055 18
0.0026000000000000055 29
0.0026000000000000055 44
0.0026200000000000056 16
0.0026200000000000056 17
0.0026200000000000056 20
0.0026200000000000056 22
0.0026400000000000056 8
0.0026400000000000056 14
0.0026400000000000056 26
0.0026400000000000056 41
0.0026400000000000056 42
0.0026400000000000056 49
0.0026400000000000056 50
0.0026400000000000056 53
0.0026400000000000056 56
0.0026600000000000057 0
0.0026600000000000057 1
0.0026600000000000057 3
0.0026600000000000057 4
0.0026600000000000057 19
0.0026600000000000057 32
0.0026600000000000057 35
0.0026600000000000057 36
0.0026600000000000057 46
0.0026800000000000057 23
0.0026800000000000057 30
0.0026800000000000057 47
0.0026800000000000057 48
0.0026800000000000057 51
0.0026800000000000057 54
0.0026800000000000057 59
0.0027000000000000058 15
0.0027000000000000058 18
0.0027000000000000058 38
0.0027000000000000058 55
0.002720000000000006 9
0.002720000000000006 28
0.002720000000000006 33
0.002720000000000006 34
0.002740000000000006 5
0.002740000000000006 21
0.002740000000000006 24
0.002740000000000006 42
0.002740000000000006 50
0.002740000000000006 53
0.002760000000000006 12
0.002760000000000006 13
0.002760000000000006 32
0.002760000000000006 35
0.002760000000000006 36
0.002780000000000006 2
0.002780000000000006 4
0.002780000000000006 6
0.002780000000000006 29
0.002780000000000006 30
0.002800000000000006 1
0.002800000000000006 15
0.002800000000000006 18
0.002800000000000006 22
0.002800000000000006 27
0.002800000000000006 48
0.002800000000000006 54
0.002820000000000006 7
0.002820000000000006 10
0.002820000000000006 19
0.002820000000000006 38
0.002840000000000006 0
0.002840000000000006 3
0.002840000000000006 42
0.002840000000000006 50
0.002840000000000006 53
0.002840000000000006 56
0.002860000000000006 32
0.002860000000000006 34
0.002860000000000006 35
0.002860000000000006 36
0.0028800000000000063 25
0.0028800000000000063 30
0.0029000000000000063 4
0.0029000000000000063 15
0.0029000000000000063 16
0.0029000000000000063 17
0.0029000000000000063 18
0.0029000000000000063 20
0.0029000000000000063 41
0.0029000000000000063 47
0.0029000000000000063 49
0.0029200000000000064 9
0.0029200000000000064 11
0.0029200000000000064 39
0.0029200000000000064 43
0.0029200000000000064 44
0.0029200000000000064 45
0.0029200000000000064 46
0.0029200000000000064 48
0.0029200000000000064 51
0.0029200000000000064 54
0.0029200000000000064 57
0.0029400000000000064 1
0.0029400000000000064 5
0.0029400000000000064 23
0.0029400000000000064 38
0.0029400000000000064 42
0.0029400000000000064 50
0.0029400000000000064 53
0.0029600000000000065 26
0.0029600000000000065 29
0.0029600000000000065 32
0.0029600000000000065 35
0.0029600000000000065 36
0.0029800000000000065 13
0.0029800000000000065 19
0.0029800000000000065 22
0.0029800000000000065 30
0.0029800000000000065 40
0.0029800000000000065 52
0.0029800000000000065 58
0.0030000000000000066 2
0.0030000000000000066 14
0.0030000000000000066 15
0.0030000000000000066 18
0.0030000000000000066 31
0.0030000000000000066 34
0.0030000000000000066 37
0.0030200000000000066 0
0.0030200000000000066 3
0.0030200000000000066 4
0.0030200000000000066 6
0.0030400000000000067 42
0.0030400000000000067 48
0.0030400000000000067 50
0.0030400000000000067 53
0.0030400000000000067 54
0.0030400000000000067 56
0.0030600000000000067 8
0.0030600000000000067 32
0.0030600000000000067 35
0.0030600000000000067 36
0.0030600000000000067 38
0.0030800000000000068 1
0.0030800000000000068 30
0.0030800000000000068 55
0.003100000000000007 15
0.003100000000000007 18
0.003100000000000007 33
0.003120000000000007 7
0.003120000000000007 9
0.003120000000000007 10
0.003120000000000007 24
0.003120000000000007 47
0.003120000000000007 59
0.003140000000000007 4
0.003140000000000007 5
0.003140000000000007 19
0.003140000000000007 27
0.003140000000000007 29
0.003140000000000007 34
0.003140000000000007 42
0.003140000000000007 50
0.003140000000000007 53
0.003160000000000007 22
0.003160000000000007 28
0.003160000000000007 32
0.003160000000000007 35
0.003160000000000007 36
0.003160000000000007 41
0.003160000000000007 48
0.003160000000000007 49
0.003160000000000007 51
0.003160000000000007 54
0.003180000000000007 16
0.003180000000000007 17
0.003180000000000007 20
0.003180000000000007 21
0.003180000000000007 30
0.003180000000000007 38
0.003180000000000007 46
0.003200000000000007 0
0.003200000000000007 3
0.003200000000000007 12
0.003200000000000007 13
0.003200000000000007 15
0.003200000000000007 18
0.003200000000000007 23
0.003220000000000007 1
0.003220000000000007 2
0.003240000000000007 42
0.003240000000000007 44
0.003240000000000007 50
0.003240000000000007 53
0.003240000000000007 56
0.0032600000000000072 4
0.0032600000000000072 6
0.0032600000000000072 32
0.0032600000000000072 35
0.0032600000000000072 36
0.0032800000000000073 25
0.0032800000000000073 26
0.0032800000000000073 30
0.0032800000000000073 34
0.0032800000000000073 39
0.0032800000000000073 43
0.0032800000000000073 45
0.0032800000000000073 48
0.0032800000000000073 54
0.0032800000000000073 57
0.0033000000000000074 15
0.0033000000000000074 18
0.0033000000000000074 19
0.0033000000000000074 38
0.0033200000000000074 9
0.0033200000000000074 11
0.0033200000000000074 29
0.0033400000000000075 5
0.0033400000000000075 22
0.0033400000000000075 42
0.0033400000000000075 47
0.0033400000000000075 50
0.0033400000000000075 53
0.0033600000000000075 1
0.0033600000000000075 14
0.0033600000000000075 32
0.0033600000000000075 35
0.0033600000000000075 36
0.0033800000000000076 0
0.0033800000000000076 3
0.0033800000000000076 4
0.0033800000000000076 30
0.0034000000000000076 15
0.0034000000000000076 18
0.0034000000000000076 40
0.0034000000000000076 48
0.0034000000000000076 51
0.0034000000000000076 52
0.0034000000000000076 54
0.0034000000000000076 58
0.0034200000000000077 7
0.0034200000000000077 10
0.0034200000000000077 13
0.0034200000000000077 31
0.0034200000000000077 34
0.0034200000000000077 37
0.0034200000000000077 38
0.0034200000000000077 41
0.0034200000000000077 49
0.0034400000000000077 2
0.0034400000000000077 42
0.0034400000000000077 46
0.0034400000000000077 50
0.0034400000000000077 53
0.0034400000000000077 56
0.0034600000000000078 16
0.0034600000000000078 17
0.0034600000000000078 19
0.0034600000000000078 20
0.0034600000000000078 23
0.0034600000000000078 32
0.0034600000000000078 35
0.0034600000000000078 36
0.0034600000000000078 55
0.003480000000000008 8
0.003480000000000008 27
0.003480000000000008 30
0.003480000000000008 33
0.003500000000000008 1
0.003500000000000008 4
0.003500000000000008 6
0.003500000000000008 15
0.003500000000000008 18
0.003500000000000008 24
0.003500000000000008 29
0.003520000000000008 9
0.003520000000000008 22
0.003520000000000008 48
0.003520000000000008 54
0.003540000000000008 5
0.003540000000000008 38
0.003540000000000008 42
0.003540000000000008 50
0.003540000000000008 53
0.003560000000000008 0
0.003560000000000008 3
0.003560000000000008 32
0.003560000000000008 34
0.003560000000000008 35
0.003560000000000008 36
0.003560000000000008 44
0.003560000000000008 47
0.003560000000000008 59
0.003580000000000008 30
0.003600000000000008 15
0.003600000000000008 18
0.003600000000000008 26
0.003600000000000008 28
0.003620000000000008 4
0.003620000000000008 19
0.003620000000000008 21
0.0036400000000000082 1
0.0036400000000000082 12
0.0036400000000000082 13
0.0036400000000000082 39
0.0036400000000000082 42
0.0036400000000000082 43
0.0036400000000000082 45
0.0036400000000000082 48
0.0036400000000000082 50
0.0036400000000000082 51
0.0036400000000000082 53
0.0036400000000000082 54
0.0036400000000000082 56
0.0036400000000000082 57
0.0036600000000000083 2
0.0036600000000000083 32
0.0036600000000000083 35
0.0036600000000000083 36
0.0036600000000000083 38
0.0036800000000000084 25
0.0036800000000000084 29
0.0036800000000000084 30
0.0036800000000000084 41
0.0036800000000000084 49
0.0037000000000000084 15
0.0037000000000000084 18
0.0037000000000000084 22
0.0037000000000000084 34
0.0037000000000000084 46
0.0037000000000000084 46
0.0037000000000000084 46
0.0037000000000000084 46
0.0037000000000000084 46
0.0037000000000000084 46
0.0037000000000000084 46
0.0037000000000000084 46
0.0037000000000000084 46
0.0037000000000000084 46
0.0037000000000000084 46
0.0037000000000000084 46
0.0037000000000000084 46
0.0037000000000000084 46
0.0037000000000000084 46
0.0037000000000000084 46
0.0037000000000000084 46
0.0037000000000000084 46
0.0037000000000000084 46
0.0037000000000000084 46
0.0037000000000000084 46
0.0037000000000000084 46
0.0037000000000000084 46
0.0037000000000000084 46
0.0037000000000000084 46
0.0037000000000000084 46
0.0037000000000000084 46
0.0037000000000000084 46
0.0037000000000000084 46
0.0037000000000000084 46
0.0037000000000000084 46
0.0037000000000000084 46
0.0037000000000000084 46
0.0037000000000000084 46
0.0037000000000000084 46
0.0037000000000000084 46
0.0037000000000000084 46
0.0037000000000000084 46
0.0037000000000000084 46
0.0037000000000000084 46
0.0037000000000000084 46
0.0037000000000000084 46
0.0037000000000000084 46
0.0037000000000000084 46
0.0037000000000000084 46
0.0037000000000000084 46
0.0037000000000000084 46
0.0037000000000000084 46
0.0037000000000000084 46
0.0037000000000000084 46
0.0037000000000000084 46
0.0037000000000000084 46
0.0037000000000000084 46
0.0037000000000000084 46
0.0037000000000000084 46
0.0037000000000000084 46
0.0037000000000000084 46
0.0037000000000000084 46
0.0037000000000000084 46
0.0037000000000000084 46
0.0037000000000000084 46
0.0037200000000000085 7
0.0037200000000000085 9
0.0037200000000000085 10
0.0037200000000000085 11
0.0037200000000000085 14
0.0037200000000000085 23
0.0037400000000000085 0
0.0037400000000000085 3
0.0037400000000000085 4
0.0037400000000000085 5
0.0037400000000000085 6
0.0037400000000000085 16
0.0037400000000000085 17
0.0037400000000000085 20
0.0037400000000000085 42
0.0037400000000000085 50
0.0037400000000000085 53
0.0037600000000000086 32
0.0037600000000000086 35
0.0037600000000000086 36
0.0037600000000000086 48
0.0037600000000000086 54
0.0037800000000000086 1
0.0037800000000000086 19
0.0037800000000000086 30
0.0037800000000000086 38
0.0037800000000000086 47
0.0038000000000000087 15
0.0038000000000000087 18
0.0038200000000000087 27
0.0038200000000000087 40
0.0038200000000000087 52
0.0038200000000000087 58
0.0038400000000000088 31
0.0038400000000000088 34
0.0038400000000000088 37
0.0038400000000000088 42
0.0038400000000000088 50
0.0038400000000000088 53
0.0038400000000000088 55
0.0038400000000000088 56
0.003860000000000009 4
0.003860000000000009 13
0.003860000000000009 29
0.003860000000000009 32
0.003860000000000009 33
0.003860000000000009 35
0.003860000000000009 36
0.003880000000000009 2
0.003880000000000009 22
0.003880000000000009 24
0.003880000000000009 30
0.003880000000000009 44
0.003880000000000009 48
0.003880000000000009 51
0.003880000000000009 54
0.003900000000000009 8
0.003900000000000009 15
0.003900000000000009 18
0.003900000000000009 38
0.0039200000000000085 0
0.0039200000000000085 1
0.0039200000000000085 3
0.0039200000000000085 9
0.0039200000000000085 26
0.003940000000000009 5
0.003940000000000009 19
0.003940000000000009 41
0.003940000000000009 42
0.003940000000000009 49
0.003940000000000009 50
0.003940000000000009 53
0.003960000000000009 32
0.003960000000000009 35
0.003960000000000009 36
0.003960000000000009 46
0.003980000000000009 4
0.003980000000000009 6
0.003980000000000009 23
0.003980000000000009 30
0.003980000000000009 34
0.004000000000000009 15
0.004000000000000009 18
0.004000000000000009 39
0.004000000000000009 43
0.004000000000000009 45
0.004000000000000009 47
0.004000000000000009 48
0.004000000000000009 54
0.004000000000000009 57
0.004000000000000009 59
0.004020000000000009 7
0.004020000000000009 10
0.004020000000000009 16
0.004020000000000009 17
0.004020000000000009 20
0.004020000000000009 38
0.004040000000000009 28
0.004040000000000009 29
0.004040000000000009 42
0.004040000000000009 50
0.004040000000000009 53
0.004040000000000009 56
0.004060000000000009 1
0.004060000000000009 21
0.004060000000000009 22
0.004060000000000009 32
0.004060000000000009 35
0.004060000000000009 36
0.004080000000000009 12
0.004080000000000009 13
0.004080000000000009 14
0.004080000000000009 25
0.004080000000000009 30
0.004100000000000009 0
0.004100000000000009 2
0.004100000000000009 3
0.004100000000000009 4
0.004100000000000009 15
0.004100000000000009 18
0.004100000000000009 19
0.004120000000000009 9
0.004120000000000009 11
0.004120000000000009 34
0.004120000000000009 48
0.004120000000000009 51
0.004120000000000009 54
0.004140000000000009 5
0.004140000000000009 38
0.004140000000000009 42
0.004140000000000009 50
0.004140000000000009 53
0.004160000000000009 27
0.004160000000000009 32
0.004160000000000009 35
0.004160000000000009 36
0.004180000000000009 30
0.004200000000000009 1
0.004200000000000009 15
0.004200000000000009 18
0.004200000000000009 41
0.004200000000000009 44
0.004200000000000009 49
0.004220000000000009 4
0.004220000000000009 6
0.004220000000000009 29
0.004220000000000009 46
0.004220000000000009 47
0.004220000000000009 55
0.004240000000000009 22
0.004240000000000009 23
0.004240000000000009 26
0.004240000000000009 33
0.004240000000000009 40
0.004240000000000009 42
0.004240000000000009 48
0.004240000000000009 50
0.004240000000000009 52
0.004240000000000009 53
0.004240000000000009 54
0.004240000000000009 56
0.004240000000000009 58
0.0042600000000000094 19
0.0042600000000000094 24
0.0042600000000000094 31
0.0042600000000000094 32
0.0042600000000000094 34
0.0042600000000000094 35
0.0042600000000000094 36
0.0042600000000000094 37
0.0042600000000000094 38
0.0042800000000000095 0
0.0042800000000000095 3
0.0042800000000000095 30
0.0043000000000000095 13
0.0043000000000000095 15
0.0043000000000000095 16
0.0043000000000000095 17
0.0043000000000000095 18
0.0043000000000000095 20
0.00432000000000001 2
0.00432000000000001 7
0.00432000000000001 8
0.00432000000000001 9
0.00432000000000001 10
0.00434000000000001 1
0.00434000000000001 4
0.00434000000000001 5
0.00434000000000001 42
0.00434000000000001 50
0.00434000000000001 53
0.00436000000000001 32
0.00436000000000001 35
0.00436000000000001 36
0.00436000000000001 39
0.00436000000000001 43
0.00436000000000001 45
0.00436000000000001 48
0.00436000000000001 51
0.00436000000000001 54
0.00436000000000001 57
0.00438000000000001 30
0.00438000000000001 38
0.00440000000000001 15
0.00440000000000001 18
0.00440000000000001 29
0.00440000000000001 34
0.00442000000000001 19
0.00442000000000001 22
0.00444000000000001 14
0.00444000000000001 42
0.00444000000000001 47
0.00444000000000001 50
0.00444000000000001 53
0.00444000000000001 56
0.00444000000000001 59
0.00446000000000001 0
0.00446000000000001 3
0.00446000000000001 4
0.00446000000000001 6
0.00446000000000001 32
0.00446000000000001 35
0.00446000000000001 36
0.00446000000000001 41
0.00446000000000001 49
0.00448000000000001 1
0.00448000000000001 25
0.00448000000000001 28
0.00448000000000001 30
0.00448000000000001 46
0.00448000000000001 48
0.00448000000000001 54
0.00450000000000001 15
0.00450000000000001 18
0.00450000000000001 21
0.00450000000000001 23
0.00450000000000001 27
0.00450000000000001 38
0.00452000000000001 9
0.00452000000000001 11
0.00452000000000001 12
0.00452000000000001 13
0.00452000000000001 44
0.00454000000000001 2
0.00454000000000001 5
0.00454000000000001 34
0.00454000000000001 42
0.00454000000000001 50
0.00454000000000001 53
0.00456000000000001 26
0.00456000000000001 32
0.00456000000000001 35
0.00456000000000001 36
0.00458000000000001 4
0.00458000000000001 16
0.00458000000000001 17
0.00458000000000001 19
0.00458000000000001 20
0.00458000000000001 29
0.00458000000000001 30
0.00460000000000001 15
0.00460000000000001 18
0.00460000000000001 22
0.00460000000000001 48
0.00460000000000001 51
0.00460000000000001 54
0.00460000000000001 55
0.00462000000000001 1
0.00462000000000001 7
0.00462000000000001 10
0.00462000000000001 33
0.00462000000000001 38
0.0046400000000000104 0
0.0046400000000000104 3
0.0046400000000000104 24
0.0046400000000000104 42
0.0046400000000000104 50
0.0046400000000000104 53
0.0046400000000000104 56
0.0046600000000000105 32
0.0046600000000000105 35
0.0046600000000000105 36
0.0046600000000000105 40
0.0046600000000000105 47
0.0046600000000000105 52
0.0046600000000000105 58
0.0046800000000000105 30
0.0046800000000000105 31
0.0046800000000000105 34
0.0046800000000000105 37
0.004700000000000011 4
0.004700000000000011 6
0.004700000000000011 15
0.004700000000000011 18
0.004720000000000011 9
0.004720000000000011 39
0.004720000000000011 41
0.004720000000000011 43
0.004720000000000011 45
0.004720000000000011 48
0.004720000000000011 49
0.004720000000000011 54
0.004720000000000011 57
0.004740000000000011 5
0.004740000000000011 8
0.004740000000000011 13
0.004740000000000011 19
0.004740000000000011 38
0.004740000000000011 42
0.004740000000000011 46
0.004740000000000011 50
0.004740000000000011 53
0.004760000000000011 1
0.004760000000000011 2
0.004760000000000011 23
0.004760000000000011 29
0.004760000000000011 32
0.004760000000000011 35
0.004760000000000011 36
0.004780000000000011 22
0.004780000000000011 30
0.004800000000000011 14
0.004800000000000011 15
0.004800000000000011 18
0.004820000000000011 0
0.004820000000000011 3
0.004820000000000011 4
0.004820000000000011 34
0.004840000000000011 27
0.004840000000000011 42
0.004840000000000011 44
0.004840000000000011 48
0.004840000000000011 50
0.004840000000000011 51
0.004840000000000011 53
0.004840000000000011 54
0.004840000000000011 56
0.004860000000000011 16
0.004860000000000011 17
0.004860000000000011 20
0.004860000000000011 32
0.004860000000000011 35
0.004860000000000011 36
0.004860000000000011 38
0.004880000000000011 25
0.004880000000000011 26
0.004880000000000011 26
0.004880000000000011 26
0.004880000000000011 26
0.004880000000000011 26
0.004880000000000011 26
0.004880000000000011 26
0.004880000000000011 26
0.004880000000000011 26
0.004880000000000011 26
0.004880000000000011 26
0.004880000000000011 26
0.004880000000000011 26
0.004880000000000011 26
0.004880000000000011 26
0.004880000000000011 26
0.004880000000000011 26
0.004880000000000011 26
0.004880000000000011 26
0.004880000000000011 26
0.004880000000000011 26
0.004880000000000011 26
0.004880000000000011 26
0.004880000000000011 26
0.004880000000000011 26
0.004880000000000011 26
0.004880000000000011 26
0.004880000000000011 26
0.004880000000000011 26
0.004880000000000011 26
0.004880000000000011 26
0.004880000000000011 26
0.004880000000000011 26
0.004880000000000011 26
0.004880000000000011 26
0.004880000000000011 26
0.004880000000000011 26
0.004880000000000011 26
0.004880000000000011 26
0.004880000000000011 26
0.004880000000000011 26
0.004880000000000011 26
0.004880000000000011 26
0.004880000000000011 26
0.004880000000000011 26
0.004880000000000011 26
0.004880000000000011 26
0.004880000000000011 26
0.004880000000000011 26
0.004880000000000011 26
0.004880000000000011 26
0.004880000000000011 26
0.004880000000000011 26
0.004880000000000011 26
0.004880000000000011 26
0.004880000000000011 26
0.004880000000000011 26
0.004880000000000011 26
0.004880000000000011 26
0.004880000000000011 26
0.004880000000000011 26
0.004880000000000011 30
0.004880000000000011 47
0.004880000000000011 59
0.004900000000000011 1
0.004900000000000011 15
0.004900000000000011 18
0.004900000000000011 19
0.004920000000000011 7
0.004920000000000011 9
0.004920000000000011 10
0.004920000000000011 11
0.004920000000000011 28
0.004940000000000011 4
0.004940000000000011 5
0.004940000000000011 6
0.004940000000000011 21
0.004940000000000011 29
0.004940000000000011 42
0.004940000000000011 50
0.004940000000000011 53
0.004960000000000011 12
0.004960000000000011 13
0.004960000000000011 22
0.004960000000000011 32
0.004960000000000011 34
0.004960000000000011 35
0.004960000000000011 36
0.004960000000000011 48
0.004960000000000011 54
0.004980000000000011 2
0.004980000000000011 30
0.004980000000000011 38
0.004980000000000011 41
0.004980000000000011 49
0.004980000000000011 55
0.005000000000000011 0
0.005000000000000011 3
0.005000000000000011 15
0.005000000000000011 18
0.005000000000000011 33
0.005000000000000011 46
0.005020000000000011 23
0.005020000000000011 24
0.0050400000000000115 1
0.0050400000000000115 42
0.0050400000000000115 50
0.0050400000000000115 53
0.0050400000000000115 56
0.0050600000000000115 4
0.0050600000000000115 19
0.0050600000000000115 32
0.0050600000000000115 35
0.0050600000000000115 36
0.005080000000000012 30
0.005080000000000012 39
0.005080000000000012 40
0.005080000000000012 43
0.005080000000000012 45
0.005080000000000012 48
0.005080000000000012 51
0.005080000000000012 52
0.005080000000000012 54
0.005080000000000012 57
0.005080000000000012 58
0.005100000000000012 15
0.005100000000000012 18
0.005100000000000012 31
0.005100000000000012 34
0.005100000000000012 37
0.005100000000000012 38
0.005100000000000012 47
0.005120000000000012 9
0.005120000000000012 29
0.005140000000000012 5
0.005140000000000012 16
0.005140000000000012 17
0.005140000000000012 20
0.005140000000000012 22
0.005140000000000012 42
0.005140000000000012 50
0.005140000000000012 53
0.005160000000000012 8
0.005160000000000012 14
0.005160000000000012 32
0.005160000000000012 35
0.005160000000000012 36
0.005160000000000012 44
0.005180000000000012 0
0.005180000000000012 1
0.005180000000000012 3
0.005180000000000012 4
0.005180000000000012 6
0.005180000000000012 13
0.005180000000000012 27
0.005180000000000012 30
0.005200000000000012 2
0.005200000000000012 15
0.005200000000000012 18
0.005200000000000012 26
0.005200000000000012 48
0.005200000000000012 54
0.005220000000000012 7
0.005220000000000012 10
0.005220000000000012 19
0.005220000000000012 38
0.005240000000000012 34
0.005240000000000012 41
0.005240000000000012 42
0.005240000000000012 49
0.005240000000000012 50
0.005240000000000012 53
0.005240000000000012 56
0.005260000000000012 32
0.005260000000000012 35
0.005260000000000012 36
0.005260000000000012 46
0.005280000000000012 23
0.005280000000000012 25
0.005280000000000012 30
0.005300000000000012 4
0.005300000000000012 15
0.005300000000000012 18
0.005300000000000012 29
0.005320000000000012 1
0.005320000000000012 9
0.005320000000000012 11
0.005320000000000012 22
0.005320000000000012 47
0.005320000000000012 48
0.005320000000000012 51
0.005320000000000012 54
0.005320000000000012 59
0.005340000000000012 5
0.005340000000000012 38
0.005340000000000012 42
0.005340000000000012 50
0.005340000000000012 53
0.005360000000000012 0
0.005360000000000012 3
0.005360000000000012 28
0.005360000000000012 32
0.005360000000000012 35
0.005360000000000012 36
0.005360000000000012 55
0.005380000000000012 19
0.005380000000000012 21
0.005380000000000012 30
0.005380000000000012 33
0.005380000000000012 34
0.005400000000000012 12
0.005400000000000012 13
0.005400000000000012 15
0.005400000000000012 18
0.005400000000000012 24
0.0054200000000000125 2
0.0054200000000000125 4
0.0054200000000000125 6
0.0054200000000000125 16
0.0054200000000000125 17
0.0054200000000000125 20
0.0054400000000000125 39
0.0054400000000000125 42
0.0054400000000000125 43
0.0054400000000000125 45
0.0054400000000000125 48
0.0054400000000000125 50
0.0054400000000000125 53
0.0054400000000000125 54
0.0054400000000000125 56
0.0054400000000000125 57
0.005460000000000013 1
0.005460000000000013 32
0.005460000000000013 35
0.005460000000000013 36
0.005460000000000013 38
0.005480000000000013 29
0.005480000000000013 30
0.005480000000000013 44
0.005500000000000013 15
0.005500000000000013 18
0.005500000000000013 22
0.005500000000000013 40
0.005500000000000013 41
0.005500000000000013 49
0.005500000000000013 52
0.005500000000000013 58
0.005520000000000013 7
0.005520000000000013 9
0.005520000000000013 10
0.005520000000000013 14
0.005520000000000013 26
0.005520000000000013 27
0.005520000000000013 31
0.005520000000000013 34
0.005520000000000013 37
0.005520000000000013 46
0.005540000000000013 0
0.005540000000000013 3
0.005540000000000013 4
0.005540000000000013 5
0.005540000000000013 19
0.005540000000000013 23
0.005540000000000013 42
0.005540000000000013 47
0.005540000000000013 50
0.005540000000000013 53
0.005560000000000013 32
0.005560000000000013 35
0.005560000000000013 36
0.005560000000000013 48
0.005560000000000013 51
0.005560000000000013 54
0.005580000000000013 8
0.005580000000000013 30
0.005580000000000013 38
0.005600000000000013 1
0.005600000000000013 15
0.005600000000000013 18
0.005620000000000013 13
0.005640000000000013 2
0.005640000000000013 42
0.005640000000000013 50
0.005640000000000013 53
0.005640000000000013 56
0.005660000000000013 4
0.005660000000000013 6
0.005660000000000013 29
0.005660000000000013 32
0.005660000000000013 34
0.005660000000000013 35
0.005660000000000013 36
0.005680000000000013 22
0.005680000000000013 25
0.005680000000000013 30
0.005680000000000013 48
0.005680000000000013 54
0.005700000000000013 15
0.005700000000000013 16
0.005700000000000013 17
0.005700000000000013 18
0.005700000000000013 19
0.005700000000000013 20
0.005700000000000013 38
0.005720000000000013 0
0.005720000000000013 3
0.005720000000000013 9
0.005720000000000013 11
0.005740000000000013 1
0.005740000000000013 5
0.005740000000000013 42
0.005740000000000013 50
0.005740000000000013 53
0.005740000000000013 55
0.005760000000000013 32
0.005760000000000013 33
0.005760000000000013 35
0.005760000000000013 36
0.005760000000000013 41
0.005760000000000013 47
0.005760000000000013 49
0.005760000000000013 59
0.005780000000000013 4
0.005780000000000013 24
0.005780000000000013 30
0.005780000000000013 46
0.0058000000000000135 15
0.0058000000000000135 18
0.0058000000000000135 23
0.0058000000000000135 28
0.0058000000000000135 34
0.0058000000000000135 39
0.0058000000000000135 43
0.0058000000000000135 44
0.0058000000000000135 45
0.0058000000000000135 48
0.0058000000000000135 51
0.0058000000000000135 54
0.0058000000000000135 57
0.0058200000000000135 7
0.0058200000000000135 10
0.0058200000000000135 21
0.0058200000000000135 38
0.005840000000000014 12
0.005840000000000014 13
0.005840000000000014 26
0.005840000000000014 29
0.005840000000000014 42
0.005840000000000014 50
0.005840000000000014 53
0.005840000000000014 56
0.005860000000000014 2
0.005860000000000014 19
0.005860000000000014 22
0.005860000000000014 27
0.005860000000000014 32
0.005860000000000014 35
0.005860000000000014 36
0.005880000000000014 1
0.005880000000000014 14
0.005880000000000014 30
0.005900000000000014 0
0.005900000000000014 3
0.005900000000000014 4
0.005900000000000014 6
0.005900000000000014 15
0.005900000000000014 18
0.005920000000000014 9
0.005920000000000014 40
0.005920000000000014 48
0.005920000000000014 52
0.005920000000000014 54
0.005920000000000014 58
0.005940000000000014 5
0.005940000000000014 31
0.005940000000000014 34
0.005940000000000014 37
0.005940000000000014 38
0.005940000000000014 42
0.005940000000000014 50
0.005940000000000014 53
0.005960000000000014 32
0.005960000000000014 35
0.005960000000000014 36
0.005980000000000014 16
0.005980000000000014 17
0.005980000000000014 20
0.005980000000000014 30
0.005980000000000014 47
0.006000000000000014 8
0.006000000000000014 15
0.006000000000000014 18
0.006020000000000014 1
0.006020000000000014 4
0.006020000000000014 19
0.006020000000000014 29
0.006020000000000014 41
0.006020000000000014 49
0.006040000000000014 22
0.006040000000000014 42
0.006040000000000014 46
0.006040000000000014 48
0.006040000000000014 50
0.006040000000000014 51
0.006040000000000014 53
0.006040000000000014 54
0.006040000000000014 56
0.006060000000000014 13
0.006060000000000014 23
0.006060000000000014 32
0.006060000000000014 35
0.006060000000000014 36
0.006060000000000014 38
0.006080000000000014 0
0.006080000000000014 2
0.006080000000000014 3
0.006080000000000014 25
0.006080000000000014 30
0.006080000000000014 34
0.006100000000000014 15
0.006100000000000014 18
0.006120000000000014 7
0.006120000000000014 9
0.006120000000000014 10
0.006120000000000014 11
0.006120000000000014 44
0.006120000000000014 55
0.006140000000000014 4
0.006140000000000014 5
0.006140000000000014 6
0.006140000000000014 33
0.006140000000000014 42
0.006140000000000014 50
0.006140000000000014 53
0.006160000000000014 1
0.006160000000000014 24
0.006160000000000014 26
0.006160000000000014 32
0.006160000000000014 35
0.006160000000000014 36
0.006160000000000014 39
0.006160000000000014 43
0.006160000000000014 45
0.006160000000000014 48
0.006160000000000014 54
0.006160000000000014 57
0.0061800000000000145 19
0.0061800000000000145 30
0.0061800000000000145 38
0.0062000000000000145 15
0.0062000000000000145 18
0.0062000000000000145 27
0.0062000000000000145 29
0.0062000000000000145 47
0.0062000000000000145 59
0.006220000000000015 22
0.006220000000000015 34
0.006240000000000015 14
0.006240000000000015 28
0.006240000000000015 42
0.006240000000000015 50
0.006240000000000015 53
0.006240000000000015 56
0.006260000000000015 0
0.006260000000000015 3
0.006260000000000015 4
0.006260000000000015 16
0.006260000000000015 17
0.006260000000000015 20
0.006260000000000015 21
0.006260000000000015 32
0.006260000000000015 35
0.006260000000000015 36
0.006280000000000015 12
0.006280000000000015 13
0.006280000000000015 30
0.006280000000000015 41
0.006280000000000015 48
0.006280000000000015 49
0.006280000000000015 51
0.006280000000000015 54
0.006300000000000015 1
0.006300000000000015 2
0.006300000000000015 15
0.006300000000000015 18
0.006300000000000015 38
0.006300000000000015 46
0.006320000000000015 9
0.006320000000000015 23
0.006340000000000015 5
0.006340000000000015 19
0.006340000000000015 40
0.006340000000000015 42
0.006340000000000015 50
0.006340000000000015 52
0.006340000000000015 53
0.006340000000000015 58
0.006360000000000015 31
0.006360000000000015 32
0.006360000000000015 34
0.006360000000000015 35
0.006360000000000015 36
0.006360000000000015 37
0.006380000000000015 4
0.006380000000000015 6
0.006380000000000015 29
0.006380000000000015 30
0.006400000000000015 15
0.006400000000000015 18
0.006400000000000015 22
0.006400000000000015 48
0.006400000000000015 54
0.006420000000000015 7
0.006420000000000015 8
0.006420000000000015 10
0.006420000000000015 38
0.006420000000000015 47
0.006440000000000015 0
0.006440000000000015 1
0.006440000000000015 3
0.006440000000000015 42
0.006440000000000015 44
0.006440000000000015 50
0.006440000000000015 53
0.006440000000000015 56
0.006460000000000015 32
0.006460000000000015 35
0.006460000000000015 36
0.006480000000000015 25
0.006480000000000015 26
0.006480000000000015 30
0.006500000000000015 4
0.006500000000000015 13
0.006500000000000015 15
0.006500000000000015 18
0.006500000000000015 19
0.006500000000000015 34
0.006500000000000015 55
0.006520000000000015 2
0.006520000000000015 9
0.006520000000000015 11
0.006520000000000015 33
0.006520000000000015 39
0.006520000000000015 43
0.006520000000000015 45
0.006520000000000015 48
0.006520000000000015 51
0.006520000000000015 54
0.006520000000000015 57
0.006540000000000015 5
0.006540000000000015 16
0.006540000000000015 17
0.006540000000000015 20
0.006540000000000015 24
0.006540000000000015 27
0.006540000000000015 38
0.006540000000000015 41
0.006540000000000015 42
0.006540000000000015 49
0.006540000000000015 50
0.006540000000000015 53
0.0065600000000000155 29
0.0065600000000000155 32
0.0065600000000000155 35
0.0065600000000000155 36
0.0065600000000000155 46
0.0065800000000000155 1
0.0065800000000000155 22
0.0065800000000000155 23
0.0065800000000000155 30
0.006600000000000016 14
0.006600000000000016 15
0.006600000000000016 18
0.006620000000000016 0
0.006620000000000016 3
0.006620000000000016 4
0.006620000000000016 6
0.006640000000000016 34
0.006640000000000016 42
0.006640000000000016 47
0.006640000000000016 48
0.006640000000000016 50
0.006640000000000016 53
0.006640000000000016 54
0.006640000000000016 56
0.006640000000000016 59
0.006660000000000016 19
0.006660000000000016 32
0.006660000000000016 35
0.006660000000000016 36
0.006660000000000016 38
0.006680000000000016 28
0.006680000000000016 30
0.006700000000000016 15
0.006700000000000016 18
0.006700000000000016 21
0.006720000000000016 1
0.006720000000000016 7
0.006720000000000016 9
0.006720000000000016 10
0.006720000000000016 12
0.006720000000000016 13
0.006740000000000016 2
0.006740000000000016 4
0.006740000000000016 5
0.006740000000000016 29
0.006740000000000016 42
0.006740000000000016 50
0.006740000000000016 53
0.006760000000000016 22
0.006760000000000016 32
0.006760000000000016 35
0.006760000000000016 36
0.006760000000000016 40
0.006760000000000016 44
0.006760000000000016 48
0.006760000000000016 51
0.006760000000000016 52
0.006760000000000016 54
0.006760000000000016 58
0.006780000000000016 30
0.006780000000000016 31
0.006780000000000016 34
0.006780000000000016 37
0.006780000000000016 38
0.006800000000000016 0
0.006800000000000016 3
0.006800000000000016 15
0.006800000000000016 18
0.006800000000000016 26
0.006800000000000016 41
0.006800000000000016 49
0.006820000000000016 16
0.006820000000000016 17
0.006820000000000016 19
0.006820000000000016 20
0.006820000000000016 46
0.006840000000000016 8
0.006840000000000016 23
0.006840000000000016 42
0.006840000000000016 50
0.006840000000000016 53
0.006840000000000016 56
0.006860000000000016 1
0.006860000000000016 4
0.006860000000000016 6
0.006860000000000016 32
0.006860000000000016 35
0.006860000000000016 36
0.006860000000000016 47
0.006880000000000016 25
0.006880000000000016 27
0.006880000000000016 30
0.006880000000000016 39
0.006880000000000016 43
0.006880000000000016 45
0.006880000000000016 48
0.006880000000000016 54
0.006880000000000016 55
0.006880000000000016 57
0.006900000000000016 15
0.006900000000000016 18
0.006900000000000016 18
0.006900000000000016 18
0.006900000000000016 18
0.006900000000000016 18
0.006900000000000016 18
0.006900000000000016 18
0.006900000000000016 18
0.006900000000000016 18
0.006900000000000016 18
0.006900000000000016 18
0.006900000000000016 18
0.006900000000000016 18
0.006900000000000016 18
0.006900000000000016 18
0.006900000000000016 18
0.006900000000000016 18
0.006900000000000016 18
0.006900000000000016 18
0.006900000000000016 18
0.006900000000000016 18
0.006900000000000016 18
0.006900000000000016 18
0.006900000000000016 18
0.006900000000000016 18
0.006900000000000016 18
0.006900000000000016 18
0.006900000000000016 18
0.006900000000000016 18
0.006900000000000016 18
0.006900000000000016 18
0.006900000000000016 18
0.006900000000000016 18
0.006900000000000016 18
0.006900000000000016 18
0.006900000000000016 18
0.006900000000000016 18
0.006900000000000016 18
0.006900000000000016 18
0.006900000000000016 18
0.006900000000000016 18
0.006900000000000016 18
0.006900000000000016 18
0.006900000000000016 18
0.006900000000000016 18
0.006900000000000016 18
0.006900000000000016 18
0.006900000000000016 18
0.006900000000000016 18
0.006900000000000016 18
0.006900000000000016 18
0.006900000000000016 18
0.006900000000000016 18
0.006900000000000016 18
0.006900000000000016 18
0.006900000000000016 18
0.006900000000000016 18
0.006900000000000016 18
0.006900000000000016 18
0.006900000000000016 18
0.006900000000000016 18
0.006900000000000016 33
0.006900000000000016 38
0.006920000000000016 9
0.006920000000000016 11
0.006920000000000016 24
0.006920000000000016 29
0.006920000000000016 34
0.0069400000000000165 5
0.0069400000000000165 13
0.0069400000000000165 22
0.0069400000000000165 42
0.0069400000000000165 50
0.0069400000000000165 53
0.0069600000000000165 2
0.0069600000000000165 14
0.0069600000000000165 32
0.0069600000000000165 35
0.0069600000000000165 36
0.006980000000000017 0
0.006980000000000017 3
0.006980000000000017 4
0.006980000000000017 19
0.006980000000000017 30
0.007000000000000017 1
0.007000000000000017 15
0.007000000000000017 18
0.007000000000000017 48
0.007000000000000017 51
0.007000000000000017 54
0.007020000000000017 7
0.007020000000000017 10
0.007020000000000017 38
0.007040000000000017 42
0.007040000000000017 50
0.007040000000000017 53
0.007040000000000017 56
0.007060000000000017 32
0.007060000000000017 34
0.007060000000000017 35
0.007060000000000017 36
0.007060000000000017 41
0.007060000000000017 49
0.007080000000000017 30
0.007080000000000017 44
0.007080000000000017 46
0.007080000000000017 47
0.007080000000000017 59
0.007100000000000017 4
0.007100000000000017 6
0.007100000000000017 15
0.007100000000000017 16
0.007100000000000017 17
0.007100000000000017 18
0.007100000000000017 20
0.007100000000000017 23
0.007100000000000017 29
0.007120000000000017 9
0.007120000000000017 22
0.007120000000000017 26
0.007120000000000017 28
0.007120000000000017 48
0.007120000000000017 54
0.007140000000000017 1
0.007140000000000017 5
0.007140000000000017 19
0.007140000000000017 21
0.007140000000000017 38
0.007140000000000017 42
0.007140000000000017 50
0.007140000000000017 53
0.007160000000000017 0
0.007160000000000017 3
0.007160000000000017 12
0.007160000000000017 13
0.007160000000000017 32
0.007160000000000017 35
0.007160000000000017 36
0.007180000000000017 2
0.007180000000000017 30
0.007180000000000017 40
0.007180000000000017 52
0.007180000000000017 58
0.007200000000000017 15
0.007200000000000017 18
0.007200000000000017 31
0.007200000000000017 34
0.007200000000000017 37
0.007220000000000017 4
0.007220000000000017 27
0.007240000000000017 39
0.007240000000000017 42
0.007240000000000017 43
0.007240000000000017 45
0.007240000000000017 48
0.007240000000000017 50
0.007240000000000017 51
0.007240000000000017 53
0.007240000000000017 54
0.007240000000000017 56
0.007240000000000017 57
0.007260000000000017 8
0.007260000000000017 32
0.007260000000000017 35
0.007260000000000017 36
0.007260000000000017 38
0.007260000000000017 55
0.007280000000000017 1
0.007280000000000017 25
0.007280000000000017 29
0.007280000000000017 30
0.007280000000000017 33
0.007300000000000017 15
0.007300000000000017 18
0.007300000000000017 19
0.007300000000000017 22
0.007300000000000017 24
0.007300000000000017 47
0.0073200000000000175 7
0.0073200000000000175 9
0.0073200000000000175 10
0.0073200000000000175 11
0.0073200000000000175 14
0.0073200000000000175 41
0.0073200000000000175 49
0.0073400000000000175 0
0.0073400000000000175 3
0.0073400000000000175 4
0.0073400000000000175 5
0.0073400000000000175 6
0.0073400000000000175 34
0.0073400000000000175 42
0.0073400000000000175 46
0.0073400000000000175 50
0.0073400000000000175 53
0.007360000000000018 23
0.007360000000000018 32
0.007360000000000018 35
0.007360000000000018 36
0.007360000000000018 48
0.007360000000000018 54
0.007380000000000018 13
0.007380000000000018 16
0.007380000000000018 17
0.007380000000000018 20
0.007380000000000018 30
0.007380000000000018 38
0.007400000000000018 2
0.007400000000000018 15
0.007400000000000018 18
0.007400000000000018 44
0.007420000000000018 1
0.007440000000000018 26
0.007440000000000018 42
0.007440000000000018 50
0.007440000000000018 53
0.007440000000000018 56
0.007460000000000018 4
0.007460000000000018 19
0.007460000000000018 29
0.007460000000000018 32
0.007460000000000018 35
0.007460000000000018 36
0.007480000000000018 22
0.007480000000000018 30
0.007480000000000018 34
0.007480000000000018 48
0.007480000000000018 51
0.007480000000000018 54
0.007500000000000018 15
0.007500000000000018 18
0.007500000000000018 38
0.007520000000000018 0
0.007520000000000018 3
0.007520000000000018 9
0.007520000000000018 47
0.007520000000000018 59
0.007540000000000018 5
0.007540000000000018 42
0.007540000000000018 50
0.007540000000000018 53
0.007560000000000018 1
0.007560000000000018 27
0.007560000000000018 28
0.007560000000000018 32
0.007560000000000018 35
0.007560000000000018 36
0.007580000000000018 4
0.007580000000000018 6
0.007580000000000018 21
0.007580000000000018 30
0.007580000000000018 41
0.007580000000000018 49
0.007600000000000018 12
0.007600000000000018 13
0.007600000000000018 15
0.007600000000000018 18
0.007600000000000018 39
0.007600000000000018 40
0.007600000000000018 43
0.007600000000000018 45
0.007600000000000018 46
0.007600000000000018 48
0.007600000000000018 52
0.007600000000000018 54
0.007600000000000018 57
0.007600000000000018 58
0.007620000000000018 2
0.007620000000000018 7
0.007620000000000018 10
0.007620000000000018 19
0.007620000000000018 23
0.007620000000000018 31
0.007620000000000018 34
0.007620000000000018 37
0.007620000000000018 38
0.007640000000000018 29
0.007640000000000018 42
0.007640000000000018 50
0.007640000000000018 53
0.007640000000000018 55
0.007640000000000018 56
0.007660000000000018 16
0.007660000000000018 17
0.007660000000000018 20
0.007660000000000018 22
0.007660000000000018 32
0.007660000000000018 33
0.007660000000000018 35
0.007660000000000018 36
0.007680000000000018 8
0.007680000000000018 14
0.007680000000000018 24
0.007680000000000018 25
0.007680000000000018 30
0.0077000000000000185 0
0.0077000000000000185 1
0.0077000000000000185 3
0.0077000000000000185 4
0.0077000000000000185 15
0.0077000000000000185 18
0.0077200000000000185 9
0.0077200000000000185 11
0.0077200000000000185 44
0.0077200000000000185 48
0.0077200000000000185 51
0.0077200000000000185 54
0.007740000000000019 5
0.007740000000000019 38
0.007740000000000019 42
0.007740000000000019 47
0.007740000000000019 50
0.007740000000000019 53
0.007760000000000019 26
0.007760000000000019 32
0.007760000000000019 34
0.007760000000000019 35
0.007760000000000019 36
0.007780000000000019 19
0.007780000000000019 30
0.007800000000000019 15
0.007800000000000019 18
0.007820000000000018 4
0.007820000000000018 6
0.007820000000000018 13
0.007820000000000018 29
0.007840000000000017 1
0.007840000000000017 2
0.007840000000000017 22
0.007840000000000017 41
0.007840000000000017 42
0.007840000000000017 48
0.007840000000000017 49
0.007840000000000017 50
0.007840000000000017 53
0.007840000000000017 54
0.007840000000000017 56
0.007860000000000016 32
0.007860000000000016 35
0.007860000000000016 36
0.007860000000000016 38
0.007860000000000016 46
0.007880000000000015 0
0.007880000000000015 3
0.007880000000000015 23
0.007880000000000015 30
0.007900000000000015 15
0.007900000000000015 18
0.007900000000000015 27
0.007900000000000015 34
0.007920000000000014 7
0.007920000000000014 9
0.007920000000000014 10
0.007940000000000013 4
0.007940000000000013 5
0.007940000000000013 16
0.007940000000000013 17
0.007940000000000013 19
0.007940000000000013 20
0.007940000000000013 42
0.007940000000000013 50
0.007940000000000013 53
0.007960000000000012 32
0.007960000000000012 35
0.007960000000000012 36
0.007960000000000012 39
0.007960000000000012 43
0.007960000000000012 45
0.007960000000000012 47
0.007960000000000012 48
0.007960000000000012 51
0.007960000000000012 54
0.007960000000000012 57
0.007960000000000012 59
0.007980000000000011 1
0.007980000000000011 30
0.007980000000000011 38
0.00800000000000001 15
0.00800000000000001 18
0.00800000000000001 28
0.00800000000000001 29
0.00802000000000001 21
0.00802000000000001 22
0.00802000000000001 40
0.00802000000000001 52
0.00802000000000001 55
0.00802000000000001 58
0.008040000000000009 12
0.008040000000000009 13
0.008040000000000009 14
0.008040000000000009 31
0.008040000000000009 33
0.008040000000000009 34
0.008040000000000009 37
0.008040000000000009 42
0.008040000000000009 44
0.008040000000000009 50
0.008040000000000009 53
0.008040000000000009 56
0.008060000000000008 0
0.008060000000000008 2
0.008060000000000008 3
0.008060000000000008 4
0.008060000000000008 6
0.008060000000000008 24
0.008060000000000008 32
0.008060000000000008 35
0.008060000000000008 36
0.008080000000000007 25
0.008080000000000007 26
0.008080000000000007 30
0.008080000000000007 48
0.008080000000000007 54
0.008100000000000007 8
0.008100000000000007 15
0.008100000000000007 18
0.008100000000000007 19
0.008100000000000007 38
0.008100000000000007 41
0.008100000000000007 49
0.008120000000000006 1
0.008120000000000006 9
0.008120000000000006 11
0.008120000000000006 46
0.008140000000000005 5
0.008140000000000005 23
0.008140000000000005 42
0.008140000000000005 50
0.008140000000000005 53
0.008160000000000004 32
0.008160000000000004 35
0.008160000000000004 36
0.008180000000000003 4
0.008180000000000003 29
0.008180000000000003 30
0.008180000000000003 34
0.008180000000000003 47
0.008200000000000002 15
0.008200000000000002 18
0.008200000000000002 22
0.008200000000000002 48
0.008200000000000002 51
0.008200000000000002 54
0.008220000000000002 7
0.008220000000000002 10
0.008220000000000002 16
0.008220000000000002 17
0.008220000000000002 20
0.008220000000000002 38
0.00824 0
0.00824 3
0.00824 27
0.00824 42
0.00824 50
0.00824 53
0.00824 56
0.00826 1
0.00826 13
0.00826 19
0.00826 32
0.00826 35
0.00826 36
0.00828 2
0.00828 30
0.008299999999999998 4
0.008299999999999998 6
0.008299999999999998 15
0.008299999999999998 18
0.008319999999999998 9
0.008319999999999998 34
0.008319999999999998 39
0.008319999999999998 43
0.008319999999999998 45
0.008319999999999998 48
0.008319999999999998 54
0.008319999999999998 57
0.008339999999999997 5
0.008339999999999997 38
0.008339999999999997 42
0.008339999999999997 50
0.008339999999999997 53
0.008359999999999996 29
0.008359999999999996 32
0.008359999999999996 35
0.008359999999999996 36
0.008359999999999996 41
0.008359999999999996 44
0.008359999999999996 49
0.008379999999999995 22
0.008379999999999995 30
0.008379999999999995 46
0.008399999999999994 1
0.008399999999999994 14
0.008399999999999994 15
0.008399999999999994 18
0.008399999999999994 23
0.008399999999999994 26
0.008399999999999994 47
0.008399999999999994 55
0.008399999999999994 59
0.008419999999999993 0
0.008419999999999993 3
0.008419999999999993 4
0.008419999999999993 19
0.008419999999999993 33
0.008439999999999993 24
0.008439999999999993 28
0.008439999999999993 40
0.008439999999999993 42
0.008439999999999993 48
0.008439999999999993 50
0.008439999999999993 51
0.008439999999999993 52
0.008439999999999993 53
0.008439999999999993 54
0.008439999999999993 56
0.008439999999999993 58
0.008459999999999992 21
0.008459999999999992 31
0.008459999999999992 32
0.008459999999999992 34
0.008459999999999992 35
0.008459999999999992 36
0.008459999999999992 37
0.008459999999999992 38
0.008479999999999991 12
0.008479999999999991 13
0.008479999999999991 25
0.008479999999999991 30
0.00849999999999999 2
0.00849999999999999 15
0.00849999999999999 16
0.00849999999999999 17
0.00849999999999999 18
0.00849999999999999 20
0.00851999999999999 7
0.00851999999999999 8
0.00851999999999999 9
0.00851999999999999 10
0.00851999999999999 11
0.008539999999999989 1
0.008539999999999989 4
0.008539999999999989 5
0.008539999999999989 6
0.008539999999999989 29
0.008539999999999989 42
0.008539999999999989 50
0.008539999999999989 53
0.008559999999999988 22
0.008559999999999988 32
0.008559999999999988 35
0.008559999999999988 36
0.008559999999999988 48
0.008559999999999988 54
0.008579999999999987 19
0.008579999999999987 27
0.008579999999999987 30
0.008579999999999987 38
0.008599999999999986 0
0.008599999999999986 3
0.008599999999999986 15
0.008599999999999986 18
0.008599999999999986 34
0.008619999999999985 41
0.008619999999999985 47
0.008619999999999985 49
0.008639999999999984 42
0.008639999999999984 46
0.008639999999999984 50
0.008639999999999984 53
0.008639999999999984 56
0.008659999999999984 4
0.008659999999999984 23
0.008659999999999984 32
0.008659999999999984 35
0.008659999999999984 36
0.008679999999999983 1
0.008679999999999983 30
0.008679999999999983 39
0.008679999999999983 43
0.008679999999999983 44
0.008679999999999983 45
0.008679999999999983 48
0.008679999999999983 51
0.008679999999999983 54
0.008679999999999983 57
0.008699999999999982 13
0.008699999999999982 15
0.008699999999999982 18
0.008699999999999982 38
0.008719999999999981 2
0.008719999999999981 9
0.008719999999999981 26
0.008719999999999981 29
0.00873999999999998 5
0.00873999999999998 19
0.00873999999999998 22
0.00873999999999998 34
0.00873999999999998 42
0.00873999999999998 50
0.00873999999999998 53
0.00875999999999998 14
0.00875999999999998 32
0.00875999999999998 35
0.00875999999999998 36
0.008779999999999979 0
0.008779999999999979 3
0.008779999999999979 4
0.008779999999999979 6
0.008779999999999979 16
0.008779999999999979 17
0.008779999999999979 20
0.008779999999999979 30
0.008779999999999979 55
0.008799999999999978 15
0.008799999999999978 18
0.008799999999999978 33
0.008799999999999978 48
0.008799999999999978 54
0.008819999999999977 1
0.008819999999999977 7
0.008819999999999977 10
0.008819999999999977 24
0.008819999999999977 24
0.008819999999999977 24
0.008819999999999977 24
0.008819999999999977 24
0.008819999999999977 24
0.008819999999999977 24
0.008819999999999977 24
0.008819999999999977 24
0.008819999999999977 24
0.008819999999999977 24
0.008819999999999977 24
0.008819999999999977 24
0.008819999999999977 24
0.008819999999999977 24
0.008819999999999977 24
0.008819999999999977 24
0.008819999999999977 24
0.008819999999999977 24
0.008819999999999977 24
0.008819999999999977 24
0.008819999999999977 24
0.008819999999999977 24
0.008819999999999977 24
0.008819999999999977 24
0.008819999999999977 24
0.008819999999999977 24
0.008819999999999977 24
0.008819999999999977 24
0.008819999999999977 24
0.008819999999999977 24
0.008819999999999977 24
0.008819999999999977 24
0.008819999999999977 24
0.008819999999999977 24
0.008819999999999977 24
0.008819999999999977 24
0.008819999999999977 24
0.008819999999999977 24
0.008819999999999977 24
0.008819999999999977 24
0.008819999999999977 24
0.008819999999999977 24
0.008819999999999977 24
0.008819999999999977 24
0.008819999999999977 24
0.008819999999999977 24
0.008819999999999977 24
0.008819999999999977 24
0.008819999999999977 24
0.008819999999999977 24
0.008819999999999977 24
0.008819999999999977 24
0.008819999999999977 24
0.008819999999999977 24
0.008819999999999977 24
0.008819999999999977 24
0.008819999999999977 24
0.008819999999999977 24
0.008819999999999977 24
0.008819999999999977 24
0.008819999999999977 38
0.008839999999999976 42
0.008839999999999976 47
0.008839999999999976 50
0.008839999999999976 53
0.008839999999999976 56
0.008839999999999976 59
0.008859999999999976 32
0.008859999999999976 35
0.008859999999999976 36
0.008859999999999976 40
0.008859999999999976 52
0.008859999999999976 58
0.008879999999999975 25
0.008879999999999975 28
0.008879999999999975 30
0.008879999999999975 31
0.008879999999999975 34
0.008879999999999975 37
0.008879999999999975 41
0.008879999999999975 49
0.008899999999999974 4
0.008899999999999974 15
0.008899999999999974 18
0.008899999999999974 19
0.008899999999999974 21
0.008899999999999974 29
0.008899999999999974 46
0.008919999999999973 9
0.008919999999999973 11
0.008919999999999973 12
0.008919999999999973 13
0.008919999999999973 22
0.008919999999999973 23
0.008919999999999973 27
0.008919999999999973 48
0.008919999999999973 51
0.008919999999999973 54
0.008939999999999972 2
0.008939999999999972 5
0.008939999999999972 8
0.008939999999999972 38
0.008939999999999972 42
0.008939999999999972 50
0.008939999999999972 53
0.008959999999999971 0
0.008959999999999971 1
0.008959999999999971 3
0.008959999999999971 32
0.008959999999999971 35
0.008959999999999971 36
0.00897999999999997 30
0.00899999999999997 15
0.00899999999999997 18
0.00899999999999997 44
0.009019999999999969 4
0.009019999999999969 6
0.009019999999999969 34
0.009039999999999968 26
0.009039999999999968 39
0.009039999999999968 42
0.009039999999999968 43
0.009039999999999968 45
0.009039999999999968 48
0.009039999999999968 50
0.009039999999999968 53
0.009039999999999968 54
0.009039999999999968 56
0.009039999999999968 57
0.009059999999999967 16
0.009059999999999967 17
0.009059999999999967 19
0.009059999999999967 20
0.009059999999999967 32
0.009059999999999967 35
0.009059999999999967 36
0.009059999999999967 38
0.009059999999999967 47
0.009079999999999967 29
0.009079999999999967 30
0.009099999999999966 1
0.009099999999999966 15
0.009099999999999966 18
0.009099999999999966 22
0.009119999999999965 7
0.009119999999999965 9
0.009119999999999965 10
0.009119999999999965 14
0.009139999999999964 0
0.009139999999999964 3
0.009139999999999964 4
0.009139999999999964 5
0.009139999999999964 13
0.009139999999999964 41
0.009139999999999964 42
0.009139999999999964 49
0.009139999999999964 50
0.009139999999999964 53
0.009159999999999963 2
0.009159999999999963 32
0.009159999999999963 34
0.009159999999999963 35
0.009159999999999963 36
0.009159999999999963 46
0.009159999999999963 48
0.009159999999999963 51
0.009159999999999963 54
0.009159999999999963 55
0.009179999999999962 23
0.009179999999999962 30
0.009179999999999962 33
0.009179999999999962 38
0.009199999999999962 15
0.009199999999999962 18
0.009199999999999962 24
0.00921999999999996 19
0.00923999999999996 1
0.00923999999999996 42
0.00923999999999996 50
0.00923999999999996 53
0.00923999999999996 56
0.00925999999999996 4
0.00925999999999996 6
0.00925999999999996 27
0.00925999999999996 29
0.00925999999999996 32
0.00925999999999996 35
0.00925999999999996 36
0.009279999999999958 22
0.009279999999999958 25
0.009279999999999958 30
0.009279999999999958 40
0.009279999999999958 47
0.009279999999999958 48
0.009279999999999958 52
0.009279999999999958 54
0.009279999999999958 58
0.009279999999999958 59
0.009299999999999958 15
0.009299999999999958 18
0.009299999999999958 31
0.009299999999999958 34
0.009299999999999958 37
0.009299999999999958 38
0.009319999999999957 0
0.009319999999999957 3
0.009319999999999957 9
0.009319999999999957 11
0.009319999999999957 28
0.009319999999999957 44
0.009339999999999956 5
0.009339999999999956 16
0.009339999999999956 17
0.009339999999999956 20
0.009339999999999956 21
0.009339999999999956 42
0.009339999999999956 50
0.009339999999999956 53
0.009359999999999955 8
0.009359999999999955 12
0.009359999999999955 13
0.009359999999999955 26
0.009359999999999955 32
0.009359999999999955 35
0.009359999999999955 36
0.009379999999999954 1
0.009379999999999954 2
0.009379999999999954 4
0.009379999999999954 19
0.009379999999999954 30
0.009399999999999954 15
0.009399999999999954 18
0.009399999999999954 39
0.009399999999999954 41
0.009399999999999954 43
0.009399999999999954 45
0.009399999999999954 48
0.009399999999999954 49
0.009399999999999954 51
0.009399999999999954 54
0.009399999999999954 57
0.009419999999999953 7
0.009419999999999953 10
0.009419999999999953 38
0.009419999999999953 46
0.009439999999999952 23
0.009439999999999952 29
0.009439999999999952 34
0.009439999999999952 42
0.009439999999999952 50
0.009439999999999952 53
0.009439999999999952 56
0.009459999999999951 22
0.009459999999999951 32
0.009459999999999951 35
0.009459999999999951 36
0.00947999999999995 14
0.00947999999999995 30
0.00949999999999995 0
0.00949999999999995 3
0.00949999999999995 4
0.00949999999999995 6
0.00949999999999995 15
0.00949999999999995 18
0.00949999999999995 47
0.009519999999999949 1
0.009519999999999949 9
0.009519999999999949 48
0.009519999999999949 54
0.009539999999999948 5
0.009539999999999948 19
0.009539999999999948 38
0.009539999999999948 42
0.009539999999999948 50
0.009539999999999948 53
0.009539999999999948 55
0.009559999999999947 32
0.009559999999999947 33
0.009559999999999947 35
0.009559999999999947 36
0.009579999999999946 13
0.009579999999999946 24
0.009579999999999946 30
0.009579999999999946 34
0.009599999999999945 2
0.009599999999999945 15
0.009599999999999945 18
0.009599999999999945 27
0.009619999999999945 4
0.009619999999999945 16
0.009619999999999945 17
0.009619999999999945 20
0.009619999999999945 29
0.009639999999999944 22
0.009639999999999944 42
0.009639999999999944 44
0.009639999999999944 48
0.009639999999999944 50
0.009639999999999944 51
0.009639999999999944 53
0.009639999999999944 54
0.009639999999999944 56
0.009659999999999943 1
0.009659999999999943 32
0.009659999999999943 35
0.009659999999999943 36
0.009659999999999943 38
0.009659999999999943 41
0.009659999999999943 49
0.009679999999999942 0
0.009679999999999942 3
0.009679999999999942 25
0.009679999999999942 26
0.009679999999999942 30
0.009679999999999942 46
0.009699999999999941 15
0.009699999999999941 18
0.009699999999999941 19
0.009699999999999941 23
0.009699999999999941 40
0.009699999999999941 52
0.009699999999999941 58
0.00971999999999994 7
0.00971999999999994 9
0.00971999999999994 10
0.00971999999999994 11
0.00971999999999994 31
0.00971999999999994 34
0.00971999999999994 37
0.00971999999999994 47
0.00971999999999994 59
0.00973999999999994 4
0.00973999999999994 5
0.00973999999999994 6
0.00973999999999994 42
0.00973999999999994 50
0.00973999999999994 53
0.009759999999999939 28
0.009759999999999939 32
0.009759999999999939 35
0.009759999999999939 36
0.009759999999999939 39
0.009759999999999939 43
0.009759999999999939 45
0.009759999999999939 48
0.009759999999999939 54
0.009759999999999939 57
0.009779999999999938 8
0.009779999999999938 21
0.009779999999999938 30
0.009779999999999938 38
0.009799999999999937 1
0.009799999999999937 12
0.009799999999999937 13
0.009799999999999937 15
0.009799999999999937 18
0.009799999999999937 29
0.009819999999999936 2
0.009819999999999936 22
0.009839999999999936 14
0.009839999999999936 42
0.009839999999999936 50
0.009839999999999936 53
0.009839999999999936 56
0.009859999999999935 0
0.009859999999999935 3
0.009859999999999935 4
0.009859999999999935 19
0.009859999999999935 32
0.009859999999999935 34
0.009859999999999935 35
0.009859999999999935 36
0.009879999999999934 30
0.009879999999999934 48
0.009879999999999934 51
0.009879999999999934 54
0.009899999999999933 15
0.009899999999999933 16
0.009899999999999933 17
0.009899999999999933 18
0.009899999999999933 20
0.009899999999999933 38
0.009919999999999932 9
0.009919999999999932 41
0.009919999999999932 49
0.009919999999999932 55
0.009939999999999932 1
0.009939999999999932 5
0.009939999999999932 27
0.009939999999999932 33
0.009939999999999932 42
0.009939999999999932 46
0.009939999999999932 47
0.009939999999999932 50
0.009939999999999932 53
0.00995999999999993 23
0.00995999999999993 24
0.00995999999999993 32
0.00995999999999993 35
0.00995999999999993 36
0.00995999999999993 44
0.00997999999999993 4
0.00997999999999993 6
0.00997999999999993 29
0.00997999999999993 30
0.009999999999999929 15
0.009999999999999929 18
0.009999999999999929 22
0.009999999999999929 26
0.009999999999999929 34
0.009999999999999929 48
0.009999999999999929 54
